 1.000000000000000e+06 -1.162847466349320e-01 -6.758854099943887e-05  1.162847679711210e-01  7.482513117686442e-05  1.000000000000000e+00  0.000000000000000e+00 -1.799150546612529e-01 -6.897176263141124e-04  1.799150546624662e-01  6.897176263109585e-04  1.000000000000000e+00  0.000000000000000e+00 
 1.047128548050900e+06 -1.162847496448818e-01 -7.077394084514289e-05  1.162847730302404e-01  7.835147810663579e-05  1.000000000000000e+00  0.000000000000000e+00 -1.799152166031033e-01 -7.222226587244247e-04  1.799152166032780e-01  7.222226587241198e-04  1.000000000000000e+00  0.000000000000000e+00 
 1.096478196143185e+06 -1.162847529460672e-01 -7.410947119682840e-05  1.162847785766139e-01  8.204400899351133e-05  1.000000000000000e+00  0.000000000000000e+00 -1.799153941676955e-01 -7.562595530945617e-04  1.799153941726881e-01  7.562595530796815e-04  1.000000000000000e+00  0.000000000000000e+00 
 1.148153621496883e+06 -1.162847565667363e-01 -7.760220852836693e-05  1.162847846571008e-01  8.591055474316058e-05  1.000000000000000e+00  0.000000000000000e+00 -1.799155888633839e-01 -7.919004960000562e-04  1.799155888725705e-01  7.919004959712013e-04  1.000000000000000e+00  0.000000000000000e+00 
 1.202264434617413e+06 -1.162847605378872e-01 -8.125956296696309e-05  1.162847913230544e-01  8.995931516191260e-05  1.000000000000000e+00  0.000000000000000e+00 -1.799158023440815e-01 -8.292210749014110e-04  1.799158023494699e-01  8.292210748837832e-04  1.000000000000000e+00  0.000000000000000e+00 
 1.258925411794168e+06 -1.162847648935446e-01 -8.508929403912154e-05  1.162847986307511e-01  9.419887631978020e-05  1.000000000000000e+00  0.000000000000000e+00 -1.799160364197208e-01 -8.683004382473980e-04  1.799160364272649e-01  8.683004382214608e-04  1.000000000000000e+00  0.000000000000000e+00 
 1.318256738556408e+06 -1.162847696710516e-01 -8.909952716170769e-05  1.162848066418578e-01  9.863822872856808e-05  1.000000000000000e+00  0.000000000000000e+00 -1.799162930784347e-01 -9.092214631069540e-04  1.799162930870343e-01  9.092214630759591e-04  1.000000000000000e+00  0.000000000000000e+00 
 1.380384264602886e+06 -1.162847749113985e-01 -9.329877091361012e-05  1.162848154239455e-01  1.032867863730610e-04  1.000000000000000e+00  0.000000000000000e+00 -1.799165744989241e-01 -9.520709306626220e-04  1.799165745074154e-01  9.520709306305791e-04  1.000000000000000e+00  0.000000000000000e+00 
 1.445439770745928e+06 -1.162847806595877e-01 -9.769593512521976e-05  1.162848250510508e-01  1.081544066350198e-04  1.000000000000000e+00  0.000000000000000e+00 -1.799168830700995e-01 -9.969397099457856e-04  1.799168830770828e-01  9.969397099182410e-04  1.000000000000000e+00  0.000000000000000e+00 
 1.513561248436209e+06 -1.162847869650273e-01 -1.023003498247796e-04  1.162848356042870e-01  1.132514111515328e-04  1.000000000000000e+00  0.000000000000000e+00 -1.799172214112738e-01 -1.043922950191360e-03  1.799172214154611e-01  1.043922950174181e-03  1.000000000000000e+00  0.000000000000000e+00 
 1.584893192461115e+06 -1.162847938819667e-01 -1.071217850825097e-04  1.162848471725166e-01  1.185886076511784e-04  1.000000000000000e+00  0.000000000000000e+00 -1.799175923934805e-01 -1.093120282212580e-03  1.799175923997191e-01  1.093120282185633e-03  1.000000000000000e+00  0.000000000000000e+00 
 1.659586907437562e+06 -1.162848014699863e-01 -1.121704717954037e-04  1.162848598530823e-01  1.241773128134382e-04  1.000000000000000e+00  0.000000000000000e+00 -1.799179991679097e-01 -1.144636029220802e-03  1.799179991679382e-01  1.144636029220987e-03  1.000000000000000e+00  0.000000000000000e+00 
 1.737800828749377e+06 -1.162848097945211e-01 -1.174571234577009e-04  1.162848737526088e-01  1.300293761988724e-04  1.000000000000000e+00  0.000000000000000e+00 -1.799184451853102e-01 -1.198579427509820e-03  1.799184451840802e-01  1.198579427516042e-03  1.000000000000000e+00  0.000000000000000e+00 
 1.819700858609986e+06 -1.162848189274547e-01 -1.229929589641634e-04  1.162848889878734e-01  1.361572052997581e-04  1.000000000000000e+00  0.000000000000000e+00 -1.799189342317578e-01 -1.255064857488906e-03  1.799189342335386e-01  1.255064857480323e-03  1.000000000000000e+00  0.000000000000000e+00 
 1.905460717963250e+06 -1.162848289477631e-01 -1.287897264956217e-04  1.162849056867633e-01  1.425737917631415e-04  1.000000000000000e+00  0.000000000000000e+00 -1.799194704583486e-01 -1.314212085517052e-03  1.799194704679797e-01  1.314212085466846e-03  1.000000000000000e+00  0.000000000000000e+00 
 1.995262314968882e+06 -1.162848399422291e-01 -1.348597285386010e-04  1.162849239893152e-01  1.492927388406554e-04  1.000000000000000e+00  0.000000000000000e+00 -1.799200584201009e-01 -1.376146517053706e-03  1.799200584213932e-01  1.376146517046982e-03  1.000000000000000e+00  0.000000000000000e+00 
 2.089296130854042e+06 -1.162848520062332e-01 -1.412158480933587e-04  1.162849440488514e-01  1.563282901219328e-04  1.000000000000000e+00  0.000000000000000e+00 -1.799207031033815e-01 -1.440999461618154e-03  1.799207031071812e-01  1.440999461596679e-03  1.000000000000000e+00  0.000000000000000e+00 
 2.187761623949556e+06 -1.162848652446273e-01 -1.478715761272575e-04  1.162849660332189e-01  1.636953596110757e-04  1.000000000000000e+00  0.000000000000000e+00 -1.799214099825707e-01 -1.508908410154281e-03  1.799214099857692e-01  1.508908410135417e-03  1.000000000000000e+00  0.000000000000000e+00 
 2.290867652767777e+06 -1.162848797726966e-01 -1.548410403331406e-04  1.162849901261382e-01  1.714095632083631e-04  1.000000000000000e+00  0.000000000000000e+00 -1.799221850565811e-01 -1.580017325299536e-03  1.799221850627860e-01  1.580017325260811e-03  1.000000000000000e+00  0.000000000000000e+00 
 2.398832919019494e+06 -1.162848957172290e-01 -1.621390352551858e-04  1.162850165286768e-01  1.794872516622969e-04  1.000000000000000e+00  0.000000000000000e+00 -1.799230349064554e-01 -1.654476945204149e-03  1.799230349050716e-01  1.654476945213751e-03  1.000000000000000e+00  0.000000000000000e+00 
 2.511886431509584e+06 -1.162849132176949e-01 -1.697810538476744e-04  1.162850454608501e-01  1.879455450601029e-04  1.000000000000000e+00  0.000000000000000e+00 -1.799239667412023e-01 -1.732445101465673e-03  1.799239667485911e-01  1.732445101415024e-03  1.000000000000000e+00  0.000000000000000e+00 
 2.630267991895386e+06 -1.162849324275537e-01 -1.777833205351769e-04  1.162850771633663e-01  1.968023689280315e-04  1.000000000000000e+00  0.000000000000000e+00 -1.799249884754438e-01 -1.814087051888889e-03  1.799249884737652e-01  1.814087051901551e-03  1.000000000000000e+00  0.000000000000000e+00 
 2.754228703338171e+06 -1.162849535157010e-01 -1.861628258457973e-04  1.162851118995260e-01  2.060764920161896e-04  1.000000000000000e+00  0.000000000000000e+00 -1.799261087758423e-01 -1.899575828631102e-03  1.799261087804814e-01  1.899575828596434e-03  1.000000000000000e+00  0.000000000000000e+00 
 2.884031503126611e+06 -1.162849766680762e-01 -1.949373626923948e-04  1.162851499572847e-01  2.157875658462408e-04  1.000000000000000e+00  0.000000000000000e+00 -1.799273371541596e-01 -1.989092602559385e-03  1.799273371598924e-01  1.989092602514400e-03  1.000000000000000e+00  0.000000000000000e+00 
 3.019951720402022e+06 -1.162850020894350e-01 -2.041255643800817e-04  1.162851916515002e-01  2.259561661041312e-04  1.000000000000000e+00  0.000000000000000e+00 -1.799286840349384e-01 -2.082827064413111e-03  1.799286840427919e-01  2.082827064348376e-03  1.000000000000000e+00  0.000000000000000e+00 
 3.162277660168386e+06 -1.162850300053258e-01 -2.137469444216615e-04  1.162852373263704e-01  2.366038359640841e-04  1.000000000000000e+00  0.000000000000000e+00 -1.799301608504346e-01 -2.180977823614587e-03  1.799301608541037e-01  2.180977823583240e-03  1.000000000000000e+00  0.000000000000000e+00 
 3.311311214825918e+06 -1.162850606642740e-01 -2.238219382462791e-04  1.162852873580822e-01  2.477531314344552e-04  1.000000000000000e+00  0.000000000000000e+00 -1.799317801321363e-01 -2.283752825446273e-03  1.799317801381559e-01  2.283752825392025e-03  1.000000000000000e+00  0.000000000000000e+00 
 3.467368504525324e+06 -1.162850943402107e-01 -2.343719468900357e-04  1.162853421576905e-01  2.594276688206930e-04  1.000000000000000e+00  0.000000000000000e+00 -1.799335556246253e-01 -2.391369787453181e-03  1.799335556254624e-01  2.391369787445849e-03  1.000000000000000e+00  0.000000000000000e+00 
 3.630780547701022e+06 -1.162851313351614e-01 -2.454193827609743e-04  1.162854021742389e-01  2.716521744056580e-04  1.000000000000000e+00  0.000000000000000e+00 -1.799355023934806e-01 -2.504056655842233e-03  1.799355023942636e-01  2.504056655835099e-03  1.000000000000000e+00  0.000000000000000e+00 
 3.801893963205622e+06 -1.162851719822379e-01 -2.569877175744376e-04  1.162854678981489e-01  2.844525364529245e-04  1.000000000000000e+00  0.000000000000000e+00 -1.799376369594526e-01 -2.622052082814117e-03  1.799376369647727e-01  2.622052082759179e-03  1.000000000000000e+00  0.000000000000000e+00 
 3.981071705534983e+06 -1.162852166489499e-01 -2.691015325584814e-04  1.162855398648938e-01  2.978558596444497e-04  1.000000000000000e+00  0.000000000000000e+00 -1.799399774376274e-01 -2.745605925671961e-03  1.799399774438750e-01  2.745605925604285e-03  1.000000000000000e+00  0.000000000000000e+00 
 4.168693834703365e+06 -1.162852657408870e-01 -2.817865710325892e-04  1.162856186589880e-01  3.118905220702221e-04  1.000000000000000e+00  0.000000000000000e+00 -1.799425436884756e-01 -2.874979768640440e-03  1.799425436917019e-01  2.874979768604231e-03  1.000000000000000e+00  0.000000000000000e+00 
 4.365158322401672e+06 -1.162853197057942e-01 -2.950697934666338e-04  1.162857049183108e-01  3.265862348941630e-04  1.000000000000000e+00  0.000000000000000e+00 -1.799453574865224e-01 -3.010447468358540e-03  1.799453574881402e-01  3.010447468339943e-03  1.000000000000000e+00  0.000000000000000e+00 
 4.570881896148764e+06 -1.162853790380991e-01 -3.089794351305033e-04  1.162857993387980e-01  3.419741048277333e-04  1.000000000000000e+00  0.000000000000000e+00 -1.799484427057460e-01 -3.152295724019520e-03  1.799484427128064e-01  3.152295723931648e-03  1.000000000000000e+00  0.000000000000000e+00 
 4.786300923226397e+06 -1.162854442839204e-01 -3.235450664485395e-04  1.162859026795378e-01  3.580866995503388e-04  1.000000000000000e+00  0.000000000000000e+00 -1.799518255251834e-01 -3.300824673169494e-03  1.799518255299650e-01  3.300824673107487e-03  1.000000000000000e+00  0.000000000000000e+00 
 5.011872336272738e+06 -1.162855160466202e-01 -3.387976561763666e-04  1.162860157682974e-01  3.749581162238181e-04  1.000000000000000e+00  0.000000000000000e+00 -1.799555346430583e-01 -3.456348514147956e-03  1.799555346500377e-01  3.456348514052771e-03  1.000000000000000e+00  0.000000000000000e+00 
 5.248074602497743e+06 -1.162855949929406e-01 -3.547696375214842e-04  1.162861395075367e-01  3.926240532568566e-04  1.000000000000000e+00  0.000000000000000e+00 -1.799596015275233e-01 -3.619196156306065e-03  1.799596015326073e-01  3.619196156233750e-03  1.000000000000000e+00  0.000000000000000e+00 
 5.495408738576263e+06 -1.162856818597849e-01 -3.714949773326599e-04  1.162862748809435e-01  4.111218854843105e-04  1.000000000000000e+00  0.000000000000000e+00 -1.799640606774827e-01 -3.789711898977269e-03  1.799640606821886e-01  3.789711898907277e-03  1.000000000000000e+00  0.000000000000000e+00 
 5.754399373371588e+06 -1.162857774617056e-01 -3.890092484871997e-04  1.162864229605556e-01  4.304907429357234e-04  1.000000000000000e+00  0.000000000000000e+00 -1.799689499182078e-01 -3.968256140361044e-03  1.799689499216580e-01  3.968256140307618e-03  1.000000000000000e+00  0.000000000000000e+00 
 6.025595860743597e+06 -1.162858826991535e-01 -4.073497056095446e-04  1.162865849145249e-01  4.507715933770168e-04  1.000000000000000e+00  0.000000000000000e+00 -1.799743107200286e-01 -4.155206117365076e-03  1.799743107197842e-01  4.155206117370250e-03  1.000000000000000e+00  0.000000000000000e+00 
 6.309573444801954e+06 -1.162859985675512e-01 -4.265553642595173e-04  1.162867620156020e-01  4.720073288189443e-04  1.000000000000000e+00  0.000000000000000e+00 -1.799801885473123e-01 -4.350956677520113e-03  1.799801885518758e-01  4.350956677442310e-03  1.000000000000000e+00  0.000000000000000e+00 
 6.606934480075982e+06 -1.162861261672649e-01 -4.466670837341585e-04  1.162869556504189e-01  4.942428561956090e-04  1.000000000000000e+00  0.000000000000000e+00 -1.799866332492944e-01 -4.555921084107661e-03  1.799866332514641e-01  4.555921084069593e-03  1.000000000000000e+00  0.000000000000000e+00 
 6.918309709189389e+06 -1.162862667145360e-01 -4.677276536337278e-04  1.162871673296677e-01  5.175251924254788e-04  1.000000000000000e+00  0.000000000000000e+00 -1.799936994740830e-01 -4.770531855492446e-03  1.799936994705622e-01  4.770531855560489e-03  1.000000000000000e+00  0.000000000000000e+00 
 7.244359600749927e+06 -1.162864215534460e-01 -4.897818843502822e-04  1.162873986992846e-01  5.419035640761527e-04  1.000000000000000e+00  0.000000000000000e+00 -1.800014471314851e-01 -4.995241639826754e-03  1.800014471364451e-01  4.995241639729685e-03  1.000000000000000e+00  0.000000000000000e+00 
 7.585775750291865e+06 -1.162865921689846e-01 -5.128767016466311e-04  1.162876515527579e-01  5.674295118619397e-04  1.000000000000000e+00  0.000000000000000e+00 -1.800099419078979e-01 -5.230524126180256e-03  1.800099419120108e-01  5.230524126096260e-03  1.000000000000000e+00  0.000000000000000e+00 
 7.943282347242844e+06 -1.162867802013056e-01 -5.370612455044485e-04  1.162879278447040e-01  5.941570002102620e-04  1.000000000000000e+00  0.000000000000000e+00 -1.800192558089400e-01 -5.476874992940331e-03  1.800192558129026e-01  5.476874992855697e-03  1.000000000000000e+00  0.000000000000000e+00 
 8.317637711026741e+06 -1.162869874612444e-01 -5.623869734335043e-04  1.162882297058620e-01  6.221425321385551e-04  1.000000000000000e+00  0.000000000000000e+00 -1.800294677747565e-01 -5.734812894635862e-03  1.800294677755026e-01  5.734812894620441e-03  1.000000000000000e+00  0.000000000000000e+00 
 8.709635899560839e+06 -1.162872159471823e-01 -5.889077684488710e-04  1.162885594596842e-01  6.514452696877341e-04  1.000000000000000e+00  0.000000000000000e+00 -1.800406643415602e-01 -6.004880487882180e-03  1.800406643450732e-01  6.004880487800214e-03  1.000000000000000e+00  0.000000000000000e+00 
 9.120108393559132e+06 -1.162874678633610e-01 -6.166800519400331e-04  1.162889196407051e-01  6.821271601616164e-04  1.000000000000000e+00  0.000000000000000e+00 -1.800529403763642e-01 -6.287645497338760e-03  1.800529403776647e-01  6.287645497308069e-03  1.000000000000000e+00  0.000000000000000e+00 
 9.549925860214395e+06 -1.162877456397466e-01 -6.457629016746488e-04  1.162893130148992e-01  7.142530684237959e-04  1.000000000000000e+00  0.000000000000000e+00 -1.800663998698239e-01 -6.583701822191713e-03  1.800663998719113e-01  6.583701822139111e-03  1.000000000000000e+00  0.000000000000000e+00 
 1.000000000000004e+07 -1.162880519535590e-01 -6.762181751999613e-04  1.162897426022507e-01  7.478909155051089e-04  1.000000000000000e+00  0.000000000000000e+00 -1.800811568156493e-01 -6.893670683796932e-03  1.800811568230349e-01  6.893670683597561e-03  1.000000000000000e+00  0.000000000000000e+00 
 1.047128548050904e+07 -1.162883897526160e-01 -7.081106389257679e-04  1.162902117017660e-01  7.831118237765038e-04  1.000000000000000e+00  0.000000000000000e+00 -1.800973361706091e-01 -7.218201814712645e-03  1.800973361748771e-01  7.218201814592942e-03  1.000000000000000e+00  0.000000000000000e+00 
 1.096478196143189e+07 -1.162887622806426e-01 -7.415081031941330e-04  1.162907239191819e-01  8.199902689443989e-04  1.000000000000000e+00  0.000000000000000e+00 -1.801150748979167e-01 -7.557974689154333e-03  1.801150749042363e-01  7.557974688967978e-03  1.000000000000000e+00  0.000000000000000e+00 
 1.148153621496888e+07 -1.162891731047350e-01 -7.764815636612176e-04  1.162912831976321e-01  8.586042391295959e-04  1.000000000000000e+00  0.000000000000000e+00 -1.801345231246100e-01 -7.913699794869382e-03  1.801345231307022e-01  7.913699794681553e-03  1.000000000000000e+00  0.000000000000000e+00 
 1.202264434617418e+07 -1.162896261452017e-01 -8.131053493351183e-04  1.162918938515432e-01  8.990354012974947e-04  1.000000000000000e+00  0.000000000000000e+00 -1.801558453959961e-01 -8.286119945714912e-03  1.801558453985351e-01  8.286119945634319e-03  1.000000000000000e+00  0.000000000000000e+00 
 1.258925411794173e+07 -1.162901257080375e-01 -8.514572776294033e-04  1.162925606040511e-01  9.413692753173608e-04  1.000000000000000e+00  0.000000000000000e+00 -1.801792220538879e-01 -8.676011634183833e-03  1.801792220541354e-01  8.676011634177637e-03  1.000000000000000e+00  0.000000000000000e+00 
 1.318256738556413e+07 -1.162906765203154e-01 -8.916188168045739e-04  1.162932886282265e-01  9.856954159426345e-04  1.000000000000000e+00  0.000000000000000e+00 -1.802048507471473e-01 -9.084186422530140e-03  1.802048507434983e-01  9.084186422662514e-03  1.000000000000000e+00  0.000000000000000e+00 
 1.380384264602891e+07 -1.162912837688443e-01 -9.336752561780438e-04  1.162940835924349e-01  1.032107603023331e-03  1.000000000000000e+00  0.000000000000000e+00 -1.802329480793057e-01 -9.511492370546770e-03  1.802329480797659e-01  9.511492370532077e-03  1.000000000000000e+00  0.000000000000000e+00 
 1.445439770745934e+07 -1.162919531424612e-01 -9.777158844879079e-04  1.162949517101606e-01  1.080704040284959e-03  1.000000000000000e+00  0.000000000000000e+00 -1.802637514202443e-01 -9.958815497656886e-03  1.802637514213637e-01  9.958815497615830e-03  1.000000000000000e+00  0.000000000000000e+00 
 1.513561248436215e+07 -1.162926908783796e-01 -1.023834176796809e-03  1.162958997946513e-01  1.131587563036407e-03  1.000000000000000e+00  0.000000000000000e+00 -1.802975208758347e-01 -1.042708127586343e-02  1.802975208812974e-01  1.042708127564373e-02  1.000000000000000e+00  0.000000000000000e+00 
 1.584893192461121e+07 -1.162935038130615e-01 -1.072127990320481e-03  1.162969353187864e-01  1.184865855200188e-03  1.000000000000000e+00  0.000000000000000e+00 -1.803345414543238e-01 -1.091725614976006e-02  1.803345414611420e-01  1.091725614947280e-02  1.000000000000000e+00  0.000000000000000e+00 
 1.659586907437568e+07 -1.162943994381131e-01 -1.122699769562370e-03  1.162980664805914e-01  1.240651676091719e-03  1.000000000000000e+00  0.000000000000000e+00 -1.803751254275724e-01 -1.143034907831851e-02  1.803751254239989e-01  1.143034907848017e-02  1.000000000000000e+00  0.000000000000000e+00 
 1.737800828749384e+07 -1.162953859617378e-01 -1.175656761133075e-03  1.162993022749025e-01  1.299063097407425e-03  1.000000000000000e+00  0.000000000000000e+00 -1.804196149087319e-01 -1.196741309225186e-02  1.804196149067416e-01  1.196741309234724e-02  1.000000000000000e+00  0.000000000000000e+00 
 1.819700858609992e+07 -1.162964723763396e-01 -1.231111238631647e-03  1.163006525717137e-01  1.360223750913550e-03  1.000000000000000e+00  0.000000000000000e+00 -1.804683846850436e-01 -1.252954685971975e-02  1.804683846917085e-01  1.252954685939953e-02  1.000000000000000e+00  0.000000000000000e+00 
 1.905460717963257e+07 -1.162976685328804e-01 -1.289180737968741e-03  1.163021282018406e-01  1.424263087355863e-03  1.000000000000000e+00  0.000000000000000e+00 -1.805218452996739e-01 -1.311789625088887e-02  1.805218453019160e-01  1.311789625077846e-02  1.000000000000000e+00  0.000000000000000e+00 
 1.995262314968890e+07 -1.162989852226450e-01 -1.349988303518371e-03  1.163037410505940e-01  1.491316647134080e-03  1.000000000000000e+00  0.000000000000000e+00 -1.805804464109644e-01 -1.373365589050460e-02  1.805804464140525e-01  1.373365589034450e-02  1.000000000000000e+00  0.000000000000000e+00 
 2.089296130854050e+07 -1.163004342671244e-01 -1.413662745497891e-03  1.163055041602555e-01  1.561526343302632e-03  1.000000000000000e+00  0.000000000000000e+00 -1.806446804786020e-01 -1.437807068604479e-02  1.806446804841434e-01  1.437807068574203e-02  1.000000000000000e+00  0.000000000000000e+00 
 2.187761623949564e+07 -1.163020286167378e-01 -1.480338908995158e-03  1.163074318422399e-01  1.635040757470191e-03  1.000000000000000e+00  0.000000000000000e+00 -1.807150867720736e-01 -1.505243731563644e-02  1.807150867750966e-01  1.505243731546557e-02  1.000000000000000e+00  0.000000000000000e+00 
 2.290867652767785e+07 -1.163037824592096e-01 -1.550157955085619e-03  1.163095397999269e-01  1.712015449175344e-03  1.000000000000000e+00  0.000000000000000e+00 -1.807922557433990e-01 -1.575810565798529e-02  1.807922557435429e-01  1.575810565798029e-02  1.000000000000000e+00  0.000000000000000e+00 
 2.398832919019503e+07 -1.163057113384711e-01 -1.623267654511436e-03  1.163118452632506e-01  1.792613279314634e-03  1.000000000000000e+00  0.000000000000000e+00 -1.808768337971826e-01 -1.649648014333111e-02  1.808768338024986e-01  1.649648014300066e-02  1.000000000000000e+00  0.000000000000000e+00 
 2.511886431509594e+07 -1.163078322850174e-01 -1.699822694426595e-03  1.163143671362422e-01  1.877004748193517e-03  1.000000000000000e+00  0.000000000000000e+00 -1.809695284900006e-01 -1.726902100085361e-02  1.809695284941381e-01  1.726902100058601e-02  1.000000000000000e+00  0.000000000000000e+00 
 2.630267991895396e+07 -1.163101639587815e-01 -1.779984998744006e-03  1.163171261588312e-01  1.965368348762580e-03  1.000000000000000e+00  0.000000000000000e+00 -1.810711141798709e-01 -1.807724537349965e-02  1.810711141783836e-01  1.807724537360559e-02  1.000000000000000e+00  0.000000000000000e+00 
 2.754228703338182e+07 -1.163127268056717e-01 -1.863924062651815e-03  1.163201450843246e-01  2.057890935591534e-03  1.000000000000000e+00  0.000000000000000e+00 -1.811824381800803e-01 -1.892272826741634e-02  1.811824381803943e-01  1.892272826739809e-02  1.000000000000000e+00  0.000000000000000e+00 
 2.884031503126622e+07 -1.163155432290494e-01 -1.951817301892721e-03  1.163234488740997e-01  2.154768110124655e-03  1.000000000000000e+00  0.000000000000000e+00 -1.813044274518298e-01 -1.980710329744727e-02  1.813044274556432e-01  1.980710329716716e-02  1.000000000000000e+00  0.000000000000000e+00 
 3.019951720402033e+07 -1.163186377775772e-01 -2.043850417420646e-03  1.163270649111851e-01  2.256204622753941e-03  1.000000000000000e+00  0.000000000000000e+00 -1.814380958647696e-01 -2.073206318386664e-02  1.814380958705520e-01  2.073206318342109e-02  1.000000000000000e+00  0.000000000000000e+00 
 3.162277660168397e+07 -1.163220373510259e-01 -2.140217776061340e-03  1.163310232345180e-01  2.362414792242191e-03  1.000000000000000e+00  0.000000000000000e+00 -1.815845520782672e-01 -2.169935994946607e-02  1.815845520829362e-01  2.169935994909151e-02  1.000000000000000e+00  0.000000000000000e+00 
 3.311311214825930e+07 -1.163257714257772e-01 -2.241122807807470e-03  1.163353567958501e-01  2.473622943025974e-03  1.000000000000000e+00  0.000000000000000e+00 -1.817450080820395e-01 -2.271080475801589e-02  1.817450080891374e-01  2.271080475741922e-02  1.000000000000000e+00  0.000000000000000e+00 
 3.467368504525337e+07 -1.163298723019867e-01 -2.346778420370841e-03  1.163401017414014e-01  2.590063860929773e-03  1.000000000000000e+00  0.000000000000000e+00 -1.819207884470200e-01 -2.376826732695551e-02  1.819207884474143e-01  2.376826732692554e-02  1.000000000000000e+00  0.000000000000000e+00 
 3.630780547701035e+07 -1.163343753745348e-01 -2.457407431598643e-03  1.163452977205870e-01  2.711983267823214e-03  1.000000000000000e+00  0.000000000000000e+00 -1.821133403137185e-01 -2.487367483645768e-02  1.821133403127204e-01  2.487367483655481e-02  1.000000000000000e+00  0.000000000000000e+00 
 3.801893963205635e+07 -1.163393194301292e-01 -2.573243020333679e-03  1.163509882243273e-01  2.839638315753708e-03  1.000000000000000e+00  0.000000000000000e+00 -1.823242441886858e-01 -2.602901024805294e-02  1.823242441924397e-01  2.602901024769685e-02  1.000000000000000e+00  0.000000000000000e+00 
 3.981071705534997e+07 -1.163447469731335e-01 -2.694529196263428e-03  1.163572209557011e-01  2.973298101082135e-03  1.000000000000000e+00  0.000000000000000e+00 -1.825552255721799e-01 -2.723630993191660e-02  1.825552255731315e-01  2.723630993182642e-02  1.000000000000000e+00  0.000000000000000e+00 
 4.168693834703380e+07 -1.163507045829483e-01 -2.821521289259191e-03  1.163640482359629e-01  3.113244199138035e-03  1.000000000000000e+00  0.000000000000000e+00 -1.828081674584390e-01 -2.849766048913777e-02  1.828081674605236e-01  2.849766048892485e-02  1.000000000000000e+00  0.000000000000000e+00 
 4.365158322401687e+07 -1.163572433060231e-01 -2.954486458655857e-03  1.163715274492514e-01  3.259771219888070e-03  1.000000000000000e+00  0.000000000000000e+00 -1.830851237665694e-01 -2.981519464158803e-02  1.830851237692455e-01  2.981519464130111e-02  1.000000000000000e+00  0.000000000000000e+00 
 4.570881896148779e+07 -1.163644190858518e-01 -3.093704222864532e-03  1.163797215296323e-01  3.413187385075483e-03  1.000000000000000e+00  0.000000000000000e+00 -1.833883337113672e-01 -3.119108604313979e-02  1.833883337194207e-01  3.119108604222668e-02  1.000000000000000e+00  0.000000000000000e+00 
 4.786300923226414e+07 -1.163722932346112e-01 -3.239467009644425e-03  1.163886994944928e-01  3.573815127234642e-03  1.000000000000000e+00  0.000000000000000e+00 -1.837202371599342e-01 -3.262754285030091e-02  1.837202371662812e-01  3.262754284955106e-02  1.000000000000000e+00  0.000000000000000e+00 
 5.011872336272755e+07 -1.163809329504095e-01 -3.392080727286470e-03  1.163985370287048e-01  3.741991710910278e-03  1.000000000000000e+00  0.000000000000000e+00 -1.840834909719372e-01 -3.412679986827734e-02  1.840834909779535e-01  3.412679986753566e-02  1.000000000000000e+00  0.000000000000000e+00 
 5.248074602497760e+07 -1.163904118844957e-01 -3.551865356875224e-03  1.164093171243991e-01  3.918069876314025e-03  1.000000000000000e+00  0.000000000000000e+00 -1.844809863503256e-01 -3.569110906980960e-02  1.844809863534783e-01  3.569110906940686e-02  1.000000000000000e+00  0.000000000000000e+00 
 5.495408738576282e+07 -1.164008107631385e-01 -3.719155565698283e-03  1.164211307816668e-01  4.102418505527124e-03  1.000000000000000e+00  0.000000000000000e+00 -1.849158671707233e-01 -3.732272825833864e-02  1.849158671759832e-01  3.732272825763262e-02  1.000000000000000e+00  0.000000000000000e+00 
 5.754399373371608e+07 -1.164122180693400e-01 -3.894301341756495e-03  1.164340777760292e-01  4.295423311205260e-03  1.000000000000000e+00  0.000000000000000e+00 -1.853915492762651e-01 -3.902390762544333e-02  1.853915492805071e-01  3.902390762484999e-02  1.000000000000000e+00  0.000000000000000e+00 
 6.025595860743618e+07 -1.164247307900020e-01 -4.077668649192691e-03  1.164482674990515e-01  4.497487547557242e-03  1.000000000000000e+00  0.000000000000000e+00 -1.859117406652555e-01 -4.079687392437590e-02  1.859117406663872e-01  4.079687392421580e-02  1.000000000000000e+00  0.000000000000000e+00 
 6.309573444801975e+07 -1.164384552346861e-01 -4.269640104294176e-03  1.164638198790864e-01  4.709032743148224e-03  1.000000000000000e+00  0.000000000000000e+00 -1.864804624996090e-01 -4.264381195763971e-02  1.864804624971675e-01  4.264381195802379e-02  1.000000000000000e+00  0.000000000000000e+00 
 6.606934480076005e+07 -1.164535079326930e-01 -4.470615671530561e-03  1.164808663897828e-01  4.930499454818659e-03  1.000000000000000e+00  0.000000000000000e+00 -1.871020708031296e-01 -4.456684304822252e-02  1.871020708039495e-01  4.456684304809790e-02  1.000000000000000e+00  0.000000000000000e+00 
 6.918309709189413e+07 -1.164700166157785e-01 -4.681013378858245e-03  1.164995511546910e-01  5.162348041704260e-03  1.000000000000000e+00  0.000000000000000e+00 -1.877812786886958e-01 -4.656800013921849e-02  1.877812786906264e-01  4.656800013890110e-02  1.000000000000000e+00  0.000000000000000e+00 
 7.244359600749952e+07 -1.164881212945362e-01 -4.901270051246512e-03  1.165200321570533e-01  5.405059457986916e-03  1.000000000000000e+00  0.000000000000000e+00 -1.885231788808830e-01 -4.864919913992342e-02  1.885231788809272e-01  4.864919913992373e-02  1.000000000000000e+00  0.000000000000000e+00 
 7.585775750291891e+07 -1.165079754372001e-01 -5.131842061054806e-03  1.165424825647006e-01  5.659136062591757e-03  1.000000000000000e+00  0.000000000000000e+00 -1.893332662613313e-01 -5.081220611668104e-02  1.893332662672919e-01  5.081220611559300e-02  1.000000000000000e+00  0.000000000000000e+00 
 7.943282347242872e+07 -1.165297472604387e-01 -5.373206093503824e-03  1.165670921808545e-01  5.925102443564624e-03  1.000000000000000e+00  0.000000000000000e+00 -1.902174600835365e-01 -5.305859990850091e-02  1.902174600844495e-01  5.305859990833400e-02  1.000000000000000e+00  0.000000000000000e+00 
 8.317637711026771e+07 -1.165536211425879e-01 -5.625859925028617e-03  1.165940690326075e-01  6.203506254305683e-03  1.000000000000000e+00  0.000000000000000e+00 -1.911821253870314e-01 -5.538972973227957e-02  1.911821253921854e-01  5.538972973125249e-02  1.000000000000000e+00  0.000000000000000e+00 
 8.709635899560872e+07 -1.165797991707105e-01 -5.890323211769579e-03  1.166236411098855e-01  6.494919058188347e-03  1.000000000000000e+00  0.000000000000000e+00 -1.922340931126081e-01 -5.780666734766491e-02  1.922340931222129e-01  5.780666734565552e-02  1.000000000000000e+00  0.000000000000000e+00 
 9.120108393559167e+07 -1.166085028339261e-01 -6.167138284832766e-03  1.166560582688423e-01  6.799937177342215e-03  1.000000000000000e+00  0.000000000000000e+00 -1.933806782250682e-01 -6.031015335121136e-02  1.933806782307136e-01  6.031015334998018e-02  1.000000000000000e+00  0.000000000000000e+00 
 9.549925860214433e+07 -1.166399748765393e-01 -6.456870948226256e-03  1.166915943148299e-01  7.119182540511727e-03  1.000000000000000e+00  0.000000000000000e+00 -1.946296950843628e-01 -6.290053720068187e-02  1.946296950900920e-01  6.290053719937486e-02  1.000000000000000e+00  0.000000000000000e+00 
 1.000000000000008e+08 -1.166744813257161e-01 -6.760111274534936e-03  1.167305492814196e-01  7.453303523897880e-03  1.000000000000000e+00  0.000000000000000e+00 -1.959894691592485e-01 -6.557771061398876e-02  1.959894691616114e-01  6.557771061343103e-02  1.000000000000000e+00  0.000000000000000e+00 
 1.047128548050908e+08 -1.167123137097298e-01 -7.077474392418586e-03  1.167732519233469e-01  7.802975777729844e-03  1.000000000000000e+00  0.000000000000000e+00 -1.974688439918358e-01 -6.834103405144944e-02  1.974688439986461e-01  6.834103404974683e-02  1.000000000000000e+00  0.000000000000000e+00 
 1.096478196143194e+08 -1.167537914842083e-01 -7.409601258885302e-03  1.168200624427759e-01  8.168903029973678e-03  1.000000000000000e+00  0.000000000000000e+00 -1.990771822169603e-01 -7.118925609615658e-02  1.990771822183279e-01  7.118925609580784e-02  1.000000000000000e+00  0.000000000000000e+00 
 1.148153621496892e+08 -1.167992646852830e-01 -7.757159407985027e-03  1.168713754698859e-01  8.551817857039469e-03  1.000000000000000e+00  0.000000000000000e+00 -2.008243592047706e-01 -7.412042567322338e-02  2.008243592130096e-01  7.412042567096511e-02  1.000000000000000e+00  0.000000000000000e+00 
 1.202264434617423e+08 -1.168491168301350e-01 -8.120843666059144e-03  1.169276233205254e-01  8.952482409565747e-03  1.000000000000000e+00  0.000000000000000e+00 -2.027207478149282e-01 -7.713179723799145e-02  2.027207478187309e-01  7.713179723690702e-02  1.000000000000000e+00  0.000000000000000e+00 
 1.258925411794178e+08 -1.169037680871431e-01 -8.501376821942068e-03  1.169892795554987e-01  9.371689079310342e-03  1.000000000000000e+00  0.000000000000000e+00 -2.047771924732938e-01 -8.021972927407482e-02  2.047771924776261e-01  8.021972927277965e-02  1.000000000000000e+00  0.000000000000000e+00 
 1.318256738556418e+08 -1.169636787396089e-01 -8.899510238511727e-03  1.170568628680013e-01  9.810261090816418e-03  1.000000000000000e+00  0.000000000000000e+00 -2.070049707573724e-01 -8.337957674032952e-02  2.070049707555839e-01  8.337957674090821e-02  1.000000000000000e+00  0.000000000000000e+00 
 1.380384264602897e+08 -1.170293529689932e-01 -9.316024389681028e-03  1.171309413277645e-01  1.026905299881371e-02  1.000000000000000e+00  0.000000000000000e+00 -2.094157404357485e-01 -8.660557843100987e-02  2.094157404416687e-01  8.660557842906412e-02  1.000000000000000e+00  0.000000000000000e+00 
 1.445439770745940e+08 -1.171013429855414e-01 -9.751729304284890e-03  1.172121370125980e-01  1.074895106920577e-02  1.000000000000000e+00  0.000000000000000e+00 -2.120214699329810e-01 -8.989074063327843e-02  2.120214699370875e-01  8.989074063186926e-02  1.000000000000000e+00  0.000000000000000e+00 
 1.513561248436221e+08 -1.171802535363493e-01 -1.020746489527960e-02  1.173011310602635e-01  1.125087351792849e-02  1.000000000000000e+00  0.000000000000000e+00 -2.148343500547899e-01 -9.322671892062767e-02  2.148343500635236e-01  9.322671891747104e-02  1.000000000000000e+00  0.000000000000000e+00 
 1.584893192461127e+08 -1.172667468230569e-01 -1.068410114920077e-02  1.173986691758857e-01  1.177577057788707e-02  1.000000000000000e+00  0.000000000000000e+00 -2.178666849929025e-01 -9.660370046996525e-02  2.178666849917552e-01  9.660370047041753e-02  1.000000000000000e+00  0.000000000000000e+00 
 1.659586907437575e+08 -1.173615478636715e-01 -1.118253814684207e-02  1.175055676324581e-01  1.232462435951069e-02  1.000000000000000e+00  0.000000000000000e+00 -2.211307606544115e-01 -1.000102898586382e-01  2.211307606556305e-01  1.000102898581687e-01  1.000000000000000e+00  0.000000000000000e+00 
 1.737800828749391e+08 -1.174654503352930e-01 -1.170370588156935e-02  1.176227198043553e-01  1.289844846513522e-02  1.000000000000000e+00  0.000000000000000e+00 -2.246386887914196e-01 -1.034334019426024e-01  2.246386887935218e-01  1.034334019417412e-01  1.000000000000000e+00  0.000000000000000e+00 
 1.819700858610000e+08 -1.175793229368954e-01 -1.224856383648109e-02  1.177511032760996e-01  1.349828731134552e-02  1.000000000000000e+00  0.000000000000000e+00 -2.284022257066996e-01 -1.068581660437719e-01  2.284022257067457e-01  1.068581660437698e-01  1.000000000000000e+00  0.000000000000000e+00 
 1.905460717963264e+08 -1.177041163136209e-01 -1.281810027569202e-02  1.178917875708888e-01  1.412521510648154e-02  1.000000000000000e+00  0.000000000000000e+00 -2.324325650444913e-01 -1.102678463205959e-01  2.324325650480669e-01  1.102678463189727e-01  1.000000000000000e+00  0.000000000000000e+00 
 1.995262314968898e+08 -1.178408705863297e-01 -1.341333119825257e-02  1.180459425455230e-01  1.478033442263540e-02  1.000000000000000e+00  0.000000000000000e+00 -2.367401049437549e-01 -1.136437837666433e-01  2.367401049487384e-01  1.136437837642628e-01  1.000000000000000e+00  0.000000000000000e+00 
 2.089296130854059e+08 -1.179907235322925e-01 -1.403529889551408e-02  1.182148475002777e-01  1.546477429251507e-02  1.000000000000000e+00  0.000000000000000e+00 -2.413341908429968e-01 -1.169653657524831e-01  2.413341908478659e-01  1.169653657500439e-01  1.000000000000000e+00  0.000000000000000e+00 
 2.187761623949573e+08 -1.181549194648643e-01 -1.468507004399852e-02  1.183999010538621e-01  1.617968775140258e-02  1.000000000000000e+00  0.000000000000000e+00 -2.462228364968344e-01 -1.202100293336353e-01  2.462228365027470e-01  1.202100293305228e-01  1.000000000000000e+00  0.000000000000000e+00 
 2.290867652767794e+08 -1.183348188616458e-01 -1.536373325589354e-02  1.186026318347445e-01  1.692624873294430e-02  1.000000000000000e+00  0.000000000000000e+00 -2.514124271621005e-01 -1.233533046120677e-01  2.514124271624105e-01  1.233533046119179e-01  1.000000000000000e+00  0.000000000000000e+00 
 2.398832919019513e+08 -1.185319087918921e-01 -1.607239599803548e-02  1.188247100406879e-01  1.770564821453000e-02  1.000000000000000e+00  0.000000000000000e+00 -2.569074104770780e-01 -1.263689041980552e-01  2.569074104804195e-01  1.263689041961277e-01  1.000000000000000e+00  0.000000000000000e+00 
 2.511886431509604e+08 -1.187478141945964e-01 -1.681218077751069e-02  1.190679599180866e-01  1.851908949338064e-02  1.000000000000000e+00  0.000000000000000e+00 -2.627099822777260e-01 -1.292288642013806e-01  2.627099822784863e-01  1.292288642009392e-01  1.000000000000000e+00  0.000000000000000e+00 
 2.630267991895407e+08 -1.189843100586596e-01 -1.758422047762603e-02  1.193343732114500e-01  1.936778245800435e-02  1.000000000000000e+00  0.000000000000000e+00 -2.688197761708223e-01 -1.319037411189077e-01  2.688197761748812e-01  1.319037411163190e-01  1.000000000000000e+00  0.000000000000000e+00 
 2.754228703338193e+08 -1.192433345554859e-01 -1.838965271181579e-02  1.196261236308156e-01  2.025293670120957e-02  1.000000000000000e+00  0.000000000000000e+00 -2.752335673610627e-01 -1.343628674494744e-01  2.752335673659209e-01  1.343628674462130e-01  1.000000000000000e+00  0.000000000000000e+00 
 2.884031503126634e+08 -1.195270031721581e-01 -1.922961304485055e-02  1.199455823806881e-01  2.117575330020997e-02  1.000000000000000e+00  0.000000000000000e+00 -2.819450024267916e-01 -1.365746668338803e-01  2.819450024267952e-01  1.365746668339067e-01  1.000000000000000e+00  0.000000000000000e+00 
 3.019951720402046e+08 -1.198376238894666e-01 -2.010522691033956e-02  1.202953347878624e-01  2.213741506632451e-02  1.000000000000000e+00  0.000000000000000e+00 -2.889443677261477e-01 -1.385070270241112e-01  2.889443677263740e-01  1.385070270239723e-01  1.000000000000000e+00  0.000000000000000e+00 
 3.162277660168411e+08 -1.201777134433559e-01 -2.101760003074158e-02  1.206781980567427e-01  2.313907504120088e-02  1.000000000000000e+00  0.000000000000000e+00 -2.962184094506427e-01 -1.401277261006541e-01  2.962184094556379e-01  1.401277260967516e-01  1.000000000000000e+00  0.000000000000000e+00 
 3.311311214825944e+08 -1.205500147001239e-01 -2.196780712076089e-02  1.210972401688993e-01  2.418184298820601e-02  1.000000000000000e+00  0.000000000000000e+00 -3.037502179661467e-01 -1.414049042180946e-01  3.037502179704831e-01  1.414049042145322e-01  1.000000000000000e+00  0.000000000000000e+00 
 3.467368504525352e+08 -1.209575151645531e-01 -2.295687862690501e-02  1.215557999279902e-01  2.526676959650432e-02  1.000000000000000e+00  0.000000000000000e+00 -3.115191879395340e-01 -1.423075699425934e-01  3.115191879376641e-01  1.423075699442623e-01  1.000000000000000e+00  0.000000000000000e+00 
 3.630780547701051e+08 -1.214034666253193e-01 -2.398578522497660e-02  1.220575081309399e-01  2.639482808129377e-02  1.000000000000000e+00  0.000000000000000e+00 -3.195010637188973e-01 -1.428061271776906e-01  3.195010637194454e-01  1.428061271772229e-01  1.000000000000000e+00  0.000000000000000e+00 
 3.801893963205651e+08 -1.218914059227609e-01 -2.505541976323561e-02  1.226063098205598e-01  2.756689282666675e-02  1.000000000000000e+00  0.000000000000000e+00 -3.276680765247844e-01 -1.428729060170724e-01  3.276680765282094e-01  1.428729060137842e-01  1.000000000000000e+00  0.000000000000000e+00 
 3.981071705535014e+08 -1.224251767994536e-01 -2.616657630184746e-02  1.232064875424525e-01  2.878371467767326e-02  1.000000000000000e+00  0.000000000000000e+00 -3.359891762617750e-01 -1.424826788964732e-01  3.359891762596097e-01  1.424826788987353e-01  1.000000000000000e+00  0.000000000000000e+00 
 4.168693834703397e+08 -1.230089527629596e-01 -2.731992585903015e-02  1.238626854888479e-01  3.004589244557301e-02  1.000000000000000e+00  0.000000000000000e+00 -3.444303565169990e-01 -1.416131423525779e-01  3.444303565220261e-01  1.416131423471732e-01  1.000000000000000e+00  0.000000000000000e+00 
 4.365158322401705e+08 -1.236472608513602e-01 -2.851598843116670e-02  1.245799343625262e-01  3.135384014532448e-02  1.000000000000000e+00  0.000000000000000e+00 -3.529550667044238e-01 -1.402453447354196e-01  3.529550667059527e-01  1.402453447337128e-01  1.000000000000000e+00  0.000000000000000e+00 
 4.570881896148798e+08 -1.243450061441997e-01 -2.975510080834852e-02  1.253636767335354e-01  3.270774943763234e-02  1.000000000000000e+00  0.000000000000000e+00 -3.615247004629118e-01 -1.383640415600896e-01  3.615247004651095e-01  1.383640415574705e-01  1.000000000000000e+00  0.000000000000000e+00 
 4.786300923226434e+08 -1.251074968027766e-01 -3.103737965880731e-02  1.262197925881574e-01  3.410754670021017e-02  1.000000000000000e+00  0.000000000000000e+00 -3.700991453414458e-01 -1.359579626211939e-01  3.700991453445416e-01  1.359579626172607e-01  1.000000000000000e+00  0.000000000000000e+00 
 5.011872336272776e+08 -1.259404693522074e-01 -3.236267930626333e-02  1.271546246814751e-01  3.555284410549189e-02  1.000000000000000e+00  0.000000000000000e+00 -3.786373749180292e-01 -1.330199787115363e-01  3.786373749207432e-01  1.330199787078823e-01  1.000000000000000e+00  0.000000000000000e+00 
 5.248074602497782e+08 -1.268501138314455e-01 -3.373054357440840e-02  1.281750031996654e-01  3.704288403649381e-02  1.000000000000000e+00  0.000000000000000e+00 -3.870980620137091e-01 -1.295471602873011e-01  3.870980620166171e-01  1.295471602831327e-01  1.000000000000000e+00  0.000000000000000e+00 
 5.495408738576305e+08 -1.278430983339270e-01 -3.514015102408728e-02  1.292882691133180e-01  3.857647613106524e-02  1.000000000000000e+00  0.000000000000000e+00 -3.954401902237221e-01 -1.255407255722263e-01  3.954401902263306e-01  1.255407255682495e-01  1.000000000000000e+00  0.000000000000000e+00 
 5.754399373371632e+08 -1.289265923383039e-01 -3.659025286326369e-02  1.305022954561130e-01  4.015192621023337e-02  1.000000000000000e+00  0.000000000000000e+00 -4.036236409696905e-01 -1.210058809422343e-01  4.036236409707393e-01  1.210058809405669e-01  1.000000000000000e+00  0.000000000000000e+00 
 6.025595860743644e+08 -1.301082880828867e-01 -3.807910277030287e-02  1.318255055913796e-01  4.176695632242720e-02  1.000000000000000e+00  0.000000000000000e+00 -4.116097346527144e-01 -1.159515615770736e-01  4.116097346545202e-01  1.159515615739497e-01  1.000000000000000e+00  0.000000000000000e+00 
 6.309573444802003e+08 -1.313964190661610e-01 -3.960437784096904e-02  1.332668873297543e-01  4.341861512672396e-02  1.000000000000000e+00  0.000000000000000e+00 -4.193617071094403e-01 -1.103900849344114e-01  4.193617071092044e-01  1.103900849349354e-01  1.000000000000000e+00  0.000000000000000e+00 
 6.606934480076034e+08 -1.327997745559951e-01 -4.116308985339415e-02  1.348360015319812e-01  4.510317785070531e-02  1.000000000000000e+00  0.000000000000000e+00 -4.268451061625400e-01 -1.043367333175336e-01  4.268451061626761e-01  1.043367333173370e-01  1.000000000000000e+00  0.000000000000000e+00 
 6.918309709189442e+08 -1.343277087590738e-01 -4.275148604882083e-02  1.365429835696428e-01  4.681603509922633e-02  1.000000000000000e+00  0.000000000000000e+00 -4.340280974700684e-01 -9.780928432233646e-02  4.340280974702958e-01  9.780928432192321e-02  1.000000000000000e+00  0.000000000000000e+00 
 7.244359600749983e+08 -1.359901430370344e-01 -4.436493865630284e-02  1.383985357220370e-01  4.855156986808433e-02  1.000000000000000e+00  0.000000000000000e+00 -4.408816734740897e-01 -9.082750935669598e-02  4.408816734748146e-01  9.082750935505628e-02  1.000000000000000e+00  0.000000000000000e+00 
 7.585775750291924e+08 -1.377975592546524e-01 -4.599782245554707e-02  1.404139082590293e-01  5.030302224165152e-02  1.000000000000000e+00  0.000000000000000e+00 -4.473797639972410e-01 -8.341266049058436e-02  4.473797639974019e-01  8.341266049026827e-02  1.000000000000000e+00  0.000000000000000e+00 
 7.943282347242906e+08 -1.397609820071007e-01 -4.764337978430544e-02  1.426008665987562e-01  5.206234143832136e-02  1.000000000000000e+00  0.000000000000000e+00 -4.534992513259673e-01 -7.558696494606723e-02  4.534992513266074e-01  7.558696494434961e-02  1.000000000000000e+00  0.000000000000000e+00 
 8.317637711026806e+08 -1.418919470978754e-01 -4.929357256796998e-02  1.449716415388052e-01  5.382002512635280e-02  1.000000000000000e+00  0.000000000000000e+00 -4.592198964052471e-01 -6.737314459064862e-02  4.592198964067650e-01  6.737314458597538e-02  1.000000000000000e+00  0.000000000000000e+00 
 8.709635899560907e+08 -1.442024532287771e-01 -5.093892119421178e-02  1.475388591460796e-01  5.556494628163314e-02  1.000000000000000e+00  0.000000000000000e+00 -4.645241857183158e-01 -5.879397524187840e-02  4.645241857192010e-01  5.879397523890025e-02  1.000000000000000e+00  0.000000000000000e+00 
 9.120108393559203e+08 -1.467048934232386e-01 -5.256833039204294e-02  1.503154464639366e-01  5.728416831604863e-02  1.000000000000000e+00  0.000000000000000e+00 -4.693971105668205e-01 -4.987189757675310e-02  4.693971105668613e-01  4.987189757675006e-02  1.000000000000000e+00  0.000000000000000e+00 
 9.549925860214471e+08 -1.494119622430477e-01 -5.416890272223193e-02  1.533145087700563e-01  5.896274979007655e-02  1.000000000000000e+00  0.000000000000000e+00 -4.738258917361383e-01 -4.062868827203868e-02  4.738258917363921e-01  4.062868827106814e-02  1.000000000000000e+00  0.000000000000000e+00 
 1.000000000000012e+09 -1.523365343897594e-01 -5.572574086635601e-02  1.565491737155650e-01  6.058354075623493e-02  1.000000000000000e+00  0.000000000000000e+00 -4.777996629783102e-01 -3.108519693937919e-02  4.777996629787606e-01  3.108519693721319e-02  1.000000000000000e+00  0.000000000000000e+00 
 1.047128548050912e+09 -1.554915098256887e-01 -5.722174063832314e-02  1.600323973232253e-01  6.212697368130557e-02  1.000000000000000e+00  0.000000000000000e+00 -4.813091265270855e-01 -2.126115159523470e-02  4.813091265272556e-01  2.126115159441436e-02  1.000000000000000e+00  0.000000000000000e+00 
 1.096478196143198e+09 -1.588896201330159e-01 -5.863737755898638e-02  1.637767265565124e-01  6.357085298325299e-02  1.000000000000000e+00  0.000000000000000e+00 -4.843461931153933e-01 -1.117503294123154e-02  4.843461931155050e-01  1.117503294067107e-02  1.000000000000000e+00  0.000000000000000e+00 
 1.148153621496897e+09 -1.625431904903634e-01 -5.995049095485927e-02  1.677940130386160e-01  6.489014850821681e-02  1.000000000000000e+00  0.000000000000000e+00 -4.869036178266697e-01 -8.440157447249241e-04  4.869036178268276e-01  8.440157435197493e-04  1.000000000000000e+00  0.000000000000000e+00 
 1.202264434617427e+09 -1.664638514325421e-01 -6.113607088638202e-02  1.720950725580602e-01  6.605679977196557e-02  1.000000000000000e+00  0.000000000000000e+00 -4.889746417489022e-01  9.716025883252738e-03  4.889746417490873e-01 -9.716025885394747e-03  1.000000000000000e+00  0.000000000000000e+00 
 1.258925411794183e+09 -1.706621945320585e-01 -6.216605479441968e-02  1.766892853143970e-01  6.703953949681830e-02  1.000000000000000e+00  0.000000000000000e+00 -4.905526479741362e-01  2.049045358219641e-02  4.905526479741197e-01 -2.049045358072440e-02  1.000000000000000e+00  0.000000000000000e+00 
 1.318256738556423e+09 -1.751473663754701e-01 -6.300914258067364e-02  1.815841325132651e-01  6.780374687267068e-02  1.000000000000000e+00  0.000000000000000e+00 -4.916308390771564e-01  3.146574508686767e-02  4.916308390771995e-01 -3.146574508735174e-02  1.000000000000000e+00  0.000000000000000e+00 
 1.380384264602902e+09 -1.799265957931709e-01 -6.363064089879181e-02  1.867846660047003e-01  6.831134302315250e-02  1.000000000000000e+00  0.000000000000000e+00 -4.922019419466951e-01  4.262932503091865e-02  4.922019419467257e-01 -4.262932503130919e-02  1.000000000000000e+00  0.000000000000000e+00 
 1.445439770745945e+09 -1.850046503409937e-01 -6.399234969750489e-02  1.922929092687798e-01  6.852074330315805e-02  1.000000000000000e+00  0.000000000000000e+00 -4.922579447326124e-01  5.396935135078937e-02  4.922579447325993e-01 -5.396935135177361e-02  1.000000000000000e+00  0.000000000000000e+00 
 1.513561248436227e+09 -1.903832196406672e-01 -6.405250646631955e-02  1.981071902870727e-01  6.838688319834627e-02  1.000000000000000e+00  0.000000000000000e+00 -4.917898698417668e-01  6.547446236059819e-02  4.917898698416830e-01 -6.547446236205839e-02  1.000000000000000e+00  0.000000000000000e+00 
 1.584893192461133e+09 -1.960602254848837e-01 -6.376580609304494e-02  2.042214097901008e-01  6.786133660920471e-02  1.000000000000000e+00  0.000000000000000e+00 -4.907875862758827e-01  7.713348923009244e-02  4.907875862758805e-01 -7.713348923044973e-02  1.000000000000000e+00  0.000000000000000e+00 
 1.659586907437582e+09 -2.020290617211346e-01 -6.308351661096492e-02  2.106242521168405e-01  6.689254700768141e-02  1.000000000000000e+00  0.000000000000000e+00 -4.892396642319383e-01  8.893513834021925e-02  4.892396642319786e-01 -8.893513834020986e-02  1.000000000000000e+00  0.000000000000000e+00 
 1.737800828749398e+09 -2.082777709527787e-01 -6.195371319961993e-02  2.172983505088849e-01  6.542619313333892e-02  1.000000000000000e+00  0.000000000000000e+00 -4.871332747160101e-01  1.008676477444212e-01  4.871332747158432e-01 -1.008676477455636e-01  1.000000000000000e+00  0.000000000000000e+00 
 1.819700858610007e+09 -2.147881701122856e-01 -6.032165435662837e-02  2.242194240886032e-01  6.340571128365891e-02  1.000000000000000e+00  0.000000000000000e+00 -4.844541369352824e-01  1.129184218116597e-01  4.844541369351925e-01 -1.129184218122613e-01  1.000000000000000e+00  0.000000000000000e+00 
 1.905460717963272e+09 -2.215349429951987e-01 -5.813032486835906e-02  2.313554099696468e-01  6.077299554559293e-02  1.000000000000000e+00  0.000000000000000e+00 -4.811865163892385e-01  1.250736481419523e-01  4.811865163893386e-01 -1.250736481417054e-01  1.000000000000000e+00  0.000000000000000e+00 
 1.995262314968905e+09 -2.284847248420025e-01 -5.532116970859624e-02  2.386656207631787e-01  5.746929518246705e-02  1.000000000000000e+00  0.000000000000000e+00 -4.773132768235762e-01  1.373179010671228e-01  4.773132768234013e-01 -1.373179010678759e-01  1.000000000000000e+00  0.000000000000000e+00 
 2.089296130854067e+09 -2.355952118605955e-01 -5.183504087787971e-02  2.460999649086608e-01  5.343632449681746e-02  1.000000000000000e+00  0.000000000000000e+00 -4.728159894822767e-01  1.496337364624111e-01  4.728159894822273e-01 -1.496337364626859e-01  1.000000000000000e+00  0.000000000000000e+00 
 2.187761623949581e+09 -2.428143369004631e-01 -4.761337503580723e-02  2.535982743818121e-01  4.861759452695347e-02  1.000000000000000e+00  0.000000000000000e+00 -4.676751033339255e-01  1.620012832590308e-01  4.676751033337920e-01 -1.620012832595106e-01  1.000000000000000e+00  0.000000000000000e+00 
 2.290867652767803e+09 -2.500795608646870e-01 -4.259961316887728e-02  2.610897908861651e-01  4.295996766219595e-02  1.000000000000000e+00  0.000000000000000e+00 -4.618701800770425e-01  1.743978379930228e-01  4.618701800774532e-01 -1.743978379920872e-01  1.000000000000000e+00  0.000000000000000e+00 
 2.398832919019522e+09 -2.573173372414775e-01 -3.674086414710345e-02  2.684928669564279e-01  3.641542555631283e-02  1.000000000000000e+00  0.000000000000000e+00 -4.553801976842909e-01  1.867974698422109e-01  4.553801976846371e-01 -1.867974698415112e-01  1.000000000000000e+00  0.000000000000000e+00 
 2.511886431509614e+09 -2.644428135353329e-01 -2.998980166612067e-02  2.757149417154313e-01  2.894302763300041e-02  1.000000000000000e+00  0.000000000000000e+00 -4.481839259266577e-01  1.991706450137460e-01  4.481839259263594e-01 -1.991706450144395e-01  1.000000000000000e+00  0.000000000000000e+00 
 2.630267991895417e+09 -2.713598374019550e-01 -2.230676878165638e-02  2.826528514827553e-01  2.051102229548729e-02  1.000000000000000e+00  0.000000000000000e+00 -4.402603766672258e-01  2.114838808517158e-01  4.402603766668134e-01 -2.114838808525633e-01  1.000000000000000e+00  0.000000000000000e+00 
 2.754228703338203e+09 -2.779613358569349e-01 -1.366204635640927e-02  2.891935321761681e-01  1.109905624025309e-02  1.000000000000000e+00  0.000000000000000e+00 -4.315893306270007e-01  2.236994417007103e-01  4.315893306270873e-01 -2.236994417006258e-01  1.000000000000000e+00  0.000000000000000e+00 
 2.884031503126645e+09 -2.841301319349973e-01 -4.038221966471189e-03  2.952151627043180e-01  7.004099122145946e-04  1.000000000000000e+00  0.000000000000000e+00 -4.221519407386037e-01  2.357750902196940e-01  4.221519407379266e-01 -2.357750902208216e-01  1.000000000000000e+00  0.000000000000000e+00 
 3.019951720402058e+09 -2.897402536326414e-01  6.567424711316994e-03  3.005887857436373e-01 -1.067582967692982e-02  1.000000000000000e+00  0.000000000000000e+00 -4.119314100540599e-01  2.476639093924708e-01  4.119314100543252e-01 -2.476639093921411e-01  1.000000000000000e+00  0.000000000000000e+00 
 3.162277660168423e+09 -2.946587741481997e-01  1.814062372763275e-02  3.051804241660695e-01 -2.300276233468385e-02  1.000000000000000e+00  0.000000000000000e+00 -4.009137394374771e-01  2.593142117496784e-01  4.009137394373890e-01 -2.593142117498446e-01  1.000000000000000e+00  0.000000000000000e+00 
 3.311311214825957e+09 -2.987482000585322e-01  3.064802457739729e-02  3.088536881200878e-01 -3.623394893059262e-02  1.000000000000000e+00  0.000000000000000e+00 -3.890885368940941e-01  2.706695532299417e-01  3.890885368942134e-01 -2.706695532298418e-01  1.000000000000000e+00  0.000000000000000e+00 
 3.467368504525365e+09 -3.018693954730890e-01  4.403544653180758e-02  3.114728400903873e-01 -5.030208678846848e-02  1.000000000000000e+00  0.000000000000000e+00 -3.764498765006109e-01  2.816688692707925e-01  3.764498765006167e-01 -2.816688692708272e-01  1.000000000000000e+00  0.000000000000000e+00 
 3.630780547701065e+09 -3.038849964640904e-01  5.822660721947298e-02  3.129062544972274e-01 -6.511820509329797e-02  1.000000000000000e+00  0.000000000000000e+00 -3.629971904887497e-01  2.922467501625411e-01  3.629971904888795e-01 -2.922467501624465e-01  1.000000000000000e+00  0.000000000000000e+00 
 3.801893963205667e+09 -3.046632330785799e-01  7.312246284982005e-02  3.130301764651595e-01 -8.057148939490327e-02  1.000000000000000e+00  0.000000000000000e+00 -3.487361733685709e-01  3.023338710038559e-01  3.487361733684753e-01 -3.023338710039798e-01  1.000000000000000e+00  0.000000000000000e+00 
 3.981071705535030e+09 -3.040820386615119e-01  8.860127861663081e-02  3.117326537228300e-01 -9.652982542043026e-02  1.000000000000000e+00  0.000000000000000e+00 -3.336796722190646e-01  3.118575887372272e-01  3.336796722191321e-01 -3.118575887372015e-01  1.000000000000000e+00  0.000000000000000e+00 
 4.168693834703414e+09 -3.020332913396576e-01  1.045195217245232e-01  3.089174889558244e-01 -1.128411244799435e-01  1.000000000000000e+00  0.000000000000000e+00 -3.178485327899251e-01  3.207427144957772e-01  3.178485327900692e-01 -3.207427144956950e-01  1.000000000000000e+00  0.000000000000000e+00 
 4.365158322401723e+09 -2.984270039390282e-01  1.207136326184465e-01  3.045080401676009e-01 -1.293354566961498e-01  1.000000000000000e+00  0.000000000000000e+00 -3.012723671899963e-01  3.289124638696888e-01  3.012723671901014e-01 -3.289124638696423e-01  1.000000000000000e+00  0.000000000000000e+00 
 4.570881896148817e+09 -2.931952598653624e-01  1.370026840818096e-01  2.984506863161268e-01 -1.458279759964590e-01  1.000000000000000e+00  0.000000000000000e+00 -2.839902061442438e-01  3.362895807177718e-01  2.839902061442581e-01 -3.362895807177871e-01  1.000000000000000e+00  0.000000000000000e+00 
 4.786300923226454e+09 -2.862956865650188e-01  1.531918858529481e-01  2.907177767137082e-01 -1.621225750436257e-01  1.000000000000000e+00  0.000000000000000e+00 -2.660509974976754e-01  3.427976220306148e-01  2.660509974975812e-01 -3.427976220306894e-01  1.000000000000000e+00  0.000000000000000e+00 
 5.011872336272797e+09 -2.777142671060707e-01  1.690768382844738e-01  2.813098965363755e-01 -1.780161625062731e-01  1.000000000000000e+00  0.000000000000000e+00 -2.475139132604326e-01  3.483623824172804e-01  2.475139132602543e-01 -3.483623824173885e-01  1.000000000000000e+00  0.000000000000000e+00 
 5.248074602497804e+09 -2.674673148081847e-01  1.844483869970082e-01  2.702573072813693e-01 -1.933034131058430e-01  1.000000000000000e+00  0.000000000000000e+00 -2.284484303521647e-01  3.529134275320485e-01  2.284484303519392e-01 -3.529134275321635e-01  1.000000000000000e+00  0.000000000000000e+00 
 5.495408738576327e+09 -2.556024747395594e-01  1.990978862731443e-01  2.576204588760743e-01 -2.077818065057965e-01  1.000000000000000e+00  0.000000000000000e+00 -2.089341555167101e-01  3.563856967973473e-01  2.089341555170377e-01 -3.563856967972457e-01  1.000000000000000e+00  0.000000000000000e+00 
 5.754399373371655e+09 -2.421986667114635e-01  2.128226464791952e-01  2.434895169017546e-01 -2.212567476343391e-01  1.000000000000000e+00  0.000000000000000e+00 -1.890603726585765e-01  3.587211278191949e-01  1.890603726587290e-01 -3.587211278191649e-01  1.000000000000000e+00  0.000000000000000e+00 
 6.025595860743669e+09 -2.273649431591155e-01  2.254313234633569e-01  2.279829005604392e-01 -2.335465508592238e-01  1.000000000000000e+00  0.000000000000000e+00 -1.689253008821296e-01  3.598702486731774e-01  1.689253008822094e-01 -3.598702486731731e-01  1.000000000000000e+00  0.000000000000000e+00 
 6.309573444802029e+09 -2.112382970534666e-01  2.367490075613742e-01  2.112448804319135e-01 -2.444870747493755e-01  1.000000000000000e+00  0.000000000000000e+00 -1.486350633711193e-01  3.597936804388878e-01  1.486350633712107e-01 -3.597936804388852e-01  1.000000000000000e+00  0.000000000000000e+00 
 6.606934480076061e+09 -1.939805144019787e-01  2.466217867055432e-01  1.934423353825537e-01 -2.539358127561412e-01  1.000000000000000e+00  0.000000000000000e+00 -1.283023802159970e-01  3.584634915520275e-01  1.283023802160822e-01 -3.584634915520304e-01  1.000000000000000e+00  0.000000000000000e+00 
 6.918309709189471e+09 -1.757742178808360e-01  2.549205905680937e-01  1.747608111299807e-01 -2.617752764293653e-01  1.000000000000000e+00  0.000000000000000e+00 -1.080450115651100e-01  3.558643480484193e-01  1.080450115652666e-01 -3.558643480484227e-01  1.000000000000000e+00  0.000000000000000e+00 
 7.244359600750012e+09 -1.568182884704347e-01  2.615441675054851e-01  1.554000556182598e-01 -2.679155489477512e-01  1.000000000000000e+00  0.000000000000000e+00 -8.798399005420887e-02  3.519944096707333e-01  8.798399005451484e-02 -3.519944096707463e-01  1.000000000000000e+00  0.000000000000000e+00 
 7.585775750291955e+09 -1.373228777522932e-01  2.664210990012343e-01  1.355692263078809e-01 -2.722959341226703e-01  1.000000000000000e+00  0.000000000000000e+00 -6.824169240065427e-02  3.468659308452816e-01  6.824169240094489e-02 -3.468659308453125e-01  1.000000000000000e+00  0.000000000000000e+00 
 7.943282347242938e+09 -1.175042334938049e-01  2.695108124532450e-01  1.154819708386363e-01 -2.748856755427747e-01  1.000000000000000e+00  0.000000000000000e+00 -4.893980847039286e-02  3.405055371637319e-01  4.893980847062118e-02 -3.405055371637732e-01  1.000000000000000e+00  0.000000000000000e+00 
 8.317637711026839e+09 -9.757955567893267e-02  2.708036076701443e-01  9.535157573105996e-02 -2.756837681336317e-01  1.000000000000000e+00  0.000000000000000e+00 -3.019727138284375e-02  3.329541614169400e-01  3.019727138294738e-02 -3.329541614169721e-01  1.000000000000000e+00  0.000000000000000e+00 
 8.709635899560942e+09 -7.776208109590582e-02  2.703197610694335e-01  7.538635950186351e-02 -2.747179265809349e-01  1.000000000000000e+00  0.000000000000000e+00 -1.212821394013423e-02  3.242666374475715e-01  1.212821394052700e-02 -3.242666374476866e-01  1.000000000000000e+00  0.000000000000000e+00 
 9.120108393559240e+09 -5.825656494517803e-02  2.681078110611063e-01  5.578545934407084e-02 -2.720428091188364e-01  1.000000000000000e+00  0.000000000000000e+00  5.159985174533479e-03  3.145109640773731e-01 -5.159985174313349e-03 -3.145109640774592e-01  1.000000000000000e+00  0.000000000000000e+00 
 9.549925860214510e+09 -3.925529131788350e-02  2.642421564699963e-01  3.673512746909947e-02 -2.677376194772386e-01  1.000000000000000e+00  0.000000000000000e+00  2.156850710754080e-02  3.037672641447480e-01 -2.156850710732222e-02 -3.037672641448508e-01  1.000000000000000e+00  0.000000000000000e+00 
 1.000000000000016e+10 -2.093470462091603e-02  2.588201164355706e-01  1.840561757530257e-02 -2.619032237775805e-01  1.000000000000000e+00  0.000000000000000e+00  3.700869993723314e-02  2.921264744548834e-01 -3.700869993700522e-02 -2.921264744550087e-01  1.000000000000000e+00  0.000000000000000e+00 
 1.047128548050916e+10 -3.452714619489650e-03  2.519586055715156e-01  9.487067210239147e-04 -2.546589233462258e-01  1.000000000000000e+00  0.000000000000000e+00  5.140344639142409e-02  2.796888106372400e-01 -5.140344639107335e-02 -2.796888106374553e-01  1.000000000000000e+00  0.000000000000000e+00 
 1.096478196143202e+10  1.305330835458401e-02  2.437905737687489e-01 -1.550413434846494e-02 -2.461390200760850e-01  1.000000000000000e+00  0.000000000000000e+00  6.468826217835212e-02  2.665620562724156e-01 -6.468826217809667e-02 -2.665620562726014e-01  1.000000000000000e+00  0.000000000000000e+00 
 1.148153621496901e+10  2.846786223362174e-02  2.344613480167998e-01 -3.084293682976304e-02 -2.364892999590522e-01  1.000000000000000e+00  0.000000000000000e+00  7.681210591687096e-02  2.528597282234161e-01 -7.681210591665261e-02 -2.528597282236006e-01  1.000000000000000e+00  0.000000000000000e+00 
 1.202264434617432e+10  4.269800448614224e-02  2.241249964210472e-01 -4.497983150519073e-02 -2.258635448433440e-01  1.000000000000000e+00  0.000000000000000e+00  8.773789210352886e-02  2.386991701820596e-01 -8.773789210332852e-02 -2.386991701822543e-01  1.000000000000000e+00  0.000000000000000e+00 
 1.258925411794188e+10  5.567346154378598e-02  2.129408146015344e-01 -5.784910000368518e-02 -2.144201644390812e-01  1.000000000000000e+00  0.000000000000000e+00  9.744270794702034e-02  2.241996244837826e-01 -9.744270794678600e-02 -2.241996244840372e-01  1.000000000000000e+00  0.000000000000000e+00 
 1.318256738556429e+10  6.734622290641570e-02  2.010700139891625e-01 -6.940674104866518e-02 -2.023190219679226e-01  1.000000000000000e+00  0.000000000000000e+00  1.059177429092326e-01  2.094803288194655e-01 -1.059177429090155e-01 -2.094803288197352e-01  1.000000000000000e+00  0.000000000000000e+00 
 1.380384264602907e+10  7.768969166380679e-02  1.886726718552831e-01 -7.962961785362252e-02 -1.897185091069259e-01  1.000000000000000e+00  0.000000000000000e+00  1.131679463383280e-01  1.946586801316431e-01 -1.131679463381406e-01 -1.946586801319119e-01  1.000000000000000e+00  0.000000000000000e+00 
 1.445439770745951e+10  8.669746400473044e-02  1.759049853588496e-01 -8.851425371537248e-02 -1.767729100255865e-01  1.000000000000000e+00  0.000000000000000e+00  1.192114337546323e-01  1.798485032029692e-01 -1.192114337544979e-01 -1.798485032031986e-01  1.000000000000000e+00  0.000000000000000e+00 
 1.513561248436233e+10  9.438180804452573e-02  1.629168570745627e-01 -9.607534101167706e-02 -1.636300808946324e-01  1.000000000000000e+00  0.000000000000000e+00  1.240786663826817e-01  1.651584565625573e-01 -1.240786663825515e-01 -1.651584565628126e-01  1.000000000000000e+00  0.000000000000000e+00 
 1.584893192461140e+10  1.007719082239397e-01  1.498498275043453e-01 -1.023440253383379e-01 -1.504294603649023e-01  1.000000000000000e+00  0.000000000000000e+00  1.278114316858623e-01  1.506906035348639e-01 -1.278114316857468e-01 -1.506906035351300e-01  1.000000000000000e+00  0.000000000000000e+00 
 1.659586907437588e+10  1.059119366417038e-01  1.368353607304244e-01 -1.073660223394190e-01 -1.373004179471985e-01  1.000000000000000e+00  0.000000000000000e+00  1.304616552153801e-01  1.365391715642152e-01 -1.304616552152922e-01 -1.365391715644631e-01  1.000000000000000e+00  0.000000000000000e+00 
 1.737800828749405e+10  1.098590077230799e-01  1.239934821554589e-01 -1.111996205525504e-01 -1.243609405203942e-01  1.000000000000000e+00  0.000000000000000e+00  1.320900762134105e-01  1.227895182866950e-01 -1.320900762133430e-01 -1.227895182869337e-01  1.000000000000000e+00  0.000000000000000e+00 
 1.819700858610014e+10  1.126810680280648e-01  1.114317615964012e-01 -1.139136196835996e-01 -1.117166518059068e-01  1.000000000000000e+00  0.000000000000000e+00  1.327648211869887e-01  1.095173180430893e-01 -1.327648211869309e-01 -1.095173180433450e-01  1.000000000000000e+00  0.000000000000000e+00 
 1.905460717963279e+10  1.144547689072753e-01  9.924463026596886e-02 -1.155852502475613e-01 -9.946015503378369e-02  1.000000000000000e+00  0.000000000000000e+00  1.325599110477623e-01  9.678797748947852e-02 -1.325599110477250e-01 -9.678797748971393e-02  1.000000000000000e+00  0.000000000000000e+00 
 1.995262314968913e+10  1.152633660276922e-01  8.751301590482077e-02 -1.162981173550718e-01 -8.767068475202169e-02  1.000000000000000e+00  0.000000000000000e+00  1.315537382482235e-01  8.465628357536809e-02 -1.315537382481995e-01 -8.465628357560315e-02  1.000000000000000e+00  0.000000000000000e+00 
 2.089296130854075e+10  1.151946862664105e-01  7.630427620122988e-02 -1.161402083344792e-01 -7.641404951902829e-02  1.000000000000000e+00  0.000000000000000e+00  1.298275504302457e-01  7.316628142908288e-02 -1.298275504302390e-01 -7.316628142928371e-02  1.000000000000000e+00  0.000000000000000e+00 
 2.187761623949590e+10  1.143391987941364e-01  6.567240652762596e-02 -1.152020005483586e-01 -6.574284297604614e-02  1.000000000000000e+00  0.000000000000000e+00  1.274639762202784e-01  6.235137373461604e-02 -1.274639762202825e-01 -6.235137373481064e-02  1.000000000000000e+00  0.000000000000000e+00 
 2.290867652767812e+10  1.127882230452196e-01  5.565849399156584e-02 -1.135747019042381e-01 -5.569689660296656e-02  1.000000000000000e+00  0.000000000000000e+00  1.245456267835050e-01  5.223462723527466e-02 -1.245456267835187e-01 -5.223462723546422e-02  1.000000000000000e+00  0.000000000000000e+00 
 2.398832919019532e+10  1.106323014875960e-01  4.629138604310985e-02 -1.113486519740312e-01 -4.630394353510889e-02  1.000000000000000e+00  0.000000000000000e+00  1.211538035039626e-01  4.282926636532088e-02 -1.211538035039849e-01 -4.282926636548993e-02  1.000000000000000e+00  0.000000000000000e+00 
 2.511886431509623e+10  1.079597595842315e-01  3.758853868793982e-02 -1.086119062573920e-01 -3.758045945832116e-02  1.000000000000000e+00  0.000000000000000e+00  1.173673377236893e-01  3.413932904426716e-02 -1.173673377237185e-01 -3.413932904442829e-02  1.000000000000000e+00  0.000000000000000e+00 
 2.630267991895427e+10  1.048554691433182e-01  2.955700703303139e-02 -1.054490200279144e-01 -2.953264411926058e-02  1.000000000000000e+00  0.000000000000000e+00  1.132615830145113e-01  2.616045570493830e-02 -1.132615830145453e-01 -2.616045570507966e-02  1.000000000000000e+00  0.000000000000000e+00 
 2.754228703338214e+10  1.013998245878605e-01  2.219453970507061e-02 -1.019400415976265e-01 -2.215750565643887e-02  1.000000000000000e+00  0.000000000000000e+00  1.089075742476604e-01  1.888077994215359e-02 -1.089075742477005e-01 -1.888077994229628e-02  1.000000000000000e+00  0.000000000000000e+00 
 2.884031503126656e+10  9.766793483792315e-02  1.549073880676439e-02 -9.815971803410091e-02 -1.544400995290496e-02  1.000000000000000e+00  0.000000000000000e+00  1.043713611287572e-01  1.228188793965069e-02 -1.043713611288013e-01 -1.228188793978432e-02  1.000000000000000e+00  0.000000000000000e+00 
 3.019951720402069e+10  9.372902684680186e-02  9.428248569198491e-03 -9.417690972814566e-02 -9.374258590072194e-03  1.000000000000000e+00  0.000000000000000e+00  9.971351727833842e-02  6.339814109227623e-03 -9.971351727838312e-02 -6.339814109342734e-03  1.000000000000000e+00  0.000000000000000e+00 
 3.162277660168435e+10  8.964605072529726e-02  3.983938649110324e-03 -9.005420410312168e-02 -3.924661673477927e-03  1.000000000000000e+00  0.000000000000000e+00  9.498881975396356e-02  1.026042084647732e-03 -9.498881975401043e-02 -1.026042084755327e-03  1.000000000000000e+00  0.000000000000000e+00 
 3.311311214825969e+10  8.547547114265064e-02 -8.699480763488996e-04 -8.584771349994012e-02  9.329243802713213e-04  1.000000000000000e+00  0.000000000000000e+00  9.024608847236519e-02 -3.691516835995926e-03 -9.024608847241143e-02  3.691516835901864e-03  1.000000000000000e+00  0.000000000000000e+00 
 3.467368504525378e+10  8.126722554642093e-02 -5.164708619661866e-03 -8.160703810584458e-02  5.230119332961142e-03  1.000000000000000e+00  0.000000000000000e+00  8.552817056058008e-02 -7.847591785375200e-03 -8.552817056062710e-02  7.847591785288063e-03  1.000000000000000e+00  0.000000000000000e+00 
 3.630780547701078e+10  7.706482683530386e-02 -8.934174035788672e-03 -7.737537186141066e-02  9.001021923621080e-03  1.000000000000000e+00  0.000000000000000e+00  8.087205140418922e-02 -1.147868638032481e-02 -8.087205140423727e-02  1.147868638024253e-02  1.000000000000000e+00  0.000000000000000e+00 
 3.801893963205680e+10  7.290558648282583e-02 -1.221379930703396e-02 -7.318972761517173e-02  1.228130760947782e-02  1.000000000000000e+00  0.000000000000000e+00  7.630907212374446e-02 -1.462229328344135e-02 -7.630907212379112e-02  1.462229328336803e-02  1.000000000000000e+00  0.000000000000000e+00 
 3.981071705535044e+10  6.882093368424161e-02 -1.503985832891685e-02 -6.908125733891175e-02  1.510743059984360e-02  1.000000000000000e+00  0.000000000000000e+00  7.186523235560956e-02 -1.731619896351495e-02 -7.186523235565398e-02  1.731619896345055e-02  1.000000000000000e+00  0.000000000000000e+00 
 4.168693834703429e+10  6.483680674454863e-02 -1.744874843905202e-02 -6.507564383113962e-02  1.751593463618396e-02  1.000000000000000e+00  0.000000000000000e+00  6.756155741987710e-02 -1.959788377069091e-02 -6.756155741991959e-02  1.959788377063358e-02  1.000000000000000e+00  0.000000000000000e+00 
 4.365158322401739e+10  6.097409444954049e-02 -1.947640459739659e-02 -6.119354182995278e-02  1.954287265950648e-02  1.000000000000000e+00  0.000000000000000e+00  6.341451004926436e-02 -2.150401836186685e-02 -6.341451004930750e-02  2.150401836181185e-02  1.000000000000000e+00  0.000000000000000e+00 
 4.570881896148833e+10  5.724910734339729e-02 -2.115781971464714e-02 -5.745104860944286e-02  2.122333190952605e-02  1.000000000000000e+00  0.000000000000000e+00  5.943642862161819e-02 -2.307005406623076e-02 -5.943642862165809e-02  2.307005406618321e-02  1.000000000000000e+00  0.000000000000000e+00 
 4.786300923226471e+10  5.367406144987086e-02 -2.252666479566932e-02 -5.386018672102672e-02  2.259105817949927e-02  1.000000000000000e+00  0.000000000000000e+00  5.563597606957098e-02 -2.432990204271111e-02 -5.563597606960927e-02  2.432990204266797e-02  1.000000000000000e+00  0.000000000000000e+00 
 5.011872336272815e+10  5.025755980832274e-02 -2.361500051551750e-02 -5.042938435165995e-02  2.367817090617672e-02  1.000000000000000e+00  0.000000000000000e+00  5.201858612991732e-02 -2.531569406252233e-02 -5.201858612995324e-02  2.531569406248405e-02  1.000000000000000e+00  0.000000000000000e+00 
 5.248074602497823e+10  4.700506006709515e-02 -2.445307052754326e-02 -4.716394162137709e-02  2.451495945766563e-02  1.000000000000000e+00  0.000000000000000e+00  4.858689616270250e-02 -2.605761641503814e-02 -4.858689616273770e-02  2.605761641500248e-02  1.000000000000000e+00  0.000000000000000e+00 
 5.495408738576347e+10  4.391931913689213e-02 -2.506916613279863e-02 -4.406647388498581e-02  2.512975031052036e-02  1.000000000000000e+00  0.000000000000000e+00  4.534115826947042e-02 -2.658380771223222e-02 -4.534115826950341e-02  2.658380771220036e-02  1.000000000000000e+00  0.000000000000000e+00 
 5.754399373371677e+10  4.100080844637224e-02 -2.548955181346301e-02 -4.113732562727002e-02  2.554883467788901e-02  1.000000000000000e+00  0.000000000000000e+00  4.227962276096436e-02 -2.692031116316917e-02 -4.227962276099551e-02  2.692031116314050e-02  1.000000000000000e+00  0.000000000000000e+00 
 6.025595860743690e+10  3.824809558860340e-02 -2.573844143804836e-02 -3.837495077512732e-02  2.579644645137530e-02  1.000000000000000e+00  0.000000000000000e+00  3.939889009219562e-02 -2.709107210222754e-02 -3.939889009222502e-02  2.709107210220169e-02  1.000000000000000e+00  0.000000000000000e+00 
 6.309573444802052e+10  3.565819006130105e-02 -2.583801557174472e-02 -3.577625715431752e-02  2.589478094001100e-02  1.000000000000000e+00  0.000000000000000e+00  3.669422915438408e-02 -2.711797207978899e-02 -3.669422915441146e-02  2.711797207976593e-02  1.000000000000000e+00  0.000000000000000e+00 
 6.606934480076085e+10  3.322685237446597e-02 -2.580847116899138e-02 -3.333691438124079e-02  2.586404572831297e-02  1.000000000000000e+00  0.000000000000000e+00  3.415986127334340e-02 -2.702089156540968e-02 -3.415986127336872e-02  2.702089156538920e-02  1.000000000000000e+00  0.000000000000000e+00 
 6.918309709189496e+10  3.094886703621604e-02 -2.566809589776055e-02 -3.105162571115221e-02  2.572253594267141e-02  1.000000000000000e+00  0.000000000000000e+00  3.178921041791680e-02 -2.681779418610729e-02 -3.178921041794096e-02  2.681779418608852e-02  1.000000000000000e+00  0.000000000000000e+00 
 7.244359600750038e+10  2.881828085658990e-02 -2.543336037202965e-02 -2.891436528848325e-02  2.548672723739712e-02  1.000000000000000e+00  0.000000000000000e+00  2.957512099094085e-02 -2.652482635535309e-02 -2.957512099096281e-02  2.652482635533657e-02  1.000000000000000e+00  0.000000000000000e+00 
 7.585775750291982e+10  2.682860866487174e-02 -2.511902259232245e-02 -2.691858289719179e-02  2.517138083059901e-02  1.000000000000000e+00  0.000000000000000e+00  2.751004518964449e-02 -2.615642708549610e-02 -2.751004518966496e-02  2.615642708548126e-02  1.000000000000000e+00  0.000000000000000e+00 
 7.943282347242966e+10  2.497300895846694e-02 -2.473823987101791e-02 -2.505737872898035e-02  2.478965589273991e-02  1.000000000000000e+00  0.000000000000000e+00  2.558620231845948e-02 -2.572544367573234e-02 -2.558620231847894e-02  2.572544367571879e-02  1.000000000000000e+00  0.000000000000000e+00 
 8.317637711026869e+10  2.324443223167013e-02 -2.430268441993880e-02 -2.332365091572243e-02  2.435322548783460e-02  1.000000000000000e+00  0.000000000000000e+00  2.379571265257252e-02 -2.524324980037232e-02 -2.379571265259047e-02  2.524324980036020e-02  1.000000000000000e+00  0.000000000000000e+00 
 8.709635899560974e+10  2.163574481041059e-02 -2.382265958461922e-02 -2.171021864894636e-02  2.387239307088364e-02  1.000000000000000e+00  0.000000000000000e+00  2.213070852192471e-02 -2.471986326994213e-02 -2.213070852194168e-02  2.471986326993111e-02  1.000000000000000e+00  0.000000000000000e+00 
 9.120108393559274e+10  2.013983098048759e-02 -2.330721441394698e-02 -2.020992366986241e-02  2.335620724659732e-02  1.000000000000000e+00  0.000000000000000e+00  2.058342524653215e-02 -2.416406139143117e-02 -2.058342524654780e-02  2.416406139142132e-02  1.000000000000000e+00  0.000000000000000e+00 
 9.549925860214545e+10  1.874967607379731e-02 -2.276425485399139e-02 -1.881571278994226e-02  2.281257309212398e-02  1.000000000000000e+00  0.000000000000000e+00  1.914627443484790e-02 -2.358349241141209e-02 -1.914627443486252e-02  2.358349241140319e-02  1.000000000000000e+00  0.000000000000000e+00 
 1.000000000000020e+11  1.745843299666373e-02 -2.220065035424535e-02 -1.752070392145134e-02  2.224835884381331e-02  1.000000000000000e+00  0.000000000000000e+00  1.781190198294921e-02 -2.298478198937647e-02 -1.781190198296274e-02  2.298478198936847e-02  1.000000000000000e+00  0.000000000000000e+00 
