 1.000000000000000e+06 -9.365000902206246e+00 
 1.047128548050900e+06 -9.364986981403082e+00 
 1.096478196143185e+06 -9.364971717695571e+00 
 1.148153621496883e+06 -9.364954981320416e+00 
 1.202264434617413e+06 -9.364936630234267e+00 
 1.258925411794168e+06 -9.364916509016506e+00 
 1.318256738556408e+06 -9.364894446577377e+00 
 1.380384264602886e+06 -9.364870255788047e+00 
 1.445439770745928e+06 -9.364843731353259e+00 
 1.513561248436209e+06 -9.364814648070205e+00 
 1.584893192461115e+06 -9.364782759027509e+00 
 1.659586907437562e+06 -9.364747793943911e+00 
 1.737800828749377e+06 -9.364709455795415e+00 
 1.819700858609986e+06 -9.364667419486427e+00 
 1.905460717963250e+06 -9.364621328229418e+00 
 1.995262314968882e+06 -9.364570790845725e+00 
 2.089296130854042e+06 -9.364515378343715e+00 
 2.187761623949556e+06 -9.364454620933255e+00 
 2.290867652767777e+06 -9.364388003180705e+00 
 2.398832919019494e+06 -9.364314959751642e+00 
 2.511886431509584e+06 -9.364234870949542e+00 
 2.630267991895386e+06 -9.364147057471083e+00 
 2.754228703338171e+06 -9.364050774549712e+00 
 2.884031503126611e+06 -9.363945205762755e+00 
 3.019951720402022e+06 -9.363829455586821e+00 
 3.162277660168386e+06 -9.363702542584535e+00 
 3.311311214825918e+06 -9.363563391002810e+00 
 3.467368504525324e+06 -9.363410820713963e+00 
 3.630780547701022e+06 -9.363243538765799e+00 
 3.801893963205622e+06 -9.363060127499029e+00 
 3.981071705534983e+06 -9.362859032267943e+00 
 4.168693834703365e+06 -9.362638549743243e+00 
 4.365158322401672e+06 -9.362396812269766e+00 
 4.570881896148764e+06 -9.362131772149413e+00 
 4.786300923226397e+06 -9.361841185612024e+00 
 5.011872336272738e+06 -9.361522592670134e+00 
 5.248074602497743e+06 -9.361173297337576e+00 
 5.495408738576263e+06 -9.360790344381343e+00 
 5.754399373371588e+06 -9.360370495117898e+00 
 6.025595860743597e+06 -9.359910199793145e+00 
 6.309573444801954e+06 -9.359405568484240e+00 
 6.606934480075982e+06 -9.358852338887893e+00 
 6.918309709189389e+06 -9.358245839233813e+00 
 7.244359600749927e+06 -9.357580951642641e+00 
 7.585775750291865e+06 -9.356852068416483e+00 
 7.943282347242844e+06 -9.356053045995363e+00 
 8.317637711026741e+06 -9.355177153752418e+00 
 8.709635899560839e+06 -9.354217020149918e+00 
 9.120108393559132e+06 -9.353164570364266e+00 
 9.549925860214395e+06 -9.352010961494415e+00 
 1.000000000000004e+07 -9.350746510686822e+00 
 1.047128548050904e+07 -9.349360615885274e+00 
 1.096478196143189e+07 -9.347841670487023e+00 
 1.148153621496888e+07 -9.346176970679462e+00 
 1.202264434617418e+07 -9.344352613448965e+00 
 1.258925411794173e+07 -9.342353386326250e+00 
 1.318256738556413e+07 -9.340162647324510e+00 
 1.380384264602891e+07 -9.337762195100259e+00 
 1.445439770745934e+07 -9.335132126772503e+00 
 1.513561248436215e+07 -9.332250685831218e+00 
 1.584893192461121e+07 -9.329094095393863e+00 
 1.659586907437568e+07 -9.325636379742312e+00 
 1.737800828749384e+07 -9.321849170143233e+00 
 1.819700858609992e+07 -9.317701497145853e+00 
 1.905460717963257e+07 -9.313159565524309e+00 
 1.995262314968890e+07 -9.308186514351517e+00 
 2.089296130854050e+07 -9.302742158938297e+00 
 2.187761623949564e+07 -9.296782715099909e+00 
 2.290867652767785e+07 -9.290260506667657e+00 
 2.398832919019503e+07 -9.283123653894075e+00 
 2.511886431509594e+07 -9.275315743622548e+00 
 2.630267991895396e+07 -9.266775483445315e+00 
 2.754228703338182e+07 -9.257436337881375e+00 
 2.884031503126622e+07 -9.247226150121243e+00 
 3.019951720402033e+07 -9.236066749421683e+00 
 3.162277660168397e+07 -9.223873549601043e+00 
 3.311311214825930e+07 -9.210555137924436e+00 
 3.467368504525337e+07 -9.196012864207880e+00 
 3.630780547701035e+07 -9.180140430250891e+00 
 3.801893963205635e+07 -9.162823491026904e+00 
 3.981071705534997e+07 -9.143939272898912e+00 
 4.168693834703380e+07 -9.123356221626729e+00 
 4.365158322401687e+07 -9.100933689714806e+00 
 4.570881896148779e+07 -9.076521676960462e+00 
 4.786300923226414e+07 -9.049960643472739e+00 
 5.011872336272755e+07 -9.021081407252829e+00 
 5.248074602497760e+07 -8.989705153615155e+00 
 5.495408738576282e+07 -8.955643571288363e+00 
 5.754399373371608e+07 -8.918699145802032e+00 
 6.025595860743618e+07 -8.878665630671033e+00 
 6.309573444801975e+07 -8.835328726692236e+00 
 6.606934480076005e+07 -8.788466993127507e+00 
 6.918309709189413e+07 -8.737853020526936e+00 
 7.244359600749952e+07 -8.683254886853506e+00 
 7.585775750291891e+07 -8.624437919757863e+00 
 7.943282347242872e+07 -8.561166782998953e+00 
 8.317637711026771e+07 -8.493207896077166e+00 
 8.709635899560872e+07 -8.420332190243801e+00 
 9.120108393559167e+07 -8.342318194612771e+00 
 9.549925860214433e+07 -8.258955431261198e+00 
 1.000000000000008e+08 -8.170048088932225e+00 
 1.047128548050908e+08 -8.075418927759136e+00 
 1.096478196143194e+08 -7.974913353962146e+00 
 1.148153621496892e+08 -7.868403588853249e+00 
 1.202264434617423e+08 -7.755792842338098e+00 
 1.258925411794178e+08 -7.637019390659663e+00 
 1.318256738556418e+08 -7.512060448539231e+00 
 1.380384264602897e+08 -7.380935721525640e+00 
 1.445439770745940e+08 -7.243710522314081e+00 
 1.513561248436221e+08 -7.100498342754693e+00 
 1.584893192461127e+08 -6.951462777050875e+00 
 1.659586907437575e+08 -6.796818710898562e+00 
 1.737800828749391e+08 -6.636832704357120e+00 
 1.819700858610000e+08 -6.471822521973954e+00 
 1.905460717963264e+08 -6.302155782889628e+00 
 1.995262314968898e+08 -6.128247730721574e+00 
 2.089296130854059e+08 -5.950558145880139e+00 
 2.187761623949573e+08 -5.769587445946937e+00 
 2.290867652767794e+08 -5.585872039832996e+00 
 2.398832919019513e+08 -5.399979020145600e+00 
 2.511886431509604e+08 -5.212500292067029e+00 
 2.630267991895407e+08 -5.024046249203838e+00 
 2.754228703338193e+08 -4.835239115219100e+00 
 2.884031503126634e+08 -4.646706076378798e+00 
 3.019951720402046e+08 -4.459072333485683e+00 
 3.162277660168411e+08 -4.272954203162636e+00 
 3.311311214825944e+08 -4.088952397751891e+00 
 3.467368504525352e+08 -3.907645610157227e+00 
 3.630780547701051e+08 -3.729584524959444e+00 
 3.801893963205651e+08 -3.555286368940552e+00 
 3.981071705535014e+08 -3.385230104003378e+00 
 4.168693834703397e+08 -3.219852351276147e+00 
 4.365158322401705e+08 -3.059544118530754e+00 
 4.570881896148798e+08 -2.904648383404085e+00 
 4.786300923226434e+08 -2.755458562477070e+00 
 5.011872336272776e+08 -2.612217873150798e+00 
 5.248074602497782e+08 -2.475119570592964e+00 
 5.495408738576305e+08 -2.344308018409690e+00 
 5.754399373371632e+08 -2.219880529907825e+00 
 6.025595860743644e+08 -2.101889898249486e+00 
 6.309573444802003e+08 -1.990347517847882e+00 
 6.606934480076034e+08 -1.885226989930915e+00 
 6.918309709189442e+08 -1.786468098525742e+00 
 7.244359600749983e+08 -1.693981043150269e+00 
 7.585775750291924e+08 -1.607650817823809e+00 
 7.943282347242906e+08 -1.527341633333345e+00 
 8.317637711026806e+08 -1.452901291471134e+00 
 8.709635899560907e+08 -1.384165431752848e+00 
 9.120108393559203e+08 -1.320961586378782e+00 
 9.549925860214471e+08 -1.263112993414724e+00 
 1.000000000000012e+09 -1.210442132767251e+00 
 1.047128548050912e+09 -1.162773962918756e+00 
 1.096478196143198e+09 -1.119938848233304e+00 
 1.148153621496897e+09 -1.081775177353258e+00 
 1.202264434617427e+09 -1.048131681026214e+00 
 1.258925411794183e+09 -1.018869464567908e+00 
 1.318256738556423e+09 -9.938637746775469e-01 
 1.380384264602902e+09 -9.730055232327374e-01 
 1.445439770745945e+09 -9.562025919284484e-01 
 1.513561248436227e+09 -9.433809419199047e-01 
 1.584893192461133e+09 -9.344855513182054e-01 
 1.659586907437582e+09 -9.294812015696753e-01 
 1.737800828749398e+09 -9.283531309335411e-01 
 1.819700858610007e+09 -9.311075700382927e-01 
 1.905460717963272e+09 -9.377721709060223e-01 
 1.995262314968905e+09 -9.483963366504794e-01 
 2.089296130854067e+09 -9.630514551739620e-01 
 2.187761623949581e+09 -9.818310357864490e-01 
 2.290867652767803e+09 -1.004850743583154e+00 
 2.398832919019522e+09 -1.032248322343365e+00 
 2.511886431509614e+09 -1.064183392870291e+00 
 2.630267991895417e+09 -1.100837110288807e+00 
 2.754228703338203e+09 -1.142411660780250e+00 
 2.884031503126645e+09 -1.189129576039392e+00 
 3.019951720402058e+09 -1.241232842146685e+00 
 3.162277660168423e+09 -1.298981779213310e+00 
 3.311311214825957e+09 -1.362653668895159e+00 
 3.467368504525365e+09 -1.432541109029316e+00 
 3.630780547701065e+09 -1.508950078469355e+00 
 3.801893963205667e+09 -1.592197700599282e+00 
 3.981071705535030e+09 -1.682609701206781e+00 
 4.168693834703414e+09 -1.780517565251104e+00 
 4.365158322401723e+09 -1.886255407426609e+00 
 4.570881896148817e+09 -2.000156582957751e+00 
 4.786300923226454e+09 -2.122550077299862e+00 
 5.011872336272797e+09 -2.253756725747951e+00 
 5.248074602497804e+09 -2.394085325592406e+00 
 5.495408738576327e+09 -2.543828713582306e+00 
 5.754399373371655e+09 -2.703259889204721e+00 
 6.025595860743669e+09 -2.872628268809840e+00 
 6.309573444802029e+09 -3.052156156292842e+00 
 6.606934480076061e+09 -3.242035512369283e+00 
 6.918309709189471e+09 -3.442425096394874e+00 
 7.244359600750012e+09 -3.653448042356072e+00 
 7.585775750291955e+09 -3.875189914757748e+00 
 7.943282347242938e+09 -4.107697271598486e+00 
 8.317637711026839e+09 -4.350976741775083e+00 
 8.709635899560942e+09 -4.604994604522775e+00 
 9.120108393559240e+09 -4.869676840423093e+00 
 9.549925860214510e+09 -5.144909608511132e+00 
 1.000000000000016e+10 -5.430540093269649e+00 
 1.047128548050916e+10 -5.726377659638471e+00 
 1.096478196143202e+10 -6.032195253937569e+00 
 1.148153621496901e+10 -6.347730993663458e+00 
 1.202264434617432e+10 -6.672689898837381e+00 
 1.258925411794188e+10 -7.006745730861089e+00 
 1.318256738556429e+10 -7.349542920232880e+00 
 1.380384264602907e+10 -7.700698580344286e+00 
 1.445439770745951e+10 -8.059804619154926e+00 
 1.513561248436233e+10 -8.426429972208068e+00 
 1.584893192461140e+10 -8.800122987783444e+00 
 1.659586907437588e+10 -9.180413996995235e+00 
 1.737800828749405e+10 -9.566818097833286e+00 
 1.819700858610014e+10 -9.958838172593365e+00 
 1.905460717963279e+10 -1.035596814354611e+01 
 1.995262314968913e+10 -1.075769645327998e+01 
 2.089296130854075e+10 -1.116350973562433e+01 
 2.187761623949590e+10 -1.157289662238467e+01 
 2.290867652767812e+10 -1.198535161236712e+01 
 2.398832919019532e+10 -1.240037891425944e+01 
 2.511886431509623e+10 -1.281749616544511e+01 
 2.630267991895427e+10 -1.323623792580967e+01 
 2.754228703338214e+10 -1.365615884947628e+01 
 2.884031503126656e+10 -1.407683644793244e+01 
 3.019951720402069e+10 -1.449787337431457e+01 
 3.162277660168435e+10 -1.491889917933423e+01 
 3.311311214825969e+10 -1.533957151275819e+01 
 3.467368504525378e+10 -1.575957676866692e+01 
 3.630780547701078e+10 -1.617863019614404e+01 
 3.801893963205680e+10 -1.659647551806220e+01 
 3.981071705535044e+10 -1.701288411804789e+01 
 4.168693834703429e+10 -1.742765386877147e+01 
 4.365158322401739e+10 -1.784060768308841e+01 
 4.570881896148833e+10 -1.825159187331096e+01 
 4.786300923226471e+10 -1.866047440339053e+01 
 5.011872336272815e+10 -1.906714311462729e+01 
 5.248074602497823e+10 -1.947150399840633e+01 
 5.495408738576347e+10 -1.987347958012241e+01 
 5.754399373371677e+10 -2.027300746758985e+01 
 6.025595860743690e+10 -2.067003910542960e+01 
 6.309573444802052e+10 -2.106453876465505e+01 
 6.606934480076085e+10 -2.145648278428169e+01 
 6.918309709189496e+10 -2.184585906950332e+01 
 7.244359600750038e+10 -2.223266683896534e+01 
 7.585775750291982e+10 -2.261691660205091e+01 
 7.943282347242966e+10 -2.299863033601266e+01 
 8.317637711026869e+10 -2.337784182241510e+01 
 8.709635899560974e+10 -2.375459709296943e+01 
 9.120108393559274e+10 -2.412895492680991e+01 
 9.549925860214545e+10 -2.450098733504303e+01 
 1.000000000000020e+11 -2.487077996453488e+01 
