 1.000000000000000e+06 -4.652729501100151e+00 
 1.047128548050900e+06 -4.652726023797535e+00 
 1.096478196143185e+06 -4.652722210948919e+00 
 1.148153621496883e+06 -4.652718030238817e+00 
 1.202264434617413e+06 -4.652713446135126e+00 
 1.258925411794168e+06 -4.652708419871460e+00 
 1.318256738556408e+06 -4.652702908691765e+00 
 1.380384264602886e+06 -4.652696865771652e+00 
 1.445439770745928e+06 -4.652690239868662e+00 
 1.513561248436209e+06 -4.652682974792512e+00 
 1.584893192461115e+06 -4.652675008644448e+00 
 1.659586907437562e+06 -4.652666274096933e+00 
 1.737800828749377e+06 -4.652656696875225e+00 
 1.819700858609986e+06 -4.652646195647944e+00 
 1.905460717963250e+06 -4.652634681431744e+00 
 1.995262314968882e+06 -4.652622056362841e+00 
 2.089296130854042e+06 -4.652608213198509e+00 
 2.187761623949556e+06 -4.652593034644172e+00 
 2.290867652767777e+06 -4.652576391789970e+00 
 2.398832919019494e+06 -4.652558143348719e+00 
 2.511886431509584e+06 -4.652538134504896e+00 
 2.630267991895386e+06 -4.652516195365236e+00 
 2.754228703338171e+06 -4.652492139754641e+00 
 2.884031503126611e+06 -4.652465763637428e+00 
 3.019951720402022e+06 -4.652436843055836e+00 
 3.162277660168386e+06 -4.652405132563001e+00 
 3.311311214825918e+06 -4.652370363142651e+00 
 3.467368504525324e+06 -4.652332239786631e+00 
 3.630780547701022e+06 -4.652290438947594e+00 
 3.801893963205622e+06 -4.652244605987002e+00 
 3.981071705534983e+06 -4.652194351839953e+00 
 4.168693834703365e+06 -4.652139250477144e+00 
 4.365158322401672e+06 -4.652078834302796e+00 
 4.570881896148764e+06 -4.652012590622207e+00 
 4.786300923226397e+06 -4.651939957917701e+00 
 5.011872336272738e+06 -4.651860319819126e+00 
 5.248074602497743e+06 -4.651773001025907e+00 
 5.495408738576263e+06 -4.651677261028902e+00 
 5.754399373371588e+06 -4.651572288039930e+00 
 6.025595860743597e+06 -4.651457191943071e+00 
 6.309573444801954e+06 -4.651330997108176e+00 
 6.606934480075982e+06 -4.651192633917597e+00 
 6.918309709189389e+06 -4.651040929552047e+00 
 7.244359600749927e+06 -4.650874598526854e+00 
 7.585775750291865e+06 -4.650692231716781e+00 
 7.943282347242844e+06 -4.650492284394129e+00 
 8.317637711026741e+06 -4.650273062946238e+00 
 8.709635899560839e+06 -4.650032711439961e+00 
 9.120108393559132e+06 -4.649769195180280e+00 
 9.549925860214395e+06 -4.649480284108582e+00 
 1.000000000000004e+07 -4.649163534109412e+00 
 1.047128548050904e+07 -4.648816266311112e+00 
 1.096478196143189e+07 -4.648435544687896e+00 
 1.148153621496888e+07 -4.648018151925656e+00 
 1.202264434617418e+07 -4.647560562179129e+00 
 1.258925411794173e+07 -4.647058911828984e+00 
 1.318256738556413e+07 -4.646508967632567e+00 
 1.380384264602891e+07 -4.645906091407152e+00 
 1.445439770745934e+07 -4.645245201542427e+00 
 1.513561248436215e+07 -4.644520731427205e+00 
 1.584893192461121e+07 -4.643726583675079e+00 
 1.659586907437568e+07 -4.642856079763836e+00 
 1.737800828749384e+07 -4.641901905758258e+00 
 1.819700858609992e+07 -4.640856052782739e+00 
 1.905460717963257e+07 -4.639709751918449e+00 
 1.995262314968890e+07 -4.638453403592154e+00 
 2.089296130854050e+07 -4.637076500508202e+00 
 2.187761623949564e+07 -4.635567543709411e+00 
 2.290867652767785e+07 -4.633913951182562e+00 
 2.398832919019503e+07 -4.632101958864069e+00 
 2.511886431509594e+07 -4.630116512937036e+00 
 2.630267991895396e+07 -4.627941152711072e+00 
 2.754228703338182e+07 -4.625557884242599e+00 
 2.884031503126622e+07 -4.622947043435245e+00 
 3.019951720402033e+07 -4.620087147311880e+00 
 3.162277660168397e+07 -4.616954734618628e+00 
 3.311311214825930e+07 -4.613524193625681e+00 
 3.467368504525337e+07 -4.609767576515702e+00 
 3.630780547701035e+07 -4.605654400631582e+00 
 3.801893963205635e+07 -4.601151435900962e+00 
 3.981071705534997e+07 -4.596222477122108e+00 
 4.168693834703380e+07 -4.590828102145991e+00 
 4.365158322401687e+07 -4.584925415221880e+00 
 4.570881896148779e+07 -4.578467774827880e+00 
 4.786300923226414e+07 -4.571404509059615e+00 
 5.011872336272755e+07 -4.563680615284995e+00 
 5.248074602497760e+07 -4.555236449640979e+00 
 5.495408738576282e+07 -4.546007404536483e+00 
 5.754399373371608e+07 -4.535923578853442e+00 
 6.025595860743618e+07 -4.524909442196361e+00 
 6.309573444801975e+07 -4.512883498858486e+00 
 6.606934480076005e+07 -4.499757954502001e+00 
 6.918309709189413e+07 -4.485438393216336e+00 
 7.244359600749952e+07 -4.469823471592569e+00 
 7.585775750291891e+07 -4.452804638412836e+00 
 7.943282347242872e+07 -4.434265891150183e+00 
 8.317637711026771e+07 -4.414083580284641e+00 
 8.709635899560872e+07 -4.392126277005681e+00 
 9.120108393559167e+07 -4.368254718628712e+00 
 9.549925860214433e+07 -4.342321850721137e+00 
 1.000000000000008e+08 -4.314172986102045e+00 
 1.047128548050908e+08 -4.283646101150821e+00 
 1.096478196143194e+08 -4.250572293848835e+00 
 1.148153621496892e+08 -4.214776427600056e+00 
 1.202264434617423e+08 -4.176077985002226e+00 
 1.258925411794178e+08 -4.134292157587860e+00 
 1.318256738556418e+08 -4.089231193471382e+00 
 1.380384264602897e+08 -4.040706024924480e+00 
 1.445439770745940e+08 -3.988528191758223e+00 
 1.513561248436221e+08 -3.932512073612756e+00 
 1.584893192461127e+08 -3.872477432217193e+00 
 1.659586907437575e+08 -3.808252261816783e+00 
 1.737800828749391e+08 -3.739675927786070e+00 
 1.819700858610000e+08 -3.666602566777240e+00 
 1.905460717963264e+08 -3.588904702577948e+00 
 1.995262314968898e+08 -3.506477019879843e+00 
 2.089296130854059e+08 -3.419240221104964e+00 
 2.187761623949573e+08 -3.327144876754915e+00 
 2.290867652767794e+08 -3.230175166013174e+00 
 2.398832919019513e+08 -3.128352394382277e+00 
 2.511886431509604e+08 -3.021738166201666e+00 
 2.630267991895407e+08 -2.910437088376037e+00 
 2.754228703338193e+08 -2.794598882860921e+00 
 2.884031503126634e+08 -2.674419794526712e+00 
 3.019951720402046e+08 -2.550143194335584e+00 
 3.162277660168411e+08 -2.422059298016517e+00 
 3.311311214825944e+08 -2.290503945189359e+00 
 3.467368504525352e+08 -2.155856412909276e+00 
 3.630780547701051e+08 -2.018536269679116e+00 
 3.801893963205651e+08 -1.878999309271074e+00 
 3.981071705535014e+08 -1.737732636954300e+00 
 4.168693834703397e+08 -1.595249011938908e+00 
 4.365158322401705e+08 -1.452080577997208e+00 
 4.570881896148798e+08 -1.308772137801699e+00 
 4.786300923226434e+08 -1.165874144006463e+00 
 5.011872336272776e+08 -1.023935591536890e+00 
 5.248074602497782e+08 -8.834969997417265e-01 
 5.495408738576305e+08 -7.450836701579268e-01 
 5.754399373371632e+08 -6.091993955141407e-01 
 6.025595860743644e+08 -4.763207792368043e-01 
 6.309573444802003e+08 -3.468923019860789e-01 
 6.606934480076034e+08 -2.213222447360562e-01 
 6.918309709189442e+08 -9.997954669779224e-02 
 7.244359600749983e+08  1.680835599752402e-02 
 7.585775750291924e+08  1.287566988272242e-01 
 7.943282347242906e+08  2.356235847105963e-01 
 8.317637711026806e+08  3.372092565950831e-01 
 8.709635899560907e+08  4.333545226747845e-01 
 9.120108393559203e+08  5.239384299666134e-01 
 9.549925860214471e+08  6.088752980855232e-01 
 1.000000000000012e+09  6.881112335636291e-01 
 1.047128548050912e+09  7.616202490571491e-01 
 1.096478196143198e+09  8.294001099022010e-01 
 1.148153621496897e+09  8.914680238818694e-01 
 1.202264434617427e+09  9.478562805756464e-01 
 1.258925411794183e+09  9.986079337158594e-01 
 1.318256738556423e+09  1.043772606153564e+00 
 1.380384264602902e+09  1.083402482253383e+00 
 1.445439770745945e+09  1.117548538338821e+00 
 1.513561248436227e+09  1.146257048410578e+00 
 1.584893192461133e+09  1.169566390622285e+00 
 1.659586907437582e+09  1.187504169923136e+00 
 1.737800828749398e+09  1.200084664531042e+00 
 1.819700858610007e+09  1.207306597977698e+00 
 1.905460717963272e+09  1.209151234527856e+00 
 1.995262314968905e+09  1.205580793847290e+00 
 2.089296130854067e+09  1.196537180156372e+00 
 2.187761623949581e+09  1.181941021896765e+00 
 2.290867652767803e+09  1.161691019590902e+00 
 2.398832919019522e+09  1.135663601823839e+00 
 2.511886431509614e+09  1.103712891806402e+00 
 2.630267991895417e+09  1.065670989289742e+00 
 2.754228703338203e+09  1.021348574629705e+00 
 2.884031503126645e+09  9.705358428044062e-01 
 3.019951720402058e+09  9.130037752778409e-01 
 3.162277660168423e+09  8.485057562055142e-01 
 3.311311214825957e+09  7.767795364086847e-01 
 3.467368504525365e+09  6.975495438480317e-01 
 3.630780547701065e+09  6.105295326036658e-01 
 3.801893963205667e+09  5.154255539686998e-01 
 3.981071705535030e+09  4.119392232074968e-01 
 4.168693834703414e+09  2.997712442646077e-01 
 4.365158322401723e+09  1.786251426494758e-01 
 4.570881896148817e+09  4.821114467317650e-02 
 4.786300923226454e+09 -9.174987013746991e-02 
 5.011872336272797e+09 -2.415224263130324e-01 
 5.248074602497804e+09 -4.013526093923900e-01 
 5.495408738576327e+09 -5.714644162609929e-01 
 5.754399373371655e+09 -7.520563921515968e-01 
 6.025595860743669e+09 -9.432986425271177e-01 
 6.309573444802029e+09 -1.145330298214939e+00 
 6.606934480076061e+09 -1.358257497676191e+00 
 6.918309709189471e+09 -1.582151931743799e+00 
 7.244359600750012e+09 -1.817049974451180e+00 
 7.585775750291955e+09 -2.062952399907138e+00 
 7.943282347242938e+09 -2.319824660948720e+00 
 8.317637711026839e+09 -2.587597682032882e+00 
 8.709635899560942e+09 -2.866169097965794e+00 
 9.120108393559240e+09 -3.155404852933368e+00 
 9.549925860214510e+09 -3.455141061970504e+00 
 1.000000000000016e+10 -3.765186030242243e+00 
 1.047128548050916e+10 -4.085322324744362e+00 
 1.096478196143202e+10 -4.415308798303518e+00 
 1.148153621496901e+10 -4.754882476795931e+00 
 1.202264434617432e+10 -5.103760236706218e+00 
 1.258925411794188e+10 -5.461640220638437e+00 
 1.318256738556429e+10 -5.828202962052598e+00 
 1.380384264602907e+10 -6.203112216042052e+00 
 1.445439770745951e+10 -6.586015518927079e+00 
 1.513561248436233e+10 -6.976544524300191e+00 
 1.584893192461140e+10 -7.374315185340716e+00 
 1.659586907437588e+10 -7.778927871229616e+00 
 1.737800828749405e+10 -8.189967517968864e+00 
 1.819700858610014e+10 -8.607003919732886e+00 
 1.905460717963279e+10 -9.029592265302885e+00 
 1.995262314968913e+10 -9.457274014849490e+00 
 2.089296130854075e+10 -9.889578195575655e+00 
 2.187761623949590e+10 -1.032602317131618e+01 
 2.290867652767812e+10 -1.076611891248677e+01 
 2.398832919019532e+10 -1.120936976066393e+01 
 2.511886431509623e+10 -1.165527764880801e+01 
 2.630267991895427e+10 -1.210334570616392e+01 
 2.754228703338214e+10 -1.255308214861841e+01 
 2.884031503126656e+10 -1.300400433294644e+01 
 3.019951720402069e+10 -1.345564283866294e+01 
 3.162277660168435e+10 -1.390754543520780e+01 
 3.311311214825969e+10 -1.435928079528376e+01 
 3.467368504525378e+10 -1.481044182693584e+01 
 3.630780547701078e+10 -1.526064851629340e+01 
 3.801893963205680e+10 -1.570955019811180e+01 
 3.981071705535044e+10 -1.615682720028594e+01 
 4.168693834703429e+10 -1.660219183913778e+01 
 4.365158322401739e+10 -1.704538877233705e+01 
 4.570881896148833e+10 -1.748619474388396e+01 
 4.786300923226471e+10 -1.792441777914777e+01 
 5.011872336272815e+10 -1.835989590648189e+01 
 5.248074602497823e+10 -1.879249549490034e+01 
 5.495408738576347e+10 -1.922210930464922e+01 
 5.754399373371677e+10 -1.964865434958540e+01 
 6.025595860743690e+10 -2.007206966771836e+01 
 6.309573444802052e+10 -2.049231408989023e+01 
 6.606934480076085e+10 -2.090936408723920e+01 
 6.918309709189496e+10 -2.132321176665932e+01 
 7.244359600750038e+10 -2.173386307068455e+01 
 7.585775750291982e+10 -2.214133622470101e+01 
 7.943282347242966e+10 -2.254566046059186e+01 
 8.317637711026869e+10 -2.294687503217289e+01 
 8.709635899560974e+10 -2.334502852430490e+01 
 9.120108393559274e+10 -2.374017844453061e+01 
 9.549925860214545e+10 -2.413239107362339e+01 
 1.000000000000020e+11 -2.452174153972800e+01 
