 1.000000000000000e+06 -5.925893513349281e+00 
 1.047128548050900e+06 -5.925891485499950e+00 
 1.096478196143185e+06 -5.925889261959303e+00 
 1.148153621496883e+06 -5.925886823921437e+00 
 1.202264434617413e+06 -5.925884150625310e+00 
 1.258925411794168e+06 -5.925881219403055e+00 
 1.318256738556408e+06 -5.925878005442566e+00 
 1.380384264602886e+06 -5.925874481442022e+00 
 1.445439770745928e+06 -5.925870617378227e+00 
 1.513561248436209e+06 -5.925866380566430e+00 
 1.584893192461115e+06 -5.925861734978711e+00 
 1.659586907437562e+06 -5.925856641185224e+00 
 1.737800828749377e+06 -5.925851056019535e+00 
 1.819700858609986e+06 -5.925844931965266e+00 
 1.905460717963250e+06 -5.925838217134660e+00 
 1.995262314968882e+06 -5.925830854469021e+00 
 2.089296130854042e+06 -5.925822781479128e+00 
 2.187761623949556e+06 -5.925813929692527e+00 
 2.290867652767777e+06 -5.925804223915319e+00 
 2.398832919019494e+06 -5.925793581751533e+00 
 2.511886431509584e+06 -5.925781912948974e+00 
 2.630267991895386e+06 -5.925769118408902e+00 
 2.754228703338171e+06 -5.925755089547474e+00 
 2.884031503126611e+06 -5.925739707284972e+00 
 3.019951720402022e+06 -5.925722841058233e+00 
 3.162277660168386e+06 -5.925704347758137e+00 
 3.311311214825918e+06 -5.925684070358868e+00 
 3.467368504525324e+06 -5.925661836878024e+00 
 3.630780547701022e+06 -5.925637458536711e+00 
 3.801893963205622e+06 -5.925610728495729e+00 
 3.981071705534983e+06 -5.925581419989625e+00 
 4.168693834703365e+06 -5.925549284157611e+00 
 4.365158322401672e+06 -5.925514048383633e+00 
 4.570881896148764e+06 -5.925475413716662e+00 
 4.786300923226397e+06 -5.925433052203182e+00 
 5.011872336272738e+06 -5.925386604670023e+00 
 5.248074602497743e+06 -5.925335676829143e+00 
 5.495408738576263e+06 -5.925279836791800e+00 
 5.754399373371588e+06 -5.925218610694156e+00 
 6.025595860743597e+06 -5.925151479404516e+00 
 6.309573444801954e+06 -5.925077873367513e+00 
 6.606934480075982e+06 -5.924997168392209e+00 
 6.918309709189389e+06 -5.924908680059657e+00 
 7.244359600749927e+06 -5.924811658071858e+00 
 7.585775750291865e+06 -5.924705279732478e+00 
 7.943282347242844e+06 -5.924588643267673e+00 
 8.317637711026741e+06 -5.924460760056042e+00 
 8.709635899560839e+06 -5.924320546197142e+00 
 9.120108393559132e+06 -5.924166813528432e+00 
 9.549925860214395e+06 -5.923998259589728e+00 
 1.000000000000004e+07 -5.923813456564688e+00 
 1.047128548050904e+07 -5.923610839399923e+00 
 1.096478196143189e+07 -5.923388692421582e+00 
 1.148153621496888e+07 -5.923145135192149e+00 
 1.202264434617418e+07 -5.922878106505710e+00 
 1.258925411794173e+07 -5.922585347311112e+00 
 1.318256738556413e+07 -5.922264381551392e+00 
 1.380384264602891e+07 -5.921912495684568e+00 
 1.445439770745934e+07 -5.921526715870970e+00 
 1.513561248436215e+07 -5.921103783362850e+00 
 1.584893192461121e+07 -5.920640127051874e+00 
 1.659586907437568e+07 -5.920131834191652e+00 
 1.737800828749384e+07 -5.919574617814059e+00 
 1.819700858609992e+07 -5.918963781060155e+00 
 1.905460717963257e+07 -5.918294178892831e+00 
 1.995262314968890e+07 -5.917560175315396e+00 
 2.089296130854050e+07 -5.916755597568073e+00 
 2.187761623949564e+07 -5.915873685313535e+00 
 2.290867652767785e+07 -5.914907035853997e+00 
 2.398832919019503e+07 -5.913847544054411e+00 
 2.511886431509594e+07 -5.912686336979730e+00 
 2.630267991895396e+07 -5.911413702491785e+00 
 2.754228703338182e+07 -5.910019011758339e+00 
 2.884031503126622e+07 -5.908490634865228e+00 
 3.019951720402033e+07 -5.906815849251752e+00 
 3.162277660168397e+07 -5.904980739799926e+00 
 3.311311214825930e+07 -5.902970091182453e+00 
 3.467368504525337e+07 -5.900767270548944e+00 
 3.630780547701035e+07 -5.898354100724735e+00 
 3.801893963205635e+07 -5.895710723399599e+00 
 3.981071705534997e+07 -5.892815451211654e+00 
 4.168693834703380e+07 -5.889644608485638e+00 
 4.365158322401687e+07 -5.886172359814978e+00 
 4.570881896148779e+07 -5.882370526294567e+00 
 4.786300923226414e+07 -5.878208388442218e+00 
 5.011872336272755e+07 -5.873652476211547e+00 
 5.248074602497760e+07 -5.868666344979971e+00 
 5.495408738576282e+07 -5.863210337810286e+00 
 5.754399373371608e+07 -5.857241334787392e+00 
 6.025595860743618e+07 -5.850712488260999e+00 
 6.309573444801975e+07 -5.843572946426288e+00 
 6.606934480076005e+07 -5.835767565122497e+00 
 6.918309709189413e+07 -5.827236610116076e+00 
 7.244359600749952e+07 -5.817915451696956e+00 
 7.585775750291891e+07 -5.807734254720697e+00 
 7.943282347242872e+07 -5.796617667143822e+00 
 8.317637711026771e+07 -5.784484513051274e+00 
 8.709635899560872e+07 -5.771247493716521e+00 
 9.120108393559167e+07 -5.756812905530547e+00 
 9.549925860214433e+07 -5.741080382060739e+00 
 1.000000000000008e+08 -5.723942670258601e+00 
 1.047128548050908e+08 -5.705285451900837e+00 
 1.096478196143194e+08 -5.684987224248763e+00 
 1.148153621496892e+08 -5.662919253884234e+00 
 1.202264434617423e+08 -5.638945622084566e+00 
 1.258925411794178e+08 -5.612923378758550e+00 
 1.318256738556418e+08 -5.584702827517401e+00 
 1.380384264602897e+08 -5.554127962079462e+00 
 1.445439770745940e+08 -5.521037078932952e+00 
 1.513561248436221e+08 -5.485263588452730e+00 
 1.584893192461127e+08 -5.446637049582415e+00 
 1.659586907437575e+08 -5.404984449679962e+00 
 1.737800828749391e+08 -5.360131750115257e+00 
 1.819700858610000e+08 -5.311905714858224e+00 
 1.905460717963264e+08 -5.260136032234320e+00 
 1.995262314968898e+08 -5.204657735845080e+00 
 2.089296130854059e+08 -5.145313918392642e+00 
 2.187761623949573e+08 -5.081958724493981e+00 
 2.290867652767794e+08 -5.014460594244113e+00 
 2.398832919019513e+08 -4.942705714970791e+00 
 2.511886431509604e+08 -4.866601625700467e+00 
 2.630267991895407e+08 -4.786080900588059e+00 
 2.754228703338193e+08 -4.701104824969839e+00 
 2.884031503126634e+08 -4.611666962047310e+00 
 3.019951720402046e+08 -4.517796498440592e+00 
 3.162277660168411e+08 -4.419561247748969e+00 
 3.311311214825944e+08 -4.317070188612679e+00 
 3.467368504525352e+08 -4.210475415124630e+00 
 3.630780547701051e+08 -4.099973386294593e+00 
 3.801893963205651e+08 -3.985805374245720e+00 
 3.981071705535014e+08 -3.868257032180721e+00 
 4.168693834703397e+08 -3.747657028251234e+00 
 4.365158322401705e+08 -3.624374722570277e+00 
 4.570881896148798e+08 -3.498816897809190e+00 
 4.786300923226434e+08 -3.371423589671623e+00 
 5.011872336272776e+08 -3.242663098234367e+00 
 5.248074602497782e+08 -3.113026294738630e+00 
 5.495408738576305e+08 -2.983020367389693e+00 
 5.754399373371632e+08 -2.853162173764874e+00 
 6.025595860743644e+08 -2.723971384463060e+00 
 6.309573444802003e+08 -2.595963612111550e+00 
 6.606934480076034e+08 -2.469643721084506e+00 
 6.918309709189442e+08 -2.345499506233551e+00 
 7.244359600749983e+08 -2.223995914038157e+00 
 7.585775750291924e+08 -2.105569957700448e+00 
 7.943282347242906e+08 -1.990626449662986e+00 
 8.317637711026806e+08 -1.879534643253759e+00 
 8.709635899560907e+08 -1.772625839956317e+00 
 9.120108393559203e+08 -1.670191983750474e+00 
 9.549925860214471e+08 -1.572485229307748e+00 
 1.000000000000012e+09 -1.479718439265649e+00 
 1.047128548050912e+09 -1.392066538549392e+00 
 1.096478196143198e+09 -1.309668631392235e+00 
 1.148153621496897e+09 -1.232630770689816e+00 
 1.202264434617427e+09 -1.161029259399701e+00 
 1.258925411794183e+09 -1.094914359487389e+00 
 1.318256738556423e+09 -1.034314285742593e+00 
 1.380384264602902e+09 -9.792393677780185e-01 
 1.445439770745945e+09 -9.296862732155952e-01 
 1.513561248436227e+09 -8.856421976912912e-01 
 1.584893192461133e+09 -8.470889408507807e-01 
 1.659586907437582e+09 -8.140068021093541e-01 
 1.737800828749398e+09 -7.863782436626334e-01 
 1.819700858610007e+09 -7.641912813306968e-01 
 1.905460717963272e+09 -7.474425750130665e-01 
 1.995262314968905e+09 -7.361402001114975e-01 
 2.089296130854067e+09 -7.303060887370809e-01 
 2.187761623949581e+09 -7.299781349036150e-01 
 2.290867652767803e+09 -7.352119616024884e-01 
 2.398832919019522e+09 -7.460823494683323e-01 
 2.511886431509614e+09 -7.626843272604361e-01 
 2.630267991895417e+09 -7.851339239320448e-01 
 2.754228703338203e+09 -8.135685806907990e-01 
 2.884031503126645e+09 -8.481472200041864e-01 
 3.019951720402058e+09 -8.890499669414889e-01 
 3.162277660168423e+09 -9.364775172309137e-01 
 3.311311214825957e+09 -9.906501461436846e-01 
 3.467368504525365e+09 -1.051806353151188e+00 
 3.630780547701065e+09 -1.120201139619569e+00 
 3.801893963205667e+09 -1.196103920576626e+00 
 3.981071705535030e+09 -1.279796077260450e+00 
 4.168693834703414e+09 -1.371568164355196e+00 
 4.365158322401723e+09 -1.471716794756917e+00 
 4.570881896148817e+09 -1.580541234837232e+00 
 4.786300923226454e+09 -1.698339754182632e+00 
 5.011872336272797e+09 -1.825405785010542e+00 
 5.248074602497804e+09 -1.962023957156046e+00 
 5.495408738576327e+09 -2.108466083864193e+00 
 5.754399373371655e+09 -2.264987180705810e+00 
 6.025595860743669e+09 -2.431821603946365e+00 
 6.309573444802029e+09 -2.609179394959368e+00 
 6.606934480076061e+09 -2.797242913243796e+00 
 6.918309709189471e+09 -2.996163832230296e+00 
 7.244359600750012e+09 -3.206060559436978e+00 
 7.585775750291955e+09 -3.427016126312204e+00 
 7.943282347242938e+09 -3.659076574237432e+00 
 8.317637711026839e+09 -3.902249842909142e+00 
 8.709635899560942e+09 -4.156505147167992e+00 
 9.120108393559240e+09 -4.421772809847850e+00 
 9.549925860214510e+09 -4.697944502847189e+00 
 1.000000000000016e+10 -4.984873837633622e+00 
 1.047128548050916e+10 -5.282377240684094e+00 
 1.096478196143202e+10 -5.590235049382596e+00 
 1.148153621496901e+10 -5.908192769590564e+00 
 1.202264434617432e+10 -6.235962446911154e+00 
 1.258925411794188e+10 -6.573224118545689e+00 
 1.318256738556429e+10 -6.919627330171290e+00 
 1.380384264602907e+10 -7.274792720736603e+00 
 1.445439770745951e+10 -7.638313695660647e+00 
 1.513561248436233e+10 -8.009758223797229e+00 
 1.584893192461140e+10 -8.388670804070763e+00 
 1.659586907437588e+10 -8.774574652593589e+00 
 1.737800828749405e+10 -9.166974159515814e+00 
 1.819700858610014e+10 -9.565357656563464e+00 
 1.905460717963279e+10 -9.969200521562701e+00 
 1.995262314968913e+10 -1.037796862620756e+01 
 2.089296130854075e+10 -1.079112210945630e+01 
 2.187761623949590e+10 -1.120811943322163e+01 
 2.290867652767812e+10 -1.162842165169375e+01 
 2.398832919019532e+10 -1.205149680297590e+01 
 2.511886431509623e+10 -1.247682431381031e+01 
 2.630267991895427e+10 -1.290389929669670e+01 
 2.754228703338214e+10 -1.333223661475512e+01 
 2.884031503126656e+10 -1.376137459366046e+01 
 3.019951720402069e+10 -1.419087827157272e+01 
 3.162277660168435e+10 -1.462034209623735e+01 
 3.311311214825969e+10 -1.504939200184308e+01 
 3.467368504525378e+10 -1.547768682495965e+01 
 3.630780547701078e+10 -1.590491904695575e+01 
 3.801893963205680e+10 -1.633081487779845e+01 
 3.981071705535044e+10 -1.675513372137307e+01 
 4.168693834703429e+10 -1.717766708410828e+01 
 4.365158322401739e+10 -1.759823700584102e+01 
 4.570881896148833e+10 -1.801669410404434e+01 
 4.786300923226471e+10 -1.843291532970235e+01 
 5.011872336272815e+10 -1.884680153551574e+01 
 5.248074602497823e+10 -1.925827495526631e+01 
 5.495408738576347e+10 -1.966727668771427e+01 
 5.754399373371677e+10 -2.007376427006560e+01 
 6.025595860743690e+10 -2.047770941553692e+01 
 6.309573444802052e+10 -2.087909597751180e+01 
 6.606934480076085e+10 -2.127791818978011e+01 
 6.918309709189496e+10 -2.167417921883338e+01 
 7.244359600750038e+10 -2.206789005049893e+01 
 7.585775750291982e+10 -2.245906871959107e+01 
 7.943282347242966e+10 -2.284773987792826e+01 
 8.317637711026869e+10 -2.323393468316358e+01 
 8.709635899560974e+10 -2.361769097855178e+01 
 9.120108393559274e+10 -2.399905372220784e+01 
 9.549925860214545e+10 -2.437807561383564e+01 
 1.000000000000020e+11 -2.475481785763518e+01 
