 2.000000000000000e-09  1.053667726238405e-01 
 2.004000000000000e-09  8.838645999465156e-02 
 2.008000000000000e-09  7.096245048894678e-02 
 2.012000000000000e-09  5.334115055009114e-02 
 2.016000000000000e-09  3.549922382836401e-02 
 2.020000000000000e-09  1.751050315941427e-02 
 2.024000000000000e-09 -5.470927363870892e-04 
 2.028000000000000e-09 -1.859571716806485e-02 
 2.032000000000000e-09 -3.656277573610378e-02 
 2.036000000000000e-09 -5.437533348078638e-02 
 2.040000000000000e-09 -7.195875009590802e-02 
 2.044000000000000e-09 -8.923877598335705e-02 
 2.048000000000000e-09 -1.061435732914604e-01 
 2.052000000000000e-09 -1.226040685474357e-01 
 2.056000000000000e-09 -1.385542059931795e-01 
 2.060000000000000e-09 -1.539309895851706e-01 
 2.064000000000000e-09 -1.686746758473845e-01 
 2.068000000000000e-09 -1.827288949702583e-01 
 2.072000000000000e-09 -1.960408233172584e-01 
 2.076000000000000e-09 -2.085612858803501e-01 
 2.080000000000000e-09 -2.202448574597682e-01 
 2.084000000000000e-09 -2.310499021560166e-01 
 2.088000000000000e-09 -2.409385967217694e-01 
 2.092000000000000e-09 -2.498769075629874e-01 
 2.096000000000000e-09 -2.578345541229714e-01 
 2.100000000000000e-09 -2.647849440498142e-01 
 2.104000000000000e-09 -2.707051049283693e-01 
 2.108000000000000e-09 -2.755756061400279e-01 
 2.112000000000000e-09 -2.793804897421068e-01 
 2.116000000000000e-09 -2.821072075578144e-01 
 2.120000000000000e-09 -2.837465780644868e-01 
 2.124000000000000e-09 -2.842927608446557e-01 
 2.128000000000000e-09 -2.837432569332652e-01 
 2.132000000000000e-09 -2.820989314712401e-01 
 2.136000000000000e-09 -2.793640619196391e-01 
 2.140000000000000e-09 -2.755464060389194e-01 
 2.144000000000000e-09 -2.706572884723257e-01 
 2.148000000000000e-09 -2.647116980784239e-01 
 2.152000000000000e-09 -2.577283916633735e-01 
 2.156000000000000e-09 -2.497299951084435e-01 
 2.160000000000000e-09 -2.407430959452017e-01 
 2.164000000000000e-09 -2.307983185271523e-01 
 2.168000000000000e-09 -2.199303758813689e-01 
 2.172000000000000e-09 -2.081780908028494e-01 
 2.176000000000000e-09 -1.955843816338509e-01 
 2.180000000000000e-09 -1.821962076099863e-01 
 2.183999999999999e-09 -1.680644713856325e-01 
 2.187999999999999e-09 -1.532438763632857e-01 
 2.191999999999999e-09 -1.377927388307429e-01 
 2.195999999999999e-09 -1.217727551200363e-01 
 2.199999999999999e-09 -1.052487260588708e-01 
 2.203999999999999e-09 -8.828824131716573e-02 
 2.207999999999999e-09 -7.096132749987083e-02 
 2.211999999999999e-09 -5.334006421289006e-02 
 2.215999999999999e-09 -3.549817376909248e-02 
 2.219999999999999e-09 -1.750948896042326e-02 
 2.223999999999999e-09  5.480714937178277e-04 
 2.227999999999999e-09  1.859666094331702e-02 
 2.231999999999999e-09  3.656368507654095e-02 
 2.235999999999999e-09  5.437620896556306e-02 
 2.239999999999999e-09  7.195959232911298e-02 
 2.243999999999999e-09  8.923958560801459e-02 
 2.247999999999999e-09  1.061443510021176e-01 
 2.251999999999999e-09  1.226048150923185e-01 
 2.255999999999999e-09  1.385549221760556e-01 
 2.259999999999999e-09  1.539316762667124e-01 
 2.263999999999999e-09  1.686753339447660e-01 
 2.267999999999999e-09  1.827295254578662e-01 
 2.271999999999999e-09  1.960414272256004e-01 
 2.275999999999999e-09  2.085618642952833e-01 
 2.279999999999999e-09  2.202454115204604e-01 
 2.283999999999999e-09  2.310504330518062e-01 
 2.287999999999999e-09  2.409391056886427e-01 
 2.291999999999999e-09  2.498773958781995e-01 
 2.295999999999999e-09  2.578350230994979e-01 
 2.299999999999999e-09  2.647853950300481e-01 
 2.303999999999999e-09  2.707055392761506e-01 
 2.307999999999999e-09  2.755760252333534e-01 
 2.311999999999999e-09  2.793808949631353e-01 
 2.315999999999999e-09  2.821076002847964e-01 
 2.319999999999999e-09  2.837469596622508e-01 
 2.323999999999999e-09  2.842931326545608e-01 
 2.327999999999999e-09  2.837436202645225e-01 
 2.331999999999999e-09  2.820992875914594e-01 
 2.335999999999999e-09  2.793644120469032e-01 
 2.339999999999999e-09  2.755467513337457e-01 
 2.343999999999999e-09  2.706576300314736e-01 
 2.347999999999999e-09  2.647120369287090e-01 
 2.351999999999999e-09  2.577287287580048e-01 
 2.355999999999999e-09  2.497303313217922e-01 
 2.359999999999999e-09  2.407434320725474e-01 
 2.363999999999999e-09  2.307986552832395e-01 
 2.367999999999999e-09  2.199307139004456e-01 
 2.371999999999999e-09  2.081784306399994e-01 
 2.375999999999999e-09  1.955847237677779e-01 
 2.379999999999999e-09  1.821965524459954e-01 
 2.383999999999999e-09  1.680648192589991e-01 
 2.387999999999999e-09  1.532442275438615e-01 
 2.391999999999999e-09  1.377930935280371e-01 
 2.395999999999999e-09  1.217731134871154e-01 
 2.399999999999999e-09  1.052490881980921e-01 
 2.403999999999999e-09  8.828860728423571e-02 
 2.407999999999999e-09  7.096169730892621e-02 
 2.411999999999999e-09  5.334043783968134e-02 
 2.415999999999999e-09  3.549855115601863e-02 
 2.419999999999999e-09  1.750987001727555e-02 
 2.423999999999999e-09 -5.476868872889007e-04 
 2.427999999999999e-09 -1.859627292502930e-02 
 2.431999999999999e-09 -3.656329380216050e-02 
 2.435999999999999e-09 -5.437581462383534e-02 
 2.439999999999999e-09 -7.195919513869820e-02 
 2.443999999999999e-09 -8.923918581089563e-02 
 2.447999999999999e-09 -1.061439488595450e-01 
 2.451999999999999e-09 -1.226044108868267e-01 
 2.455999999999999e-09 -1.385545162114967e-01 
 2.459999999999999e-09 -1.539312688707519e-01 
 2.463999999999999e-09 -1.686749254699524e-01 
 2.467999999999999e-09 -1.827291162833480e-01 
 2.471999999999998e-09 -1.960410177578433e-01 
 2.475999999999998e-09 -2.085614549694510e-01 
 2.479999999999998e-09 -2.202450028004002e-01 
 2.483999999999998e-09 -2.310500254304515e-01 
 2.487999999999998e-09 -2.409386996870426e-01 
 2.491999999999998e-09 -2.498769920449040e-01 
 2.495999999999998e-09 -2.578346220092915e-01 
 2.499999999999998e-09 -2.647849972807059e-01 
 2.503999999999998e-09 -2.707051454866205e-01 
 2.507999999999998e-09 -2.755756360395187e-01 
 2.511999999999998e-09 -2.793805110146887e-01 
 2.515999999999998e-09 -2.821072222404661e-01 
 2.519999999999998e-09 -2.837465881838250e-01 
 2.523999999999998e-09 -2.842927684031642e-01 
 2.527999999999998e-09 -2.837432638944948e-01 
 2.531999999999998e-09 -2.820989397448350e-01 
 2.535999999999998e-09 -2.793640733478380e-01 
 2.539999999999998e-09 -2.755464223831032e-01 
 2.543999999999998e-09 -2.706573114024806e-01 
 2.547999999999998e-09 -2.647117291615266e-01 
 2.551999999999998e-09 -2.577284323556981e-01 
 2.555999999999998e-09 -2.497300467474732e-01 
 2.559999999999998e-09 -2.407431597466110e-01 
 2.563999999999998e-09 -2.307983955808477e-01 
 2.567999999999998e-09 -2.199304671508973e-01 
 2.571999999999998e-09 -2.081781971252368e-01 
 2.575999999999998e-09 -1.955845037229365e-01 
 2.579999999999998e-09 -1.821963460600964e-01 
 2.583999999999998e-09 -1.680646266757067e-01 
 2.587999999999998e-09 -1.532440488639297e-01 
 2.591999999999998e-09 -1.377929288092297e-01 
 2.595999999999998e-09 -1.217729627478898e-01 
 2.599999999999998e-09 -1.052489514189832e-01 
 2.603999999999998e-09 -8.828848441007153e-02 
 2.607999999999998e-09 -7.096158825039822e-02 
 2.611999999999998e-09 -5.334034247588448e-02 
 2.615999999999998e-09 -3.549846933500600e-02 
 2.619999999999998e-09 -1.750980155369142e-02 
 2.623999999999998e-09  5.477421993784759e-04 
 2.627999999999998e-09  1.859631531437689e-02 
 2.631999999999998e-09  3.656332353625924e-02 
 2.635999999999998e-09  5.437583200121399e-02 
 2.639999999999998e-09  7.195920048428839e-02 
 2.643999999999998e-09  8.923917947616111e-02 
 2.647999999999998e-09  1.061439312253700e-01 
 2.651999999999998e-09  1.226043823624581e-01 
 2.655999999999998e-09  1.385544772385208e-01 
 2.659999999999998e-09  1.539312199218794e-01 
 2.663999999999998e-09  1.686748670522995e-01 
 2.667999999999998e-09  1.827290489378122e-01 
 2.671999999999998e-09  1.960409420606419e-01 
 2.675999999999998e-09  2.085613715316619e-01 
 2.679999999999998e-09  2.202449122678400e-01 
 2.683999999999998e-09  2.310499284827867e-01 
 2.687999999999998e-09  2.409385970361715e-01 
 2.691999999999998e-09  2.498768844334942e-01 
 2.695999999999998e-09  2.578345102068744e-01 
 2.699999999999998e-09  2.647848820813681e-01 
 2.703999999999998e-09  2.707050277041674e-01 
 2.707999999999998e-09  2.755755165029266e-01 
 2.711999999999998e-09  2.793803905632697e-01 
 2.715999999999998e-09  2.821071017169630e-01 
 2.719999999999998e-09  2.837464684305098e-01 
 2.723999999999998e-09  2.842926502534200e-01 
 2.727999999999998e-09  2.837431481679136e-01 
 2.731999999999998e-09  2.820988272403180e-01 
 2.735999999999998e-09  2.793639648377626e-01 
 2.739999999999998e-09  2.755463186076479e-01 
 2.743999999999998e-09  2.706572130635494e-01 
 2.747999999999998e-09  2.647116369194100e-01 
 2.751999999999998e-09  2.577283468236864e-01 
 2.755999999999998e-09  2.497299684903915e-01 
 2.759999999999998e-09  2.407430892765967e-01 
 2.763999999999997e-09  2.307983333565038e-01 
 2.767999999999997e-09  2.199304135772810e-01 
 2.771999999999997e-09  2.081781525525850e-01 
 2.775999999999997e-09  1.955844684486587e-01 
 2.779999999999997e-09  1.821963203291972e-01 
 2.783999999999997e-09  1.680646106829786e-01 
 2.787999999999997e-09  1.532440427558770e-01 
 2.791999999999997e-09  1.377929326873284e-01 
 2.795999999999997e-09  1.217729766712239e-01 
 2.799999999999997e-09  1.052489754065880e-01 
 2.803999999999997e-09  8.828851844365726e-02 
 2.807999999999997e-09  7.096163227748153e-02 
 2.811999999999997e-09  5.334039641167987e-02 
 2.815999999999997e-09  3.549853306492867e-02 
 2.819999999999997e-09  1.750987493158540e-02 
 2.823999999999997e-09 -5.476593414996955e-04 
 2.827999999999997e-09 -1.859622316530540e-02 
 2.831999999999997e-09 -3.656322231392206e-02 
 2.835999999999997e-09 -5.437572195361007e-02 
 2.839999999999997e-09 -7.195908188666778e-02 
 2.843999999999997e-09 -8.923905262696241e-02 
 2.847999999999997e-09 -1.061437964473955e-01 
 2.851999999999997e-09 -1.226042400041001e-01 
 2.855999999999997e-09 -1.385543276741403e-01 
 2.859999999999997e-09 -1.539310635546349e-01 
 2.863999999999997e-09 -1.686747043129153e-01 
 2.867999999999997e-09 -1.827288802881526e-01 
 2.871999999999997e-09 -1.960407679933409e-01 
 2.875999999999997e-09 -2.085611925694897e-01 
 2.879999999999997e-09 -2.202447289658460e-01 
 2.883999999999997e-09 -2.310497414257644e-01 
 2.887999999999997e-09 -2.409384068388727e-01 
 2.891999999999997e-09 -2.498766917376849e-01 
 2.895999999999997e-09 -2.578343156803213e-01 
 2.899999999999997e-09 -2.647846864142314e-01 
 2.903999999999997e-09 -2.707048316053715e-01 
 2.907999999999997e-09 -2.755753206967768e-01 
 2.911999999999997e-09 -2.793801957843858e-01 
 2.915999999999997e-09 -2.821069087057211e-01 
 2.919999999999997e-09 -2.837462779270647e-01 
 2.923999999999997e-09 -2.842924629934280e-01 
 2.927999999999997e-09 -2.837429648746106e-01 
 2.931999999999997e-09 -2.820986486207173e-01 
 2.935999999999997e-09 -2.793637915762286e-01 
 2.939999999999997e-09 -2.755461513609914e-01 
 2.943999999999997e-09 -2.706570524559582e-01 
 2.947999999999997e-09 -2.647114835372193e-01 
 2.951999999999997e-09 -2.577282012136410e-01 
 2.955999999999997e-09 -2.497298311547742e-01 
 2.959999999999997e-09 -2.407429606709788e-01 
 2.963999999999997e-09 -2.307982138893085e-01 
 2.967999999999997e-09 -2.199303036073399e-01 
 2.971999999999997e-09 -2.081780523902905e-01 
 2.975999999999997e-09 -1.955843783555711e-01 
 2.979999999999997e-09 -1.821962405199957e-01 
 2.983999999999997e-09 -1.680645413258839e-01 
 2.987999999999997e-09 -1.532439839754653e-01 
 2.991999999999997e-09 -1.377928845662941e-01 
 2.995999999999997e-09 -1.217729392526703e-01 
 2.999999999999997e-09 -1.052489486965102e-01 
 3.003999999999997e-09 -8.828850241333175e-02 
 3.007999999999997e-09 -7.096162686628649e-02 
 3.011999999999997e-09 -5.334040152823238e-02 
 3.015999999999997e-09 -3.549854858966572e-02 
 3.019999999999997e-09 -1.750990071455405e-02 
 3.023999999999997e-09  5.476234716050854e-04 
 3.027999999999997e-09  1.859617739797503e-02 
 3.031999999999997e-09  3.656316687126626e-02 
 3.035999999999997e-09  5.437565708585179e-02 
 3.039999999999997e-09  7.195900786858456e-02 
 3.043999999999997e-09  8.923896975676548e-02 
 3.047999999999997e-09  1.061437050481695e-01 
 3.051999999999996e-09  1.226041404241105e-01 
 3.055999999999996e-09  1.385542202876540e-01 
 3.059999999999996e-09  1.539309487634286e-01 
 3.063999999999996e-09  1.686745825489417e-01 
 3.067999999999996e-09  1.827287520112439e-01 
 3.071999999999996e-09  1.960406336943170e-01 
 3.075999999999996e-09  2.085610527707149e-01 
 3.079999999999996e-09  2.202445842192744e-01 
 3.083999999999996e-09  2.310495923130818e-01 
 3.087999999999996e-09  2.409382539712803e-01 
 3.091999999999996e-09  2.498765357520725e-01 
 3.095999999999996e-09  2.578341572396952e-01 
 3.099999999999996e-09  2.647845262017918e-01 
 3.103999999999996e-09  2.707046703243516e-01 
 3.107999999999996e-09  2.755751590635795e-01 
 3.111999999999996e-09  2.793800345254958e-01 
 3.115999999999996e-09  2.821067485527440e-01 
 3.119999999999996e-09  2.837461196107964e-01 
 3.123999999999996e-09  2.842923072382242e-01 
 3.127999999999996e-09  2.837428123949759e-01 
 3.131999999999996e-09  2.820985001120180e-01 
 3.135999999999996e-09  2.793636477130355e-01 
 3.139999999999996e-09  2.755460127887792e-01 
 3.143999999999996e-09  2.706569197890083e-01 
 3.147999999999996e-09  2.647113573526059e-01 
 3.151999999999996e-09  2.577280820483605e-01 
 3.155999999999996e-09  2.497297195023132e-01 
 3.159999999999996e-09  2.407428569794194e-01 
 3.163999999999996e-09  2.307981185601098e-01 
 3.167999999999996e-09  2.199302169937378e-01 
 3.171999999999996e-09  2.081779747984349e-01 
 3.175999999999996e-09  1.955843100435368e-01 
 3.179999999999996e-09  1.821961816991458e-01 
 3.183999999999996e-09  1.680644921640475e-01 
 3.187999999999996e-09  1.532439445970271e-01 
 3.191999999999996e-09  1.377928550551228e-01 
 3.195999999999996e-09  1.217729196545854e-01 
 3.199999999999996e-09  1.052489390207860e-01 
 3.203999999999996e-09  8.828850263689692e-02 
 3.207999999999996e-09  7.096163693336166e-02 
 3.211999999999996e-09  5.334042135540873e-02 
 3.215999999999996e-09  3.549857806471923e-02 
 3.219999999999996e-09  1.750993969640025e-02 
 3.223999999999996e-09 -5.475751424226516e-04 
 3.227999999999996e-09 -1.859611990126986e-02 
 3.231999999999996e-09 -3.656310041529043e-02 
 3.235999999999996e-09 -5.437558190615999e-02 
 3.239999999999996e-09 -7.195892422486061e-02 
 3.243999999999996e-09 -8.923887793172636e-02 
 3.247999999999996e-09 -1.061436053466425e-01 
 3.251999999999996e-09 -1.226040331750458e-01 
 3.255999999999996e-09 -1.385541058451567e-01 
 3.259999999999996e-09 -1.539308275077511e-01 
 3.263999999999996e-09 -1.686744548872001e-01 
 3.267999999999996e-09 -1.827286183795360e-01 
 3.271999999999996e-09 -1.960404945572232e-01 
 3.275999999999996e-09 -2.085609086213811e-01 
 3.279999999999996e-09 -2.202444355804674e-01 
 3.283999999999996e-09 -2.310494397356782e-01 
 3.287999999999996e-09 -2.409380980335381e-01 
 3.291999999999996e-09 -2.498763770583072e-01 
 3.295999999999996e-09 -2.578339964169598e-01 
 3.299999999999996e-09 -2.647843638989300e-01 
 3.303999999999996e-09 -2.707045072072241e-01 
 3.307999999999996e-09 -2.755749958117695e-01 
 3.311999999999996e-09 -2.793798718281857e-01 
 3.315999999999996e-09 -2.821065871035275e-01 
 3.319999999999996e-09 -2.837459601033292e-01 
 3.323999999999996e-09 -2.842921503612115e-01 
 3.327999999999996e-09 -2.837426588251755e-01 
 3.331999999999996e-09 -2.820983505118519e-01 
 3.335999999999996e-09 -2.793635027214854e-01 
 3.339999999999995e-09 -2.755458730204452e-01 
 3.343999999999995e-09 -2.706567858263691e-01 
 3.347999999999995e-09 -2.647112297453731e-01 
 3.351999999999995e-09 -2.577279613058823e-01 
 3.355999999999995e-09 -2.497296060939957e-01 
 3.359999999999995e-09 -2.407427513316116e-01 
 3.363999999999995e-09 -2.307980210537033e-01 
 3.367999999999995e-09 -2.199301279651196e-01 
 3.371999999999995e-09 -2.081778945376351e-01 
 3.375999999999995e-09 -1.955842387952762e-01 
 3.379999999999995e-09 -1.821961196651003e-01 
 3.383999999999995e-09 -1.680644395025768e-01 
 3.387999999999995e-09 -1.532439014257791e-01 
 3.391999999999995e-09 -1.377928214526678e-01 
 3.395999999999995e-09 -1.217728956630442e-01 
 3.399999999999995e-09 -1.052489246489525e-01 
 3.403999999999995e-09 -8.828849786037374e-02 
 3.407999999999995e-09 -7.096164169835006e-02 
 3.411999999999995e-09 -5.334043558053470e-02 
 3.415999999999995e-09 -3.549860164141538e-02 
 3.419999999999995e-09 -1.750997248950537e-02 
 3.423999999999995e-09  5.475332879365524e-04 
 3.427999999999995e-09  1.859606915804068e-02 
 3.431999999999995e-09  3.656304098459096e-02 
 3.435999999999995e-09  5.437551401565699e-02 
 3.439999999999995e-09  7.195884812413755e-02 
 3.443999999999995e-09  8.923879389252498e-02 
 3.447999999999995e-09  1.061435136630839e-01 
 3.451999999999995e-09  1.226039341635312e-01 
 3.455999999999995e-09  1.385539998470300e-01 
 3.459999999999995e-09  1.539307148886007e-01 
 3.463999999999995e-09  1.686743360393930e-01 
 3.467999999999995e-09  1.827284937228448e-01 
 3.471999999999995e-09  1.960403645380966e-01 
 3.475999999999995e-09  2.085607737159068e-01 
 3.479999999999995e-09  2.202442962909066e-01 
 3.483999999999995e-09  2.310492965925652e-01 
 3.487999999999995e-09  2.409379515931986e-01 
 3.491999999999995e-09  2.498762279021278e-01 
 3.495999999999995e-09  2.578338451485656e-01 
 3.499999999999995e-09  2.647842111424152e-01 
 3.503999999999995e-09  2.707043536026819e-01 
 3.507999999999995e-09  2.755748420131852e-01 
 3.511999999999995e-09  2.793797184980906e-01 
 3.515999999999995e-09  2.821064349096158e-01 
 3.519999999999995e-09  2.837458097124390e-01 
 3.523999999999995e-09  2.842920024348266e-01 
 3.527999999999995e-09  2.837425140146701e-01 
 3.531999999999995e-09  2.820982094528977e-01 
 3.535999999999995e-09  2.793633660298218e-01 
 3.539999999999995e-09  2.755457412859934e-01 
 3.543999999999995e-09  2.706566596102022e-01 
 3.547999999999995e-09  2.647111095739156e-01 
 3.551999999999995e-09  2.577278476700742e-01 
 3.555999999999995e-09  2.497294994447259e-01 
 3.559999999999995e-09  2.407426520784828e-01 
 3.563999999999995e-09  2.307979295634275e-01 
 3.567999999999995e-09  2.199300445597698e-01 
 3.571999999999995e-09  2.081778194966661e-01 
 3.575999999999995e-09  1.955841723544829e-01 
 3.579999999999995e-09  1.821960620176419e-01 
 3.583999999999995e-09  1.680643908009012e-01 
 3.587999999999995e-09  1.532438617831824e-01 
 3.591999999999995e-09  1.377927909457055e-01 
 3.595999999999995e-09  1.217728743325130e-01 
 3.599999999999995e-09  1.052489125028835e-01 
 3.603999999999995e-09  8.828849487618218e-02 
 3.607999999999995e-09  7.096164782540448e-02 
 3.611999999999995e-09  5.334045073959537e-02 
 3.615999999999995e-09  3.549862573018192e-02 
 3.619999999999995e-09  1.751000537822467e-02 
 3.623999999999995e-09 -5.474917476613328e-04 
 3.627999999999995e-09 -1.859601913155018e-02 
 3.631999999999994e-09 -3.656298266395730e-02 
 3.635999999999994e-09 -5.437544761818547e-02 
 3.639999999999994e-09 -7.195877388933614e-02 
 3.643999999999994e-09 -8.923871208065393e-02 
 3.647999999999994e-09 -1.061434245549169e-01 
 3.651999999999994e-09 -1.226038380626795e-01 
 3.655999999999994e-09 -1.385538970791096e-01 
 3.659999999999994e-09 -1.539306058041952e-01 
 3.663999999999994e-09 -1.686742210140606e-01 
 3.667999999999994e-09 -1.827283731576168e-01 
 3.671999999999994e-09 -1.960402388613440e-01 
 3.675999999999994e-09 -2.085606433818263e-01 
 3.679999999999994e-09 -2.202441617809607e-01 
 3.683999999999994e-09 -2.310491584144079e-01 
 3.687999999999994e-09 -2.409378102791919e-01 
 3.691999999999994e-09 -2.498760840089771e-01 
 3.695999999999994e-09 -2.578336992537071e-01 
 3.699999999999994e-09 -2.647840638432701e-01 
 3.703999999999994e-09 -2.707042055126720e-01 
 3.707999999999994e-09 -2.755746937577477e-01 
 3.711999999999994e-09 -2.793795707122899e-01 
 3.715999999999994e-09 -2.821062882316381e-01 
 3.719999999999994e-09 -2.837456647812215e-01 
 3.723999999999994e-09 -2.842918598838098e-01 
 3.727999999999995e-09 -2.837423744677992e-01 
 3.731999999999995e-09 -2.820980735181990e-01 
 3.735999999999995e-09 -2.793632342970724e-01 
 3.739999999999996e-09 -2.755456143201322e-01 
 3.743999999999996e-09 -2.706565379476380e-01 
 3.747999999999997e-09 -2.647109937198067e-01 
 3.751999999999997e-09 -2.577277380942435e-01 
 3.755999999999997e-09 -2.497293965788252e-01 
 3.759999999999998e-09 -2.407425563140766e-01 
 3.763999999999998e-09 -2.307978412517775e-01 
 3.767999999999999e-09 -2.199299640102317e-01 
 3.771999999999999e-09 -2.081777469763431e-01 
 3.775999999999999e-09 -1.955841080891041e-01 
 3.780000000000000e-09 -1.821960061922558e-01 
 3.784000000000000e-09 -1.680643435614257e-01 
 3.788000000000001e-09 -1.532438232378635e-01 
 3.792000000000001e-09 -1.377927611673311e-01 
 3.796000000000001e-09 -1.217728533605946e-01 
 3.800000000000002e-09 -1.052489003449573e-01 
 3.804000000000002e-09 -8.828849151054285e-02 
 3.808000000000003e-09 -7.096165320262404e-02 
 3.812000000000003e-09 -5.334046478517696e-02 
 3.816000000000003e-09 -3.549864834478100e-02 
 3.820000000000004e-09 -1.751003643721738e-02 
 3.824000000000004e-09  5.474523856303648e-04 
 3.828000000000005e-09  1.859597162568871e-02 
 3.832000000000005e-09  3.656292719836074e-02 
 3.836000000000005e-09  5.437538440182710e-02 
 3.840000000000006e-09  7.195870315116792e-02 
 3.844000000000006e-09  8.923863407017940e-02 
 3.848000000000007e-09  1.061433395419300e-01 
 3.852000000000007e-09  1.226037463376857e-01 
 3.856000000000007e-09  1.385537989550025e-01 
 3.860000000000008e-09  1.539305016169150e-01 
 3.864000000000008e-09  1.686741111235692e-01 
 3.868000000000009e-09  1.827282579488889e-01 
 3.872000000000009e-09  1.960401187449303e-01 
 3.876000000000009e-09  2.085605187931368e-01 
 3.880000000000010e-09  2.202440331821407e-01 
 3.884000000000010e-09  2.310490262917457e-01 
 3.888000000000011e-09  2.409376751433583e-01 
 3.892000000000011e-09  2.498759463933848e-01 
 3.896000000000011e-09  2.578335597127293e-01 
 3.900000000000012e-09  2.647839229491786e-01 
 3.904000000000012e-09  2.707040638534117e-01 
 3.908000000000013e-09  2.755745519334420e-01 
 3.912000000000013e-09  2.793794293309007e-01 
 3.916000000000013e-09  2.821061479060047e-01 
 3.920000000000014e-09  2.837455261239294e-01 
 3.924000000000014e-09  2.842917235021267e-01 
 3.928000000000015e-09  2.837422409592243e-01 
 3.932000000000015e-09  2.820979434668889e-01 
 3.936000000000015e-09  2.793631082675778e-01 
 3.940000000000016e-09  2.755454928543581e-01 
 3.944000000000016e-09  2.706564215603442e-01 
 3.948000000000017e-09  2.647108828945985e-01 
 3.952000000000017e-09  2.577276332812750e-01 
 3.956000000000017e-09  2.497292981925270e-01 
 3.960000000000018e-09  2.407424647306025e-01 
 3.964000000000018e-09  2.307977568071915e-01 
 3.968000000000019e-09  2.199298870006441e-01 
 3.972000000000019e-09  2.081776776579520e-01 
 3.976000000000019e-09  1.955840466784782e-01 
 3.980000000000020e-09  1.821959528667669e-01 
 3.984000000000020e-09  1.680642984611529e-01 
 3.988000000000021e-09  1.532437864670229e-01 
 3.992000000000021e-09  1.377927327954094e-01 
 3.996000000000021e-09  1.217728334253128e-01 
 4.000000000000022e-09  1.052488888534979e-01 
 4.004000000000022e-09  8.828848844180648e-02 
 4.008000000000023e-09  7.096165851001857e-02 
 4.012000000000023e-09  5.334047839654854e-02 
 4.016000000000023e-09  3.549867016597297e-02 
 4.020000000000024e-09  1.751006634819241e-02 
 4.024000000000024e-09 -5.474145206383341e-04 
 4.028000000000025e-09 -1.859592595863813e-02 
 4.032000000000025e-09 -3.656287390598845e-02 
 4.036000000000025e-09 -5.437532368350695e-02 
 4.040000000000026e-09 -7.195863522739021e-02 
 4.044000000000026e-09 -8.923855917959589e-02 
 4.048000000000027e-09 -1.061432579429527e-01 
 4.052000000000027e-09 -1.226036583088703e-01 
 4.056000000000027e-09 -1.385537047960366e-01 
 4.060000000000028e-09 -1.539304016497844e-01 
 4.064000000000028e-09 -1.686740056928402e-01 
 4.068000000000029e-09 -1.827281474234503e-01 
 4.072000000000029e-09 -1.960400035180854e-01 
 4.076000000000029e-09 -2.085603992832716e-01 
 4.080000000000030e-09 -2.202439098310123e-01 
 4.084000000000030e-09 -2.310488995658297e-01 
 4.088000000000031e-09 -2.409375455323324e-01 
 4.092000000000031e-09 -2.498758144078153e-01 
 4.096000000000031e-09 -2.578334258845940e-01 
 4.100000000000032e-09 -2.647837878267176e-01 
 4.104000000000032e-09 -2.707039279997434e-01 
 4.108000000000033e-09 -2.755744159240396e-01 
 4.112000000000033e-09 -2.793792937483808e-01 
 4.116000000000033e-09 -2.821060133373070e-01 
 4.120000000000034e-09 -2.837453931558300e-01 
 4.124000000000034e-09 -2.842915927168486e-01 
 4.128000000000035e-09 -2.837421129296596e-01 
 4.132000000000035e-09 -2.820978187521928e-01 
 4.136000000000035e-09 -2.793629874087113e-01 
 4.140000000000036e-09 -2.755453763712423e-01 
 4.144000000000036e-09 -2.706563099457364e-01 
 4.148000000000037e-09 -2.647107766127417e-01 
 4.152000000000037e-09 -2.577275327636057e-01 
 4.156000000000037e-09 -2.497292038357348e-01 
 4.160000000000038e-09 -2.407423768944157e-01 
 4.164000000000038e-09 -2.307976758142800e-01 
 4.168000000000039e-09 -2.199298131353062e-01 
 4.172000000000039e-09 -2.081776111653122e-01 
 4.176000000000039e-09 -1.955839877660246e-01 
 4.180000000000040e-09 -1.821959017049108e-01 
 4.184000000000040e-09 -1.680642551837863e-01 
 4.188000000000041e-09 -1.532437511735276e-01 
 4.192000000000041e-09 -1.377927055525836e-01 
 4.196000000000041e-09 -1.217728142692351e-01 
 4.200000000000042e-09 -1.052488777913352e-01 
 4.204000000000042e-09 -8.828848545438550e-02 
 4.208000000000043e-09 -7.096166355097200e-02 
 4.212000000000043e-09 -5.334049139768027e-02 
 4.216000000000043e-09 -3.549869103630243e-02 
 4.220000000000044e-09 -1.751009497362510e-02 
 4.224000000000044e-09  5.473782709586317e-04 
 4.228000000000045e-09  1.859588222998987e-02 
 4.232000000000045e-09  3.656282286799506e-02 
 4.236000000000045e-09  5.437526552750072e-02 
 4.240000000000046e-09  7.195857016425133e-02 
 4.244000000000046e-09  8.923848743828966e-02 
 4.248000000000047e-09  1.061431797711849e-01 
 4.252000000000047e-09  1.226035739734126e-01 
 4.256000000000047e-09  1.385536145842075e-01 
 4.260000000000048e-09  1.539303058699426e-01 
 4.264000000000048e-09  1.686739046762060e-01 
 4.268000000000049e-09  1.827280415232702e-01 
 4.272000000000049e-09  1.960398931112852e-01 
 4.276000000000049e-09  2.085602847699981e-01 
 4.280000000000050e-09  2.202437916357081e-01 
 4.284000000000050e-09  2.310487781352695e-01 
 4.288000000000051e-09  2.409374213357971e-01 
 4.292000000000051e-09  2.498756879351371e-01 
 4.296000000000051e-09  2.578332976444129e-01 
 4.300000000000052e-09  2.647836583449776e-01 
 4.304000000000052e-09  2.707037978169029e-01 
 4.308000000000053e-09  2.755742855906784e-01 
 4.312000000000053e-09  2.793791638233203e-01 
 4.316000000000053e-09  2.821058843834827e-01 
 4.320000000000054e-09  2.837452657353230e-01 
 4.324000000000054e-09  2.842914673879955e-01 
 4.328000000000055e-09  2.837419902410705e-01 
 4.332000000000055e-09  2.820976992405091e-01 
 4.336000000000055e-09  2.793628715933980e-01 
 4.340000000000056e-09  2.755452647485284e-01 
 4.344000000000056e-09  2.706562029888775e-01 
 4.348000000000057e-09  2.647106747661225e-01 
 4.352000000000057e-09  2.577274364409616e-01 
 4.356000000000057e-09  2.497291134167430e-01 
 4.360000000000058e-09  2.407422927250558e-01 
 4.364000000000058e-09  2.307975982034520e-01 
 4.368000000000059e-09  2.199297423550064e-01 
 4.372000000000059e-09  2.081775474511076e-01 
 4.376000000000059e-09  1.955839313164764e-01 
 4.380000000000060e-09  1.821958526828631e-01 
 4.384000000000060e-09  1.680642137178650e-01 
 4.388000000000061e-09  1.532437173595049e-01 
 4.392000000000061e-09  1.377926794543018e-01 
 4.396000000000061e-09  1.217727959211041e-01 
 4.400000000000062e-09  1.052488672006815e-01 
 4.404000000000062e-09  8.828848260163014e-02 
 4.408000000000063e-09  7.096166839309959e-02 
 4.412000000000063e-09  5.334050386866984e-02 
 4.416000000000063e-09  3.549871104879543e-02 
 4.420000000000064e-09  1.751012241808425e-02 
 4.424000000000064e-09 -5.473435188481091e-04 
 4.428000000000065e-09 -1.859584031074668e-02 
 4.432000000000065e-09 -3.656277394349061e-02 
 4.436000000000065e-09 -5.437520978101418e-02 
 4.440000000000066e-09 -7.195850779824653e-02 
 4.444000000000066e-09 -8.923841867197435e-02 
 4.448000000000067e-09 -1.061431048421015e-01 
 4.452000000000067e-09 -1.226034931375990e-01 
 4.456000000000067e-09 -1.385535281165780e-01 
 4.460000000000068e-09 -1.539302140667624e-01 
 4.464000000000068e-09 -1.686738078537706e-01 
 4.468000000000069e-09 -1.827279400210200e-01 
 4.472000000000069e-09 -1.960397872898296e-01 
 4.476000000000069e-09 -2.085601750133437e-01 
 4.480000000000070e-09 -2.202436783499735e-01 
 4.484000000000070e-09 -2.310486617491962e-01 
 4.488000000000071e-09 -2.409373022981858e-01 
 4.492000000000071e-09 -2.498755667165207e-01 
 4.496000000000071e-09 -2.578331747318412e-01 
 4.500000000000072e-09 -2.647835342430294e-01 
 4.504000000000072e-09 -2.707036730428833e-01 
 4.508000000000073e-09 -2.755741606728566e-01 
 4.512000000000073e-09 -2.793790392975906e-01 
 4.516000000000073e-09 -2.821057607886079e-01 
 4.520000000000074e-09 -2.837451436104801e-01 
 4.524000000000074e-09 -2.842913472671862e-01 
 4.528000000000075e-09 -2.837418726517633e-01 
 4.532000000000075e-09 -2.820975846955223e-01 
 4.536000000000075e-09 -2.793627605899094e-01 
 4.540000000000076e-09 -2.755451577642294e-01 
 4.544000000000076e-09 -2.706561004765495e-01 
 4.548000000000077e-09 -2.647105771517286e-01 
 4.552000000000077e-09 -2.577273441208421e-01 
 4.556000000000077e-09 -2.497290267555972e-01 
 4.560000000000078e-09 -2.407422120537852e-01 
 4.564000000000078e-09 -2.307975238180839e-01 
 4.568000000000079e-09 -2.199296745163473e-01 
 4.572000000000079e-09 -2.081774863847716e-01 
 4.576000000000079e-09 -1.955838772133571e-01 
 4.580000000000080e-09 -1.821958056985444e-01 
 4.584000000000080e-09 -1.680641739756759e-01 
 4.588000000000081e-09 -1.532436849511827e-01 
 4.592000000000081e-09 -1.377926544412365e-01 
 4.596000000000081e-09 -1.217727783365596e-01 
 4.600000000000082e-09 -1.052488570507588e-01 
 4.604000000000082e-09 -8.828847986776189e-02 
 4.608000000000083e-09 -7.096167303467205e-02 
 4.612000000000083e-09 -5.334051582195620e-02 
 4.616000000000083e-09 -3.549873023077943e-02 
 4.620000000000084e-09 -1.751014872309220e-02 
 4.624000000000084e-09  5.473102104502914e-04 
 4.628000000000085e-09  1.859580013252327e-02 
 4.632000000000085e-09  3.656272705105046e-02 
 4.636000000000085e-09  5.437515635018819e-02 
 4.640000000000086e-09  7.195844802264517e-02 
 4.644000000000086e-09  8.923835276220160e-02 
 4.648000000000087e-09  1.061430330257895e-01 
 4.652000000000087e-09  1.226034156595697e-01 
 4.656000000000087e-09  1.385534452411887e-01 
 4.660000000000088e-09  1.539301260768164e-01 
 4.664000000000088e-09  1.686737150533997e-01 
 4.668000000000089e-09  1.827278427344856e-01 
 4.672000000000089e-09  1.960396858640250e-01 
 4.676000000000089e-09  2.085600698158201e-01 
 4.680000000000090e-09  2.202435697702736e-01 
 4.684000000000090e-09  2.310485501975137e-01 
 4.688000000000091e-09  2.409371882061935e-01 
 4.692000000000091e-09  2.498754505332026e-01 
 4.696000000000091e-09  2.578330569255032e-01 
 4.700000000000092e-09  2.647834152964172e-01 
 4.704000000000092e-09  2.707035534516855e-01 
 4.708000000000093e-09  2.755740409437037e-01 
 4.712000000000093e-09  2.793789199437602e-01 
 4.716000000000093e-09  2.821056423272557e-01 
 4.720000000000094e-09  2.837450265576718e-01 
 4.724000000000094e-09  2.842912321356423e-01 
 4.728000000000095e-09  2.837417599458414e-01 
 4.732000000000095e-09  2.820974749077068e-01 
 4.736000000000095e-09  2.793626541971481e-01 
 4.740000000000096e-09  2.755450552232996e-01 
 4.744000000000096e-09  2.706560022215179e-01 
 4.748000000000097e-09  2.647104835914922e-01 
 4.752000000000097e-09  2.577272556348689e-01 
 4.756000000000097e-09  2.497289436933152e-01 
 4.760000000000098e-09  2.407421347321250e-01 
 4.764000000000098e-09  2.307974525209033e-01 
 4.768000000000099e-09  2.199296094938363e-01 
 4.772000000000099e-09  2.081774278530482e-01 
 4.776000000000099e-09  1.955838253546647e-01 
 4.780000000000100e-09  1.821957606633218e-01 
 4.784000000000100e-09  1.680641358815524e-01 
 4.788000000000101e-09  1.532436538857640e-01 
 4.792000000000101e-09  1.377926304635011e-01 
 4.796000000000101e-09  1.217727614783097e-01 
 4.800000000000102e-09  1.052488473183146e-01 
 4.804000000000102e-09  8.828847724351796e-02 
 4.808000000000103e-09  7.096167747891258e-02 
 4.812000000000103e-09  5.334052727383387e-02 
 4.816000000000103e-09  3.549874861008995e-02 
 4.820000000000104e-09  1.751017392978049e-02 
 4.824000000000104e-09 -5.472782918758412e-04 
 4.828000000000105e-09 -1.859576162945942e-02 
 4.832000000000105e-09 -3.656268211272540e-02 
 4.836000000000105e-09 -5.437510514594734e-02 
 4.840000000000106e-09 -7.195839073765242e-02 
 4.844000000000106e-09 -8.923828959822266e-02 
 4.848000000000107e-09 -1.061429642004956e-01 
 4.852000000000107e-09 -1.226033414079257e-01 
 4.856000000000107e-09 -1.385533658162199e-01 
 4.860000000000108e-09 -1.539300417503844e-01 
 4.864000000000108e-09 -1.686736261164032e-01 
 4.868000000000109e-09 -1.827277494984472e-01 
 4.872000000000109e-09 -1.960395886604553e-01 
 4.876000000000109e-09 -2.085599689973714e-01 
 4.880000000000110e-09 -2.202434657102081e-01 
 4.884000000000110e-09 -2.310484432890254e-01 
 4.888000000000111e-09 -2.409370788624781e-01 
 4.892000000000111e-09 -2.498753391860133e-01 
 4.896000000000111e-09 -2.578329440221778e-01 
 4.900000000000112e-09 -2.647833013005467e-01 
 4.904000000000112e-09 -2.707034388385279e-01 
 4.908000000000113e-09 -2.755739261987373e-01 
 4.912000000000113e-09 -2.793788055583539e-01 
 4.916000000000113e-09 -2.821055287967105e-01 
 4.920000000000114e-09 -2.837449143773867e-01 
 4.924000000000114e-09 -2.842911217970681e-01 
 4.928000000000115e-09 -2.837416519314822e-01 
 4.932000000000115e-09 -2.820973696904889e-01 
 4.936000000000115e-09 -2.793625522337728e-01 
 4.940000000000116e-09 -2.755449569514021e-01 
 4.944000000000116e-09 -2.706559080579742e-01 
 4.948000000000117e-09 -2.647103939263875e-01 
 4.952000000000117e-09 -2.577271708330873e-01 
 4.956000000000117e-09 -2.497288640897781e-01 
 4.960000000000118e-09 -2.407420606308603e-01 
 4.964000000000118e-09 -2.307973841943429e-01 
 4.968000000000119e-09 -2.199295471808815e-01 
 4.972000000000119e-09 -2.081773717606401e-01 
 4.976000000000119e-09 -1.955837756586050e-01 
 4.980000000000120e-09 -1.821957175066711e-01 
 4.984000000000120e-09 -1.680640993775011e-01 
 4.988000000000121e-09 -1.532436241182147e-01 
 4.992000000000121e-09 -1.377926074898035e-01 
 4.996000000000121e-09 -1.217727453280197e-01 
 5.000000000000122e-09 -1.052488379973067e-01 
 5.004000000000122e-09 -8.828847473523105e-02 
 5.008000000000122e-09 -7.096168174510176e-02 
 5.012000000000123e-09 -5.334053825698248e-02 
 5.016000000000123e-09 -3.549876623323911e-02 
 5.020000000000124e-09 -1.751019809587540e-02 
 5.024000000000124e-09  5.472476920029834e-04 
 5.028000000000124e-09  1.859572471910731e-02 
 5.032000000000125e-09  3.656263903547874e-02 
 5.036000000000125e-09  5.437505606241011e-02 
 5.040000000000126e-09  7.195833582579425e-02 
 5.044000000000126e-09  8.923822905131829e-02 
 5.048000000000126e-09  1.061428982278301e-01 
 5.052000000000127e-09  1.226032702350270e-01 
 5.056000000000127e-09  1.385532896854524e-01 
 5.060000000000128e-09  1.539299609218627e-01 
 5.064000000000128e-09  1.686735408686353e-01 
 5.068000000000128e-09  1.827276601304959e-01 
 5.072000000000129e-09  1.960394954901004e-01 
 5.076000000000129e-09  2.085598723624402e-01 
 5.080000000000130e-09  2.202433659684564e-01 
 5.084000000000130e-09  2.310483408172228e-01 
 5.088000000000130e-09  2.409369740567078e-01 
 5.092000000000131e-09  2.498752324593232e-01 
 5.096000000000131e-09  2.578328358053090e-01 
 5.100000000000132e-09  2.647831920354879e-01 
 5.104000000000132e-09  2.707033289821075e-01 
 5.108000000000132e-09  2.755738162155508e-01 
 5.112000000000133e-09  2.793786959204154e-01 
 5.116000000000133e-09  2.821054199781985e-01 
 5.120000000000134e-09  2.837448068529500e-01 
 5.124000000000134e-09  2.842910160375007e-01 
 5.128000000000134e-09  2.837415484002401e-01 
 5.132000000000135e-09  2.820972688403578e-01 
 5.136000000000135e-09  2.793624545011217e-01 
 5.140000000000136e-09  2.755448627573349e-01 
 5.144000000000136e-09  2.706558178009923e-01 
 5.148000000000136e-09  2.647103079822126e-01 
 5.152000000000137e-09  2.577270895496966e-01 
 5.156000000000137e-09  2.497287877884151e-01 
 5.160000000000138e-09  2.407419896027410e-01 
 5.164000000000138e-09  2.307973186997776e-01 
 5.168000000000138e-09  2.199294874507460e-01 
 5.172000000000139e-09  2.081773179932682e-01 
 5.176000000000139e-09  1.955837280207104e-01 
 5.180000000000140e-09  1.821956761360841e-01 
 5.184000000000140e-09  1.680640643832501e-01 
 5.188000000000140e-09  1.532435955803386e-01 
 5.192000000000141e-09  1.377925854625399e-01 
 5.196000000000141e-09  1.217727298405524e-01 
 5.200000000000142e-09  1.052488290554550e-01 
 5.204000000000142e-09  8.828847232350334e-02 
 5.208000000000142e-09  7.096168582563500e-02 
 5.212000000000143e-09  5.334054877496186e-02 
 5.216000000000143e-09  3.549878311467758e-02 
 5.220000000000144e-09  1.751022124912005e-02 
 5.224000000000144e-09 -5.472183730255153e-04 
 5.228000000000144e-09 -1.859568935258693e-02 
 5.232000000000145e-09 -3.656259775740800e-02 
 5.236000000000145e-09 -5.437500902804615e-02 
 5.240000000000146e-09 -7.195828320600484e-02 
 5.244000000000146e-09 -8.923817103099196e-02 
 5.248000000000146e-09 -1.061428350071409e-01 
 5.252000000000147e-09 -1.226032020299019e-01 
 5.256000000000147e-09 -1.385532167282619e-01 
 5.260000000000148e-09 -1.539298834619256e-01 
 5.264000000000148e-09 -1.686734591739878e-01 
 5.268000000000148e-09 -1.827275744864654e-01 
 5.272000000000149e-09 -1.960394062011908e-01 
 5.276000000000149e-09 -2.085597797530809e-01 
 5.280000000000150e-09 -2.202432703806991e-01 
 5.284000000000150e-09 -2.310482426140554e-01 
 5.288000000000150e-09 -2.409368736163131e-01 
 5.292000000000151e-09 -2.498751301785207e-01 
 5.296000000000151e-09 -2.578327320948102e-01 
 5.300000000000152e-09 -2.647830873212667e-01 
 5.304000000000152e-09 -2.707032237009837e-01 
 5.308000000000152e-09 -2.755737108125691e-01 
 5.312000000000153e-09 -2.793785908479116e-01 
 5.316000000000153e-09 -2.821053156914273e-01 
 5.320000000000154e-09 -2.837447038064569e-01 
 5.324000000000154e-09 -2.842909146819954e-01 
 5.328000000000154e-09 -2.837414491808139e-01 
 5.332000000000155e-09 -2.820971721893903e-01 
 5.336000000000155e-09 -2.793623608388813e-01 
 5.340000000000156e-09 -2.755447724866338e-01 
 5.344000000000156e-09 -2.706557313038975e-01 
 5.348000000000156e-09 -2.647102256176614e-01 
 5.352000000000157e-09 -2.577270116525709e-01 
 5.356000000000157e-09 -2.497287146663041e-01 
 5.360000000000158e-09 -2.407419215344202e-01 
 5.364000000000158e-09 -2.307972559354745e-01 
 5.368000000000158e-09 -2.199294302103469e-01 
 5.372000000000159e-09 -2.081772664673185e-01 
 5.376000000000159e-09 -1.955836823700556e-01 
 5.380000000000160e-09 -1.821956364926702e-01 
 5.384000000000160e-09 -1.680640308507062e-01 
 5.388000000000160e-09 -1.532435682361495e-01 
 5.392000000000161e-09 -1.377925643589251e-01 
 5.396000000000161e-09 -1.217727150044698e-01 
 5.400000000000162e-09 -1.052488204926121e-01 
 5.404000000000162e-09 -8.828847001847961e-02 
 5.408000000000162e-09 -7.096168974413075e-02 
 5.412000000000163e-09 -5.334055886269340e-02 
 5.416000000000163e-09 -3.549879930196731e-02 
 5.420000000000164e-09 -1.751024344678243e-02 
 5.424000000000164e-09  5.471902663138906e-04 
 5.428000000000164e-09  1.859565544876141e-02 
 5.432000000000165e-09  3.656255818796517e-02 
 5.436000000000165e-09  5.437496394197439e-02 
 5.440000000000166e-09  7.195823276604330e-02 
 5.444000000000166e-09  8.923811541482607e-02 
 5.448000000000166e-09  1.061427744069317e-01 
 5.452000000000167e-09  1.226031366522946e-01 
 5.456000000000167e-09  1.385531467960757e-01 
 5.460000000000168e-09  1.539298092141692e-01 
 5.464000000000168e-09  1.686733808671388e-01 
 5.468000000000168e-09  1.827274923944673e-01 
 5.472000000000169e-09  1.960393206165660e-01 
 5.476000000000169e-09  2.085596909856067e-01 
 5.480000000000170e-09  2.202431787598824e-01 
 5.484000000000170e-09  2.310481484856082e-01 
 5.488000000000170e-09  2.409367773438618e-01 
 5.492000000000171e-09  2.498750321421213e-01 
 5.496000000000171e-09  2.578326326881877e-01 
 5.500000000000172e-09  2.647829869532559e-01 
 5.504000000000172e-09  2.707031227887664e-01 
 5.508000000000172e-09  2.755736097846153e-01 
 5.512000000000173e-09  2.793784901361906e-01 
 5.516000000000173e-09  2.821052157319031e-01 
 5.520000000000174e-09  2.837446050356629e-01 
 5.524000000000174e-09  2.842908175326389e-01 
 5.528000000000174e-09  2.837413540778999e-01 
 5.532000000000175e-09  2.820970795492641e-01 
 5.536000000000175e-09  2.793622710631849e-01 
 5.540000000000176e-09  2.755446859606827e-01 
 5.544000000000176e-09  2.706556483941958e-01 
 5.548000000000176e-09  2.647101466695414e-01 
 5.552000000000177e-09  2.577269369863973e-01 
 5.556000000000177e-09  2.497286445762228e-01 
 5.560000000000178e-09  2.407418562889045e-01 
 5.564000000000178e-09  2.307971957733752e-01 
 5.568000000000178e-09  2.199293753429208e-01 
 5.572000000000179e-09  2.081772170770950e-01 
 5.576000000000179e-09  1.955836386106640e-01 
 5.580000000000180e-09  1.821955984907859e-01 
 5.584000000000180e-09  1.680639987053265e-01 
 5.588000000000180e-09  1.532435420217304e-01 
 5.592000000000181e-09  1.377925441245633e-01 
 5.596000000000181e-09  1.217727007780862e-01 
 5.600000000000182e-09  1.052488122789210e-01 
 5.604000000000182e-09  8.828846780245847e-02 
 5.608000000000182e-09  7.096169349243553e-02 
 5.612000000000183e-09  5.334056852411706e-02 
 5.616000000000183e-09  3.549881480889994e-02 
 5.620000000000184e-09  1.751026471470141e-02 
 5.624000000000184e-09 -5.471633342786220e-04 
 5.628000000000184e-09 -1.859562296117012e-02 
 5.632000000000185e-09 -3.656252027105467e-02 
 5.636000000000185e-09 -5.437492073775196e-02 
 5.640000000000186e-09 -7.195818443033986e-02 
 5.644000000000186e-09 -8.923806211879892e-02 
 5.648000000000186e-09 -1.061427163337356e-01 
 5.652000000000187e-09 -1.226030740005548e-01 
 5.656000000000187e-09 -1.385530797792729e-01 
 5.660000000000188e-09 -1.539297380618248e-01 
 5.664000000000188e-09 -1.686733058242762e-01 
 5.668000000000188e-09 -1.827274137237840e-01 
 5.672000000000189e-09 -1.960392385981793e-01 
 5.676000000000189e-09 -2.085596059169470e-01 
 5.680000000000190e-09 -2.202430909559192e-01 
 5.684000000000190e-09 -2.310480582778842e-01 
 5.688000000000190e-09 -2.409366850812713e-01 
 5.692000000000191e-09 -2.498749381888086e-01 
 5.696000000000191e-09 -2.578325374228001e-01 
 5.700000000000192e-09 -2.647828907653240e-01 
 5.704000000000192e-09 -2.707030260800112e-01 
 5.708000000000192e-09 -2.755735129643215e-01 
 5.712000000000193e-09 -2.793783936197711e-01 
 5.716000000000193e-09 -2.821051199373392e-01 
 5.720000000000194e-09 -2.837445103802070e-01 
 5.724000000000194e-09 -2.842907244310555e-01 
 5.728000000000194e-09 -2.837412629379421e-01 
 5.732000000000195e-09 -2.820969907687170e-01 
 5.736000000000195e-09 -2.793621850285126e-01 
 5.740000000000196e-09 -2.755446030410049e-01 
 5.744000000000196e-09 -2.706555689408474e-01 
 5.748000000000196e-09 -2.647100710124826e-01 
 5.752000000000197e-09 -2.577268654333817e-01 
 5.756000000000197e-09 -2.497285774090274e-01 
 5.760000000000198e-09 -2.407417937643777e-01 
 5.764000000000198e-09 -2.307971381214431e-01 
 5.768000000000198e-09 -2.199293227650916e-01 
 5.772000000000199e-09 -2.081771697482404e-01 
 5.776000000000199e-09 -1.955835966788966e-01 
 5.780000000000200e-09 -1.821955620771067e-01 
 5.784000000000200e-09 -1.680639679055478e-01 
 5.788000000000200e-09 -1.532435169060644e-01 
 5.792000000000201e-09 -1.377925247407905e-01 
 5.796000000000201e-09 -1.217726871518661e-01 
 5.800000000000202e-09 -1.052488044155417e-01 
 5.804000000000202e-09 -8.828846568785664e-02 
 5.808000000000202e-09 -7.096169709384981e-02 
 5.812000000000203e-09 -5.334057779278467e-02 
 5.816000000000203e-09 -3.549882968080809e-02 
 5.820000000000204e-09 -1.751028510701857e-02 
 5.824000000000204e-09  5.471375136121281e-04 
 5.828000000000204e-09  1.859559181566972e-02 
 5.832000000000205e-09  3.656248392138650e-02 
 5.836000000000205e-09  5.437487931964569e-02 
 5.840000000000206e-09  7.195813809544838e-02 
 5.844000000000206e-09  8.923801102887197e-02 
 5.848000000000206e-09  1.061426606654958e-01 
 5.852000000000207e-09  1.226030139442180e-01 
 5.856000000000207e-09  1.385530155391645e-01 
 5.860000000000208e-09  1.539296698573231e-01 
 5.864000000000208e-09  1.686732338916261e-01 
 5.868000000000208e-09  1.827273383140522e-01 
 5.872000000000209e-09  1.960391599798097e-01 
 5.876000000000209e-09  2.085595243754446e-01 
 5.880000000000210e-09  2.202430067921446e-01 
 5.884000000000210e-09  2.310479718117557e-01 
 5.888000000000210e-09  2.409365966460575e-01 
 5.892000000000211e-09  2.498748481320900e-01 
 5.896000000000211e-09  2.578324461082904e-01 
 5.900000000000212e-09  2.647827985668210e-01 
 5.904000000000212e-09  2.707029333823296e-01 
 5.908000000000212e-09  2.755734201594384e-01 
 5.912000000000213e-09  2.793783011058864e-01 
 5.916000000000213e-09  2.821050281148780e-01 
 5.920000000000214e-09  2.837444196500343e-01 
 5.924000000000214e-09  2.842906351897048e-01 
 5.928000000000214e-09  2.837411755771333e-01 
 5.932000000000215e-09  2.820969056702125e-01 
 5.936000000000215e-09  2.793621025612045e-01 
 5.940000000000216e-09  2.755445235590095e-01 
 5.944000000000216e-09  2.706554927809073e-01 
 5.948000000000216e-09  2.647099984915311e-01 
 5.952000000000217e-09  2.577267968452075e-01 
 5.956000000000217e-09  2.497285130246860e-01 
 5.960000000000218e-09  2.407417338293412e-01 
 5.964000000000218e-09  2.307970828560135e-01 
 5.968000000000218e-09  2.199292723634603e-01 
 5.972000000000219e-09  2.081771243772117e-01 
 5.976000000000219e-09  1.955835564805373e-01 
 5.980000000000220e-09  1.821955271674849e-01 
 5.984000000000220e-09  1.680639383753508e-01 
 5.988000000000220e-09  1.532434928248563e-01 
 5.992000000000221e-09  1.377925061526906e-01 
 5.996000000000221e-09  1.217726740822513e-01 
 6.000000000000222e-09  1.052487968689153e-01 
 6.004000000000222e-09  8.828846365044285e-02 
 6.008000000000222e-09  7.096170053521078e-02 
 6.012000000000223e-09  5.334058666656460e-02 
 6.016000000000223e-09  3.549884392396230e-02 
 6.020000000000224e-09  1.751030464239989e-02 
 6.024000000000224e-09 -5.471127759903993e-04 
 6.028000000000224e-09 -1.859556197460854e-02 
 6.032000000000225e-09 -3.656244909269724e-02 
 6.036000000000225e-09 -5.437483963413747e-02 
 6.040000000000226e-09 -7.195809369577688e-02 
 6.044000000000226e-09 -8.923796207255208e-02 
 6.048000000000226e-09 -1.061426073216580e-01 
 6.052000000000227e-09 -1.226029563940241e-01 
 6.056000000000227e-09 -1.385529539792394e-01 
 6.060000000000228e-09 -1.539296044984209e-01 
 6.064000000000228e-09 -1.686731649587472e-01 
 6.068000000000228e-09 -1.827272660492270e-01 
 6.072000000000229e-09 -1.960390846393931e-01 
 6.076000000000229e-09 -2.085594462328819e-01 
 6.080000000000230e-09 -2.202429261372325e-01 
 6.084000000000230e-09 -2.310478889483232e-01 
 6.088000000000230e-09 -2.409365118952138e-01 
 6.092000000000231e-09 -2.498747618287256e-01 
 6.096000000000231e-09 -2.578323585988080e-01 
 6.100000000000232e-09 -2.647827102102922e-01 
 6.104000000000232e-09 -2.707028445471615e-01 
 6.108000000000232e-09 -2.755733312219846e-01 
 6.112000000000233e-09 -2.793782124474788e-01 
 6.116000000000233e-09 -2.821049401189690e-01 
 6.120000000000234e-09 -2.837443327011109e-01 
 6.124000000000234e-09 -2.842905496679453e-01 
 6.128000000000234e-09 -2.837410918568037e-01 
 6.132000000000235e-09 -2.820968241172852e-01 
 6.136000000000235e-09 -2.793620235298608e-01 
 6.140000000000236e-09 -2.755444473900162e-01 
 6.144000000000236e-09 -2.706554197953137e-01 
 6.148000000000236e-09 -2.647099289923389e-01 
 6.152000000000237e-09 -2.577267311160814e-01 
 6.156000000000237e-09 -2.497284513246472e-01 
 6.160000000000238e-09 -2.407416763944612e-01 
 6.164000000000238e-09 -2.307970298969524e-01 
 6.168000000000238e-09 -2.199292240656208e-01 
 6.172000000000239e-09 -2.081770809012014e-01 
 6.176000000000239e-09 -1.955835179615413e-01 
 6.180000000000240e-09 -1.821954937172432e-01 
 6.184000000000240e-09 -1.680639100820862e-01 
 6.188000000000240e-09 -1.532434697525851e-01 
 6.192000000000241e-09 -1.377924883463120e-01 
 6.196000000000241e-09 -1.217726615640320e-01 
 6.200000000000242e-09 -1.052487896444543e-01 
 6.204000000000242e-09 -8.828846170636950e-02 
 6.208000000000242e-09 -7.096170384216194e-02 
 6.212000000000243e-09 -5.334059517904244e-02 
 6.216000000000243e-09 -3.549885758280702e-02 
 6.220000000000244e-09 -1.751032337294944e-02 
 6.224000000000244e-09  5.470890581147358e-04 
 6.228000000000244e-09  1.859553336605835e-02 
 6.232000000000245e-09  3.656241570350716e-02 
 6.236000000000245e-09  5.437480158908947e-02 
 6.240000000000246e-09  7.195805113417642e-02 
 6.244000000000246e-09  8.923791514322588e-02 
 6.248000000000246e-09  1.061425561865530e-01 
 6.252000000000247e-09  1.226029012289658e-01 
 6.256000000000247e-09  1.385528949713386e-01 
 6.260000000000248e-09  1.539295418488251e-01 
 6.264000000000248e-09  1.686730988836462e-01 
 6.268000000000248e-09  1.827271967802204e-01 
 6.272000000000249e-09  1.960390124231122e-01 
 6.276000000000249e-09  2.085593713315550e-01 
 6.280000000000250e-09  2.202428488278318e-01 
 6.284000000000250e-09  2.310478095227673e-01 
 6.288000000000250e-09  2.409364306613098e-01 
 6.292000000000251e-09  2.498746791058393e-01 
 6.296000000000251e-09  2.578322747202106e-01 
 6.300000000000252e-09  2.647826255198300e-01 
 6.304000000000252e-09  2.707027593982425e-01 
 6.308000000000252e-09  2.755732459744378e-01 
 6.312000000000253e-09  2.793781274671514e-01 
 6.316000000000253e-09  2.821048557745125e-01 
 6.320000000000254e-09  2.837442493585616e-01 
 6.324000000000254e-09  2.842904676937699e-01 
 6.328000000000254e-09  2.837410116098853e-01 
 6.332000000000255e-09  2.820967459484172e-01 
 6.336000000000255e-09  2.793619477782869e-01 
 6.340000000000256e-09  2.755443743798462e-01 
 6.344000000000256e-09  2.706553498370052e-01 
 6.348000000000256e-09  2.647098623773463e-01 
 6.352000000000257e-09  2.577266681135928e-01 
 6.356000000000257e-09  2.497283921839948e-01 
 6.360000000000258e-09  2.407416213412148e-01 
 6.364000000000258e-09  2.307969791323963e-01 
 6.368000000000258e-09  2.199291777688170e-01 
 6.372000000000259e-09  2.081770392254807e-01 
 6.376000000000259e-09  1.955834810382537e-01 
 6.380000000000260e-09  1.821954616514017e-01 
 6.384000000000260e-09  1.680638829580712e-01 
 6.388000000000260e-09  1.532434476330859e-01 
 6.392000000000261e-09  1.377924712731389e-01 
 6.396000000000261e-09  1.217726495607092e-01 
 6.400000000000262e-09  1.052487827144262e-01 
 6.404000000000262e-09  8.828845983680544e-02 
 6.408000000000262e-09  7.096170700531879e-02 
 6.412000000000263e-09  5.334060333173696e-02 
 6.416000000000263e-09  3.549887066814783e-02 
 6.420000000000264e-09  1.751034131903673e-02 
 6.424000000000264e-09 -5.470663330768843e-04 
 6.428000000000264e-09 -1.859550595310111e-02 
 6.432000000000265e-09 -3.656238370870568e-02 
 6.436000000000265e-09 -5.437476513313300e-02 
 6.440000000000266e-09 -7.195801034851357e-02 
 6.444000000000266e-09 -8.923787017177176e-02 
 6.448000000000266e-09 -1.061425071842965e-01 
 6.452000000000267e-09 -1.226028483633321e-01 
 6.456000000000267e-09 -1.385528384216475e-01 
 6.460000000000268e-09 -1.539294818094081e-01 
 6.464000000000268e-09 -1.686730355625503e-01 
 6.468000000000268e-09 -1.827271303976090e-01 
 6.472000000000269e-09 -1.960389432158500e-01 
 6.476000000000269e-09 -2.085592995499557e-01 
 6.480000000000270e-09 -2.202427747382467e-01 
 6.484000000000270e-09 -2.310477334062524e-01 
 6.488000000000270e-09 -2.409363528105848e-01 
 6.492000000000271e-09 -2.498745998281562e-01 
 6.496000000000271e-09 -2.578321943344477e-01 
 6.500000000000272e-09 -2.647825443561427e-01 
 6.504000000000272e-09 -2.707026777947896e-01 
 6.508000000000272e-09 -2.755731642775574e-01 
 6.512000000000273e-09 -2.793780460261948e-01 
 6.516000000000273e-09 -2.821047749419610e-01 
 6.520000000000274e-09 -2.837441694878560e-01 
 6.524000000000274e-09 -2.842903891340876e-01 
 6.528000000000274e-09 -2.837409347054241e-01 
 6.532000000000275e-09 -2.820966710352466e-01 
 6.536000000000275e-09 -2.793618751814411e-01 
 6.540000000000276e-09 -2.755443044120480e-01 
 6.544000000000276e-09 -2.706552827939337e-01 
 6.548000000000276e-09 -2.647097985373694e-01 
 6.552000000000277e-09 -2.577266077359424e-01 
 6.556000000000277e-09 -2.497283355076716e-01 
 6.560000000000278e-09 -2.407415685818686e-01 
 6.564000000000278e-09 -2.307969304844688e-01 
 6.568000000000278e-09 -2.199291334027711e-01 
 6.572000000000279e-09 -2.081769992898472e-01 
 6.576000000000279e-09 -1.955834456549361e-01 
 6.580000000000280e-09 -1.821954309245228e-01 
 6.584000000000280e-09 -1.680638569678639e-01 
 6.588000000000280e-09 -1.532434264397793e-01 
 6.592000000000281e-09 -1.377924549160880e-01 
 6.596000000000281e-09 -1.217726380614881e-01 
 6.600000000000282e-09 -1.052487760779286e-01 
 6.604000000000282e-09 -8.828845805161656e-02 
 6.608000000000282e-09 -7.096171004346452e-02 
 6.612000000000283e-09 -5.334061115214972e-02 
 6.616000000000283e-09 -3.549888321557937e-02 
 6.620000000000284e-09 -1.751035852567995e-02 
 6.624000000000284e-09  5.470445461597251e-04 
 6.628000000000284e-09  1.859547967298880e-02 
 6.632000000000285e-09  3.656235303740019e-02 
 6.636000000000285e-09  5.437473018524486e-02 
 6.640000000000286e-09  7.195797125181080e-02 
 6.644000000000286e-09  8.923782706313155e-02 
 6.648000000000286e-09  1.061424602124301e-01 
 6.652000000000287e-09  1.226027976882218e-01 
 6.656000000000287e-09  1.385527842162713e-01 
 6.660000000000288e-09  1.539294242594469e-01 
 6.664000000000288e-09  1.686729748654479e-01 
 6.668000000000288e-09  1.827270667669563e-01 
 6.672000000000289e-09  1.960388768780845e-01 
 6.676000000000289e-09  2.085592307460331e-01 
 6.680000000000290e-09  2.202427037222510e-01 
 6.684000000000290e-09  2.310476604457792e-01 
 6.688000000000290e-09  2.409362781874904e-01 
 6.692000000000291e-09  2.498745238382805e-01 
 6.696000000000291e-09  2.578321172825300e-01 
 6.700000000000292e-09  2.647824665586445e-01 
 6.704000000000292e-09  2.707025995764312e-01 
 6.708000000000292e-09  2.755730859686922e-01 
 6.712000000000293e-09  2.793779679629211e-01 
 6.716000000000293e-09  2.821046974620123e-01 
 6.720000000000294e-09  2.837440929285902e-01 
 6.724000000000294e-09  2.842903138316886e-01 
 6.728000000000294e-09  2.837408609896994e-01 
 6.732000000000295e-09  2.820965992280884e-01 
 6.736000000000295e-09  2.793618055945444e-01 
 6.740000000000296e-09  2.755442373438943e-01 
 6.744000000000296e-09  2.706552185287405e-01 
 6.748000000000296e-09  2.647097373427707e-01 
 6.752000000000297e-09  2.577265498604113e-01 
 6.756000000000297e-09  2.497282811792703e-01 
 6.760000000000298e-09  2.407415180079227e-01 
 6.764000000000298e-09  2.307968838512151e-01 
 6.768000000000298e-09  2.199290908732099e-01 
 6.772000000000299e-09  2.081769610041189e-01 
 6.776000000000299e-09  1.955834117346384e-01 
 6.780000000000300e-09  1.821954014666005e-01 
 6.784000000000300e-09  1.680638320497199e-01 
 6.788000000000300e-09  1.532434061184684e-01 
 6.792000000000301e-09  1.377924392304362e-01 
 6.796000000000301e-09  1.217726270328754e-01 
 6.800000000000302e-09  1.052487697091422e-01 
 6.804000000000302e-09  8.828845633199833e-02 
 6.808000000000302e-09  7.096171294666398e-02 
 6.812000000000303e-09  5.334061863863049e-02 
 6.816000000000303e-09  3.549889523320005e-02 
 6.820000000000304e-09  1.751037500848618e-02 
 6.824000000000304e-09 -5.470236734357314e-04 
 6.828000000000304e-09 -1.859545449415734e-02 
 6.832000000000305e-09 -3.656232365008272e-02 
 6.836000000000305e-09 -5.437469669962169e-02 
 6.840000000000306e-09 -7.195793378878612e-02 
 6.844000000000306e-09 -8.923778575425523e-02 
 6.848000000000306e-09 -1.061424152012851e-01 
 6.852000000000307e-09 -1.226027491279691e-01 
 6.856000000000307e-09 -1.385527322735101e-01 
 6.860000000000308e-09 -1.539293691108110e-01 
 6.864000000000308e-09 -1.686729167019596e-01 
 6.868000000000308e-09 -1.827270057917101e-01 
 6.872000000000309e-09 -1.960388133073252e-01 
 6.876000000000309e-09 -2.085591648102856e-01 
 6.880000000000310e-09 -2.202426356663025e-01 
 6.884000000000310e-09 -2.310475905274920e-01 
 6.888000000000310e-09 -2.409362066769649e-01 
 6.892000000000311e-09 -2.498744510165167e-01 
 6.896000000000311e-09 -2.578320434437895e-01 
 6.900000000000312e-09 -2.647823920054835e-01 
 6.904000000000312e-09 -2.707025246193657e-01 
 6.908000000000312e-09 -2.755730109248300e-01 
 6.912000000000313e-09 -2.793778931539732e-01 
 6.916000000000313e-09 -2.821046232133453e-01 
 6.920000000000314e-09 -2.837440195630427e-01 
 6.924000000000314e-09 -2.842902416698432e-01 
 6.928000000000314e-09 -2.837407903479696e-01 
 6.932000000000315e-09 -2.820965304158087e-01 
 6.936000000000315e-09 -2.793617389101763e-01 
 6.940000000000316e-09 -2.755441730742665e-01 
 6.944000000000316e-09 -2.706551569460438e-01 
 6.948000000000316e-09 -2.647096787019896e-01 
 6.952000000000317e-09 -2.577264944007505e-01 
 6.956000000000317e-09 -2.497282291188787e-01 
 6.960000000000318e-09 -2.407414695464585e-01 
 6.964000000000318e-09 -2.307968391654054e-01 
 6.968000000000318e-09 -2.199290501205393e-01 
 6.972000000000319e-09 -2.081769243211227e-01 
 6.976000000000319e-09 -1.955833792341561e-01 
 6.980000000000320e-09 -1.821953732428305e-01 
 6.984000000000320e-09 -1.680638081769992e-01 
 6.988000000000320e-09 -1.532433866519689e-01 
 6.992000000000321e-09 -1.377924242067543e-01 
 6.996000000000321e-09 -1.217726164713397e-01 
 7.000000000000322e-09 -1.052487636146200e-01 
 7.004000000000322e-09 -8.828845469309599e-02 
 7.008000000000322e-09 -7.096171573807197e-02 
 7.012000000000323e-09 -5.334062582304533e-02 
 7.016000000000323e-09 -3.549890676046275e-02 
 7.020000000000324e-09 -1.751039081432815e-02 
 7.024000000000324e-09  5.470036594701355e-04 
 7.028000000000324e-09  1.859543035355316e-02 
 7.032000000000325e-09  3.656229547526735e-02 
 7.036000000000325e-09  5.437466459675733e-02 
 7.040000000000326e-09  7.195789787430051e-02 
 7.044000000000326e-09  8.923774615514368e-02 
 7.048000000000326e-09  1.061423720534034e-01 
 7.052000000000327e-09  1.226027025792789e-01 
 7.056000000000327e-09  1.385526824814676e-01 
 7.060000000000328e-09  1.539293162458808e-01 
 7.064000000000328e-09  1.686728609473995e-01 
 7.068000000000328e-09  1.827269473419353e-01 
 7.072000000000329e-09  1.960387523711447e-01 
 7.076000000000329e-09  2.085591016085022e-01 
 7.080000000000330e-09  2.202425704318411e-01 
 7.084000000000330e-09  2.310475235079270e-01 
 7.088000000000330e-09  2.409361381305217e-01 
 7.092000000000331e-09  2.498743812145428e-01 
 7.096000000000331e-09  2.578319726666187e-01 
 7.100000000000332e-09  2.647823205423769e-01 
 7.104000000000332e-09  2.707024527694704e-01 
 7.108000000000332e-09  2.755729389921862e-01 
 7.112000000000333e-09  2.793778214472622e-01 
 7.116000000000333e-09  2.821045520419152e-01 
 7.120000000000334e-09  2.837439492378466e-01 
 7.124000000000334e-09  2.842901724993203e-01 
 7.128000000000334e-09  2.837407226350492e-01 
 7.132000000000335e-09  2.820964644546993e-01 
 7.136000000000335e-09  2.793616749887227e-01 
 7.140000000000336e-09  2.755441114668371e-01 
 7.144000000000336e-09  2.706550979137901e-01 
 7.148000000000336e-09  2.647096224902450e-01 
 7.152000000000337e-09  2.577264412376330e-01 
 7.156000000000337e-09  2.497281792135846e-01 
 7.160000000000338e-09  2.407414230901876e-01 
 7.164000000000338e-09  2.307967963295257e-01 
 7.168000000000338e-09  2.199290110538215e-01 
 7.172000000000339e-09  2.081768891530960e-01 
 7.176000000000339e-09  1.955833480757647e-01 
 7.180000000000340e-09  1.821953461840007e-01 
 7.184000000000340e-09  1.680637852882256e-01 
 7.188000000000340e-09  1.532433679852065e-01 
 7.192000000000341e-09  1.377924097990739e-01 
 7.196000000000341e-09  1.217726063409188e-01 
 7.200000000000342e-09  1.052487577650911e-01 
 7.204000000000342e-09  8.828845311311362e-02 
 7.208000000000342e-09  7.096171840538723e-02 
 7.212000000000343e-09  5.334063270048262e-02 
 7.216000000000343e-09  3.549891779988279e-02 
 7.220000000000344e-09  1.751040595572562e-02 
 7.224000000000344e-09 -5.469844858243533e-04 
 7.228000000000344e-09 -1.859540722379727e-02 
 7.232000000000345e-09 -3.656226847990851e-02 
 7.236000000000345e-09 -5.437463383721308e-02 
 7.240000000000346e-09 -7.195786346166599e-02 
 7.244000000000346e-09 -8.923770820984167e-02 
 7.248000000000346e-09 -1.061423307067564e-01 
 7.252000000000347e-09 -1.226026579727097e-01 
 7.256000000000347e-09 -1.385526347666808e-01 
 7.260000000000348e-09 -1.539292655869868e-01 
 7.264000000000348e-09 -1.686728075185879e-01 
 7.268000000000348e-09 -1.827268913299687e-01 
 7.272000000000349e-09 -1.960386939754137e-01 
 7.276000000000349e-09 -2.085590410409939e-01 
 7.280000000000350e-09 -2.202425079178116e-01 
 7.284000000000350e-09 -2.310474592819975e-01 
 7.288000000000350e-09 -2.409360724415759e-01 
 7.292000000000351e-09 -2.498743143214801e-01 
 7.296000000000351e-09 -2.578319048385023e-01 
 7.300000000000352e-09 -2.647822520589722e-01 
 7.304000000000352e-09 -2.707023839146552e-01 
 7.308000000000352e-09 -2.755728700580442e-01 
 7.312000000000353e-09 -2.793777527288435e-01 
 7.316000000000353e-09 -2.821044838370250e-01 
 7.320000000000354e-09 -2.837438818445503e-01 
 7.324000000000354e-09 -2.842901062121597e-01 
 7.328000000000354e-09 -2.837406577441843e-01 
 7.332000000000355e-09 -2.820964012447758e-01 
 7.336000000000355e-09 -2.793616137336923e-01 
 7.340000000000356e-09 -2.755440524293125e-01 
 7.344000000000356e-09 -2.706550413444706e-01 
 7.348000000000356e-09 -2.647095686239540e-01 
 7.352000000000357e-09 -2.577263902924969e-01 
 7.356000000000357e-09 -2.497281313918505e-01 
 7.360000000000358e-09 -2.407413785739188e-01 
 7.364000000000358e-09 -2.307967552815882e-01 
 7.368000000000358e-09 -2.199289736191066e-01 
 7.372000000000359e-09 -2.081768554562604e-01 
 7.376000000000359e-09 -1.955833182211961e-01 
 7.380000000000360e-09 -1.821953202579500e-01 
 7.384000000000360e-09 -1.680637633586954e-01 
 7.388000000000360e-09 -1.532433501034092e-01 
 7.392000000000361e-09 -1.377923959980905e-01 
 7.396000000000361e-09 -1.217725966388414e-01 
 7.400000000000362e-09 -1.052487521662986e-01 
 7.404000000000362e-09 -8.828845160747179e-02 
 7.408000000000362e-09 -7.096172096932918e-02 
 7.412000000000363e-09 -5.334063929946709e-02 
 7.416000000000363e-09 -3.549892838816682e-02 
 7.420000000000364e-09 -1.751042047496831e-02 
 7.424000000000364e-09  5.469661011598959e-04 
 7.428000000000364e-09  1.859538504798586e-02 
 7.432000000000365e-09  3.656224259874286e-02 
 7.436000000000365e-09  5.437460434738028e-02 
 7.440000000000366e-09  7.195783047017734e-02 
 7.444000000000366e-09  8.923767183343756e-02 
 7.448000000000366e-09  1.061422910707908e-01 
 7.452000000000367e-09  1.226026152123314e-01 
 7.456000000000366e-09  1.385525890273556e-01 
 7.460000000000366e-09  1.539292170249951e-01 
 7.464000000000365e-09  1.686727563018202e-01 
 7.468000000000365e-09  1.827268376378619e-01 
 7.472000000000365e-09  1.960386379989281e-01 
 7.476000000000364e-09  2.085589829829324e-01 
 7.480000000000364e-09  2.202424479926037e-01 
 7.484000000000363e-09  2.310473977172585e-01 
 7.488000000000363e-09  2.409360094755062e-01 
 7.492000000000362e-09  2.498742502008611e-01 
 7.496000000000362e-09  2.578318398219492e-01 
 7.500000000000362e-09  2.647821864128783e-01 
 7.504000000000361e-09  2.707023179129378e-01 
 7.508000000000361e-09  2.755728039806851e-01 
 7.512000000000360e-09  2.793776868583708e-01 
 7.516000000000360e-09  2.821044184589281e-01 
 7.520000000000359e-09  2.837438172438715e-01 
 7.524000000000359e-09  2.842900426716231e-01 
 7.528000000000359e-09  2.837405955424650e-01 
 7.532000000000358e-09  2.820963406533126e-01 
 7.536000000000358e-09  2.793615550158046e-01 
 7.540000000000357e-09  2.755439958372627e-01 
 7.544000000000357e-09  2.706549871172395e-01 
 7.548000000000357e-09  2.647095169871898e-01 
 7.552000000000356e-09  2.577263414563813e-01 
 7.556000000000356e-09  2.497280855494086e-01 
 7.560000000000355e-09  2.407413358986119e-01 
 7.564000000000355e-09  2.307967159318984e-01 
 7.568000000000354e-09  2.199289377322327e-01 
 7.572000000000354e-09  2.081768231511401e-01 
 7.576000000000354e-09  1.955832895991403e-01 
 7.580000000000353e-09  1.821952954014705e-01 
 7.584000000000353e-09  1.680637423328228e-01 
 7.588000000000352e-09  1.532433329566896e-01 
 7.592000000000352e-09  1.377923827623029e-01 
 7.596000000000351e-09  1.217725873327922e-01 
 7.600000000000351e-09  1.052487467926326e-01 
 7.604000000000351e-09  8.828845015639786e-02 
 7.608000000000350e-09  7.096172341918106e-02 
 7.612000000000350e-09  5.334064561640339e-02 
 7.616000000000349e-09  3.549893852858865e-02 
 7.620000000000349e-09  1.751043438304301e-02 
 7.624000000000348e-09 -5.469484889637499e-04 
 7.628000000000348e-09 -1.859536380290017e-02 
 7.632000000000348e-09 -3.656221780223134e-02 
 7.636000000000347e-09 -5.437457609271235e-02 
 7.640000000000347e-09 -7.195779885952014e-02 
 7.644000000000346e-09 -8.923763697818643e-02 
 7.648000000000346e-09 -1.061422530914715e-01 
 7.652000000000345e-09 -1.226025742382912e-01 
 7.656000000000345e-09 -1.385525451988752e-01 
 7.660000000000345e-09 -1.539291704907875e-01 
 7.664000000000344e-09 -1.686727072233190e-01 
 7.668000000000344e-09 -1.827267861867856e-01 
 7.672000000000343e-09 -1.960385843580550e-01 
 7.676000000000343e-09 -2.085589273473012e-01 
 7.680000000000342e-09 -2.202423905684618e-01 
 7.684000000000342e-09 -2.310473387208614e-01 
 7.688000000000342e-09 -2.409359491344727e-01 
 7.692000000000341e-09 -2.498741887545366e-01 
 7.696000000000341e-09 -2.578317775176213e-01 
 7.700000000000340e-09 -2.647821235049159e-01 
 7.704000000000340e-09 -2.707022546648874e-01 
 7.708000000000339e-09 -2.755727406585735e-01 
 7.712000000000339e-09 -2.793776237354502e-01 
 7.716000000000339e-09 -2.821043558077165e-01 
 7.720000000000338e-09 -2.837437553380366e-01 
 7.724000000000338e-09 -2.842899817815949e-01 
 7.728000000000337e-09 -2.837405359356588e-01 
 7.732000000000337e-09 -2.820962825902413e-01 
 7.736000000000336e-09 -2.793614987480439e-01 
 7.740000000000336e-09 -2.755439416066801e-01 
 7.744000000000336e-09 -2.706549351536971e-01 
 7.748000000000335e-09 -2.647094675067407e-01 
 7.752000000000335e-09 -2.577262946601424e-01 
 7.756000000000334e-09 -2.497280416214478e-01 
 7.760000000000334e-09 -2.407412950076981e-01 
 7.764000000000333e-09 -2.307966782269268e-01 
 7.768000000000333e-09 -2.199289033461049e-01 
 7.772000000000333e-09 -2.081767921983158e-01 
 7.776000000000332e-09 -1.955832621754574e-01 
 7.780000000000332e-09 -1.821952715869095e-01 
 7.784000000000331e-09 -1.680637221899879e-01 
 7.788000000000331e-09 -1.532433165312526e-01 
 7.792000000000330e-09 -1.377923700858759e-01 
 7.796000000000330e-09 -1.217725784214370e-01 
 7.800000000000330e-09 -1.052487416503460e-01 
 7.804000000000329e-09 -8.828844877397124e-02 
 7.808000000000329e-09 -7.096172577542070e-02 
 7.812000000000328e-09 -5.334065167939528e-02 
 7.816000000000328e-09 -3.549894825521704e-02 
 7.820000000000327e-09 -1.751044772042576e-02 
 7.824000000000327e-09  5.469316011286196e-04 
 7.828000000000327e-09  1.859534343240909e-02 
 7.832000000000326e-09  3.656219402816596e-02 
 7.836000000000326e-09  5.437454900433814e-02 
 7.840000000000325e-09  7.195776855484404e-02 
 7.844000000000325e-09  8.923760356397459e-02 
 7.848000000000324e-09  1.061422166834198e-01 
 7.852000000000324e-09  1.226025349596025e-01 
 7.856000000000324e-09  1.385525031839645e-01 
 7.860000000000323e-09  1.539291258841544e-01 
 7.864000000000323e-09  1.686726601777746e-01 
 7.868000000000322e-09  1.827267368675916e-01 
 7.872000000000322e-09  1.960385329407099e-01 
 7.876000000000321e-09  2.085588740172319e-01 
 7.880000000000321e-09  2.202423355239738e-01 
 7.884000000000321e-09  2.310472821697829e-01 
 7.888000000000320e-09  2.409358912955142e-01 
 7.892000000000320e-09  2.498741298555620e-01 
 7.896000000000319e-09  2.578317177956020e-01 
 7.900000000000319e-09  2.647820632056890e-01 
 7.904000000000318e-09  2.707021940382326e-01 
 7.908000000000318e-09  2.755726799628695e-01 
 7.912000000000318e-09  2.793775632296733e-01 
 7.916000000000317e-09  2.821042957542594e-01 
 7.920000000000317e-09  2.837436959980457e-01 
 7.924000000000316e-09  2.842899234163334e-01 
 7.928000000000316e-09  2.837404788002000e-01 
 7.932000000000315e-09  2.820962269340057e-01 
 7.936000000000315e-09  2.793614448119746e-01 
 7.940000000000315e-09  2.755438896241182e-01 
 7.944000000000314e-09  2.706548853436868e-01 
 7.948000000000314e-09  2.647094200763558e-01 
 7.952000000000313e-09  2.577262498018680e-01 
 7.956000000000313e-09  2.497279995122028e-01 
 7.960000000000312e-09  2.407412558085280e-01 
 7.964000000000312e-09  2.307966420814278e-01 
 7.968000000000312e-09  2.199288703820308e-01 
 7.972000000000311e-09  2.081767625245163e-01 
 7.976000000000311e-09  1.955832358847847e-01 
 7.980000000000310e-09  1.821952487546081e-01 
 7.984000000000310e-09  1.680637028766210e-01 
 7.988000000000309e-09  1.532433007811775e-01 
 7.992000000000309e-09  1.377923579282179e-01 
 7.996000000000309e-09  1.217725698733663e-01 
 8.000000000000308e-09  1.052487367144082e-01 
 8.004000000000308e-09  8.828844744132169e-02 
 8.008000000000307e-09  7.096172802599732e-02 
 8.012000000000307e-09  5.334065748236583e-02 
 8.016000000000306e-09  3.549895757051047e-02 
 8.020000000000306e-09  1.751046049667337e-02 
 8.024000000000306e-09 -5.469154227206730e-04 
 8.028000000000305e-09 -1.859532391588559e-02 
 8.032000000000305e-09 -3.656217124976280e-02 
 8.036000000000304e-09 -5.437452304896340e-02 
 8.040000000000304e-09 -7.195773951729301e-02 
 8.044000000000304e-09 -8.923757154593481e-02 
 8.048000000000303e-09 -1.061421817951356e-01 
 8.052000000000303e-09 -1.226024973214273e-01 
 8.056000000000302e-09 -1.385524629234265e-01 
 8.060000000000302e-09 -1.539290831385074e-01 
 8.064000000000301e-09 -1.686726150949003e-01 
 8.068000000000301e-09 -1.827266896044755e-01 
 8.072000000000301e-09 -1.960384836669569e-01 
 8.076000000000300e-09 -2.085588229108346e-01 
 8.080000000000300e-09 -2.202422827735067e-01 
 8.084000000000299e-09 -2.310472279766156e-01 
 8.088000000000299e-09 -2.409358358669422e-01 
 8.092000000000298e-09 -2.498740734115135e-01 
 8.096000000000298e-09 -2.578316605630295e-01 
 8.100000000000298e-09 -2.647820054184455e-01 
 8.104000000000297e-09 -2.707021359382829e-01 
 8.108000000000297e-09 -2.755726217960968e-01 
 8.112000000000296e-09 -2.793775052449878e-01 
 8.116000000000296e-09 -2.821042382032888e-01 
 8.120000000000295e-09 -2.837436391316392e-01 
 8.124000000000295e-09 -2.842898674828702e-01 
 8.128000000000295e-09 -2.837404240450851e-01 
 8.132000000000294e-09 -2.820961735968199e-01 
 8.136000000000294e-09 -2.793613931242604e-01 
 8.140000000000293e-09 -2.755438398076864e-01 
 8.144000000000293e-09 -2.706548376097242e-01 
 8.148000000000292e-09 -2.647093746235933e-01 
 8.152000000000292e-09 -2.577262068141923e-01 
 8.156000000000292e-09 -2.497279591597374e-01 
 8.160000000000291e-09 -2.407412182453719e-01 
 8.164000000000291e-09 -2.307966074460026e-01 
 8.168000000000290e-09 -2.199288387948695e-01 
 8.172000000000290e-09 -2.081767340908929e-01 
 8.176000000000289e-09 -1.955832106931066e-01 
 8.180000000000289e-09 -1.821952268789229e-01 
 8.184000000000289e-09 -1.680636843731111e-01 
 8.188000000000288e-09 -1.532432856924100e-01 
 8.192000000000288e-09 -1.377923462842272e-01 
 8.196000000000287e-09 -1.217725616878340e-01 
 8.200000000000287e-09 -1.052487319911730e-01 
 8.204000000000286e-09 -8.828844617152853e-02 
 8.208000000000286e-09 -7.096173019080965e-02 
 8.212000000000286e-09 -5.334066305265850e-02 
 8.216000000000285e-09 -3.549896650538997e-02 
 8.220000000000285e-09 -1.751047274950679e-02 
 8.224000000000284e-09  5.468999083007020e-04 
 8.228000000000284e-09  1.859530520265196e-02 
 8.232000000000283e-09  3.656214941022640e-02 
 8.236000000000283e-09  5.437449816490769e-02 
 8.240000000000283e-09  7.195771167850395e-02 
 8.244000000000282e-09  8.923754085068047e-02 
 8.248000000000282e-09  1.061421483490115e-01 
 8.252000000000281e-09  1.226024612383103e-01 
 8.256000000000281e-09  1.385524243272620e-01 
 8.260000000000280e-09  1.539290421608488e-01 
 8.264000000000280e-09  1.686725718768063e-01 
 8.268000000000280e-09  1.827266442987412e-01 
 8.272000000000279e-09  1.960384364324703e-01 
 8.276000000000279e-09  2.085587739207444e-01 
 8.280000000000278e-09  2.202422322083653e-01 
 8.284000000000278e-09  2.310471760271842e-01 
 8.288000000000277e-09  2.409357827354643e-01 
 8.292000000000277e-09  2.498740193058353e-01 
 8.296000000000277e-09  2.578316057013073e-01 
 8.300000000000276e-09  2.647819500259425e-01 
 8.304000000000276e-09  2.707020802456128e-01 
 8.308000000000275e-09  2.755725660390476e-01 
 8.312000000000275e-09  2.793774496629209e-01 
 8.316000000000274e-09  2.821041830364670e-01 
 8.320000000000274e-09  2.837435846209795e-01 
 8.324000000000274e-09  2.842898138666430e-01 
 8.328000000000273e-09  2.837403715587146e-01 
 8.332000000000273e-09  2.820961224695091e-01 
 8.336000000000272e-09  2.793613435775164e-01 
 8.340000000000272e-09  2.755437920544215e-01 
 8.344000000000271e-09  2.706547918524462e-01 
 8.348000000000271e-09  2.647093310527353e-01 
 8.352000000000271e-09  2.577261656058623e-01 
 8.356000000000270e-09  2.497279204768130e-01 
 8.360000000000270e-09  2.407411822359524e-01 
 8.364000000000269e-09  2.307965742421487e-01 
 8.368000000000269e-09  2.199288085127513e-01 
 8.372000000000268e-09  2.081767068310167e-01 
 8.376000000000268e-09  1.955831865415298e-01 
 8.380000000000268e-09  1.821952059042715e-01 
 8.384000000000267e-09  1.680636666301272e-01 
 8.388000000000267e-09  1.532432712228413e-01 
 8.392000000000266e-09  1.377923351148596e-01 
 8.396000000000266e-09  1.217725538339405e-01 
 8.400000000000265e-09  1.052487274558587e-01 
 8.404000000000265e-09  8.828844494577126e-02 
 8.408000000000265e-09  7.096173225611579e-02 
 8.412000000000264e-09  5.334066838102203e-02 
 8.416000000000264e-09  3.549897506057675e-02 
 8.420000000000263e-09  1.751048448325321e-02 
 8.424000000000263e-09 -5.468850488519195e-04 
 8.428000000000262e-09 -1.859528727720416e-02 
 8.432000000000262e-09 -3.656212848792961e-02 
 8.436000000000262e-09 -5.437447432509046e-02 
 8.440000000000261e-09 -7.195768500661615e-02 
 8.444000000000261e-09 -8.923751144135039e-02 
 8.448000000000260e-09 -1.061421163033440e-01 
 8.452000000000260e-09 -1.226024266672781e-01 
 8.456000000000259e-09 -1.385523873461807e-01 
 8.460000000000259e-09 -1.539290028977600e-01 
 8.464000000000259e-09 -1.686725304669583e-01 
 8.468000000000258e-09 -1.827266008858377e-01 
 8.472000000000258e-09 -1.960383911727828e-01 
 8.476000000000257e-09 -2.085587269776052e-01 
 8.480000000000257e-09 -2.202421837563726e-01 
 8.484000000000256e-09 -2.310471262481588e-01 
 8.488000000000256e-09 -2.409357318225709e-01 
 8.492000000000256e-09 -2.498739674601609e-01 
 8.496000000000255e-09 -2.578315531306687e-01 
 8.500000000000255e-09 -2.647818969462552e-01 
 8.504000000000254e-09 -2.707020268790385e-01 
 8.508000000000254e-09 -2.755725126104496e-01 
 8.512000000000254e-09 -2.793773964022277e-01 
 8.516000000000253e-09 -2.821041301740386e-01 
 8.520000000000253e-09 -2.837435323873094e-01 
 8.524000000000252e-09 -2.842897624905343e-01 
 8.528000000000252e-09 -2.837403212647045e-01 
 8.532000000000251e-09 -2.820960734779325e-01 
 8.536000000000251e-09 -2.793612961012273e-01 
 8.540000000000251e-09 -2.755437462962940e-01 
 8.544000000000250e-09 -2.706547480078063e-01 
 8.548000000000250e-09 -2.647092893026963e-01 
 8.552000000000249e-09 -2.577261261205708e-01 
 8.556000000000249e-09 -2.497278834126169e-01 
 8.560000000000248e-09 -2.407411477337025e-01 
 8.564000000000248e-09 -2.307965424283882e-01 
 8.568000000000248e-09 -2.199287794991012e-01 
 8.572000000000247e-09 -2.081766807148036e-01 
 8.576000000000247e-09 -1.955831634033824e-01 
 8.580000000000246e-09 -1.821951858107500e-01 
 8.584000000000246e-09 -1.680636496350800e-01 
 8.588000000000245e-09 -1.532432573644673e-01 
 8.592000000000245e-09 -1.377923244200545e-01 
 8.596000000000245e-09 -1.217725463163948e-01 
 8.600000000000244e-09 -1.052487231181480e-01 
 8.604000000000244e-09 -8.828844378038170e-02 
 8.608000000000243e-09 -7.096173424539387e-02 
 8.612000000000243e-09 -5.334067349780014e-02 
 8.616000000000242e-09 -3.549898326953027e-02 
 8.620000000000242e-09 -1.751049573923780e-02 
 8.624000000000242e-09  5.468707974785048e-04 
 8.628000000000241e-09  1.859527008718942e-02 
 8.632000000000241e-09  3.656210842631324e-02 
 8.636000000000240e-09  5.437445146649367e-02 
 8.640000000000240e-09  7.195765943441756e-02 
 8.644000000000239e-09  8.923748324518854e-02 
 8.648000000000239e-09  1.061420855807071e-01 
 8.652000000000239e-09  1.226023935222784e-01 
 8.656000000000238e-09  1.385523518933418e-01 
 8.660000000000238e-09  1.539289652564335e-01 
 8.664000000000237e-09  1.686724907684276e-01 
 8.668000000000237e-09  1.827265592688647e-01 
 8.672000000000236e-09  1.960383477850876e-01 
 8.676000000000236e-09  2.085586819765588e-01 
 8.680000000000236e-09  2.202421373079257e-01 
 8.684000000000235e-09  2.310470785285492e-01 
 8.688000000000235e-09  2.409356830157350e-01 
 8.692000000000234e-09  2.498739177592952e-01 
 8.696000000000234e-09  2.578315027355185e-01 
 8.700000000000233e-09  2.647818460633573e-01 
 8.704000000000233e-09  2.707019757209377e-01 
 8.708000000000233e-09  2.755724613935939e-01 
 8.712000000000232e-09  2.793773453459321e-01 
 8.716000000000232e-09  2.821040794994645e-01 
 8.720000000000231e-09  2.837434823150637e-01 
 8.724000000000231e-09  2.842897132404001e-01 
 8.728000000000230e-09  2.837402730522636e-01 
 8.732000000000230e-09  2.820960265129295e-01 
 8.736000000000230e-09  2.793612505890946e-01 
 8.740000000000229e-09  2.755437024321075e-01 
 8.744000000000229e-09  2.706547059768996e-01 
 8.748000000000228e-09  2.647092492796510e-01 
 8.752000000000228e-09  2.577260882682362e-01 
 8.756000000000227e-09  2.497278478796190e-01 
 8.760000000000227e-09  2.407411146565313e-01 
 8.764000000000227e-09  2.307965119286042e-01 
 8.768000000000226e-09  2.199287516831667e-01 
 8.772000000000226e-09  2.081766556754570e-01 
 8.776000000000225e-09  1.955831412185027e-01 
 8.780000000000225e-09  1.821951665447159e-01 
 8.784000000000224e-09  1.680636333378800e-01 
 8.788000000000224e-09  1.532432440735114e-01 
 8.792000000000224e-09  1.377923141606843e-01 
 8.796000000000223e-09  1.217725391022526e-01 
 8.800000000000223e-09  1.052487189523461e-01 
 8.804000000000222e-09  8.828844265546465e-02 
 8.808000000000222e-09  7.096173614360168e-02 
 8.812000000000221e-09  5.334067839391921e-02 
 8.816000000000221e-09  3.549899112816846e-02 
 8.820000000000221e-09  1.751050651855479e-02 
 8.824000000000220e-09 -5.468571470430561e-04 
 8.828000000000220e-09 -1.859525362010217e-02 
 8.832000000000219e-09 -3.656208920684634e-02 
 8.836000000000219e-09 -5.437442956652561e-02 
 8.840000000000218e-09 -7.195763493346519e-02 
 8.844000000000218e-09 -8.923745622896107e-02 
 8.848000000000218e-09 -1.061420561432627e-01 
 8.852000000000217e-09 -1.226023617642760e-01 
 8.856000000000217e-09 -1.385523179217358e-01 
 8.860000000000216e-09 -1.539289291882984e-01 
 8.864000000000216e-09 -1.686724527283516e-01 
 8.868000000000215e-09 -1.827265193896945e-01 
 8.872000000000215e-09 -1.960383062087026e-01 
 8.876000000000215e-09 -2.085586388534679e-01 
 8.880000000000214e-09 -2.202420927985695e-01 
 8.884000000000214e-09 -2.310470328019498e-01 
 8.888000000000213e-09 -2.409356362472259e-01 
 8.892000000000213e-09 -2.498738701332659e-01 
 8.896000000000212e-09 -2.578314544444478e-01 
 8.900000000000212e-09 -2.647817973048001e-01 
 8.904000000000212e-09 -2.707019266972877e-01 
 8.908000000000211e-09 -2.755724123144754e-01 
 8.912000000000211e-09 -2.793772964199621e-01 
 8.916000000000210e-09 -2.821040309392504e-01 
 8.920000000000210e-09 -2.837434343327472e-01 
 8.924000000000209e-09 -2.842896660456034e-01 
 8.928000000000209e-09 -2.837402268524540e-01 
 8.932000000000209e-09 -2.820959815098154e-01 
 8.936000000000208e-09 -2.793612069769726e-01 
 8.940000000000208e-09 -2.755436603993155e-01 
 8.944000000000207e-09 -2.706546657006426e-01 
 8.948000000000207e-09 -2.647092109280731e-01 
 8.952000000000206e-09 -2.577260519971407e-01 
 8.956000000000206e-09 -2.497278138322230e-01 
 8.960000000000206e-09 -2.407410829618843e-01 
 8.964000000000205e-09 -2.307964827037967e-01 
 8.968000000000205e-09 -2.199287250305222e-01 
 8.972000000000204e-09 -2.081766316842604e-01 
 8.976000000000204e-09 -1.955831199627251e-01 
 8.980000000000203e-09 -1.821951480862953e-01 
 8.984000000000203e-09 -1.680636177246768e-01 
 8.988000000000203e-09 -1.532432313425556e-01 
 8.992000000000202e-09 -1.377923043357612e-01 
 8.996000000000202e-09 -1.217725321967258e-01 
 9.000000000000201e-09 -1.052487149667840e-01 
 9.004000000000201e-09 -8.828844158474780e-02 
 9.008000000000201e-09 -7.096173797087957e-02 
 9.012000000000200e-09 -5.334068309371176e-02 
 9.016000000000200e-09 -3.549899866909811e-02 
 9.020000000000199e-09 -1.751051685751648e-02 
 9.024000000000199e-09  5.468440564087018e-04 
 9.028000000000198e-09  1.859523783030426e-02 
 9.032000000000198e-09  3.656207077833074e-02 
 9.036000000000198e-09  5.437440856902143e-02 
 9.040000000000197e-09  7.195761144344459e-02 
 9.044000000000197e-09  8.923743032854858e-02 
 9.048000000000196e-09  1.061420279221004e-01 
 9.052000000000196e-09  1.226023313181379e-01 
 9.056000000000195e-09  1.385522853551677e-01 
 9.060000000000195e-09  1.539288946126565e-01 
 9.064000000000195e-09  1.686724162620461e-01 
 9.068000000000194e-09  1.827264811611347e-01 
 9.072000000000194e-09  1.960382663531171e-01 
 9.076000000000193e-09  2.085585975164079e-01 
 9.080000000000193e-09  2.202420501324962e-01 
 9.084000000000192e-09  2.310469889679752e-01 
 9.088000000000192e-09  2.409355914152478e-01 
 9.092000000000192e-09  2.498738244791578e-01 
 9.096000000000191e-09  2.578314081530113e-01 
 9.100000000000191e-09  2.647817505649126e-01 
 9.104000000000190e-09  2.707018797046912e-01 
 9.108000000000190e-09  2.755723652671564e-01 
 9.112000000000189e-09  2.793772495204929e-01 
 9.116000000000189e-09  2.821039843897404e-01 
 9.120000000000189e-09  2.837433883373524e-01 
 9.124000000000188e-09  2.842896208045576e-01 
 9.128000000000188e-09  2.837401825642472e-01 
 9.132000000000187e-09  2.820959383680817e-01 
 9.136000000000187e-09  2.793611651694223e-01 
 9.140000000000186e-09  2.755436201056796e-01 
 9.144000000000186e-09  2.706546270912789e-01 
 9.148000000000186e-09  2.647091741636123e-01 
 9.152000000000185e-09  2.577260172252940e-01 
 9.156000000000185e-09  2.497277811922380e-01 
 9.160000000000184e-09  2.407410525780502e-01 
 9.164000000000184e-09  2.307964546869403e-01 
 9.168000000000183e-09  2.199286994791816e-01 
 9.172000000000183e-09  2.081766086828019e-01 
 9.176000000000183e-09  1.955830995839225e-01 
 9.180000000000182e-09  1.821951303884717e-01 
 9.184000000000182e-09  1.680636027538576e-01 
 9.188000000000181e-09  1.532432191335573e-01 
 9.192000000000181e-09  1.377922949114989e-01 
 9.196000000000180e-09  1.217725255693267e-01 
 9.200000000000180e-09  1.052487111403124e-01 
 9.204000000000180e-09  8.828844055062035e-02 
 9.208000000000179e-09  7.096173971397590e-02 
 9.212000000000179e-09  5.334068759053778e-02 
 9.216000000000178e-09  3.549900588842192e-02 
 9.220000000000178e-09  1.751052675890108e-02 
 9.224000000000177e-09 -5.468315169814275e-04 
 9.228000000000177e-09 -1.859522270402891e-02 
 9.232000000000177e-09 -3.656205312404381e-02 
 9.236000000000176e-09 -5.437438845206088e-02 
 9.240000000000176e-09 -7.195758893680093e-02 
 9.244000000000175e-09 -8.923740551247050e-02 
 9.248000000000175e-09 -1.061420008810359e-01 
 9.252000000000174e-09 -1.226023021451539e-01 
 9.256000000000174e-09 -1.385522541490793e-01 
 9.260000000000174e-09 -1.539288614803240e-01 
 9.264000000000173e-09 -1.686723813185491e-01 
 9.268000000000173e-09 -1.827264445283792e-01 
 9.272000000000172e-09 -1.960382281617452e-01 
 9.276000000000172e-09 -2.085585579044285e-01 
 9.280000000000171e-09 -2.202420092466291e-01 
 9.284000000000171e-09 -2.310469469631951e-01 
 9.288000000000171e-09 -2.409355484530167e-01 
 9.292000000000170e-09 -2.498737807299296e-01 
 9.296000000000170e-09 -2.578313637925973e-01 
 9.300000000000169e-09 -2.647817057755706e-01 
 9.304000000000169e-09 -2.707018346726979e-01 
 9.308000000000168e-09 -2.755723201831195e-01 
 9.312000000000168e-09 -2.793772045777851e-01 
 9.316000000000168e-09 -2.821039397833058e-01 
 9.320000000000167e-09 -2.837433442608455e-01 
 9.324000000000167e-09 -2.842895774517511e-01 
 9.328000000000166e-09 -2.837401401248802e-01 
 9.332000000000166e-09 -2.820958970279923e-01 
 9.336000000000165e-09 -2.793611251070827e-01 
 9.340000000000165e-09 -2.755435814935856e-01 
 9.344000000000165e-09 -2.706545900941855e-01 
 9.348000000000164e-09 -2.647091389338208e-01 
 9.352000000000164e-09 -2.577259839075250e-01 
 9.356000000000163e-09 -2.497277499161115e-01 
 9.360000000000163e-09 -2.407410234634728e-01 
 9.364000000000162e-09 -2.307964278411294e-01 
 9.368000000000162e-09 -2.199286749965204e-01 
 9.372000000000162e-09 -2.081765866440239e-01 
 9.376000000000161e-09 -1.955830800581690e-01 
 9.380000000000161e-09 -1.821951134323800e-01 
 9.384000000000160e-09 -1.680635884122665e-01 
 9.388000000000160e-09 -1.532432074388588e-01 
 9.392000000000159e-09 -1.377922858855243e-01 
 9.396000000000159e-09 -1.217725192246029e-01 
 9.400000000000159e-09 -1.052487074791735e-01 
 9.404000000000158e-09 -8.828843956633392e-02 
 9.408000000000158e-09 -7.096174139140032e-02 
 9.412000000000157e-09 -5.334069190669410e-02 
 9.416000000000157e-09 -3.549901281298062e-02 
 9.420000000000156e-09 -1.751053625538290e-02 
 9.424000000000156e-09  5.468194934259429e-04 
 9.428000000000156e-09  1.859520820086757e-02 
 9.432000000000155e-09  3.656203619734200e-02 
 9.436000000000155e-09  5.437436916562177e-02 
 9.440000000000154e-09  7.195756736055969e-02 
 9.444000000000154e-09  8.923738172216034e-02 
 9.448000000000153e-09  1.061419749594386e-01 
 9.452000000000153e-09  1.226022741802595e-01 
 9.456000000000153e-09  1.385522242356458e-01 
 9.460000000000152e-09  1.539288297215649e-01 
 9.464000000000152e-09  1.686723478226302e-01 
 9.468000000000151e-09  1.827264094137782e-01 
 9.472000000000151e-09  1.960381915528941e-01 
 9.476000000000150e-09  2.085585199343623e-01 
 9.480000000000150e-09  2.202419700553744e-01 
 9.484000000000150e-09  2.310469066994152e-01 
 9.488000000000149e-09  2.409355072720256e-01 
 9.492000000000149e-09  2.498737387955536e-01 
 9.496000000000148e-09  2.578313212713557e-01 
 9.500000000000148e-09  2.647816628427977e-01 
 9.504000000000148e-09  2.707017915072010e-01 
 9.508000000000147e-09  2.755722769678872e-01 
 9.512000000000147e-09  2.793771614976905e-01 
 9.516000000000146e-09  2.821038970254308e-01 
 9.520000000000146e-09  2.837433020114932e-01 
 9.524000000000145e-09  2.842895358953637e-01 
 9.528000000000145e-09  2.837400994439476e-01 
 9.532000000000145e-09  2.820958574004824e-01 
 9.536000000000144e-09  2.793610867049274e-01 
 9.540000000000144e-09  2.755435444820096e-01 
 9.544000000000143e-09  2.706545546283987e-01 
 9.548000000000143e-09  2.647091051618728e-01 
 9.552000000000142e-09  2.577259519676804e-01 
 9.556000000000142e-09  2.497277199331709e-01 
 9.560000000000142e-09  2.407409955538373e-01 
 9.564000000000141e-09  2.307964021057796e-01 
 9.568000000000141e-09  2.199286515257146e-01 
 9.572000000000140e-09  2.081765655162666e-01 
 9.576000000000140e-09  1.955830613387892e-01 
 9.580000000000139e-09  1.821950971754021e-01 
 9.584000000000139e-09  1.680635746609429e-01 
 9.588000000000139e-09  1.532431962245013e-01 
 9.592000000000138e-09  1.377922772289466e-01 
 9.596000000000138e-09  1.217725131381044e-01 
 9.600000000000137e-09  1.052487039635430e-01 
 9.604000000000137e-09  8.828843861699553e-02 
 9.608000000000136e-09  7.096174299401525e-02 
 9.612000000000136e-09  5.334069603846103e-02 
 9.616000000000136e-09  3.549901944471401e-02 
 9.620000000000135e-09  1.751054535166574e-02 
 9.624000000000135e-09 -5.468079742314558e-04 
 9.628000000000134e-09 -1.859519430552936e-02 
 9.632000000000134e-09 -3.656201997902642e-02 
 9.636000000000133e-09 -5.437435068595065e-02 
 9.640000000000133e-09 -7.195754668584087e-02 
 9.644000000000133e-09 -8.923735892509654e-02 
 9.648000000000132e-09 -1.061419501195005e-01 
 9.652000000000132e-09 -1.226022473811810e-01 
 9.656000000000131e-09 -1.385521955699609e-01 
 9.660000000000131e-09 -1.539287992860494e-01 
 9.664000000000130e-09 -1.686723157235335e-01 
 9.668000000000130e-09 -1.827263757627051e-01 
 9.672000000000130e-09 -1.960381564696547e-01 
 9.676000000000129e-09 -2.085584835472201e-01 
 9.680000000000129e-09 -2.202419324980252e-01 
 9.684000000000128e-09 -2.310468681136513e-01 
 9.688000000000128e-09 -2.409354678076205e-01 
 9.692000000000127e-09 -2.498736986070007e-01 
 9.696000000000127e-09 -2.578312805218257e-01 
 9.700000000000127e-09 -2.647816216983632e-01 
 9.704000000000126e-09 -2.707017501402591e-01 
 9.708000000000126e-09 -2.755722355529677e-01 
 9.712000000000125e-09 -2.793771202129336e-01 
 9.716000000000125e-09 -2.821038560493578e-01 
 9.720000000000124e-09 -2.837432615220787e-01 
 9.724000000000124e-09 -2.842894960715991e-01 
 9.728000000000124e-09 -2.837400604589750e-01 
 9.732000000000123e-09 -2.820958194241552e-01 
 9.736000000000123e-09 -2.793610499038128e-01 
 9.740000000000122e-09 -2.755435090127163e-01 
 9.744000000000122e-09 -2.706545206426636e-01 
 9.748000000000121e-09 -2.647090728003256e-01 
 9.752000000000121e-09 -2.577259213608327e-01 
 9.756000000000121e-09 -2.497276912035211e-01 
 9.760000000000120e-09 -2.407409688087014e-01 
 9.764000000000120e-09 -2.307963774450990e-01 
 9.768000000000119e-09 -2.199286290364277e-01 
 9.772000000000119e-09 -2.081765452716304e-01 
 9.776000000000118e-09 -1.955830434029906e-01 
 9.780000000000118e-09 -1.821950816001028e-01 
 9.784000000000118e-09 -1.680635614868145e-01 
 9.788000000000117e-09 -1.532431854812586e-01 
 9.792000000000117e-09 -1.377922689381599e-01 
 9.796000000000116e-09 -1.217725073099274e-01 
 9.800000000000116e-09 -1.052487006010949e-01 
 9.804000000000115e-09 -8.828843771291872e-02 
 9.808000000000115e-09 -7.096174453453585e-02 
 9.812000000000115e-09 -5.334070000325042e-02 
 9.816000000000114e-09 -3.549902580670405e-02 
 9.820000000000114e-09 -1.751055407472535e-02 
 9.824000000000113e-09  5.467969290720021e-04 
 9.828000000000113e-09  1.859518098226332e-02 
 9.832000000000112e-09  3.656200443006341e-02 
 9.836000000000112e-09  5.437433296920346e-02 
 9.840000000000112e-09  7.195752686562429e-02 
 9.844000000000111e-09  8.923733707164416e-02 
 9.848000000000111e-09  1.061419263071137e-01 
 9.852000000000110e-09  1.226022216913627e-01 
 9.856000000000110e-09  1.385521680906692e-01 
 9.860000000000109e-09  1.539287701111824e-01 
 9.864000000000109e-09  1.686722849537823e-01 
 9.868000000000109e-09  1.827263435049833e-01 
 9.872000000000108e-09  1.960381228400987e-01 
 9.876000000000108e-09  2.085584486660981e-01 
 9.880000000000107e-09  2.202418964962103e-01 
 9.884000000000107e-09  2.310468311260880e-01 
 9.888000000000106e-09  2.409354299778030e-01 
 9.892000000000106e-09  2.498736600838853e-01 
 9.896000000000106e-09  2.578312414613588e-01 
 9.900000000000105e-09  2.647815822602304e-01 
 9.904000000000105e-09  2.707017104876304e-01 
 9.908000000000104e-09  2.755721958548092e-01 
 9.912000000000104e-09  2.793770806399141e-01 
 9.916000000000103e-09  2.821038167714454e-01 
 9.920000000000103e-09  2.837432227125058e-01 
 9.924000000000103e-09  2.842894578974531e-01 
 9.928000000000102e-09  2.837400230896305e-01 
 9.932000000000102e-09  2.820957830229553e-01 
 9.936000000000101e-09  2.793610146270038e-01 
 9.940000000000101e-09  2.755434750141532e-01 
 9.944000000000100e-09  2.706544880642916e-01 
 9.948000000000100e-09  2.647090417779880e-01 
 9.952000000000100e-09  2.577258920206340e-01 
 9.956000000000099e-09  2.497276636625365e-01 
 9.960000000000099e-09  2.407409431702359e-01 
 9.964000000000098e-09  2.307963538043989e-01 
 9.968000000000098e-09  2.199286074750280e-01 
 9.972000000000097e-09  2.081765258636690e-01 
 9.976000000000097e-09  1.955830262077871e-01 
 9.980000000000097e-09  1.821950666662460e-01 
 9.984000000000096e-09  1.680635488539970e-01 
 9.988000000000096e-09  1.532431751793624e-01 
 9.992000000000095e-09  1.377922609867213e-01 
 9.996000000000095e-09  1.217725017183575e-01 
 1.000000000000009e-08  1.052917133355924e-01 
