 1.000000000000000e+06 -7.579321788946956e+00 
 1.047128548050900e+06 -7.579319251509142e+00 
 1.096478196143185e+06 -7.579316469106211e+00 
 1.148153621496883e+06 -7.579313418299208e+00 
 1.202264434617413e+06 -7.579310073229054e+00 
 1.258925411794168e+06 -7.579306405396704e+00 
 1.318256738556408e+06 -7.579302383705796e+00 
 1.380384264602886e+06 -7.579297974056618e+00 
 1.445439770745928e+06 -7.579293138914524e+00 
 1.513561248436209e+06 -7.579287837346858e+00 
 1.584893192461115e+06 -7.579282024284611e+00 
 1.659586907437562e+06 -7.579275650388725e+00 
 1.737800828749377e+06 -7.579268661595871e+00 
 1.819700858609986e+06 -7.579260998517537e+00 
 1.905460717963250e+06 -7.579252596149360e+00 
 1.995262314968882e+06 -7.579243383141908e+00 
 2.089296130854042e+06 -7.579233281408212e+00 
 2.187761623949556e+06 -7.579222204999394e+00 
 2.290867652767777e+06 -7.579210060086202e+00 
 2.398832919019494e+06 -7.579196743452330e+00 
 2.511886431509584e+06 -7.579182142116199e+00 
 2.630267991895386e+06 -7.579166132194837e+00 
 2.754228703338171e+06 -7.579148577781711e+00 
 2.884031503126611e+06 -7.579129329829576e+00 
 3.019951720402022e+06 -7.579108225028563e+00 
 3.162277660168386e+06 -7.579085084207959e+00 
 3.311311214825918e+06 -7.579059711136331e+00 
 3.467368504525324e+06 -7.579031890182599e+00 
 3.630780547701022e+06 -7.579001385482846e+00 
 3.801893963205622e+06 -7.578967938087880e+00 
 3.981071705534983e+06 -7.578931264123362e+00 
 4.168693834703365e+06 -7.578891052561252e+00 
 4.365158322401672e+06 -7.578846962015366e+00 
 4.570881896148764e+06 -7.578798618452824e+00 
 4.786300923226397e+06 -7.578745611670147e+00 
 5.011872336272738e+06 -7.578687491889816e+00 
 5.248074602497743e+06 -7.578623766235378e+00 
 5.495408738576263e+06 -7.578553893883321e+00 
 5.754399373371588e+06 -7.578477282302241e+00 
 6.025595860743597e+06 -7.578393281563891e+00 
 6.309573444801954e+06 -7.578301179270953e+00 
 6.606934480075982e+06 -7.578200194390154e+00 
 6.918309709189389e+06 -7.578089470542472e+00 
 7.244359600749927e+06 -7.577968068872777e+00 
 7.585775750291865e+06 -7.577834960261010e+00 
 7.943282347242844e+06 -7.577689016277780e+00 
 8.317637711026741e+06 -7.577529000016448e+00 
 8.709635899560839e+06 -7.577353555412198e+00 
 9.120108393559132e+06 -7.577161195953478e+00 
 9.549925860214395e+06 -7.576950292124880e+00 
 1.000000000000004e+07 -7.576719057584576e+00 
 1.047128548050904e+07 -7.576465534388852e+00 
 1.096478196143189e+07 -7.576187576184688e+00 
 1.148153621496888e+07 -7.575882830475823e+00 
 1.202264434617418e+07 -7.575548718859921e+00 
 1.258925411794173e+07 -7.575182415325657e+00 
 1.318256738556413e+07 -7.574780822471325e+00 
 1.380384264602891e+07 -7.574340546234756e+00 
 1.445439770745934e+07 -7.573857866770343e+00 
 1.513561248436215e+07 -7.573328708045121e+00 
 1.584893192461121e+07 -7.572748603576414e+00 
 1.659586907437568e+07 -7.572112660063461e+00 
 1.737800828749384e+07 -7.571415515835255e+00 
 1.819700858609992e+07 -7.570651297729256e+00 
 1.905460717963257e+07 -7.569813571755964e+00 
 1.995262314968890e+07 -7.568895290970030e+00 
 2.089296130854050e+07 -7.567888737404893e+00 
 2.187761623949564e+07 -7.566785459525619e+00 
 2.290867652767785e+07 -7.565576203340918e+00 
 2.398832919019503e+07 -7.564250837719598e+00 
 2.511886431509594e+07 -7.562798272801283e+00 
 2.630267991895396e+07 -7.561206371452082e+00 
 2.754228703338182e+07 -7.559461852591688e+00 
 2.884031503126622e+07 -7.557550186173351e+00 
 3.019951720402033e+07 -7.555455479180456e+00 
 3.162277660168397e+07 -7.553160352150990e+00 
 3.311311214825930e+07 -7.550645804770920e+00 
 3.467368504525337e+07 -7.547891070604003e+00 
 3.630780547701035e+07 -7.544873460169738e+00 
 3.801893963205635e+07 -7.541568191195960e+00 
 3.981071705534997e+07 -7.537948205722925e+00 
 4.168693834703380e+07 -7.533983973617488e+00 
 4.365158322401687e+07 -7.529643280501148e+00 
 4.570881896148779e+07 -7.524891001920903e+00 
 4.786300923226414e+07 -7.519688860436748e+00 
 5.011872336272755e+07 -7.513995168436179e+00 
 5.248074602497760e+07 -7.507764552662433e+00 
 5.495408738576282e+07 -7.500947664789618e+00 
 5.754399373371608e+07 -7.493490874714436e+00 
 6.025595860743618e+07 -7.485335949449302e+00 
 6.309573444801975e+07 -7.476419717961448e+00 
 6.606934480076005e+07 -7.466673723481525e+00 
 6.918309709189413e+07 -7.456023865599883e+00 
 7.244359600749952e+07 -7.444390035707165e+00 
 7.585775750291891e+07 -7.431685748687275e+00 
 7.943282347242872e+07 -7.417817776304783e+00 
 8.317637711026771e+07 -7.402685788310350e+00 
 8.709635899560872e+07 -7.386182008479485e+00 
 9.120108393559167e+07 -7.368190894390115e+00 
 9.549925860214433e+07 -7.348588851299898e+00 
 1.000000000000008e+08 -7.327243993211015e+00 
 1.047128548050908e+08 -7.304015963950674e+00 
 1.096478196143194e+08 -7.278755835734061e+00 
 1.148153621496892e+08 -7.251306102752030e+00 
 1.202264434617423e+08 -7.221500790908931e+00 
 1.258925411794178e+08 -7.189165704983313e+00 
 1.318256738556418e+08 -7.154118837900633e+00 
 1.380384264602897e+08 -7.116170967035192e+00 
 1.445439770745940e+08 -7.075126463805304e+00 
 1.513561248436221e+08 -7.030784341558328e+00 
 1.584893192461127e+08 -6.982939568176060e+00 
 1.659586907437575e+08 -6.931384664651270e+00 
 1.737800828749391e+08 -6.875911608921840e+00 
 1.819700858610000e+08 -6.816314059811841e+00 
 1.905460717963264e+08 -6.752389905653741e+00 
 1.995262314968898e+08 -6.683944137477862e+00 
 2.089296130854059e+08 -6.610792031877849e+00 
 2.187761623949573e+08 -6.532762618710790e+00 
 2.290867652767794e+08 -6.449702393775042e+00 
 2.398832919019513e+08 -6.361479221640208e+00 
 2.511886431509604e+08 -6.267986358635333e+00 
 2.630267991895407e+08 -6.169146511194841e+00 
 2.754228703338193e+08 -6.064915830811226e+00 
 2.884031503126634e+08 -5.955287735571635e+00 
 3.019951720402046e+08 -5.840296441294162e+00 
 3.162277660168411e+08 -5.720020079373077e+00 
 3.311311214825944e+08 -5.594583281120209e+00 
 3.467368504525352e+08 -5.464159114349728e+00 
 3.630780547701051e+08 -5.328970269341299e+00 
 3.801893963205651e+08 -5.189289408263527e+00 
 3.981071705535014e+08 -5.045438614629729e+00 
 4.168693834703397e+08 -4.897787903961680e+00 
 4.365158322401705e+08 -4.746752785474942e+00 
 4.570881896148798e+08 -4.592790893871527e+00 
 4.786300923226434e+08 -4.436397740267654e+00 
 5.011872336272776e+08 -4.278101659019116e+00 
 5.248074602497782e+08 -4.118458053858669e+00 
 5.495408738576305e+08 -3.958043068811048e+00 
 5.754399373371632e+08 -3.797446828267039e+00 
 6.025595860743644e+08 -3.637266404396530e+00 
 6.309573444802003e+08 -3.478098678974565e+00 
 6.606934480076034e+08 -3.320533270530344e+00 
 6.918309709189442e+08 -3.165145696134822e+00 
 7.244359600749983e+08 -3.012490930395178e+00 
 7.585775750291924e+08 -2.863097512371321e+00 
 7.943282347242906e+08 -2.717462334420079e+00 
 8.317637711026806e+08 -2.576046225977513e+00 
 8.709635899560907e+08 -2.439270420695437e+00 
 9.120108393559203e+08 -2.307513967649887e+00 
 9.549925860214471e+08 -2.181112118387374e+00 
 1.000000000000012e+09 -2.060355691582611e+00 
 1.047128548050912e+09 -1.945491388176777e+00 
 1.096478196143198e+09 -1.836723003255831e+00 
 1.148153621496897e+09 -1.734213456968858e+00 
 1.202264434617427e+09 -1.638087547997844e+00 
 1.258925411794183e+09 -1.548435318327819e+00 
 1.318256738556423e+09 -1.465315909477591e+00 
 1.380384264602902e+09 -1.388761786530450e+00 
 1.445439770745945e+09 -1.318783207559438e+00 
 1.513561248436227e+09 -1.255372821794262e+00 
 1.584893192461133e+09 -1.198510288868203e+00 
 1.659586907437582e+09 -1.148166823264255e+00 
 1.737800828749398e+09 -1.104309581195207e+00 
 1.819700858610007e+09 -1.066905820828072e+00 
 1.905460717963272e+09 -1.035926780544125e+00 
 1.995262314968905e+09 -1.011351232404196e+00 
 2.089296130854067e+09 -9.931686789997287e-01 
 2.187761623949581e+09 -9.813821717510596e-01 
 2.290867652767803e+09 -9.760107357769536e-01 
 2.398832919019522e+09 -9.770913924334995e-01 
 2.511886431509614e+09 -9.846807743856438e-01 
 2.630267991895417e+09 -9.988563304495881e-01 
 2.754228703338203e+09 -1.019717118799303e+00 
 2.884031503126645e+09 -1.047384187411688e+00 
 3.019951720402058e+09 -1.082000540802643e+00 
 3.162277660168423e+09 -1.123730692166848e+00 
 3.311311214825957e+09 -1.172759800603176e+00 
 3.467368504525365e+09 -1.229292394621228e+00 
 3.630780547701065e+09 -1.293550685579156e+00 
 3.801893963205667e+09 -1.365772478924463e+00 
 3.981071705535030e+09 -1.446208696585487e+00 
 4.168693834703414e+09 -1.535120531178277e+00 
 4.365158322401723e+09 -1.632776261405156e+00 
 4.570881896148817e+09 -1.739447767870704e+00 
 4.786300923226454e+09 -1.855406799268537e+00 
 5.011872336272797e+09 -1.980921049587925e+00 
 5.248074602497804e+09 -2.116250117139616e+00 
 5.495408738576327e+09 -2.261641424815181e+00 
 5.754399373371655e+09 -2.417326187243877e+00 
 6.025595860743669e+09 -2.583515513633110e+00 
 6.309573444802029e+09 -2.760396734277295e+00 
 6.606934480076061e+09 -2.948130033738437e+00 
 6.918309709189471e+09 -3.146845464292470e+00 
 7.244359600750012e+09 -3.356640399727482e+00 
 7.585775750291955e+09 -3.577577472632398e+00 
 7.943282347242938e+09 -3.809683018906252e+00 
 8.317637711026839e+09 -4.052946032685284e+00 
 8.709635899560942e+09 -4.307317614702958e+00 
 9.120108393559240e+09 -4.572710878832607e+00 
 9.549925860214510e+09 -4.849001266602594e+00 
 1.000000000000016e+10 -5.136027209076646e+00 
 1.047128548050916e+10 -5.433591070412971e+00 
 1.096478196143202e+10 -5.741460308063653e+00 
 1.148153621496901e+10 -6.059368790773711e+00 
 1.202264434617432e+10 -6.387018226668061e+00 
 1.258925411794188e+10 -6.724079668650283e+00 
 1.318256738556429e+10 -7.070195081633934e+00 
 1.380384264602907e+10 -7.424978974064052e+00 
 1.445439770745951e+10 -7.788020112961331e+00 
 1.513561248436233e+10 -8.158883355575867e+00 
 1.584893192461140e+10 -8.537111640135326e+00 
 1.659586907437588e+10 -8.922228181931789e+00 
 1.737800828749405e+10 -9.313738918431818e+00 
 1.819700858610014e+10 -9.711135238093958e+00 
 1.905460717963279e+10 -1.011389701265050e+01 
 1.995262314968913e+10 -1.052149593286663e+01 
 2.089296130854075e+10 -1.093339912486405e+01 
 2.187761623949590e+10 -1.134907300000514e+01 
 2.290867652767812e+10 -1.176798726829050e+01 
 2.398832919019532e+10 -1.218961902540572e+01 
 2.511886431509623e+10 -1.261345680888437e+01 
 2.630267991895427e+10 -1.303900451079059e+01 
 2.754228703338214e+10 -1.346578503370632e+01 
 2.884031503126656e+10 -1.389334358377186e+01 
 3.019951720402069e+10 -1.432125050851313e+01 
 3.162277660168435e+10 -1.474910360701321e+01 
 3.311311214825969e+10 -1.517652986400076e+01 
 3.467368504525378e+10 -1.560318658571230e+01 
 3.630780547701078e+10 -1.602876194195533e+01 
 3.801893963205680e+10 -1.645297494381078e+01 
 3.981071705535044e+10 -1.687557490832068e+01 
 4.168693834703429e+10 -1.729634047917818e+01 
 4.365158322401739e+10 -1.771507828519401e+01 
 4.570881896148833e+10 -1.813162132593650e+01 
 4.786300923226471e+10 -1.854582717659984e+01 
 5.011872336272815e+10 -1.895757610232900e+01 
 5.248074602497823e+10 -1.936676916660171e+01 
 5.495408738576347e+10 -1.977332640962047e+01 
 5.754399373371677e+10 -2.017718516179017e+01 
 6.025595860743690e+10 -2.057829854497465e+01 
 6.309573444802052e+10 -2.097663420095693e+01 
 6.606934480076085e+10 -2.137217327286008e+01 
 6.918309709189496e+10 -2.176490965158690e+01 
 7.244359600750038e+10 -2.215484948587232e+01 
 7.585775750291982e+10 -2.254201094151955e+01 
 7.943282347242966e+10 -2.292642418299753e+01 
 8.317637711026869e+10 -2.330813153902674e+01 
 8.709635899560974e+10 -2.368718780335045e+01 
 9.120108393559274e+10 -2.406366061294070e+01 
 9.549925860214545e+10 -2.443763083887143e+01 
 1.000000000000020e+11 -2.480919292052824e+01 
