 5.000000000000000e-08 -6.786105435052869e-03 
 5.010000000000000e-08 -1.027837749997507e-02 
 5.020000000000000e-08 -1.371397131433216e-02 
 5.030000000000000e-08 -1.710772534892202e-02 
 5.040000000000000e-08 -2.043377372366439e-02 
 5.050000000000000e-08 -2.367898415815617e-02 
 5.060000000000000e-08 -2.683061219849092e-02 
 5.070000000000000e-08 -2.987618096850908e-02 
 5.080000000000000e-08 -3.280372578018120e-02 
 5.090000000000001e-08 -3.560167470659481e-02 
 5.100000000000001e-08 -3.825903050050306e-02 
 5.110000000000001e-08 -4.076530801992395e-02 
 5.120000000000001e-08 -4.311065480700860e-02 
 5.130000000000001e-08 -4.528583157021204e-02 
 5.140000000000001e-08 -4.728228708801918e-02 
 5.150000000000001e-08 -4.909216686417039e-02 
 5.160000000000001e-08 -5.070835485985348e-02 
 5.170000000000001e-08 -5.212449903327454e-02 
 5.180000000000001e-08 -5.333502899303788e-02 
 5.190000000000001e-08 -5.433519010766341e-02 
 5.200000000000002e-08 -5.512104374236926e-02 
 5.210000000000002e-08 -5.568950384194249e-02 
 5.220000000000002e-08 -5.603832457430857e-02 
 5.230000000000002e-08 -5.616613496379830e-02 
 5.240000000000002e-08 -5.607241740533908e-02 
 5.250000000000002e-08 -5.575753724699894e-02 
 5.260000000000002e-08 -5.522271455011896e-02 
 5.270000000000002e-08 -5.447004653830345e-02 
 5.280000000000002e-08 -5.350247419247611e-02 
 5.290000000000002e-08 -5.232379625358563e-02 
 5.300000000000002e-08 -5.093863166027890e-02 
 5.310000000000003e-08 -4.935242446285493e-02 
 5.320000000000003e-08 -4.757140264488013e-02 
 5.330000000000003e-08 -4.560257375303323e-02 
 5.340000000000003e-08 -4.345368051032006e-02 
 5.350000000000003e-08 -4.113318729876281e-02 
 5.360000000000003e-08 -3.865023279806312e-02 
 5.370000000000003e-08 -3.601460782089050e-02 
 5.380000000000003e-08 -3.323670518366617e-02 
 5.390000000000003e-08 -3.032748960666121e-02 
 5.400000000000003e-08 -2.729844509789681e-02 
 5.410000000000003e-08 -2.416153782364350e-02 
 5.420000000000004e-08 -2.092916137039169e-02 
 5.430000000000004e-08 -1.761409363385846e-02 
 5.440000000000004e-08 -1.422944046412478e-02 
 5.450000000000004e-08 -1.078858775192382e-02 
 5.460000000000004e-08 -7.305144060793189e-03 
 5.470000000000004e-08 -3.792889175458170e-03 
 5.480000000000004e-08 -2.657164726787009e-04 
 5.490000000000004e-08  3.262420711182434e-03 
 5.500000000000004e-08  6.777557521459920e-03 
 5.510000000000004e-08  1.026597915116167e-02 
 5.520000000000004e-08  1.371397131432395e-02 
 5.530000000000005e-08  1.710772534573746e-02 
 5.540000000000005e-08  2.043377373210542e-02 
 5.550000000000005e-08  2.367898415472425e-02 
 5.560000000000005e-08  2.683061220469396e-02 
 5.570000000000005e-08  2.987618096795241e-02 
 5.580000000000005e-08  3.280372578258550e-02 
 5.590000000000005e-08  3.560167470761910e-02 
 5.600000000000005e-08  3.825903050086232e-02 
 5.610000000000005e-08  4.076530802086342e-02 
 5.620000000000005e-08  4.311065480376808e-02 
 5.630000000000005e-08  4.528583156911026e-02 
 5.640000000000006e-08  4.728228708169002e-02 
 5.650000000000006e-08  4.909216686251305e-02 
 5.660000000000006e-08  5.070835485507552e-02 
 5.670000000000006e-08  5.212449903351302e-02 
 5.680000000000006e-08  5.333502898734599e-02 
 5.690000000000006e-08  5.433519010749466e-02 
 5.700000000000006e-08  5.512104373955595e-02 
 5.710000000000006e-08  5.568950384374216e-02 
 5.720000000000006e-08  5.603832456969360e-02 
 5.730000000000006e-08  5.616613496346168e-02 
 5.740000000000006e-08  5.607241740149860e-02 
 5.750000000000006e-08  5.575753724749499e-02 
 5.760000000000007e-08  5.522271454800554e-02 
 5.770000000000007e-08  5.447004654116427e-02 
 5.780000000000007e-08  5.350247419008336e-02 
 5.790000000000007e-08  5.232379625456485e-02 
 5.800000000000007e-08  5.093863165555468e-02 
 5.810000000000007e-08  4.935242446094779e-02 
 5.820000000000007e-08  4.757140263946913e-02 
 5.830000000000007e-08  4.560257375229915e-02 
 5.840000000000007e-08  4.345368050531140e-02 
 5.850000000000007e-08  4.113318729776050e-02 
 5.860000000000007e-08  3.865023279332824e-02 
 5.870000000000008e-08  3.601460782114896e-02 
 5.880000000000008e-08  3.323670518013055e-02 
 5.890000000000008e-08  3.032748960811649e-02 
 5.900000000000008e-08  2.729844509652302e-02 
 5.910000000000008e-08  2.416153782813546e-02 
 5.920000000000008e-08  2.092916137124101e-02 
 5.930000000000008e-08  1.761409364138933e-02 
 5.940000000000008e-08  1.422944046915764e-02 
 5.950000000000008e-08  1.078858776006419e-02 
 5.960000000000008e-08  7.305144063590285e-03 
 5.970000000000008e-08  3.792889181611692e-03 
 5.980000000000007e-08  2.657164733417261e-04 
 5.990000000000007e-08 -3.262420707214275e-03 
 6.000000000000006e-08 -6.777557514936694e-03 
 6.010000000000006e-08 -1.026597915879757e-02 
 6.020000000000005e-08 -1.371397131425045e-02 
 6.030000000000004e-08 -1.710772533445870e-02 
 6.040000000000004e-08 -2.043377373752797e-02 
 6.050000000000003e-08 -2.367898414410385e-02 
 6.060000000000003e-08 -2.683061220704364e-02 
 6.070000000000002e-08 -2.987618095780009e-02 
 6.080000000000002e-08 -3.280372578267343e-02 
 6.090000000000001e-08 -3.560167470178177e-02 
 6.100000000000000e-08 -3.825903050148804e-02 
 6.110000000000000e-08 -4.076530801692524e-02 
 6.119999999999999e-08 -4.311065480483189e-02 
 6.129999999999999e-08 -4.528583156801846e-02 
 6.139999999999998e-08 -4.728228708619331e-02 
 6.149999999999997e-08 -4.909216686521356e-02 
 6.159999999999997e-08 -5.070835485925462e-02 
 6.169999999999996e-08 -5.212449903280536e-02 
 6.179999999999996e-08 -5.333502898989084e-02 
 6.189999999999995e-08 -5.433519010643928e-02 
 6.199999999999995e-08 -5.512104373953064e-02 
 6.209999999999994e-08 -5.568950384069304e-02 
 6.219999999999993e-08 -5.603832457027225e-02 
 6.229999999999993e-08 -5.616613496095346e-02 
 6.239999999999992e-08 -5.607241740077074e-02 
 6.249999999999992e-08 -5.575753724496724e-02 
 6.259999999999991e-08 -5.522271454909777e-02 
 6.269999999999991e-08 -5.447004654120335e-02 
 6.279999999999990e-08 -5.350247419439569e-02 
 6.289999999999989e-08 -5.232379625592753e-02 
 6.299999999999989e-08 -5.093863165902013e-02 
 6.309999999999988e-08 -4.935242446191612e-02 
 6.319999999999988e-08 -4.757140264216719e-02 
 6.329999999999987e-08 -4.560257375241528e-02 
 6.339999999999987e-08 -4.345368050658927e-02 
 6.349999999999986e-08 -4.113318729694648e-02 
 6.359999999999985e-08 -3.865023279527824e-02 
 6.369999999999985e-08 -3.601460781910704e-02 
 6.379999999999984e-08 -3.323670517916510e-02 
 6.389999999999984e-08 -3.032748960531251e-02 
 6.399999999999983e-08 -2.729844509625345e-02 
 6.409999999999983e-08 -2.416153782552133e-02 
 6.419999999999982e-08 -2.092916137020429e-02 
 6.429999999999981e-08 -1.761409363633804e-02 
 6.439999999999981e-08 -1.422944046494701e-02 
 6.449999999999980e-08 -1.078858775600011e-02 
 6.459999999999980e-08 -7.305144062058844e-03 
 6.469999999999979e-08 -3.792889178000136e-03 
 6.479999999999979e-08 -2.657164716253213e-04 
 6.489999999999978e-08  3.262420709824410e-03 
 6.499999999999977e-08  6.777557508648613e-03 
 6.509999999999977e-08  1.026597916675387e-02 
 6.519999999999976e-08  1.371397131191832e-02 
 6.529999999999976e-08  1.710772533106453e-02 
 6.539999999999975e-08  2.043377374207300e-02 
 6.549999999999975e-08  2.367898414115799e-02 
 6.559999999999974e-08  2.683061221186378e-02 
 6.569999999999973e-08  2.987618096044753e-02 
 6.579999999999973e-08  3.280372578757595e-02 
 6.589999999999972e-08  3.560167470243991e-02 
 6.599999999999972e-08  3.825903050069424e-02 
 6.609999999999971e-08  4.076530801766731e-02 
 6.619999999999971e-08  4.311065480555709e-02 
 6.629999999999970e-08  4.528583157031507e-02 
 6.639999999999969e-08  4.728228708366644e-02 
 6.649999999999969e-08  4.909216686152895e-02 
 6.659999999999968e-08  5.070835485362579e-02 
 6.669999999999968e-08  5.212449903109095e-02 
 6.679999999999967e-08  5.333502898632836e-02 
 6.689999999999967e-08  5.433519010619570e-02 
 6.699999999999966e-08  5.512104373915561e-02 
 6.709999999999965e-08  5.568950384360360e-02 
 6.719999999999965e-08  5.603832457139712e-02 
 6.729999999999964e-08  5.616613496438072e-02 
 6.739999999999964e-08  5.607241740228930e-02 
 6.749999999999963e-08  5.575753724742727e-02 
 6.759999999999963e-08  5.522271454847760e-02 
 6.769999999999962e-08  5.447004654222054e-02 
 6.779999999999961e-08  5.350247419212040e-02 
 6.789999999999961e-08  5.232379625578454e-02 
 6.799999999999960e-08  5.093863165715784e-02 
 6.809999999999960e-08  4.935242446156440e-02 
 6.819999999999959e-08  4.757140264039328e-02 
 6.829999999999959e-08  4.560257375342336e-02 
 6.839999999999958e-08  4.345368050790155e-02 
 6.849999999999957e-08  4.113318730004201e-02 
 6.859999999999957e-08  3.865023279408231e-02 
 6.869999999999956e-08  3.601460782015464e-02 
 6.879999999999956e-08  3.323670517864219e-02 
 6.889999999999955e-08  3.032748960727805e-02 
 6.899999999999955e-08  2.729844509658386e-02 
 6.909999999999954e-08  2.416153782960540e-02 
 6.919999999999953e-08  2.092916137371792e-02 
 6.929999999999953e-08  1.761409364292743e-02 
 6.939999999999952e-08  1.422944046931929e-02 
 6.949999999999952e-08  1.078858776050584e-02 
 6.959999999999951e-08  7.305144063876723e-03 
 6.969999999999951e-08  3.792889182180792e-03 
 6.979999999999950e-08  2.657164730790473e-04 
 6.989999999999949e-08 -3.262420707046632e-03 
 6.999999999999949e-08 -6.777557503944154e-03 
 7.009999999999948e-08 -1.026597917166128e-02 
 7.019999999999948e-08 -1.371397131262442e-02 
 7.029999999999947e-08 -1.710772532490012e-02 
 7.039999999999947e-08 -2.043377374463984e-02 
 7.049999999999946e-08 -2.367898413531444e-02 
 7.059999999999945e-08 -2.683061221380667e-02 
 7.069999999999945e-08 -2.987618095457378e-02 
 7.079999999999944e-08 -3.280372578689605e-02 
 7.089999999999944e-08 -3.560167470021880e-02 
 7.099999999999943e-08 -3.825903050296553e-02 
 7.109999999999943e-08 -4.076530801665879e-02 
 7.119999999999942e-08 -4.311065480576248e-02 
 7.129999999999941e-08 -4.528583156963228e-02 
 7.139999999999941e-08 -4.728228708739279e-02 
 7.149999999999940e-08 -4.909216686681561e-02 
 7.159999999999940e-08 -5.070835486066638e-02 
 7.169999999999939e-08 -5.212449903551608e-02 
 7.179999999999939e-08 -5.333502899049503e-02 
 7.189999999999938e-08 -5.433519010684673e-02 
 7.199999999999937e-08 -5.512104373812465e-02 
 7.209999999999937e-08 -5.568950383985549e-02 
 7.219999999999936e-08 -5.603832456985236e-02 
 7.229999999999936e-08 -5.616613496163292e-02 
 7.239999999999935e-08 -5.607241740057467e-02 
 7.249999999999935e-08 -5.575753724488042e-02 
 7.259999999999934e-08 -5.522271454683669e-02 
 7.269999999999933e-08 -5.447004653886034e-02 
 7.279999999999933e-08 -5.350247419142584e-02 
 7.289999999999932e-08 -5.232379625387940e-02 
 7.299999999999932e-08 -5.093863165644130e-02 
 7.309999999999931e-08 -4.935242446093913e-02 
 7.319999999999931e-08 -4.757140264083715e-02 
 7.329999999999930e-08 -4.560257375236487e-02 
 7.339999999999929e-08 -4.345368050593335e-02 
 7.349999999999929e-08 -4.113318729742144e-02 
 7.359999999999928e-08 -3.865023279477375e-02 
 7.369999999999928e-08 -3.601460782024901e-02 
 7.379999999999927e-08 -3.323670517986965e-02 
 7.389999999999927e-08 -3.032748960697584e-02 
 7.399999999999926e-08 -2.729844509515345e-02 
 7.409999999999925e-08 -2.416153782441488e-02 
 7.419999999999925e-08 -2.092916136777823e-02 
 7.429999999999924e-08 -1.761409363534194e-02 
 7.439999999999924e-08 -1.422944046292596e-02 
 7.449999999999923e-08 -1.078858775503000e-02 
 7.459999999999923e-08 -7.305144059975843e-03 
 7.469999999999922e-08 -3.792889177304470e-03 
 7.479999999999921e-08 -2.657164702550840e-04 
 7.489999999999921e-08  3.262420710081759e-03 
 7.499999999999920e-08  6.777557503447218e-03 
 7.509999999999920e-08  1.026597917956007e-02 
 7.519999999999919e-08  1.371397131371643e-02 
 7.529999999999919e-08  1.710772532480176e-02 
 7.539999999999918e-08  2.043377374912847e-02 
 7.549999999999917e-08  2.367898413444092e-02 
 7.559999999999917e-08  2.683061221645211e-02 
 7.569999999999916e-08  2.987618095473188e-02 
 7.579999999999916e-08  3.280372578865731e-02 
 7.589999999999915e-08  3.560167469934372e-02 
 7.599999999999915e-08  3.825903050180957e-02 
 7.609999999999914e-08  4.076530801693301e-02 
 7.619999999999913e-08  4.311065480604537e-02 
 7.629999999999913e-08  4.528583156862975e-02 
 7.639999999999912e-08  4.728228708218074e-02 
 7.649999999999912e-08  4.909216686052842e-02 
 7.659999999999911e-08  5.070835485429148e-02 
 7.669999999999911e-08  5.212449903223826e-02 
 7.679999999999910e-08  5.333502898839537e-02 
 7.689999999999909e-08  5.433519010760124e-02 
 7.699999999999909e-08  5.512104373882232e-02 
 7.709999999999908e-08  5.568950384206195e-02 
 7.719999999999908e-08  5.603832457097280e-02 
 7.729999999999907e-08  5.616613496394085e-02 
 7.739999999999907e-08  5.607241740198132e-02 
 7.749999999999906e-08  5.575753724642984e-02 
 7.759999999999905e-08  5.522271454846828e-02 
 7.769999999999905e-08  5.447004654225718e-02 
 7.779999999999904e-08  5.350247419260268e-02 
 7.789999999999904e-08  5.232379625614914e-02 
 7.799999999999903e-08  5.093863165774115e-02 
 7.809999999999903e-08  4.935242446140631e-02 
 7.819999999999902e-08  4.757140263907944e-02 
 7.829999999999901e-08  4.560257375130683e-02 
 7.839999999999901e-08  4.345368050587606e-02 
 7.849999999999900e-08  4.113318729916160e-02 
 7.859999999999900e-08  3.865023279370328e-02 
 7.869999999999899e-08  3.601460781938060e-02 
 7.879999999999899e-08  3.323670517697996e-02 
 7.889999999999898e-08  3.032748960565512e-02 
 7.899999999999897e-08  2.729844509649748e-02 
 7.909999999999897e-08  2.416153783076291e-02 
 7.919999999999896e-08  2.092916137436740e-02 
 7.929999999999896e-08  1.761409364401856e-02 
 7.939999999999895e-08  1.422944047059449e-02 
 7.949999999999895e-08  1.078858776175107e-02 
 7.959999999999894e-08  7.305144063652902e-03 
 7.969999999999893e-08  3.792889181867265e-03 
 7.979999999999893e-08  2.657164727459804e-04 
 7.989999999999892e-08 -3.262420706942937e-03 
 7.999999999999892e-08 -6.777557497917863e-03 
 8.009999999999891e-08 -1.026597918046823e-02 
 8.019999999999890e-08 -1.371397131355678e-02 
 8.029999999999890e-08 -1.710772532257376e-02 
 8.039999999999889e-08 -2.043377375205857e-02 
 8.049999999999889e-08 -2.367898413124214e-02 
 8.059999999999888e-08 -2.683061221612104e-02 
 8.069999999999888e-08 -2.987618094946631e-02 
 8.079999999999887e-08 -3.280372578674129e-02 
 8.089999999999886e-08 -3.560167469798192e-02 
 8.099999999999886e-08 -3.825903050364321e-02 
 8.109999999999885e-08 -4.076530801675160e-02 
 8.119999999999885e-08 -4.311065480620524e-02 
 8.129999999999884e-08 -4.528583156959809e-02 
 8.139999999999884e-08 -4.728228708704640e-02 
 8.149999999999883e-08 -4.909216686594498e-02 
 8.159999999999882e-08 -5.070835485837843e-02 
 8.169999999999882e-08 -5.212449903425198e-02 
 8.179999999999881e-08 -5.333502899058029e-02 
 8.189999999999881e-08 -5.433519010768095e-02 
 8.199999999999880e-08 -5.512104373886206e-02 
 8.209999999999880e-08 -5.568950384284421e-02 
 8.219999999999879e-08 -5.603832457252600e-02 
 8.229999999999878e-08 -5.616613496375189e-02 
 8.239999999999878e-08 -5.607241740224467e-02 
 8.249999999999877e-08 -5.575753724733423e-02 
 8.259999999999877e-08 -5.522271454939109e-02 
 8.269999999999876e-08 -5.447004654216703e-02 
 8.279999999999876e-08 -5.350247419307852e-02 
 8.289999999999875e-08 -5.232379625504313e-02 
 8.299999999999874e-08 -5.093863165747914e-02 
 8.309999999999874e-08 -4.935242446168164e-02 
 8.319999999999873e-08 -4.757140264039705e-02 
 8.329999999999873e-08 -4.560257375213772e-02 
 8.339999999999872e-08 -4.345368050528364e-02 
 8.349999999999872e-08 -4.113318729726534e-02 
 8.359999999999871e-08 -3.865023279493296e-02 
 8.369999999999870e-08 -3.601460782218080e-02 
 8.379999999999870e-08 -3.323670518106336e-02 
 8.389999999999869e-08 -3.032748960827991e-02 
 8.399999999999869e-08 -2.729844509602164e-02 
 8.409999999999868e-08 -2.416153782677699e-02 
 8.419999999999868e-08 -2.092916137018430e-02 
 8.429999999999867e-08 -1.761409363797806e-02 
 8.439999999999866e-08 -1.422944046403662e-02 
 8.449999999999866e-08 -1.078858775611047e-02 
 8.459999999999865e-08 -7.305144060066882e-03 
 8.469999999999865e-08 -3.792889177906655e-03 
 8.479999999999864e-08 -2.657164698449677e-04 
 8.489999999999864e-08  3.262420709913894e-03 
 8.499999999999863e-08  6.777557498656384e-03 
 8.509999999999862e-08  1.026597918542715e-02 
 8.519999999999862e-08  1.371397131361363e-02 
 8.529999999999861e-08  1.710772532085958e-02 
 8.539999999999861e-08  2.043377375308464e-02 
 8.549999999999860e-08  2.367898412970693e-02 
 8.559999999999860e-08  2.683061221936045e-02 
 8.569999999999859e-08  2.987618095283895e-02 
 8.579999999999858e-08  3.280372579072943e-02 
 8.589999999999858e-08  3.560167469839759e-02 
 8.599999999999857e-08  3.825903050218171e-02 
 8.609999999999857e-08  4.076530801454137e-02 
 8.619999999999856e-08  4.311065480376008e-02 
 8.629999999999856e-08  4.528583156685961e-02 
 8.639999999999855e-08  4.728228708194915e-02 
 8.649999999999854e-08  4.909216686014450e-02 
 8.659999999999854e-08  5.070835485435010e-02 
 8.669999999999853e-08  5.212449903248428e-02 
 8.679999999999853e-08  5.333502898777409e-02 
 8.689999999999852e-08  5.433519010651100e-02 
 8.699999999999852e-08  5.512104373915316e-02 
 8.709999999999851e-08  5.568950384353122e-02 
 8.719999999999850e-08  5.603832457289193e-02 
 8.729999999999850e-08  5.616613496514034e-02 
 8.739999999999849e-08  5.607241740205726e-02 
 8.749999999999849e-08  5.575753724555721e-02 
 8.759999999999848e-08  5.522271454723882e-02 
 8.769999999999848e-08  5.447004654053278e-02 
 8.779999999999847e-08  5.350247419175447e-02 
 8.789999999999846e-08  5.232379625636185e-02 
 8.799999999999846e-08  5.093863165859314e-02 
 8.809999999999845e-08  4.935242446286536e-02 
 8.819999999999845e-08  4.757140264145931e-02 
 8.829999999999844e-08  4.560257375450405e-02 
 8.839999999999844e-08  4.345368050864251e-02 
 8.849999999999843e-08  4.113318730109561e-02 
 8.859999999999842e-08  3.865023279571722e-02 
 8.869999999999842e-08  3.601460782216415e-02 
 8.879999999999841e-08  3.323670518026756e-02 
 8.889999999999841e-08  3.032748960880705e-02 
 8.899999999999840e-08  2.729844509755641e-02 
 8.909999999999840e-08  2.416153783016228e-02 
 8.919999999999839e-08  2.092916137326961e-02 
 8.929999999999838e-08  1.761409364247046e-02 
 8.939999999999838e-08  1.422944046794483e-02 
 8.949999999999837e-08  1.078858775959546e-02 
 8.959999999999837e-08  7.305144062935698e-03 
 8.969999999999836e-08  3.792889182132164e-03 
 8.979999999999836e-08  2.657164730175410e-04 
 8.989999999999835e-08 -3.262420707117686e-03 
 8.999999999999834e-08 -6.777557495113662e-03 
 9.009999999999834e-08 -1.026597918459693e-02 
 9.019999999999833e-08 -1.371397131099350e-02 
 9.029999999999833e-08 -1.710772531717208e-02 
 9.039999999999832e-08 -2.043377375298139e-02 
 9.049999999999832e-08 -2.367898412651126e-02 
 9.059999999999831e-08 -2.683061221830707e-02 
 9.069999999999830e-08 -2.987618094931355e-02 
 9.079999999999830e-08 -3.280372579014568e-02 
 9.089999999999829e-08 -3.560167469786402e-02 
 9.099999999999829e-08 -3.825903050277879e-02 
 9.109999999999828e-08 -4.076530801472833e-02 
 9.119999999999828e-08 -4.311065480555976e-02 
 9.129999999999827e-08 -4.528583156921506e-02 
 9.139999999999826e-08 -4.728228708565396e-02 
 9.149999999999826e-08 -4.909216686416795e-02 
 9.159999999999825e-08 -5.070835485786040e-02 
 9.169999999999825e-08 -5.212449903398886e-02 
 9.179999999999824e-08 -5.333502898954512e-02 
 9.189999999999824e-08 -5.433519010801890e-02 
 9.199999999999823e-08 -5.512104374022542e-02 
 9.209999999999822e-08 -5.568950384442339e-02 
 9.219999999999822e-08 -5.603832457444624e-02 
 9.229999999999821e-08 -5.616613496561729e-02 
 9.239999999999821e-08 -5.607241740315572e-02 
 9.249999999999820e-08 -5.575753724780141e-02 
 9.259999999999820e-08 -5.522271454966576e-02 
 9.269999999999819e-08 -5.447004654176468e-02 
 9.279999999999818e-08 -5.350247419263598e-02 
 9.289999999999818e-08 -5.232379625601569e-02 
 9.299999999999817e-08 -5.093863165943913e-02 
 9.309999999999817e-08 -4.935242446434973e-02 
 9.319999999999816e-08 -4.757140264344528e-02 
 9.329999999999816e-08 -4.560257375486465e-02 
 9.339999999999815e-08 -4.345368050703136e-02 
 9.349999999999814e-08 -4.113318729788329e-02 
 9.359999999999814e-08 -3.865023279344260e-02 
 9.369999999999813e-08 -3.601460781988042e-02 
 9.379999999999813e-08 -3.323670517870014e-02 
 9.389999999999812e-08 -3.032748960695053e-02 
 9.399999999999812e-08 -2.729844509510793e-02 
 9.409999999999811e-08 -2.416153782654895e-02 
 9.419999999999810e-08 -2.092916136968448e-02 
 9.429999999999810e-08 -1.761409363795674e-02 
 9.439999999999809e-08 -1.422944046290375e-02 
 9.449999999999809e-08 -1.078858775451352e-02 
 9.459999999999808e-08 -7.305144057799806e-03 
 9.469999999999808e-08 -3.792889177414827e-03 
 9.479999999999807e-08 -2.657164710673232e-04 
 9.489999999999806e-08  3.262420707912606e-03 
 9.499999999999806e-08  6.777557495537989e-03 
 9.509999999999805e-08  1.026597918897387e-02 
 9.519999999999805e-08  1.371397131313401e-02 
 9.529999999999804e-08  1.710772531885252e-02 
 9.539999999999804e-08  2.043377375653765e-02 
 9.549999999999803e-08  2.367898412888114e-02 
 9.559999999999802e-08  2.683061222243088e-02 
 9.569999999999802e-08  2.987618095256162e-02 
 9.579999999999801e-08  3.280372579347790e-02 
 9.589999999999801e-08  3.560167469946407e-02 
 9.599999999999800e-08  3.825903050440393e-02 
 9.609999999999800e-08  4.076530801613742e-02 
 9.619999999999799e-08  4.311065480511900e-02 
 9.629999999999798e-08  4.528583156780996e-02 
 9.639999999999798e-08  4.728228708297166e-02 
 9.649999999999797e-08  4.909216686188533e-02 
 9.659999999999797e-08  5.070835485501934e-02 
 9.669999999999796e-08  5.212449903222205e-02 
 9.679999999999796e-08  5.333502898677267e-02 
 9.689999999999795e-08  5.433519010502041e-02 
 9.699999999999794e-08  5.512104373747007e-02 
 9.709999999999794e-08  5.568950384273763e-02 
 9.719999999999793e-08  5.603832457296254e-02 
 9.729999999999793e-08  5.616613496601386e-02 
 9.739999999999792e-08  5.607241740355140e-02 
 9.749999999999792e-08  5.575753724668830e-02 
 9.759999999999791e-08  5.522271454694128e-02 
 9.769999999999790e-08  5.447004653975052e-02 
 9.779999999999790e-08  5.350247419035359e-02 
 9.789999999999789e-08  5.232379625468386e-02 
 9.799999999999789e-08  5.093863165772694e-02 
 9.809999999999788e-08  4.935242446243593e-02 
 9.819999999999788e-08  4.757140264071258e-02 
 9.829999999999787e-08  4.560257375330234e-02 
 9.839999999999786e-08  4.345368050701515e-02 
 9.849999999999786e-08  4.113318729933035e-02 
 9.859999999999785e-08  3.865023279390578e-02 
 9.869999999999785e-08  3.601460782004451e-02 
 9.879999999999784e-08  3.323670517826138e-02 
 9.889999999999783e-08  3.032748960662390e-02 
 9.899999999999783e-08  2.729844509534973e-02 
 9.909999999999782e-08  2.416153782806041e-02 
 9.919999999999782e-08  2.092916137069301e-02 
 9.929999999999781e-08  1.761409363937205e-02 
 9.939999999999781e-08  1.422944046575214e-02 
 9.949999999999780e-08  1.078858775824476e-02 
 9.959999999999779e-08  7.305144060322233e-03 
 9.969999999999779e-08  3.792889179570880e-03 
 9.979999999999778e-08  2.657164709480853e-04 
 9.989999999999778e-08 -3.262420707837776e-03 
 9.999999999999777e-08 -6.777557492359865e-03 
 1.000999999999978e-07 -1.026597918752037e-02 
 1.001999999999978e-07 -1.371397131050323e-02 
 1.002999999999978e-07 -1.710772531489213e-02 
 1.003999999999977e-07 -2.043377375527955e-02 
 1.004999999999977e-07 -2.367898412694847e-02 
 1.005999999999977e-07 -2.683061222257610e-02 
 1.006999999999977e-07 -2.987618095205269e-02 
 1.007999999999977e-07 -3.280372579368818e-02 
 1.008999999999977e-07 -3.560167469954179e-02 
 1.009999999999977e-07 -3.825903050574442e-02 
 1.010999999999977e-07 -4.076530801764444e-02 
 1.011999999999977e-07 -4.311065480798204e-02 
 1.012999999999977e-07 -4.528583156988719e-02 
 1.013999999999977e-07 -4.728228708501114e-02 
 1.014999999999977e-07 -4.909216686335616e-02 
 1.015999999999977e-07 -5.070835485635539e-02 
 1.016999999999977e-07 -5.212449903281535e-02 
 1.017999999999977e-07 -5.333502898974718e-02 
 1.018999999999977e-07 -5.433519010853849e-02 
 1.019999999999977e-07 -5.512104374074922e-02 
 1.020999999999977e-07 -5.568950384420313e-02 
 1.021999999999976e-07 -5.603832457258529e-02 
 1.022999999999976e-07 -5.616613496378120e-02 
 1.023999999999976e-07 -5.607241740254532e-02 
 1.024999999999976e-07 -5.575753724825883e-02 
 1.025999999999976e-07 -5.522271455009453e-02 
 1.026999999999976e-07 -5.447004654279852e-02 
 1.027999999999976e-07 -5.350247419426823e-02 
 1.028999999999976e-07 -5.232379625827566e-02 
 1.029999999999976e-07 -5.093863166075607e-02 
 1.030999999999976e-07 -4.935242446536270e-02 
 1.031999999999976e-07 -4.757140264468207e-02 
 1.032999999999976e-07 -4.560257375650734e-02 
 1.033999999999976e-07 -4.345368050766041e-02 
 1.034999999999976e-07 -4.113318729892157e-02 
 1.035999999999976e-07 -3.865023279569102e-02 
 1.036999999999976e-07 -3.601460782227983e-02 
 1.037999999999976e-07 -3.323670517951727e-02 
 1.038999999999975e-07 -3.032748960675846e-02 
 1.039999999999975e-07 -2.729844509449930e-02 
 1.040999999999975e-07 -2.416153782633090e-02 
 1.041999999999975e-07 -2.092916136957879e-02 
 1.042999999999975e-07 -1.761409363888600e-02 
 1.043999999999975e-07 -1.422944046453578e-02 
 1.044999999999975e-07 -1.078858775720426e-02 
 1.045999999999975e-07 -7.305144060346436e-03 
 1.046999999999975e-07 -3.792889178583003e-03 
 1.047999999999975e-07 -2.657164696182601e-04 
 1.048999999999975e-07  3.262420709054137e-03 
 1.049999999999975e-07  6.777557494819453e-03 
 1.050999999999975e-07  1.026597919177941e-02 
 1.051999999999975e-07  1.371397131317598e-02 
 1.052999999999975e-07  1.710772531716787e-02 
 1.053999999999975e-07  2.043377375806110e-02 
 1.054999999999975e-07  2.367898412682012e-02 
 1.055999999999975e-07  2.683061222263095e-02 
 1.056999999999974e-07  2.987618094970768e-02 
 1.057999999999974e-07  3.280372579117197e-02 
 1.058999999999974e-07  3.560167469697206e-02 
 1.059999999999974e-07  3.825903050433999e-02 
 1.060999999999974e-07  4.076530801652178e-02 
 1.061999999999974e-07  4.311065480649590e-02 
 1.062999999999974e-07  4.528583156835686e-02 
 1.063999999999974e-07  4.728228708325988e-02 
 1.064999999999974e-07  4.909216686171880e-02 
 1.065999999999974e-07  5.070835485586067e-02 
 1.066999999999974e-07  5.212449903337180e-02 
 1.067999999999974e-07  5.333502898744413e-02 
 1.068999999999974e-07  5.433519010464982e-02 
 1.069999999999974e-07  5.512104373637627e-02 
 1.070999999999974e-07  5.568950384095417e-02 
 1.071999999999974e-07  5.603832457147062e-02 
 1.072999999999974e-07  5.616613496423994e-02 
 1.073999999999973e-07  5.607241740129409e-02 
 1.074999999999973e-07  5.575753724525279e-02 
 1.075999999999973e-07  5.522271454734740e-02 
 1.076999999999973e-07  5.447004653967591e-02 
 1.077999999999973e-07  5.350247418972276e-02 
 1.078999999999973e-07  5.232379625436012e-02 
 1.079999999999973e-07  5.093863165745383e-02 
 1.080999999999973e-07  4.935242446236132e-02 
 1.081999999999973e-07  4.757140264087600e-02 
 1.082999999999973e-07  4.560257375419252e-02 
 1.083999999999973e-07  4.345368050819465e-02 
 1.084999999999973e-07  4.113318729891025e-02 
 1.085999999999973e-07  3.865023279297852e-02 
 1.086999999999973e-07  3.601460781976384e-02 
 1.087999999999973e-07  3.323670517864685e-02 
 1.088999999999973e-07  3.032748960785603e-02 
 1.089999999999973e-07  2.729844509799628e-02 
 1.090999999999973e-07  2.416153783173369e-02 
 1.091999999999972e-07  2.092916137406342e-02 
 1.092999999999972e-07  1.761409364194755e-02 
 1.093999999999972e-07  1.422944046691410e-02 
 1.094999999999972e-07  1.078858775897418e-02 
 1.095999999999972e-07  7.305144062202951e-03 
 1.096999999999972e-07  3.792889182049564e-03 
 1.097999999999972e-07  2.657164734247708e-04 
 1.098999999999972e-07 -3.262420705654856e-03 
 1.099999999999972e-07 -6.777557490570629e-03 
 1.100999999999972e-07 -1.026597918809458e-02 
 1.101999999999972e-07 -1.371397130844176e-02 
 1.102999999999972e-07 -1.710772531268323e-02 
 1.103999999999972e-07 -2.043377375488187e-02 
 1.104999999999972e-07 -2.367898412331004e-02 
 1.105999999999972e-07 -2.683061222134553e-02 
 1.106999999999972e-07 -2.987618094950362e-02 
 1.107999999999972e-07 -3.280372579277890e-02 
 1.108999999999971e-07 -3.560167469780451e-02 
 1.109999999999971e-07 -3.825903050424406e-02 
 1.110999999999971e-07 -4.076530801556033e-02 
 1.111999999999971e-07 -4.311065480670373e-02 
 1.112999999999971e-07 -4.528583157006127e-02 
 1.113999999999971e-07 -4.728228708510507e-02 
 1.114999999999971e-07 -4.909216686344164e-02 
 1.115999999999971e-07 -5.070835485663383e-02 
 1.116999999999971e-07 -5.212449903427219e-02 
 1.117999999999971e-07 -5.333502899043729e-02 
 1.118999999999971e-07 -5.433519010855026e-02 
 1.119999999999971e-07 -5.512104373922178e-02 
 1.120999999999971e-07 -5.568950384216254e-02 
 1.121999999999971e-07 -5.603832457120461e-02 
 1.122999999999971e-07 -5.616613496345169e-02 
 1.123999999999971e-07 -5.607241740283508e-02 
 1.124999999999971e-07 -5.575753724780452e-02 
 1.125999999999971e-07 -5.522271454829641e-02 
 1.126999999999970e-07 -5.447004654021104e-02 
 1.127999999999970e-07 -5.350247419208576e-02 
 1.128999999999970e-07 -5.232379625649841e-02 
 1.129999999999970e-07 -5.093863165978041e-02 
 1.130999999999970e-07 -4.935242446425980e-02 
 1.131999999999970e-07 -4.757140264227799e-02 
 1.132999999999970e-07 -4.560257375441412e-02 
 1.133999999999970e-07 -4.345368050683351e-02 
 1.134999999999970e-07 -4.113318729854321e-02 
 1.135999999999970e-07 -3.865023279409141e-02 
 1.136999999999970e-07 -3.601460782007382e-02 
 1.137999999999970e-07 -3.323670517777710e-02 
 1.138999999999970e-07 -3.032748960651332e-02 
 1.139999999999970e-07 -2.729844509426749e-02 
 1.140999999999970e-07 -2.416153782576402e-02 
 1.141999999999970e-07 -2.092916136816170e-02 
 1.142999999999970e-07 -1.761409363821898e-02 
 1.143999999999969e-07 -1.422944046410324e-02 
 1.144999999999969e-07 -1.078858775641822e-02 
 1.145999999999969e-07 -7.305144059527091e-03 
 1.146999999999969e-07 -3.792889179354830e-03 
 1.147999999999969e-07 -2.657164718151694e-04 
 1.148999999999969e-07  3.262420707635938e-03 
 1.149999999999969e-07  6.777557493024222e-03 
 1.150999999999969e-07  1.026597919223615e-02 
 1.151999999999969e-07  1.371397131211349e-02 
 1.152999999999969e-07  1.710772531586735e-02 
 1.153999999999969e-07  2.043377375835931e-02 
 1.154999999999969e-07  2.367898412704128e-02 
 1.155999999999969e-07  2.683061222502769e-02 
 1.156999999999969e-07  2.987618095218592e-02 
 1.157999999999969e-07  3.280372579426794e-02 
 1.158999999999969e-07  3.560167469828102e-02 
 1.159999999999969e-07  3.825903050555324e-02 
 1.160999999999969e-07  4.076530801677536e-02 
 1.161999999999968e-07  4.311065480601584e-02 
 1.162999999999968e-07  4.528583156745669e-02 
 1.163999999999968e-07  4.728228708222604e-02 
 1.164999999999968e-07  4.909216686119544e-02 
 1.165999999999968e-07  5.070835485485281e-02 
 1.166999999999968e-07  5.212449903283822e-02 
 1.167999999999968e-07  5.333502898883413e-02 
 1.168999999999968e-07  5.433519010700771e-02 
 1.169999999999968e-07  5.512104373856652e-02 
 1.170999999999968e-07  5.568950384328208e-02 
 1.171999999999968e-07  5.603832457362712e-02 
 1.172999999999968e-07  5.616613496537104e-02 
 1.173999999999968e-07  5.607241740234281e-02 
 1.174999999999968e-07  5.575753724586141e-02 
 1.175999999999968e-07  5.522271454630578e-02 
 1.176999999999968e-07  5.447004653862142e-02 
 1.177999999999968e-07  5.350247418996967e-02 
 1.178999999999967e-07  5.232379625503736e-02 
 1.179999999999967e-07  5.093863165721002e-02 
 1.180999999999967e-07  4.935242446130728e-02 
 1.181999999999967e-07  4.757140264042703e-02 
 1.182999999999967e-07  4.560257375388899e-02 
 1.183999999999967e-07  4.345368050790333e-02 
 1.184999999999967e-07  4.113318729945181e-02 
 1.185999999999967e-07  3.865023279387247e-02 
 1.186999999999967e-07  3.601460782037136e-02 
 1.187999999999967e-07  3.323670517830957e-02 
 1.188999999999967e-07  3.032748960682219e-02 
 1.189999999999967e-07  2.729844509624457e-02 
 1.190999999999967e-07  2.416153782937980e-02 
 1.191999999999967e-07  2.092916137109713e-02 
 1.192999999999967e-07  1.761409363988475e-02 
 1.193999999999967e-07  1.422944046704044e-02 
 1.194999999999967e-07  1.078858776044100e-02 
 1.195999999999967e-07  7.305144063162627e-03 
 1.196999999999967e-07  3.792889182524295e-03 
 1.197999999999967e-07  2.657164733288475e-04 
 1.198999999999967e-07 -3.262420705268276e-03 
 1.199999999999967e-07 -6.777557488331976e-03 
 1.200999999999967e-07 -1.026597918808170e-02 
 1.201999999999967e-07 -1.371397130884033e-02 
 1.202999999999968e-07 -1.710772531210059e-02 
 1.203999999999968e-07 -2.043377375562749e-02 
 1.204999999999968e-07 -2.367898412338221e-02 
 1.205999999999968e-07 -2.683061222285321e-02 
 1.206999999999968e-07 -2.987618095062894e-02 
 1.207999999999968e-07 -3.280372579361845e-02 
 1.208999999999968e-07 -3.560167469803277e-02 
 1.209999999999968e-07 -3.825903050543955e-02 
 1.210999999999968e-07 -4.076530801676337e-02 
 1.211999999999968e-07 -4.311065480683984e-02 
 1.212999999999968e-07 -4.528583156920285e-02 
 1.213999999999968e-07 -4.728228708480930e-02 
 1.214999999999968e-07 -4.909216686301310e-02 
 1.215999999999969e-07 -5.070835485696712e-02 
 1.216999999999969e-07 -5.212449903332561e-02 
 1.217999999999969e-07 -5.333502898868003e-02 
 1.218999999999969e-07 -5.433519010689247e-02 
 1.219999999999969e-07 -5.512104373882298e-02 
 1.220999999999969e-07 -5.568950384279003e-02 
 1.221999999999969e-07 -5.603832457287217e-02 
 1.222999999999969e-07 -5.616613496547851e-02 
 1.223999999999969e-07 -5.607241740360247e-02 
 1.224999999999969e-07 -5.575753724887234e-02 
 1.225999999999969e-07 -5.522271454929961e-02 
 1.226999999999969e-07 -5.447004654187082e-02 
 1.227999999999969e-07 -5.350247419274701e-02 
 1.228999999999970e-07 -5.232379625679484e-02 
 1.229999999999970e-07 -5.093863165889867e-02 
 1.230999999999970e-07 -4.935242446372978e-02 
 1.231999999999970e-07 -4.757140264197091e-02 
 1.232999999999970e-07 -4.560257375341936e-02 
 1.233999999999970e-07 -4.345368050534382e-02 
 1.234999999999970e-07 -4.113318729695292e-02 
 1.235999999999970e-07 -3.865023279348234e-02 
 1.236999999999970e-07 -3.601460782175603e-02 
 1.237999999999970e-07 -3.323670518090061e-02 
 1.238999999999970e-07 -3.032748960969767e-02 
 1.239999999999970e-07 -2.729844509632495e-02 
 1.240999999999970e-07 -2.416153782704322e-02 
 1.241999999999970e-07 -2.092916136887402e-02 
 1.242999999999971e-07 -1.761409363787569e-02 
 1.243999999999971e-07 -1.422944046346131e-02 
 1.244999999999971e-07 -1.078858775730218e-02 
 1.245999999999971e-07 -7.305144060923308e-03 
 1.246999999999971e-07 -3.792889179878411e-03 
 1.247999999999971e-07 -2.657164713999460e-04 
 1.248999999999971e-07  3.262420708136204e-03 
 1.249999999999971e-07  6.777557492787967e-03 
 1.250999999999971e-07  1.026597919300309e-02 
 1.251999999999971e-07  1.371397131232133e-02 
 1.252999999999971e-07  1.710772531476312e-02 
 1.253999999999971e-07  2.043377375715627e-02 
 1.254999999999971e-07  2.367898412348701e-02 
 1.255999999999972e-07  2.683061222293803e-02 
 1.256999999999972e-07  2.987618095018973e-02 
 1.257999999999972e-07  3.280372579342772e-02 
 1.258999999999972e-07  3.560167469760267e-02 
 1.259999999999972e-07  3.825903050478296e-02 
 1.260999999999972e-07  4.076530801471145e-02 
 1.261999999999972e-07  4.311065480405807e-02 
 1.262999999999972e-07  4.528583156670174e-02 
 1.263999999999972e-07  4.728228708254023e-02 
 1.264999999999972e-07  4.909216686142592e-02 
 1.265999999999972e-07  5.070835485505132e-02 
 1.266999999999972e-07  5.212449903292637e-02 
 1.267999999999972e-07  5.333502898900222e-02 
 1.268999999999973e-07  5.433519010812038e-02 
 1.269999999999973e-07  5.512104374021254e-02 
 1.270999999999973e-07  5.568950384441806e-02 
 1.271999999999973e-07  5.603832457411095e-02 
 1.272999999999973e-07  5.616613496653988e-02 
 1.273999999999973e-07  5.607241740402991e-02 
 1.274999999999973e-07  5.575753724675891e-02 
 1.275999999999973e-07  5.522271454609884e-02 
 1.276999999999973e-07  5.447004653730758e-02 
 1.277999999999973e-07  5.350247418848375e-02 
 1.278999999999973e-07  5.232379625418293e-02 
 1.279999999999973e-07  5.093863165802182e-02 
 1.280999999999973e-07  4.935242446269772e-02 
 1.281999999999973e-07  4.757140263966098e-02 
 1.282999999999974e-07  4.560257375219767e-02 
 1.283999999999974e-07  4.345368050627108e-02 
 1.284999999999974e-07  4.113318729880255e-02 
 1.285999999999974e-07  3.865023279343993e-02 
 1.286999999999974e-07  3.601460782080390e-02 
 1.287999999999974e-07  3.323670518019428e-02 
 1.288999999999974e-07  3.032748960877196e-02 
 1.289999999999974e-07  2.729844509663271e-02 
 1.290999999999974e-07  2.416153782922459e-02 
 1.291999999999974e-07  2.092916137141376e-02 
 1.292999999999974e-07  1.761409364073740e-02 
 1.293999999999974e-07  1.422944046654595e-02 
 1.294999999999974e-07  1.078858775929992e-02 
 1.295999999999975e-07  7.305144061533708e-03 
 1.296999999999975e-07  3.792889180367798e-03 
 1.297999999999975e-07  2.657164708406157e-04 
 1.298999999999975e-07 -3.262420708133096e-03 
 1.299999999999975e-07 -6.777557491651098e-03 
 1.300999999999975e-07 -1.026597919202077e-02 
 1.301999999999975e-07 -1.371397131051144e-02 
 1.302999999999975e-07 -1.710772531304494e-02 
 1.303999999999975e-07 -2.043377375670530e-02 
 1.304999999999975e-07 -2.367898412226399e-02 
 1.305999999999975e-07 -2.683061222034855e-02 
 1.306999999999975e-07 -2.987618094792999e-02 
 1.307999999999975e-07 -3.280372579282398e-02 
 1.308999999999976e-07 -3.560167469821862e-02 
 1.309999999999976e-07 -3.825903050581414e-02 
 1.310999999999976e-07 -4.076530801760314e-02 
 1.311999999999976e-07 -4.311065480881027e-02 
 1.312999999999976e-07 -4.528583157143173e-02 
 1.313999999999976e-07 -4.728228708611493e-02 
 1.314999999999976e-07 -4.909216686425544e-02 
 1.315999999999976e-07 -5.070835485752068e-02 
 1.316999999999976e-07 -5.212449903454730e-02 
 1.317999999999976e-07 -5.333502899008735e-02 
 1.318999999999976e-07 -5.433519010902566e-02 
 1.319999999999976e-07 -5.512104374010240e-02 
 1.320999999999976e-07 -5.568950384358451e-02 
 1.321999999999977e-07 -5.603832457296143e-02 
 1.322999999999977e-07 -5.616613496400924e-02 
 1.323999999999977e-07 -5.607241740167801e-02 
 1.324999999999977e-07 -5.575753724629995e-02 
 1.325999999999977e-07 -5.522271454803618e-02 
 1.326999999999977e-07 -5.447004654050192e-02 
 1.327999999999977e-07 -5.350247419234178e-02 
 1.328999999999977e-07 -5.232379625709060e-02 
 1.329999999999977e-07 -5.093863165984813e-02 
 1.330999999999977e-07 -4.935242446414922e-02 
 1.331999999999977e-07 -4.757140264323101e-02 
 1.332999999999977e-07 -4.560257375544818e-02 
 1.333999999999977e-07 -4.345368050722076e-02 
 1.334999999999977e-07 -4.113318729831472e-02 
 1.335999999999978e-07 -3.865023279356827e-02 
 1.336999999999978e-07 -3.601460782037202e-02 
 1.337999999999978e-07 -3.323670517847455e-02 
 1.338999999999978e-07 -3.032748960704001e-02 
 1.339999999999978e-07 -2.729844509489388e-02 
 1.340999999999978e-07 -2.416153782705277e-02 
 1.341999999999978e-07 -2.092916136943312e-02 
 1.342999999999978e-07 -1.761409363829225e-02 
 1.343999999999978e-07 -1.422944046347574e-02 
 1.344999999999978e-07 -1.078858775607361e-02 
 1.345999999999978e-07 -7.305144058209700e-03 
 1.346999999999978e-07 -3.792889177413050e-03 
 1.347999999999978e-07 -2.657164696246994e-04 
 1.348999999999979e-07  3.262420708913139e-03 
 1.349999999999979e-07  6.777557493294450e-03 
 1.350999999999979e-07  1.026597919390659e-02 
 1.351999999999979e-07  1.371397131192920e-02 
 1.352999999999979e-07  1.710772531506000e-02 
 1.353999999999979e-07  2.043377376012567e-02 
 1.354999999999979e-07  2.367898412698666e-02 
 1.355999999999979e-07  2.683061222668193e-02 
 1.356999999999979e-07  2.987618095191080e-02 
 1.357999999999979e-07  3.280372579478819e-02 
 1.358999999999979e-07  3.560167469877218e-02 
 1.359999999999979e-07  3.825903050621182e-02 
 1.360999999999979e-07  4.076530801762757e-02 
 1.361999999999980e-07  4.311065480821785e-02 
 1.362999999999980e-07  4.528583156981525e-02 
 1.363999999999980e-07  4.728228708486815e-02 
 1.364999999999980e-07  4.909216686289053e-02 
 1.365999999999980e-07  5.070835485570258e-02 
 1.366999999999980e-07  5.212449903351901e-02 
 1.367999999999980e-07  5.333502898937637e-02 
 1.368999999999980e-07  5.433519010720067e-02 
 1.369999999999980e-07  5.512104373804605e-02 
 1.370999999999980e-07  5.568950384156413e-02 
 1.371999999999980e-07  5.603832457053670e-02 
 1.372999999999980e-07  5.616613496359180e-02 
 1.373999999999980e-07  5.607241740200197e-02 
 1.374999999999980e-07  5.575753724532273e-02 
 1.375999999999981e-07  5.522271454559191e-02 
 1.376999999999981e-07  5.447004653754761e-02 
 1.377999999999981e-07  5.350247418797593e-02 
 1.378999999999981e-07  5.232379625394090e-02 
 1.379999999999981e-07  5.093863165818413e-02 
 1.380999999999981e-07  4.935242446223476e-02 
 1.381999999999981e-07  4.757140264077342e-02 
 1.382999999999981e-07  4.560257375343713e-02 
 1.383999999999981e-07  4.345368050713594e-02 
 1.384999999999981e-07  4.113318729933613e-02 
 1.385999999999981e-07  3.865023279390822e-02 
 1.386999999999981e-07  3.601460782032029e-02 
 1.387999999999981e-07  3.323670517838018e-02 
 1.388999999999982e-07  3.032748960679177e-02 
 1.389999999999982e-07  2.729844509647128e-02 
 1.390999999999982e-07  2.416153783020158e-02 
 1.391999999999982e-07  2.092916137299783e-02 
 1.392999999999982e-07  1.761409364216870e-02 
 1.393999999999982e-07  1.422944046751584e-02 
 1.394999999999982e-07  1.078858776054670e-02 
 1.395999999999982e-07  7.305144063588065e-03 
 1.396999999999982e-07  3.792889183192205e-03 
 1.397999999999982e-07  2.657164740491602e-04 
 1.398999999999982e-07 -3.262420704492230e-03 
 1.399999999999982e-07 -6.777557487560149e-03 
 1.400999999999982e-07 -1.026597918925298e-02 
 1.401999999999983e-07 -1.371397130931196e-02 
 1.402999999999983e-07 -1.710772531287374e-02 
 1.403999999999983e-07 -2.043377375737387e-02 
 1.404999999999983e-07 -2.367898412269298e-02 
 1.405999999999983e-07 -2.683061222274663e-02 
 1.406999999999983e-07 -2.987618094899158e-02 
 1.407999999999983e-07 -3.280372579258151e-02 
 1.408999999999983e-07 -3.560167469687814e-02 
 1.409999999999983e-07 -3.825903050495461e-02 
 1.410999999999983e-07 -4.076530801718681e-02 
 1.411999999999983e-07 -4.311065480851894e-02 
 1.412999999999983e-07 -4.528583157025179e-02 
 1.413999999999983e-07 -4.728228708438542e-02 
 1.414999999999983e-07 -4.909216686196172e-02 
 1.415999999999984e-07 -5.070835485676040e-02 
 1.416999999999984e-07 -5.212449903462213e-02 
 1.417999999999984e-07 -5.333502898977449e-02 
 1.418999999999984e-07 -5.433519010706100e-02 
 1.419999999999984e-07 -5.512104373812954e-02 
 1.420999999999984e-07 -5.568950384233329e-02 
 1.421999999999984e-07 -5.603832457230262e-02 
 1.422999999999984e-07 -5.616613496362177e-02 
 1.423999999999984e-07 -5.607241740153035e-02 
 1.424999999999984e-07 -5.575753724625998e-02 
 1.425999999999984e-07 -5.522271454779482e-02 
 1.426999999999984e-07 -5.447004654108234e-02 
 1.427999999999984e-07 -5.350247419338494e-02 
 1.428999999999985e-07 -5.232379625699779e-02 
 1.429999999999985e-07 -5.093863165847590e-02 
 1.430999999999985e-07 -4.935242446254051e-02 
 1.431999999999985e-07 -4.757140264184789e-02 
 1.432999999999985e-07 -4.560257375493326e-02 
 1.433999999999985e-07 -4.345368050668652e-02 
 1.434999999999985e-07 -4.113318729788196e-02 
 1.435999999999985e-07 -3.865023279406610e-02 
 1.436999999999985e-07 -3.601460782102150e-02 
 1.437999999999985e-07 -3.323670517951127e-02 
 1.438999999999985e-07 -3.032748960763176e-02 
 1.439999999999985e-07 -2.729844509559465e-02 
 1.440999999999985e-07 -2.416153782799091e-02 
 1.441999999999986e-07 -2.092916137025380e-02 
 1.442999999999986e-07 -1.761409363892397e-02 
 1.443999999999986e-07 -1.422944046351660e-02 
 1.444999999999986e-07 -1.078858775589264e-02 
 1.445999999999986e-07 -7.305144059030155e-03 
 1.446999999999986e-07 -3.792889179657921e-03 
 1.447999999999986e-07 -2.657164721899807e-04 
 1.448999999999986e-07  3.262420706658054e-03 
 1.449999999999986e-07  6.777557491578712e-03 
 1.450999999999986e-07  1.026597919312766e-02 
 1.451999999999986e-07  1.371397131128194e-02 
 1.452999999999986e-07  1.710772531499027e-02 
 1.453999999999986e-07  2.043377376047273e-02 
 1.454999999999986e-07  2.367898412615999e-02 
 1.455999999999987e-07  2.683061222540228e-02 
 1.456999999999987e-07  2.987618095102107e-02 
 1.457999999999987e-07  3.280372579499402e-02 
 1.458999999999987e-07  3.560167469939812e-02 
 1.459999999999987e-07  3.825903050599710e-02 
 1.460999999999987e-07  4.076530801689882e-02 
 1.461999999999987e-07  4.311065480857312e-02 
 1.462999999999987e-07  4.528583157078914e-02 
 1.463999999999987e-07  4.728228708455240e-02 
 1.464999999999987e-07  4.909216686267692e-02 
 1.465999999999987e-07  5.070835485762237e-02 
 1.466999999999987e-07  5.212449903497918e-02 
 1.467999999999987e-07  5.333502898955844e-02 
 1.468999999999988e-07  5.433519010657051e-02 
 1.469999999999988e-07  5.512104373841131e-02 
 1.470999999999988e-07  5.568950384340488e-02 
 1.471999999999988e-07  5.603832457333269e-02 
 1.472999999999988e-07  5.616613496643330e-02 
 1.473999999999988e-07  5.607241740381430e-02 
 1.474999999999988e-07  5.575753724741728e-02 
 1.475999999999988e-07  5.522271454846428e-02 
 1.476999999999988e-07  5.447004653937082e-02 
 1.477999999999988e-07  5.350247418929133e-02 
 1.478999999999988e-07  5.232379625372263e-02 
 1.479999999999988e-07  5.093863165751511e-02 
 1.480999999999988e-07  4.935242446300414e-02 
 1.481999999999989e-07  4.757140264136805e-02 
 1.482999999999989e-07  4.560257375488175e-02 
 1.483999999999989e-07  4.345368050902843e-02 
 1.484999999999989e-07  4.113318730035798e-02 
 1.485999999999989e-07  3.865023279379320e-02 
 1.486999999999989e-07  3.601460781952159e-02 
 1.487999999999989e-07  3.323670517862864e-02 
 1.488999999999989e-07  3.032748960803122e-02 
 1.489999999999989e-07  2.729844509800050e-02 
 1.490999999999989e-07  2.416153783141572e-02 
 1.491999999999989e-07  2.092916137323519e-02 
 1.492999999999989e-07  1.761409364125166e-02 
 1.493999999999989e-07  1.422944046704222e-02 
 1.494999999999989e-07  1.078858775920488e-02 
 1.495999999999990e-07  7.305144060731239e-03 
 1.496999999999990e-07  3.792889179182746e-03 
 1.497999999999990e-07  2.657164698496306e-04 
 1.498999999999990e-07 -3.262420707921043e-03 
 1.499999999999990e-07 -6.777557489707098e-03 
 1.500999999999990e-07 -1.026597919093564e-02 
 1.501999999999990e-07 -1.371397130974050e-02 
 1.502999999999990e-07 -1.710772531288085e-02 
 1.503999999999990e-07 -2.043377375826938e-02 
 1.504999999999990e-07 -2.367898412379565e-02 
 1.505999999999990e-07 -2.683061222376537e-02 
 1.506999999999990e-07 -2.987618094973366e-02 
 1.507999999999990e-07 -3.280372579281576e-02 
 1.508999999999991e-07 -3.560167469651798e-02 
 1.509999999999991e-07 -3.825903050347845e-02 
 1.510999999999991e-07 -4.076530801423250e-02 
 1.511999999999991e-07 -4.311065480615017e-02 
 1.512999999999991e-07 -4.528583156919663e-02 
 1.513999999999991e-07 -4.728228708491233e-02 
 1.514999999999991e-07 -4.909216686343676e-02 
 1.515999999999991e-07 -5.070835485747538e-02 
 1.516999999999991e-07 -5.212449903531002e-02 
 1.517999999999991e-07 -5.333502899085851e-02 
 1.518999999999991e-07 -5.433519010919907e-02 
 1.519999999999991e-07 -5.512104374069993e-02 
 1.520999999999991e-07 -5.568950384489391e-02 
 1.521999999999992e-07 -5.603832457362978e-02 
 1.522999999999992e-07 -5.616613496489498e-02 
 1.523999999999992e-07 -5.607241740205970e-02 
 1.524999999999992e-07 -5.575753724652555e-02 
 1.525999999999992e-07 -5.522271454808636e-02 
 1.526999999999992e-07 -5.447004654128529e-02 
 1.527999999999992e-07 -5.350247419379350e-02 
 1.528999999999992e-07 -5.232379625878925e-02 
 1.529999999999992e-07 -5.093863166058621e-02 
 1.530999999999992e-07 -4.935242446349730e-02 
 1.531999999999992e-07 -4.757140264101523e-02 
 1.532999999999992e-07 -4.560257375258447e-02 
 1.533999999999992e-07 -4.345368050442167e-02 
 1.534999999999993e-07 -4.113318729622617e-02 
 1.535999999999993e-07 -3.865023279326252e-02 
 1.536999999999993e-07 -3.601460782078680e-02 
 1.537999999999993e-07 -3.323670517909116e-02 
 1.538999999999993e-07 -3.032748960751008e-02 
 1.539999999999993e-07 -2.729844509562440e-02 
 1.540999999999993e-07 -2.416153782796737e-02 
 1.541999999999993e-07 -2.092916137079293e-02 
 1.542999999999993e-07 -1.761409363980859e-02 
 1.543999999999993e-07 -1.422944046440544e-02 
 1.544999999999993e-07 -1.078858775675950e-02 
 1.545999999999993e-07 -7.305144059609914e-03 
 1.546999999999993e-07 -3.792889178870551e-03 
 1.547999999999993e-07 -2.657164703705472e-04 
 1.548999999999994e-07  3.262420709453151e-03 
 1.549999999999994e-07  6.777557493930164e-03 
 1.550999999999994e-07  1.026597919517380e-02 
 1.551999999999994e-07  1.371397131220897e-02 
 1.552999999999994e-07  1.710772531552807e-02 
 1.553999999999994e-07  2.043377375984101e-02 
 1.554999999999994e-07  2.367898412498937e-02 
 1.555999999999994e-07  2.683061222466709e-02 
 1.556999999999994e-07  2.987618095094224e-02 
 1.557999999999994e-07  3.280372579388291e-02 
 1.558999999999994e-07  3.560167469827302e-02 
 1.559999999999994e-07  3.825903050509449e-02 
 1.560999999999994e-07  4.076530801617517e-02 
 1.561999999999995e-07  4.311065480829890e-02 
 1.562999999999995e-07  4.528583157070343e-02 
 1.563999999999995e-07  4.728228708453730e-02 
 1.564999999999995e-07  4.909216686181228e-02 
 1.565999999999995e-07  5.070835485524250e-02 
 1.566999999999995e-07  5.212449903304961e-02 
 1.567999999999995e-07  5.333502898828080e-02 
 1.568999999999995e-07  5.433519010602739e-02 
 1.569999999999995e-07  5.512104373696736e-02 
 1.570999999999995e-07  5.568950384166782e-02 
 1.571999999999995e-07  5.603832457231150e-02 
 1.572999999999995e-07  5.616613496564260e-02 
 1.573999999999995e-07  5.607241740226110e-02 
 1.574999999999996e-07  5.575753724518595e-02 
 1.575999999999996e-07  5.522271454540228e-02 
 1.576999999999996e-07  5.447004653682552e-02 
 1.577999999999996e-07  5.350247418711906e-02 
 1.578999999999996e-07  5.232379625236239e-02 
 1.579999999999996e-07  5.093863165693513e-02 
 1.580999999999996e-07  4.935242446266752e-02 
 1.581999999999996e-07  4.757140264060977e-02 
 1.582999999999996e-07  4.560257375278720e-02 
 1.583999999999996e-07  4.345368050676579e-02 
 1.584999999999996e-07  4.113318729988991e-02 
 1.585999999999996e-07  3.865023279472890e-02 
 1.586999999999996e-07  3.601460782090005e-02 
 1.587999999999996e-07  3.323670517861244e-02 
 1.588999999999997e-07  3.032748960776144e-02 
 1.589999999999997e-07  2.729844509756130e-02 
 1.590999999999997e-07  2.416153783078312e-02 
 1.591999999999997e-07  2.092916137370682e-02 
 1.592999999999997e-07  1.761409364301403e-02 
 1.593999999999997e-07  1.422944046871155e-02 
 1.594999999999997e-07  1.078858776125680e-02 
 1.595999999999997e-07  7.305144063519453e-03 
 1.596999999999997e-07  3.792889182289816e-03 
 1.597999999999997e-07  2.657164724415573e-04 
 1.598999999999997e-07 -3.262420706302116e-03 
 1.599999999999997e-07 -6.777557488537811e-03 
 1.600999999999997e-07 -1.026597918996708e-02 
 1.601999999999998e-07 -1.371397130803520e-02 
 1.602999999999998e-07 -1.710772531212501e-02 
 1.603999999999998e-07 -2.043377375766453e-02 
 1.604999999999998e-07 -2.367898412266056e-02 
 1.605999999999998e-07 -2.683061222249994e-02 
 1.606999999999998e-07 -2.987618094876998e-02 
 1.607999999999998e-07 -3.280372579316215e-02 
 1.608999999999998e-07 -3.560167469785158e-02 
 1.609999999999998e-07 -3.825903050566848e-02 
 1.610999999999998e-07 -4.076530801701672e-02 
 1.611999999999998e-07 -4.311065480792298e-02 
 1.612999999999998e-07 -4.528583156976418e-02 
 1.613999999999998e-07 -4.728228708420290e-02 
 1.614999999999999e-07 -4.909216686297602e-02 
 1.615999999999999e-07 -5.070835485706437e-02 
 1.616999999999999e-07 -5.212449903521499e-02 
 1.617999999999999e-07 -5.333502899099862e-02 
 1.618999999999999e-07 -5.433519010842347e-02 
 1.619999999999999e-07 -5.512104373892623e-02 
 1.620999999999999e-07 -5.568950384294857e-02 
 1.621999999999999e-07 -5.603832457302249e-02 
 1.622999999999999e-07 -5.616613496503664e-02 
 1.623999999999999e-07 -5.607241740226021e-02 
 1.624999999999999e-07 -5.575753724648358e-02 
 1.625999999999999e-07 -5.522271454875938e-02 
 1.626999999999999e-07 -5.447004654265686e-02 
 1.627999999999999e-07 -5.350247419497789e-02 
 1.629000000000000e-07 -5.232379625957928e-02 
 1.630000000000000e-07 -5.093863166143531e-02 
 1.631000000000000e-07 -4.935242446466814e-02 
 1.632000000000000e-07 -4.757140264218918e-02 
 1.633000000000000e-07 -4.560257375371135e-02 
 1.634000000000000e-07 -4.345368050653753e-02 
 1.635000000000000e-07 -4.113318729851856e-02 
 1.636000000000000e-07 -3.865023279448909e-02 
 1.637000000000000e-07 -3.601460782174870e-02 
 1.638000000000000e-07 -3.323670517943178e-02 
 1.639000000000000e-07 -3.032748960797105e-02 
 1.640000000000000e-07 -2.729844509630941e-02 
 1.641000000000000e-07 -2.416153782940822e-02 
 1.642000000000001e-07 -2.092916137107959e-02 
 1.643000000000001e-07 -1.761409363871191e-02 
 1.644000000000001e-07 -1.422944046283803e-02 
 1.645000000000001e-07 -1.078858775569613e-02 
 1.646000000000001e-07 -7.305144059497559e-03 
 1.647000000000001e-07 -3.792889179855541e-03 
 1.648000000000001e-07 -2.657164711878934e-04 
 1.649000000000001e-07  3.262420708965763e-03 
 1.650000000000001e-07  6.777557493557795e-03 
 1.651000000000001e-07  1.026597919566030e-02 
 1.652000000000001e-07  1.371397131258911e-02 
 1.653000000000001e-07  1.710772531485549e-02 
 1.654000000000001e-07  2.043377375960032e-02 
 1.655000000000002e-07  2.367898412465519e-02 
 1.656000000000002e-07  2.683061222401961e-02 
 1.657000000000002e-07  2.987618094997835e-02 
 1.658000000000002e-07  3.280372579437851e-02 
 1.659000000000002e-07  3.560167469838338e-02 
 1.660000000000002e-07  3.825903050445900e-02 
 1.661000000000002e-07  4.076530801534117e-02 
 1.662000000000002e-07  4.311065480694021e-02 
 1.663000000000002e-07  4.528583156948818e-02 
 1.664000000000002e-07  4.728228708463211e-02 
 1.665000000000002e-07  4.909216686187778e-02 
 1.666000000000002e-07  5.070835485481218e-02 
 1.667000000000002e-07  5.212449903188787e-02 
 1.668000000000002e-07  5.333502898730358e-02 
 1.669000000000003e-07  5.433519010621990e-02 
 1.670000000000003e-07  5.512104373901172e-02 
 1.671000000000003e-07  5.568950384355120e-02 
 1.672000000000003e-07  5.603832457295055e-02 
 1.673000000000003e-07  5.616613496599898e-02 
 1.674000000000003e-07  5.607241740407187e-02 
 1.675000000000003e-07  5.575753724659460e-02 
 1.676000000000003e-07  5.522271454590366e-02 
 1.677000000000003e-07  5.447004653651466e-02 
 1.678000000000003e-07  5.350247418605059e-02 
 1.679000000000003e-07  5.232379625085271e-02 
 1.680000000000003e-07  5.093863165529489e-02 
 1.681000000000003e-07  4.935242446082388e-02 
 1.682000000000004e-07  4.757140263954884e-02 
 1.683000000000004e-07  4.560257375333943e-02 
 1.684000000000004e-07  4.345368050889453e-02 
 1.685000000000004e-07  4.113318730109827e-02 
 1.686000000000004e-07  3.865023279473023e-02 
 1.687000000000004e-07  3.601460782112365e-02 
 1.688000000000004e-07  3.323670517950839e-02 
 1.689000000000004e-07  3.032748960814358e-02 
 1.690000000000004e-07  2.729844509772139e-02 
 1.691000000000004e-07  2.416153783190089e-02 
 1.692000000000004e-07  2.092916137400747e-02 
 1.693000000000004e-07  1.761409364272537e-02 
 1.694000000000004e-07  1.422944046858166e-02 
 1.695000000000005e-07  1.078858776050895e-02 
 1.696000000000005e-07  7.305144063287194e-03 
 1.697000000000005e-07  3.792889183116266e-03 
 1.698000000000005e-07  2.657164738524287e-04 
 1.699000000000005e-07 -3.262420705350433e-03 
 1.700000000000005e-07 -6.777557489161978e-03 
 1.701000000000005e-07 -1.026597919065164e-02 
 1.702000000000005e-07 -1.371397130871777e-02 
 1.703000000000005e-07 -1.710772531177374e-02 
 1.704000000000005e-07 -2.043377375705502e-02 
 1.705000000000005e-07 -2.367898412220359e-02 
 1.706000000000005e-07 -2.683061222207139e-02 
 1.707000000000005e-07 -2.987618094827216e-02 
 1.708000000000006e-07 -3.280372579370483e-02 
 1.709000000000006e-07 -3.560167469898956e-02 
 1.710000000000006e-07 -3.825903050638391e-02 
 1.711000000000006e-07 -4.076530801746170e-02 
 1.712000000000006e-07 -4.311065480879517e-02 
 1.713000000000006e-07 -4.528583157143040e-02 
 1.714000000000006e-07 -4.728228708694426e-02 
 1.715000000000006e-07 -4.909216686474038e-02 
 1.716000000000006e-07 -5.070835485764702e-02 
 1.717000000000006e-07 -5.212449903523408e-02 
 1.718000000000006e-07 -5.333502899154885e-02 
 1.719000000000006e-07 -5.433519010932675e-02 
 1.720000000000006e-07 -5.512104374000204e-02 
 1.721000000000006e-07 -5.568950384296278e-02 
 1.722000000000007e-07 -5.603832457216740e-02 
 1.723000000000007e-07 -5.616613496442979e-02 
 1.724000000000007e-07 -5.607241740200464e-02 
 1.725000000000007e-07 -5.575753724582988e-02 
 1.726000000000007e-07 -5.522271454680139e-02 
 1.727000000000007e-07 -5.447004653999410e-02 
 1.728000000000007e-07 -5.350247419253873e-02 
 1.729000000000007e-07 -5.232379625739503e-02 
 1.730000000000007e-07 -5.093863165938473e-02 
 1.731000000000007e-07 -4.935242446314070e-02 
 1.732000000000007e-07 -4.757140264160187e-02 
 1.733000000000007e-07 -4.560257375363586e-02 
 1.734000000000007e-07 -4.345368050594978e-02 
 1.735000000000008e-07 -4.113318729795523e-02 
 1.736000000000008e-07 -3.865023279443802e-02 
 1.737000000000008e-07 -3.601460782093180e-02 
 1.738000000000008e-07 -3.323670517881783e-02 
 1.739000000000008e-07 -3.032748960776566e-02 
 1.740000000000008e-07 -2.729844509560042e-02 
 1.741000000000008e-07 -2.416153782765584e-02 
 1.742000000000008e-07 -2.092916136986722e-02 
 1.743000000000008e-07 -1.761409363901922e-02 
 1.744000000000008e-07 -1.422944046504915e-02 
 1.745000000000008e-07 -1.078858775663405e-02 
 1.746000000000008e-07 -7.305144059150726e-03 
 1.747000000000008e-07 -3.792889177661518e-03 
 1.748000000000009e-07 -2.657164686272750e-04 
 1.749000000000009e-07  3.262420710152814e-03 
 1.750000000000009e-07  6.777557493458986e-03 
 1.751000000000009e-07  1.026597919505456e-02 
 1.752000000000009e-07  1.371397131318397e-02 
 1.753000000000009e-07  1.710772531618132e-02 
 1.754000000000009e-07  2.043377376177768e-02 
 1.755000000000009e-07  2.367898412624125e-02 
 1.756000000000009e-07  2.683061222513761e-02 
 1.757000000000009e-07  2.987618095047173e-02 
 1.758000000000009e-07  3.280372579487789e-02 
 1.759000000000009e-07  3.560167469897757e-02 
 1.760000000000009e-07  3.825903050690771e-02 
 1.761000000000009e-07  4.076530801810385e-02 
 1.762000000000010e-07  4.311065480945864e-02 
 1.763000000000010e-07  4.528583157101740e-02 
 1.764000000000010e-07  4.728228708584448e-02 
 1.765000000000010e-07  4.909216686448992e-02 
 1.766000000000010e-07  5.070835485753800e-02 
 1.767000000000010e-07  5.212449903356386e-02 
 1.768000000000010e-07  5.333502898873554e-02 
 1.769000000000010e-07  5.433519010781929e-02 
 1.770000000000010e-07  5.512104374012017e-02 
 1.771000000000010e-07  5.568950384339200e-02 
 1.772000000000010e-07  5.603832457278179e-02 
 1.773000000000010e-07  5.616613496564926e-02 
 1.774000000000010e-07  5.607241740343061e-02 
 1.775000000000011e-07  5.575753724625820e-02 
 1.776000000000011e-07  5.522271454688799e-02 
 1.777000000000011e-07  5.447004653945475e-02 
 1.778000000000011e-07  5.350247419055920e-02 
 1.779000000000011e-07  5.232379625438455e-02 
 1.780000000000011e-07  5.093863165680634e-02 
 1.781000000000011e-07  4.935242446085719e-02 
 1.782000000000011e-07  4.757140263856963e-02 
 1.783000000000011e-07  4.560257375142651e-02 
 1.784000000000011e-07  4.345368050581433e-02 
 1.785000000000011e-07  4.113318729824211e-02 
 1.786000000000011e-07  3.865023279315816e-02 
 1.787000000000011e-07  3.601460782009980e-02 
 1.788000000000012e-07  3.323670517806465e-02 
 1.789000000000012e-07  3.032748960670539e-02 
 1.790000000000012e-07  2.729844509620860e-02 
 1.791000000000012e-07  2.416153782925412e-02 
 1.792000000000012e-07  2.092916137078782e-02 
 1.793000000000012e-07  1.761409364012101e-02 
 1.794000000000012e-07  1.422944046593111e-02 
 1.795000000000012e-07  1.078858775865266e-02 
 1.796000000000012e-07  7.305144061452440e-03 
 1.797000000000012e-07  3.792889180125991e-03 
 1.798000000000012e-07  2.657164705381909e-04 
 1.799000000000012e-07 -3.262420708478153e-03 
 1.800000000000012e-07 -6.777557490574404e-03 
 1.801000000000012e-07 -1.026597919178607e-02 
 1.802000000000013e-07 -1.371397131020680e-02 
 1.803000000000013e-07 -1.710772531402260e-02 
 1.804000000000013e-07 -2.043377375915911e-02 
 1.805000000000013e-07 -2.367898412268654e-02 
 1.806000000000013e-07 -2.683061222141747e-02 
 1.807000000000013e-07 -2.987618094807964e-02 
 1.808000000000013e-07 -3.280372579344304e-02 
 1.809000000000013e-07 -3.560167469805897e-02 
 1.810000000000013e-07 -3.825903050515178e-02 
 1.811000000000013e-07 -4.076530801593181e-02 
 1.812000000000013e-07 -4.311065480698995e-02 
 1.813000000000013e-07 -4.528583157067234e-02 
 1.814000000000013e-07 -4.728228708711546e-02 
 1.815000000000014e-07 -4.909216686544116e-02 
 1.816000000000014e-07 -5.070835485847458e-02 
 1.817000000000014e-07 -5.212449903491834e-02 
 1.818000000000014e-07 -5.333502899091980e-02 
 1.819000000000014e-07 -5.433519010857402e-02 
 1.820000000000014e-07 -5.512104374023008e-02 
 1.821000000000014e-07 -5.568950384363069e-02 
 1.822000000000014e-07 -5.603832457274827e-02 
 1.823000000000014e-07 -5.616613496513723e-02 
 1.824000000000014e-07 -5.607241740305335e-02 
 1.825000000000014e-07 -5.575753724714327e-02 
 1.826000000000014e-07 -5.522271454766958e-02 
 1.827000000000014e-07 -5.447004654037535e-02 
 1.828000000000015e-07 -5.350247419281873e-02 
 1.829000000000015e-07 -5.232379625712680e-02 
 1.830000000000015e-07 -5.093863165969137e-02 
 1.831000000000015e-07 -4.935242446473387e-02 
 1.832000000000015e-07 -4.757140264346660e-02 
 1.833000000000015e-07 -4.560257375555699e-02 
 1.834000000000015e-07 -4.345368050734333e-02 
 1.835000000000015e-07 -4.113318729785531e-02 
 1.836000000000015e-07 -3.865023279328694e-02 
 1.837000000000015e-07 -3.601460782129506e-02 
 1.838000000000015e-07 -3.323670518026356e-02 
 1.839000000000015e-07 -3.032748960927045e-02 
 1.840000000000015e-07 -2.729844509707391e-02 
 1.841000000000015e-07 -2.416153782953501e-02 
 1.842000000000016e-07 -2.092916137041434e-02 
 1.843000000000016e-07 -1.761409363878430e-02 
 1.844000000000016e-07 -1.422944046473984e-02 
 1.845000000000016e-07 -1.078858775718627e-02 
 1.846000000000016e-07 -7.305144060054447e-03 
 1.847000000000016e-07 -3.792889180405989e-03 
 1.848000000000016e-07 -2.657164717658755e-04 
 1.849000000000016e-07  3.262420708591174e-03 
 1.850000000000016e-07  6.777557493589548e-03 
 1.851000000000016e-07  1.026597919456207e-02 
 1.852000000000016e-07  1.371397131209706e-02 
 1.853000000000016e-07  1.710772531543814e-02 
 1.854000000000016e-07  2.043377376082423e-02 
 1.855000000000017e-07  2.367898412652103e-02 
 1.856000000000017e-07  2.683061222679450e-02 
 1.857000000000017e-07  2.987618095200562e-02 
 1.858000000000017e-07  3.280372579528579e-02 
 1.859000000000017e-07  3.560167469814024e-02 
 1.860000000000017e-07  3.825903050501989e-02 
 1.861000000000017e-07  4.076530801660949e-02 
 1.862000000000017e-07  4.311065480777221e-02 
 1.863000000000017e-07  4.528583156932164e-02 
 1.864000000000017e-07  4.728228708428417e-02 
 1.865000000000017e-07  4.909216686151563e-02 
 1.866000000000017e-07  5.070835485479619e-02 
 1.867000000000017e-07  5.212449903281602e-02 
 1.868000000000018e-07  5.333502898753051e-02 
 1.869000000000018e-07  5.433519010560883e-02 
 1.870000000000018e-07  5.512104373728399e-02 
 1.871000000000018e-07  5.568950384128013e-02 
 1.872000000000018e-07  5.603832457045588e-02 
 1.873000000000018e-07  5.616613496387268e-02 
 1.874000000000018e-07  5.607241740148083e-02 
 1.875000000000018e-07  5.575753724597643e-02 
 1.876000000000018e-07  5.522271454761363e-02 
 1.877000000000018e-07  5.447004654097487e-02 
 1.878000000000018e-07  5.350247419352039e-02 
 1.879000000000018e-07  5.232379625839934e-02 
 1.880000000000018e-07  5.093863166034329e-02 
 1.881000000000018e-07  4.935242446416321e-02 
 1.882000000000019e-07  4.757140264163828e-02 
 1.883000000000019e-07  4.560257375384835e-02 
 1.884000000000019e-07  4.345368050763554e-02 
 1.885000000000019e-07  4.113318729895754e-02 
 1.886000000000019e-07  3.865023279210744e-02 
 1.887000000000019e-07  3.601460781910459e-02 
 1.888000000000019e-07  3.323670517691180e-02 
 1.889000000000019e-07  3.032748960606479e-02 
 1.890000000000019e-07  2.729844509703905e-02 
 1.891000000000019e-07  2.416153783081776e-02 
 1.892000000000019e-07  2.092916137207146e-02 
 1.893000000000019e-07  1.761409364128519e-02 
 1.894000000000019e-07  1.422944046634966e-02 
 1.895000000000020e-07  1.078858775991276e-02 
 1.896000000000020e-07  7.305144062853319e-03 
 1.897000000000020e-07  3.792889182300474e-03 
 1.898000000000020e-07  2.657164714499061e-04 
 1.899000000000020e-07 -3.262420707153879e-03 
 1.900000000000020e-07 -6.777557490434294e-03 
 1.901000000000020e-07 -1.026597919302819e-02 
 1.902000000000020e-07 -1.371397131068730e-02 
 1.903000000000020e-07 -1.710772531360760e-02 
 1.904000000000020e-07 -2.043377375939026e-02 
 1.905000000000020e-07 -2.367898412241609e-02 
 1.906000000000020e-07 -2.683061222313010e-02 
 1.907000000000020e-07 -2.987618094886568e-02 
 1.908000000000021e-07 -3.280372579317459e-02 
 1.909000000000021e-07 -3.560167469804765e-02 
 1.910000000000021e-07 -3.825903050496837e-02 
 1.911000000000021e-07 -4.076530801555633e-02 
 1.912000000000021e-07 -4.311065480544252e-02 
 1.913000000000021e-07 -4.528583156952148e-02 
 1.914000000000021e-07 -4.728228708538329e-02 
 1.915000000000021e-07 -4.909216686457651e-02 
 1.916000000000021e-07 -5.070835485839464e-02 
 1.917000000000021e-07 -5.212449903634830e-02 
 1.918000000000021e-07 -5.333502899149312e-02 
 1.919000000000021e-07 -5.433519010886001e-02 
 1.920000000000021e-07 -5.512104373992965e-02 
 1.921000000000022e-07 -5.568950384418159e-02 
 1.922000000000022e-07 -5.603832457355207e-02 
 1.923000000000022e-07 -5.616613496454836e-02 
 1.924000000000022e-07 -5.607241740169866e-02 
 1.925000000000022e-07 -5.575753724589871e-02 
 1.926000000000022e-07 -5.522271454643302e-02 
 1.927000000000022e-07 -5.447004653854681e-02 
 1.928000000000022e-07 -5.350247419208864e-02 
 1.929000000000022e-07 -5.232379625750805e-02 
 1.930000000000022e-07 -5.093863166017254e-02 
 1.931000000000022e-07 -4.935242446465349e-02 
 1.932000000000022e-07 -4.757140264276560e-02 
 1.933000000000022e-07 -4.560257375508359e-02 
 1.934000000000022e-07 -4.345368050793263e-02 
 1.935000000000023e-07 -4.113318729930460e-02 
 1.936000000000023e-07 -3.865023279479884e-02 
 1.937000000000023e-07 -3.601460782184485e-02 
 1.938000000000023e-07 -3.323670517947064e-02 
 1.939000000000023e-07 -3.032748960823306e-02 
 1.940000000000023e-07 -2.729844509647794e-02 
 1.941000000000023e-07 -2.416153782863351e-02 
 1.942000000000023e-07 -2.092916137135514e-02 
 1.943000000000023e-07 -1.761409364003241e-02 
 1.944000000000023e-07 -1.422944046474806e-02 
 1.945000000000023e-07 -1.078858775776359e-02 
 1.946000000000023e-07 -7.305144060953506e-03 
 1.947000000000023e-07 -3.792889180485925e-03 
 1.948000000000024e-07 -2.657164723158800e-04 
 1.949000000000024e-07  3.262420706684921e-03 
 1.950000000000024e-07  6.777557490941000e-03 
 1.951000000000024e-07  1.026597919364569e-02 
 1.952000000000024e-07  1.371397131127150e-02 
 1.953000000000024e-07  1.710772531518145e-02 
 1.954000000000024e-07  2.043377376068300e-02 
 1.955000000000024e-07  2.367898412609226e-02 
 1.956000000000024e-07  2.683061222633065e-02 
 1.957000000000024e-07  2.987618095169187e-02 
 1.958000000000024e-07  3.280372579423929e-02 
 1.959000000000024e-07  3.560167469716058e-02 
 1.960000000000024e-07  3.825903050450852e-02 
 1.961000000000025e-07  4.076530801681066e-02 
 1.962000000000025e-07  4.311065480837994e-02 
 1.963000000000025e-07  4.528583157097943e-02 
 1.964000000000025e-07  4.728228708503068e-02 
 1.965000000000025e-07  4.909216686321916e-02 
 1.966000000000025e-07  5.070835485753822e-02 
 1.967000000000025e-07  5.212449903529470e-02 
 1.968000000000025e-07  5.333502898899711e-02 
 1.969000000000025e-07  5.433519010703125e-02 
 1.970000000000025e-07  5.512104373919291e-02 
 1.971000000000025e-07  5.568950384459859e-02 
 1.972000000000025e-07  5.603832457405145e-02 
 1.973000000000025e-07  5.616613496687273e-02 
 1.974000000000025e-07  5.607241740460034e-02 
 1.975000000000026e-07  5.575753724880794e-02 
 1.976000000000026e-07  5.522271454913552e-02 
 1.977000000000026e-07  5.447004654098975e-02 
 1.978000000000026e-07  5.350247419210041e-02 
 1.979000000000026e-07  5.232379625717321e-02 
 1.980000000000026e-07  5.093863165913182e-02 
 1.981000000000026e-07  4.935242446348842e-02 
 1.982000000000026e-07  4.757140264204907e-02 
 1.983000000000026e-07  4.560257375438725e-02 
 1.984000000000026e-07  4.345368050862453e-02 
 1.985000000000026e-07  4.113318730008531e-02 
 1.986000000000026e-07  3.865023279467072e-02 
 1.987000000000026e-07  3.601460782034471e-02 
 1.988000000000027e-07  3.323670517820343e-02 
 1.989000000000027e-07  3.032748960682241e-02 
 1.990000000000027e-07  2.729844509641866e-02 
 1.991000000000027e-07  2.416153782927410e-02 
 1.992000000000027e-07  2.092916137191470e-02 
 1.993000000000027e-07  1.761409364126010e-02 
 1.994000000000027e-07  1.422944046756891e-02 
 1.995000000000027e-07  1.078858775956038e-02 
 1.996000000000027e-07  7.305144062314195e-03 
 1.997000000000027e-07  3.792889182390624e-03 
 1.998000000000027e-07  2.657164735637707e-04 
 1.999000000000027e-07 -3.262420706059199e-03 
 2.000000000000027e-07 -6.777557489366703e-03 
 2.001000000000028e-07 -1.026597919087724e-02 
 2.002000000000028e-07 -1.371397130985086e-02 
 2.003000000000028e-07 -1.710772531371996e-02 
 2.004000000000028e-07 -2.043377375844657e-02 
 2.005000000000028e-07 -2.367898412246427e-02 
 2.006000000000028e-07 -2.683061222243333e-02 
 2.007000000000028e-07 -2.987618094981448e-02 
 2.008000000000028e-07 -3.280372579390933e-02 
 2.009000000000028e-07 -3.560167469870534e-02 
 2.010000000000028e-07 -3.825903050487822e-02 
 2.011000000000028e-07 -4.076530801559541e-02 
 2.012000000000028e-07 -4.311065480729259e-02 
 2.013000000000028e-07 -4.528583157017785e-02 
 2.014000000000028e-07 -4.728228708503290e-02 
 2.015000000000029e-07 -4.909216686223594e-02 
 2.016000000000029e-07 -5.070835485657255e-02 
 2.017000000000029e-07 -5.212449903537109e-02 
 2.018000000000029e-07 -5.333502899151465e-02 
 2.019000000000029e-07 -5.433519011067545e-02 
 2.020000000000029e-07 -5.512104374163718e-02 
 2.021000000000029e-07 -5.568950384515947e-02 
 2.022000000000029e-07 -5.603832457414626e-02 
 2.023000000000029e-07 -5.616613496555023e-02 
 2.024000000000029e-07 -5.607241740268365e-02 
 2.025000000000029e-07 -5.575753724728827e-02 
 2.026000000000029e-07 -5.522271454933625e-02 
 2.027000000000029e-07 -5.447004654168075e-02 
 2.028000000000030e-07 -5.350247419296883e-02 
 2.029000000000030e-07 -5.232379625711037e-02 
 2.030000000000030e-07 -5.093863165954327e-02 
 2.031000000000030e-07 -4.935242446287114e-02 
 2.032000000000030e-07 -4.757140264138959e-02 
 2.033000000000030e-07 -4.560257375409460e-02 
 2.034000000000030e-07 -4.345368050621712e-02 
 2.035000000000030e-07 -4.113318729972737e-02 
 2.036000000000030e-07 -3.865023279490654e-02 
 2.037000000000030e-07 -3.601460782106103e-02 
 2.038000000000030e-07 -3.323670517926236e-02 
 2.039000000000030e-07 -3.032748960815157e-02 
 2.040000000000030e-07 -2.729844509478929e-02 
 2.041000000000031e-07 -2.416153782602470e-02 
 2.042000000000031e-07 -2.092916136709322e-02 
 2.043000000000031e-07 -1.761409363604072e-02 
 2.044000000000031e-07 -1.422944046296282e-02 
 2.045000000000031e-07 -1.078858775631319e-02 
 2.046000000000031e-07 -7.305144059154056e-03 
 2.047000000000031e-07 -3.792889179708769e-03 
 2.048000000000031e-07 -2.657164718313787e-04 
 2.049000000000031e-07  3.262420706287017e-03 
 2.050000000000031e-07  6.777557491405517e-03 
 2.051000000000031e-07  1.026597919337657e-02 
 2.052000000000031e-07  1.371397131124485e-02 
 2.053000000000031e-07  1.710772531491722e-02 
 2.054000000000031e-07  2.043377376044031e-02 
 2.055000000000032e-07  2.367898412606362e-02 
 2.056000000000032e-07  2.683061222573757e-02 
 2.057000000000032e-07  2.987618095103572e-02 
 2.058000000000032e-07  3.280372579562485e-02 
 2.059000000000032e-07  3.560167469999898e-02 
 2.060000000000032e-07  3.825903050647361e-02 
 2.061000000000032e-07  4.076530801666389e-02 
 2.062000000000032e-07  4.311065480779996e-02 
 2.063000000000032e-07  4.528583156896504e-02 
 2.064000000000032e-07  4.728228708456683e-02 
 2.065000000000032e-07  4.909216686404139e-02 
 2.066000000000032e-07  5.070835485596592e-02 
 2.067000000000032e-07  5.212449903321947e-02 
 2.068000000000033e-07  5.333502898839426e-02 
 2.069000000000033e-07  5.433519010760857e-02 
 2.070000000000033e-07  5.512104373899573e-02 
 2.071000000000033e-07  5.568950384320615e-02 
 2.072000000000033e-07  5.603832457368196e-02 
 2.073000000000033e-07  5.616613496688472e-02 
 2.074000000000033e-07  5.607241740429303e-02 
 2.075000000000033e-07  5.575753724787780e-02 
 2.076000000000033e-07  5.522271454832861e-02 
 2.077000000000033e-07  5.447004653949672e-02 
 2.078000000000033e-07  5.350247418992082e-02 
 2.079000000000033e-07  5.232379625399775e-02 
 2.080000000000033e-07  5.093863165674484e-02 
 2.081000000000034e-07  4.935242446173449e-02 
 2.082000000000034e-07  4.757140264012594e-02 
 2.083000000000034e-07  4.560257375374444e-02 
 2.084000000000034e-07  4.345368050820153e-02 
 2.085000000000034e-07  4.113318730137627e-02 
 2.086000000000034e-07  3.865023279581825e-02 
 2.087000000000034e-07  3.601460782236554e-02 
 2.088000000000034e-07  3.323670518029531e-02 
 2.089000000000034e-07  3.032748960872045e-02 
 2.090000000000034e-07  2.729844509784174e-02 
 2.091000000000034e-07  2.416153783166974e-02 
 2.092000000000034e-07  2.092916137472889e-02 
 2.093000000000034e-07  1.761409364392019e-02 
 2.094000000000035e-07  1.422944046955621e-02 
 2.095000000000035e-07  1.078858776065150e-02 
 2.096000000000035e-07  7.305144063322278e-03 
 2.097000000000035e-07  3.792889182309800e-03 
 2.098000000000035e-07  2.657164725485828e-04 
 2.099000000000035e-07 -3.262420706380276e-03 
 2.100000000000035e-07 -6.777557488351516e-03 
 2.101000000000035e-07 -1.026597919029104e-02 
 2.102000000000035e-07 -1.371397130823349e-02 
 2.103000000000035e-07 -1.710772531291616e-02 
 2.104000000000035e-07 -2.043377376013655e-02 
 2.105000000000035e-07 -2.367898412517633e-02 
 2.106000000000035e-07 -2.683061222362526e-02 
 2.107000000000035e-07 -2.987618094949185e-02 
 2.108000000000036e-07 -3.280372579380075e-02 
 2.109000000000036e-07 -3.560167469756093e-02 
 2.110000000000036e-07 -3.825903050459645e-02 
 2.111000000000036e-07 -4.076530801660083e-02 
 2.112000000000036e-07 -4.311065480782306e-02 
 2.113000000000036e-07 -4.528583157165644e-02 
 2.114000000000036e-07 -4.728228708571192e-02 
 2.115000000000036e-07 -4.909216686334172e-02 
 2.116000000000036e-07 -5.070835485694047e-02 
 2.117000000000036e-07 -5.212449903496652e-02 
 2.118000000000036e-07 -5.333502899052744e-02 
 2.119000000000036e-07 -5.433519010793231e-02 
 2.120000000000036e-07 -5.512104373955218e-02 
 2.121000000000037e-07 -5.568950384208593e-02 
 2.122000000000037e-07 -5.603832457095326e-02 
 2.123000000000037e-07 -5.616613496303646e-02 
 2.124000000000037e-07 -5.607241740177571e-02 
 2.125000000000037e-07 -5.575753724690147e-02 
 2.126000000000037e-07 -5.522271454841388e-02 
 2.127000000000037e-07 -5.447004654055432e-02 
 2.128000000000037e-07 -5.350247419315179e-02 
 2.129000000000037e-07 -5.232379625835160e-02 
 2.130000000000037e-07 -5.093863166070678e-02 
 2.131000000000037e-07 -4.935242446490351e-02 
 2.132000000000037e-07 -4.757140264344328e-02 
 2.133000000000037e-07 -4.560257375515486e-02 
 2.134000000000038e-07 -4.345368050636722e-02 
 2.135000000000038e-07 -4.113318729723758e-02 
 2.136000000000038e-07 -3.865023279379853e-02 
 2.137000000000038e-07 -3.601460782120203e-02 
 2.138000000000038e-07 -3.323670517957011e-02 
 2.139000000000038e-07 -3.032748960808829e-02 
 2.140000000000038e-07 -2.729844509614954e-02 
 2.141000000000038e-07 -2.416153782790120e-02 
 2.142000000000038e-07 -2.092916136727707e-02 
 2.143000000000038e-07 -1.761409363578625e-02 
 2.144000000000038e-07 -1.422944046230379e-02 
 2.145000000000038e-07 -1.078858775641844e-02 
 2.146000000000038e-07 -7.305144060066660e-03 
 2.147000000000038e-07 -3.792889180383341e-03 
 2.148000000000039e-07 -2.657164715302862e-04 
 2.149000000000039e-07  3.262420707786706e-03 
 2.150000000000039e-07  6.777557491388198e-03 
 2.151000000000039e-07  1.026597919368832e-02 
 2.152000000000039e-07  1.371397131047614e-02 
 2.153000000000039e-07  1.710772531335802e-02 
 2.154000000000039e-07  2.043377375938604e-02 
 2.155000000000039e-07  2.367898412465230e-02 
 2.156000000000039e-07  2.683061222463978e-02 
 2.157000000000039e-07  2.987618094987687e-02 
 2.158000000000039e-07  3.280372579441293e-02 
 2.159000000000039e-07  3.560167469860165e-02 
 2.160000000000039e-07  3.825903050569690e-02 
 2.161000000000040e-07  4.076530801610767e-02 
 2.162000000000040e-07  4.311065480699172e-02 
 2.163000000000040e-07  4.528583156754173e-02 
 2.164000000000040e-07  4.728228708266946e-02 
 2.165000000000040e-07  4.909216686062146e-02 
 2.166000000000040e-07  5.070835485496605e-02 
 2.167000000000040e-07  5.212449903205840e-02 
 2.168000000000040e-07  5.333502898920961e-02 
 2.169000000000040e-07  5.433519010659116e-02 
 2.170000000000040e-07  5.512104373849880e-02 
 2.171000000000040e-07  5.568950384359939e-02 
 2.172000000000040e-07  5.603832457321078e-02 
 2.173000000000040e-07  5.616613496621214e-02 
 2.174000000000041e-07  5.607241740394286e-02 
 2.175000000000041e-07  5.575753724915100e-02 
 2.176000000000041e-07  5.522271454981231e-02 
 2.177000000000041e-07  5.447004654197918e-02 
 2.178000000000041e-07  5.350247419396270e-02 
 2.179000000000041e-07  5.232379625704420e-02 
 2.180000000000041e-07  5.093863165961299e-02 
 2.181000000000041e-07  4.935242446365096e-02 
 2.182000000000041e-07  4.757140264191806e-02 
 2.183000000000041e-07  4.560257375502852e-02 
 2.184000000000041e-07  4.345368050753917e-02 
 2.185000000000041e-07  4.113318729893556e-02 
 2.186000000000041e-07  3.865023279391067e-02 
 2.187000000000041e-07  3.601460782041710e-02 
 2.188000000000042e-07  3.323670517835153e-02 
 2.189000000000042e-07  3.032748960670584e-02 
 2.190000000000042e-07  2.729844509463453e-02 
 2.191000000000042e-07  2.416153782818364e-02 
 2.192000000000042e-07  2.092916137054157e-02 
 2.193000000000042e-07  1.761409363910982e-02 
 2.194000000000042e-07  1.422944046671715e-02 
 2.195000000000042e-07  1.078858776032554e-02 
 2.196000000000042e-07  7.305144062586422e-03 
 2.197000000000042e-07  3.792889181992720e-03 
 2.198000000000042e-07  2.657164736099560e-04 
 2.199000000000042e-07 -3.262420706293678e-03 
 2.200000000000042e-07 -6.777557489506592e-03 
 2.201000000000043e-07 -1.026597919255812e-02 
 2.202000000000043e-07 -1.371397131041574e-02 
 2.203000000000043e-07 -1.710772531409166e-02 
 2.204000000000043e-07 -2.043377376070721e-02 
 2.205000000000043e-07 -2.367898412569458e-02 
 2.206000000000043e-07 -2.683061222556704e-02 
 2.207000000000043e-07 -2.987618095054900e-02 
 2.208000000000043e-07 -3.280372579445490e-02 
 2.209000000000043e-07 -3.560167469817443e-02 
 2.210000000000043e-07 -3.825903050585722e-02 
 2.211000000000043e-07 -4.076530801659461e-02 
 2.212000000000043e-07 -4.311065480751197e-02 
 2.213000000000043e-07 -4.528583157004107e-02 
 2.214000000000044e-07 -4.728228708556537e-02 
 2.215000000000044e-07 -4.909216686405560e-02 
 2.216000000000044e-07 -5.070835485732372e-02 
 2.217000000000044e-07 -5.212449903439276e-02 
 2.218000000000044e-07 -5.333502899000009e-02 
 2.219000000000044e-07 -5.433519010862331e-02 
 2.220000000000044e-07 -5.512104373966809e-02 
 2.221000000000044e-07 -5.568950384257820e-02 
 2.222000000000044e-07 -5.603832457151636e-02 
 2.223000000000044e-07 -5.616613496243028e-02 
 2.224000000000044e-07 -5.607241740042723e-02 
 2.225000000000044e-07 -5.575753724498989e-02 
 2.226000000000044e-07 -5.522271454774264e-02 
 2.227000000000044e-07 -5.447004654107390e-02 
 2.228000000000045e-07 -5.350247419386056e-02 
 2.229000000000045e-07 -5.232379625853323e-02 
 2.230000000000045e-07 -5.093863166073098e-02 
 2.231000000000045e-07 -4.935242446559118e-02 
 2.232000000000045e-07 -4.757140264269255e-02 
 2.233000000000045e-07 -4.560257375399712e-02 
 2.234000000000045e-07 -4.345368050636855e-02 
 2.235000000000045e-07 -4.113318729877946e-02 
 2.236000000000045e-07 -3.865023279457813e-02 
 2.237000000000045e-07 -3.601460782195209e-02 
 2.238000000000045e-07 -3.323670517996513e-02 
 2.239000000000045e-07 -3.032748960808074e-02 
 2.240000000000045e-07 -2.729844509688251e-02 
 2.241000000000046e-07 -2.416153782966957e-02 
 2.242000000000046e-07 -2.092916137070056e-02 
 2.243000000000046e-07 -1.761409363940247e-02 
 2.244000000000046e-07 -1.422944046510555e-02 
 2.245000000000046e-07 -1.078858775717739e-02 
 2.246000000000046e-07 -7.305144060944180e-03 
 2.247000000000046e-07 -3.792889180985082e-03 
 2.248000000000046e-07 -2.657164709214399e-04 
 2.249000000000046e-07  3.262420707551783e-03 
 2.250000000000046e-07  6.777557491518760e-03 
 2.251000000000046e-07  1.026597919407291e-02 
 2.252000000000046e-07  1.371397131244567e-02 
 2.253000000000046e-07  1.710772531526272e-02 
 2.254000000000047e-07  2.043377376048472e-02 
 2.255000000000047e-07  2.367898412468206e-02 
 2.256000000000047e-07  2.683061222474459e-02 
 2.257000000000047e-07  2.987618094930200e-02 
 2.258000000000047e-07  3.280372579334645e-02 
 2.259000000000047e-07  3.560167469758579e-02 
 2.260000000000047e-07  3.825903050416946e-02 
 2.261000000000047e-07  4.076530801516531e-02 
 2.262000000000047e-07  4.311065480672460e-02 
 2.263000000000047e-07  4.528583156925570e-02 
 2.264000000000047e-07  4.728228708264037e-02 
 2.265000000000047e-07  4.909216686081730e-02 
 2.266000000000047e-07  5.070835485534375e-02 
 2.267000000000047e-07  5.212449903449623e-02 
 2.268000000000048e-07  5.333502898959641e-02 
 2.269000000000048e-07  5.433519010774646e-02 
 2.270000000000048e-07  5.512104373915117e-02 
 2.271000000000048e-07  5.568950384338556e-02 
 2.272000000000048e-07  5.603832457248270e-02 
 2.273000000000048e-07  5.616613496495027e-02 
 2.274000000000048e-07  5.607241740161473e-02 
 2.275000000000048e-07  5.575753724548171e-02 
 2.276000000000048e-07  5.522271454632488e-02 
 2.277000000000048e-07  5.447004653942566e-02 
 2.278000000000048e-07  5.350247419148846e-02 
 2.279000000000048e-07  5.232379625538064e-02 
 2.280000000000048e-07  5.093863165941093e-02 
 2.281000000000049e-07  4.935242446457577e-02 
 2.282000000000049e-07  4.757140264164272e-02 
 2.283000000000049e-07  4.560257375401355e-02 
 2.284000000000049e-07  4.345368050763021e-02 
 2.285000000000049e-07  4.113318729975934e-02 
 2.286000000000049e-07  3.865023279404900e-02 
 2.287000000000049e-07  3.601460781955335e-02 
 2.288000000000049e-07  3.323670517678057e-02 
 2.289000000000049e-07  3.032748960515930e-02 
 2.290000000000049e-07  2.729844509574786e-02 
 2.291000000000049e-07  2.416153782980945e-02 
 2.292000000000049e-07  2.092916137252177e-02 
 2.293000000000049e-07  1.761409364198263e-02 
 2.294000000000050e-07  1.422944046728825e-02 
 2.295000000000050e-07  1.078858775899416e-02 
 2.296000000000050e-07  7.305144061592994e-03 
 2.297000000000050e-07  3.792889180208370e-03 
 2.298000000000050e-07  2.657164703054882e-04 
 2.299000000000050e-07 -3.262420708284974e-03 
 2.300000000000050e-07 -6.777557491082664e-03 
 2.301000000000050e-07 -1.026597919173078e-02 
 2.302000000000050e-07 -1.371397130976559e-02 
 2.303000000000050e-07 -1.710772531211724e-02 
 2.304000000000050e-07 -2.043377375830246e-02 
 2.305000000000050e-07 -2.367898412273783e-02 
 2.306000000000050e-07 -2.683061222283323e-02 
 2.307000000000051e-07 -2.987618094814870e-02 
 2.308000000000051e-07 -3.280372579226443e-02 
 2.309000000000051e-07 -3.560167469653841e-02 
 2.310000000000051e-07 -3.825903050429513e-02 
 2.311000000000051e-07 -4.076530801631661e-02 
 2.312000000000051e-07 -4.311065480772269e-02 
 2.313000000000051e-07 -4.528583157142041e-02 
 2.314000000000051e-07 -4.728228708594906e-02 
 2.315000000000051e-07 -4.909216686372830e-02 
 2.316000000000051e-07 -5.070835485745162e-02 
 2.317000000000051e-07 -5.212449903633032e-02 
 2.318000000000051e-07 -5.333502899194231e-02 
 2.319000000000051e-07 -5.433519010857868e-02 
 2.320000000000051e-07 -5.512104373998716e-02 
 2.321000000000052e-07 -5.568950384351323e-02 
 2.322000000000052e-07 -5.603832457280511e-02 
 2.323000000000052e-07 -5.616613496536327e-02 
 2.324000000000052e-07 -5.607241740390800e-02 
 2.325000000000052e-07 -5.575753724777321e-02 
 2.326000000000052e-07 -5.522271454858796e-02 
 2.327000000000052e-07 -5.447004654073684e-02 
 2.328000000000052e-07 -5.350247419335918e-02 
 2.329000000000052e-07 -5.232379625726558e-02 
 2.330000000000052e-07 -5.093863166000268e-02 
 2.331000000000052e-07 -4.935242446326193e-02 
 2.332000000000052e-07 -4.757140264135007e-02 
 2.333000000000052e-07 -4.560257375480936e-02 
 2.334000000000053e-07 -4.345368050703180e-02 
 2.335000000000053e-07 -4.113318729800741e-02 
 2.336000000000053e-07 -3.865023279378677e-02 
 2.337000000000053e-07 -3.601460782067178e-02 
 2.338000000000053e-07 -3.323670517810018e-02 
 2.339000000000053e-07 -3.032748960613496e-02 
 2.340000000000053e-07 -2.729844509425083e-02 
 2.341000000000053e-07 -2.416153782723818e-02 
 2.342000000000053e-07 -2.092916136699152e-02 
 2.343000000000053e-07 -1.761409363461386e-02 
 2.344000000000053e-07 -1.422944046012686e-02 
 2.345000000000053e-07 -1.078858775544367e-02 
 2.346000000000053e-07 -7.305144060099966e-03 
 2.347000000000054e-07 -3.792889179888181e-03 
 2.348000000000054e-07 -2.657164717008165e-04 
 2.349000000000054e-07  3.262420707927927e-03 
 2.350000000000054e-07  6.777557491801645e-03 
 2.351000000000054e-07  1.026597919285077e-02 
 2.352000000000054e-07  1.371397131108099e-02 
 2.353000000000054e-07  1.710772531366311e-02 
 2.354000000000054e-07  2.043377376019828e-02 
 2.355000000000054e-07  2.367898412629765e-02 
 2.356000000000054e-07  2.683061222702898e-02 
 2.357000000000054e-07  2.987618095180400e-02 
 2.358000000000054e-07  3.280372579507862e-02 
 2.359000000000054e-07  3.560167469915498e-02 
 2.360000000000054e-07  3.825903050561541e-02 
 2.361000000000055e-07  4.076530801731337e-02 
 2.362000000000055e-07  4.311065480900789e-02 
 2.363000000000055e-07  4.528583157156785e-02 
 2.364000000000055e-07  4.728228708563931e-02 
 2.365000000000055e-07  4.909216686326312e-02 
 2.366000000000055e-07  5.070835485753866e-02 
 2.367000000000055e-07  5.212449903397087e-02 
 2.368000000000055e-07  5.333502898978781e-02 
 2.369000000000055e-07  5.433519010855625e-02 
 2.370000000000055e-07  5.512104373946136e-02 
 2.371000000000055e-07  5.568950384367111e-02 
 2.372000000000055e-07  5.603832457323610e-02 
 2.373000000000055e-07  5.616613496628342e-02 
 2.374000000000056e-07  5.607241740259328e-02 
 2.375000000000056e-07  5.575753724584209e-02 
 2.376000000000056e-07  5.522271454750838e-02 
 2.377000000000056e-07  5.447004654035692e-02 
 2.378000000000056e-07  5.350247419170495e-02 
 2.379000000000056e-07  5.232379625569217e-02 
 2.380000000000056e-07  5.093863165883716e-02 
 2.381000000000056e-07  4.935242446320087e-02 
 2.382000000000056e-07  4.757140264170223e-02 
 2.383000000000056e-07  4.560257375344534e-02 
 2.384000000000056e-07  4.345368050624931e-02 
 2.385000000000056e-07  4.113318729895310e-02 
 2.386000000000056e-07  3.865023279298296e-02 
 2.387000000000057e-07  3.601460781863075e-02 
 2.388000000000057e-07  3.323670517653676e-02 
 2.389000000000057e-07  3.032748960589515e-02 
 2.390000000000057e-07  2.729844509613688e-02 
 2.391000000000057e-07  2.416153783076957e-02 
 2.392000000000057e-07  2.092916137307821e-02 
 2.393000000000057e-07  1.761409364149324e-02 
 2.394000000000057e-07  1.422944046687391e-02 
 2.395000000000057e-07  1.078858776017677e-02 
 2.396000000000057e-07  7.305144062648150e-03 
 2.397000000000057e-07  3.792889182399062e-03 
 2.398000000000057e-07  2.657164723189887e-04 
 2.399000000000057e-07 -3.262420707049962e-03 
 2.400000000000057e-07 -6.777557490611041e-03 
 2.401000000000058e-07 -1.026597919282457e-02 
 2.402000000000058e-07 -1.371397131149044e-02 
 2.403000000000058e-07 -1.710772531581206e-02 
 2.404000000000058e-07 -2.043377376258748e-02 
 2.405000000000058e-07 -2.367898412770275e-02 
 2.406000000000058e-07 -2.683061222680605e-02 
 2.407000000000058e-07 -2.987618095143096e-02 
 2.408000000000058e-07 -3.280372579536861e-02 
 2.409000000000058e-07 -3.560167469940190e-02 
 2.410000000000058e-07 -3.825903050562451e-02 
 2.411000000000058e-07 -4.076530801625733e-02 
 2.412000000000058e-07 -4.311065480734722e-02 
 2.413000000000058e-07 -4.528583156913624e-02 
 2.414000000000059e-07 -4.728228708396021e-02 
 2.415000000000059e-07 -4.909216686326090e-02 
 2.416000000000059e-07 -5.070835485692871e-02 
 2.417000000000059e-07 -5.212449903534178e-02 
 2.418000000000059e-07 -5.333502899119091e-02 
 2.419000000000059e-07 -5.433519011052867e-02 
 2.420000000000059e-07 -5.512104374184723e-02 
 2.421000000000059e-07 -5.568950384451377e-02 
 2.422000000000059e-07 -5.603832457234481e-02 
 2.423000000000059e-07 -5.616613496442646e-02 
 2.424000000000059e-07 -5.607241740170954e-02 
 2.425000000000059e-07 -5.575753724612564e-02 
 2.426000000000059e-07 -5.522271454716043e-02 
 2.427000000000060e-07 -5.447004654139542e-02 
 2.428000000000060e-07 -5.350247419265663e-02 
 2.429000000000060e-07 -5.232379625638450e-02 
 2.430000000000060e-07 -5.093863165912671e-02 
 2.431000000000060e-07 -4.935242446289778e-02 
 2.432000000000060e-07 -4.757140264163562e-02 
 2.433000000000060e-07 -4.560257375461019e-02 
 2.434000000000060e-07 -4.345368050704157e-02 
 2.435000000000060e-07 -4.113318729893423e-02 
 2.436000000000060e-07 -3.865023279561552e-02 
 2.437000000000060e-07 -3.601460782239219e-02 
 2.438000000000060e-07 -3.323670518072452e-02 
 2.439000000000060e-07 -3.032748960684595e-02 
 2.440000000000060e-07 -2.729844509550672e-02 
 2.441000000000061e-07 -2.416153782740782e-02 
 2.442000000000061e-07 -2.092916136918666e-02 
 2.443000000000061e-07 -1.761409363741251e-02 
 2.444000000000061e-07 -1.422944046359653e-02 
 2.445000000000061e-07 -1.078858775677238e-02 
 2.446000000000061e-07 -7.305144060662627e-03 
 2.447000000000061e-07 -3.792889181384318e-03 
 2.448000000000061e-07 -2.657164728971928e-04 
 2.449000000000061e-07  3.262420706686697e-03 
 2.450000000000061e-07  6.777557491425501e-03 
 2.451000000000061e-07  1.026597919417416e-02 
 2.452000000000061e-07  1.371397131224938e-02 
 2.453000000000061e-07  1.710772531631033e-02 
 2.454000000000062e-07  2.043377376185562e-02 
 2.455000000000062e-07  2.367898412594993e-02 
 2.456000000000062e-07  2.683061222627936e-02 
 2.457000000000062e-07  2.987618095168010e-02 
 2.458000000000062e-07  3.280372579499069e-02 
 2.459000000000062e-07  3.560167469955022e-02 
 2.460000000000062e-07  3.825903050608193e-02 
 2.461000000000062e-07  4.076530801688594e-02 
 2.462000000000062e-07  4.311065480850584e-02 
 2.463000000000062e-07  4.528583157052068e-02 
 2.464000000000062e-07  4.728228708458815e-02 
 2.465000000000062e-07  4.909216686236961e-02 
 2.466000000000062e-07  5.070835485505865e-02 
 2.467000000000063e-07  5.212449903282601e-02 
 2.468000000000063e-07  5.333502898926867e-02 
 2.469000000000063e-07  5.433519010784771e-02 
 2.470000000000063e-07  5.512104374019322e-02 
 2.471000000000063e-07  5.568950384400084e-02 
 2.472000000000063e-07  5.603832457453151e-02 
 2.473000000000063e-07  5.616613496748379e-02 
 2.474000000000063e-07  5.607241740498603e-02 
 2.475000000000063e-07  5.575753724761690e-02 
 2.476000000000063e-07  5.522271454752881e-02 
 2.477000000000063e-07  5.447004653987908e-02 
 2.478000000000063e-07  5.350247419117826e-02 
 2.479000000000063e-07  5.232379625387096e-02 
 2.480000000000063e-07  5.093863165695556e-02 
 2.481000000000064e-07  4.935242446321464e-02 
 2.482000000000064e-07  4.757140264205617e-02 
 2.483000000000064e-07  4.560257375493282e-02 
 2.484000000000064e-07  4.345368050900911e-02 
 2.485000000000064e-07  4.113318729975357e-02 
 2.486000000000064e-07  3.865023279359980e-02 
 2.487000000000064e-07  3.601460781972499e-02 
 2.488000000000064e-07  3.323670517762345e-02 
 2.489000000000064e-07  3.032748960580633e-02 
 2.490000000000064e-07  2.729844509515411e-02 
 2.491000000000064e-07  2.416153782857799e-02 
 2.492000000000064e-07  2.092916137056999e-02 
 2.493000000000064e-07  1.761409363910271e-02 
 2.494000000000065e-07  1.422944046590224e-02 
 2.495000000000065e-07  1.078858775945557e-02 
 2.496000000000065e-07  7.305144061168001e-03 
 2.497000000000065e-07  3.792889179545345e-03 
 2.498000000000065e-07  2.657164700230474e-04 
 2.499000000000065e-07 -3.262420708625147e-03 
 2.500000000000065e-07 -6.780168942762899e-03 
