 5.000000000000000e-08 -6.189907587838217e-03 
 5.010000000000000e-08 -9.105352583897774e-03 
 5.020000000000000e-08 -1.197033580327278e-02 
 5.030000000000000e-08 -1.479908712626798e-02 
 5.040000000000000e-08 -1.756956992023895e-02 
 5.050000000000000e-08 -2.027046053987869e-02 
 5.060000000000000e-08 -2.289150979684385e-02 
 5.070000000000000e-08 -2.542201038984571e-02 
 5.080000000000000e-08 -2.785225744728059e-02 
 5.090000000000001e-08 -3.017247362837527e-02 
 5.100000000000001e-08 -3.237361880062939e-02 
 5.110000000000001e-08 -3.444697002872732e-02 
 5.120000000000001e-08 -3.638434582046135e-02 
 5.130000000000001e-08 -3.817815502417576e-02 
 5.140000000000001e-08 -3.982125731988795e-02 
 5.150000000000001e-08 -4.130726439280785e-02 
 5.160000000000001e-08 -4.263022617545698e-02 
 5.170000000000001e-08 -4.378502714522159e-02 
 5.180000000000001e-08 -4.476702150015877e-02 
 5.190000000000001e-08 -4.557243068270234e-02 
 5.200000000000002e-08 -4.619799535729729e-02 
 5.210000000000002e-08 -4.664132654260245e-02 
 5.220000000000002e-08 -4.690060519360273e-02 
 5.230000000000002e-08 -4.697486831138442e-02 
 5.240000000000002e-08 -4.686376504605172e-02 
 5.250000000000002e-08 -4.656777549695001e-02 
 5.260000000000002e-08 -4.608802063740236e-02 
 5.270000000000002e-08 -4.542641961536709e-02 
 5.280000000000002e-08 -4.458554560142569e-02 
 5.290000000000002e-08 -4.356873067098666e-02 
 5.300000000000002e-08 -4.237995811372564e-02 
 5.310000000000003e-08 -4.102392458709758e-02 
 5.320000000000003e-08 -3.950595970213722e-02 
 5.330000000000003e-08 -3.783205443727189e-02 
 5.340000000000003e-08 -3.600880011688368e-02 
 5.350000000000003e-08 -3.404339077621366e-02 
 5.360000000000003e-08 -3.194357510988688e-02 
 5.370000000000003e-08 -2.971763918165538e-02 
 5.380000000000003e-08 -2.737436641684399e-02 
 5.390000000000003e-08 -2.492300578288043e-02 
 5.400000000000003e-08 -2.237323624268450e-02 
 5.410000000000003e-08 -1.973512448249548e-02 
 5.420000000000004e-08 -1.701909134682733e-02 
 5.430000000000004e-08 -1.423586234088825e-02 
 5.440000000000004e-08 -1.139643449267624e-02 
 5.450000000000004e-08 -8.512022168505995e-03 
 5.460000000000004e-08 -5.594023512701662e-03 
 5.470000000000004e-08 -2.653963623308719e-03 
 5.480000000000004e-08  2.965397643890366e-04 
 5.490000000000004e-08  3.245834080079391e-03 
 5.500000000000004e-08  6.182221829372558e-03 
 5.510000000000004e-08  9.094314089795219e-03 
 5.520000000000004e-08  1.197033580532580e-02 
 5.530000000000005e-08  1.479908712996991e-02 
 5.540000000000005e-08  1.756956993406655e-02 
 5.550000000000005e-08  2.027046054213710e-02 
 5.560000000000005e-08  2.289150981595389e-02 
 5.570000000000005e-08  2.542201039383918e-02 
 5.580000000000005e-08  2.785225746265763e-02 
 5.590000000000005e-08  3.017247363068876e-02 
 5.600000000000005e-08  3.237361881317291e-02 
 5.610000000000005e-08  3.444697003384944e-02 
 5.620000000000005e-08  3.638434583222105e-02 
 5.630000000000005e-08  3.817815503093103e-02 
 5.640000000000006e-08  3.982125732728248e-02 
 5.650000000000006e-08  4.130726439792354e-02 
 5.660000000000006e-08  4.263022618287682e-02 
 5.670000000000006e-08  4.378502715319721e-02 
 5.680000000000006e-08  4.476702150507572e-02 
 5.690000000000006e-08  4.557243068876704e-02 
 5.700000000000006e-08  4.619799536169134e-02 
 5.710000000000006e-08  4.664132655244235e-02 
 5.720000000000006e-08  4.690060520050987e-02 
 5.730000000000006e-08  4.697486832169129e-02 
 5.740000000000006e-08  4.686376505363965e-02 
 5.750000000000006e-08  4.656777551031310e-02 
 5.760000000000007e-08  4.608802064673978e-02 
 5.770000000000007e-08  4.542641962832383e-02 
 5.780000000000007e-08  4.458554560734673e-02 
 5.790000000000007e-08  4.356873068029787e-02 
 5.800000000000007e-08  4.237995811849293e-02 
 5.810000000000007e-08  4.102392459554616e-02 
 5.820000000000007e-08  3.950595970419046e-02 
 5.830000000000007e-08  3.783205444530857e-02 
 5.840000000000007e-08  3.600880012200158e-02 
 5.850000000000007e-08  3.404339078717289e-02 
 5.860000000000007e-08  3.194357511720791e-02 
 5.870000000000008e-08  2.971763919447912e-02 
 5.880000000000008e-08  2.737436642394897e-02 
 5.890000000000008e-08  2.492300579185414e-02 
 5.900000000000008e-08  2.237323624540077e-02 
 5.910000000000008e-08  1.973512448953474e-02 
 5.920000000000008e-08  1.701909134949764e-02 
 5.930000000000008e-08  1.423586234841023e-02 
 5.940000000000008e-08  1.139643449554795e-02 
 5.950000000000008e-08  8.512022176974332e-03 
 5.960000000000008e-08  5.594023517007107e-03 
 5.970000000000008e-08  2.653963631575440e-03 
 5.980000000000007e-08 -2.965397608873932e-04 
 5.990000000000007e-08 -3.245834072445275e-03 
 6.000000000000006e-08 -6.182221821118494e-03 
 6.010000000000006e-08 -9.094314091889544e-03 
 6.020000000000005e-08 -1.197033580224538e-02 
 6.030000000000004e-08 -1.479908711913125e-02 
 6.040000000000004e-08 -1.756956993561287e-02 
 6.050000000000003e-08 -2.027046052429093e-02 
 6.060000000000003e-08 -2.289150981414512e-02 
 6.070000000000002e-08 -2.542201037351677e-02 
 6.080000000000002e-08 -2.785225746054576e-02 
 6.090000000000001e-08 -3.017247361538522e-02 
 6.100000000000000e-08 -3.237361881211953e-02 
 6.110000000000000e-08 -3.444697001887143e-02 
 6.119999999999999e-08 -3.638434582786076e-02 
 6.129999999999999e-08 -3.817815501838884e-02 
 6.139999999999998e-08 -3.982125732655573e-02 
 6.149999999999997e-08 -4.130726439011201e-02 
 6.159999999999997e-08 -4.263022618040035e-02 
 6.169999999999996e-08 -4.378502714473353e-02 
 6.179999999999996e-08 -4.476702150314082e-02 
 6.189999999999995e-08 -4.557243068181149e-02 
 6.199999999999995e-08 -4.619799535816083e-02 
 6.209999999999994e-08 -4.664132654178399e-02 
 6.219999999999993e-08 -4.690060519257733e-02 
 6.229999999999993e-08 -4.697486830973996e-02 
 6.239999999999992e-08 -4.686376504367717e-02 
 6.249999999999992e-08 -4.656777549684876e-02 
 6.259999999999991e-08 -4.608802063770789e-02 
 6.269999999999991e-08 -4.542641961731531e-02 
 6.279999999999990e-08 -4.458554560081640e-02 
 6.289999999999989e-08 -4.356873067062317e-02 
 6.299999999999989e-08 -4.237995810998396e-02 
 6.309999999999988e-08 -4.102392458572202e-02 
 6.319999999999988e-08 -3.950595969942938e-02 
 6.329999999999987e-08 -3.783205443748838e-02 
 6.339999999999987e-08 -3.600880011502938e-02 
 6.349999999999986e-08 -3.404339077787255e-02 
 6.359999999999985e-08 -3.194357511002033e-02 
 6.369999999999985e-08 -2.971763918304027e-02 
 6.379999999999984e-08 -2.737436641450230e-02 
 6.389999999999984e-08 -2.492300578236151e-02 
 6.399999999999983e-08 -2.237323624063126e-02 
 6.409999999999983e-08 -1.973512448331483e-02 
 6.419999999999982e-08 -1.701909134490531e-02 
 6.429999999999981e-08 -1.423586234108498e-02 
 6.439999999999981e-08 -1.139643449121563e-02 
 6.449999999999980e-08 -8.512022169657296e-03 
 6.459999999999980e-08 -5.594023510860469e-03 
 6.469999999999979e-08 -2.653963623466371e-03 
 6.479999999999979e-08  2.965397657677116e-04 
 6.489999999999978e-08  3.245834078207110e-03 
 6.499999999999977e-08  6.182221818886058e-03 
 6.509999999999977e-08  9.094314101578682e-03 
 6.519999999999976e-08  1.197033580237017e-02 
 6.529999999999976e-08  1.479908711965816e-02 
 6.539999999999975e-08  1.756956994274983e-02 
 6.549999999999975e-08  2.027046052801174e-02 
 6.559999999999974e-08  2.289150982917065e-02 
 6.569999999999973e-08  2.542201038316971e-02 
 6.579999999999973e-08  2.785225747676856e-02 
 6.589999999999972e-08  3.017247362373499e-02 
 6.599999999999972e-08  3.237361882426582e-02 
 6.609999999999971e-08  3.444697002837049e-02 
 6.619999999999971e-08  3.638434584170813e-02 
 6.629999999999970e-08  3.817815502856248e-02 
 6.639999999999969e-08  3.982125733457376e-02 
 6.649999999999969e-08  4.130726439576127e-02 
 6.659999999999968e-08  4.263022618691137e-02 
 6.669999999999968e-08  4.378502715107024e-02 
 6.679999999999967e-08  4.476702150720957e-02 
 6.689999999999967e-08  4.557243068625816e-02 
 6.699999999999966e-08  4.619799536233771e-02 
 6.709999999999965e-08  4.664132655001407e-02 
 6.719999999999965e-08  4.690060520068440e-02 
 6.729999999999964e-08  4.697486832122388e-02 
 6.739999999999964e-08  4.686376505566137e-02 
 6.749999999999963e-08  4.656777550975777e-02 
 6.759999999999963e-08  4.608802064642847e-02 
 6.769999999999962e-08  4.542641962752958e-02 
 6.779999999999961e-08  4.458554560832773e-02 
 6.789999999999961e-08  4.356873068065359e-02 
 6.799999999999960e-08  4.237995811857020e-02 
 6.809999999999960e-08  4.102392459555615e-02 
 6.819999999999959e-08  3.950595970635162e-02 
 6.829999999999959e-08  3.783205444729654e-02 
 6.839999999999958e-08  3.600880012307117e-02 
 6.849999999999957e-08  3.404339078715202e-02 
 6.859999999999957e-08  3.194357511573354e-02 
 6.869999999999956e-08  2.971763919130743e-02 
 6.879999999999956e-08  2.737436642136326e-02 
 6.889999999999955e-08  2.492300579095352e-02 
 6.899999999999955e-08  2.237323624627896e-02 
 6.909999999999954e-08  1.973512449106996e-02 
 6.919999999999953e-08  1.701909135165280e-02 
 6.929999999999953e-08  1.423586235139940e-02 
 6.939999999999952e-08  1.139643450005612e-02 
 6.949999999999952e-08  8.512022181474954e-03 
 6.959999999999951e-08  5.594023520157476e-03 
 6.969999999999951e-08  2.653963632851308e-03 
 6.979999999999950e-08 -2.965397607923581e-04 
 6.989999999999949e-08 -3.245834072451936e-03 
 6.999999999999949e-08 -6.182221813282984e-03 
 7.009999999999948e-08 -9.094314101615097e-03 
 7.019999999999948e-08 -1.197033580108586e-02 
 7.029999999999947e-08 -1.479908711561073e-02 
 7.039999999999947e-08 -1.756956994338355e-02 
 7.049999999999946e-08 -2.027046051609727e-02 
 7.059999999999945e-08 -2.289150982277111e-02 
 7.069999999999945e-08 -2.542201036676572e-02 
 7.079999999999944e-08 -2.785225746728126e-02 
 7.089999999999944e-08 -3.017247360663755e-02 
 7.099999999999943e-08 -3.237361881559431e-02 
 7.109999999999943e-08 -3.444697001358277e-02 
 7.119999999999942e-08 -3.638434583251859e-02 
 7.129999999999941e-08 -3.817815501681610e-02 
 7.139999999999941e-08 -3.982125733039998e-02 
 7.149999999999940e-08 -4.130726438848598e-02 
 7.159999999999940e-08 -4.263022618249979e-02 
 7.169999999999939e-08 -4.378502714404364e-02 
 7.179999999999939e-08 -4.476702150438294e-02 
 7.189999999999938e-08 -4.557243068048900e-02 
 7.199999999999937e-08 -4.619799535730063e-02 
 7.209999999999937e-08 -4.664132654058606e-02 
 7.219999999999936e-08 -4.690060519197803e-02 
 7.229999999999936e-08 -4.697486830990472e-02 
 7.239999999999935e-08 -4.686376504439016e-02 
 7.249999999999935e-08 -4.656777549652702e-02 
 7.259999999999934e-08 -4.608802063579254e-02 
 7.269999999999933e-08 -4.542641961579208e-02 
 7.279999999999933e-08 -4.458554559892858e-02 
 7.289999999999932e-08 -4.356873067077460e-02 
 7.299999999999932e-08 -4.237995811029549e-02 
 7.309999999999931e-08 -4.102392458660642e-02 
 7.319999999999931e-08 -3.950595969859561e-02 
 7.329999999999930e-08 -3.783205443745374e-02 
 7.339999999999929e-08 -3.600880011517638e-02 
 7.349999999999929e-08 -3.404339077844432e-02 
 7.359999999999928e-08 -3.194357510880730e-02 
 7.369999999999928e-08 -2.971763918290593e-02 
 7.379999999999927e-08 -2.737436641422564e-02 
 7.389999999999927e-08 -2.492300578405371e-02 
 7.399999999999926e-08 -2.237323624076559e-02 
 7.409999999999925e-08 -1.973512448336123e-02 
 7.419999999999925e-08 -1.701909134416746e-02 
 7.429999999999924e-08 -1.423586234205665e-02 
 7.439999999999924e-08 -1.139643449059102e-02 
 7.449999999999923e-08 -8.512022170292566e-03 
 7.459999999999923e-08 -5.594023511376278e-03 
 7.469999999999922e-08 -2.653963625123046e-03 
 7.479999999999921e-08  2.965397655807500e-04 
 7.489999999999921e-08  3.245834078008381e-03 
 7.499999999999920e-08  6.182221816564137e-03 
 7.509999999999920e-08  9.094314110880575e-03 
 7.519999999999919e-08  1.197033580437989e-02 
 7.529999999999919e-08  1.479908711877798e-02 
 7.539999999999918e-08  1.756956995038794e-02 
 7.549999999999917e-08  2.027046052200121e-02 
 7.559999999999917e-08  2.289150983431698e-02 
 7.569999999999916e-08  2.542201037520830e-02 
 7.579999999999916e-08  2.785225747911046e-02 
 7.589999999999915e-08  3.017247361418884e-02 
 7.599999999999915e-08  3.237361882381773e-02 
 7.609999999999914e-08  3.444697002018926e-02 
 7.619999999999913e-08  3.638434584172212e-02 
 7.629999999999913e-08  3.817815502363553e-02 
 7.639999999999912e-08  3.982125733524899e-02 
 7.649999999999912e-08  4.130726439174937e-02 
 7.659999999999911e-08  4.263022618592549e-02 
 7.669999999999911e-08  4.378502714711496e-02 
 7.679999999999910e-08  4.476702150797629e-02 
 7.689999999999909e-08  4.557243068645311e-02 
 7.699999999999909e-08  4.619799536413516e-02 
 7.709999999999908e-08  4.664132654908237e-02 
 7.719999999999908e-08  4.690060520032446e-02 
 7.729999999999907e-08  4.697486831951769e-02 
 7.739999999999907e-08  4.686376505448209e-02 
 7.749999999999906e-08  4.656777550862912e-02 
 7.759999999999905e-08  4.608802064600392e-02 
 7.769999999999905e-08  4.542641962623062e-02 
 7.779999999999904e-08  4.458554560698813e-02 
 7.789999999999904e-08  4.356873067975808e-02 
 7.799999999999903e-08  4.237995811824291e-02 
 7.809999999999903e-08  4.102392459421988e-02 
 7.819999999999902e-08  3.950595970429438e-02 
 7.829999999999901e-08  3.783205444510207e-02 
 7.839999999999901e-08  3.600880012252761e-02 
 7.849999999999900e-08  3.404339078757834e-02 
 7.859999999999900e-08  3.194357511617296e-02 
 7.869999999999899e-08  2.971763919172665e-02 
 7.879999999999899e-08  2.737436642234625e-02 
 7.889999999999898e-08  2.492300579249696e-02 
 7.899999999999897e-08  2.237323624727661e-02 
 7.909999999999897e-08  1.973512449094605e-02 
 7.919999999999896e-08  1.701909135087409e-02 
 7.929999999999896e-08  1.423586234982199e-02 
 7.939999999999895e-08  1.139643449844074e-02 
 7.949999999999895e-08  8.512022180466650e-03 
 7.959999999999894e-08  5.594023519649660e-03 
 7.969999999999893e-08  2.653963632349043e-03 
 7.979999999999893e-08 -2.965397606766729e-04 
 7.989999999999892e-08 -3.245834073274834e-03 
 7.999999999999892e-08 -6.182221811939836e-03 
 8.009999999999891e-08 -9.094314108404333e-03 
 8.019999999999890e-08 -1.197033580045592e-02 
 8.029999999999890e-08 -1.479908711251077e-02 
 8.039999999999889e-08 -1.756956994627079e-02 
 8.049999999999889e-08 -2.027046051132442e-02 
 8.059999999999888e-08 -2.289150982590638e-02 
 8.069999999999888e-08 -2.542201036182012e-02 
 8.079999999999887e-08 -2.785225747129383e-02 
 8.089999999999886e-08 -3.017247360498709e-02 
 8.099999999999886e-08 -3.237361881887235e-02 
 8.109999999999885e-08 -3.444697001064245e-02 
 8.119999999999885e-08 -3.638434583434891e-02 
 8.129999999999884e-08 -3.817815501479238e-02 
 8.139999999999884e-08 -3.982125733073882e-02 
 8.149999999999883e-08 -4.130726438697407e-02 
 8.159999999999882e-08 -4.263022618274004e-02 
 8.169999999999882e-08 -4.378502714294030e-02 
 8.179999999999881e-08 -4.476702150488077e-02 
 8.189999999999881e-08 -4.557243067992989e-02 
 8.199999999999880e-08 -4.619799535731395e-02 
 8.209999999999880e-08 -4.664132654183240e-02 
 8.219999999999879e-08 -4.690060519420469e-02 
 8.229999999999878e-08 -4.697486831137376e-02 
 8.239999999999878e-08 -4.686376504494905e-02 
 8.249999999999877e-08 -4.656777549687696e-02 
 8.259999999999877e-08 -4.608802063629414e-02 
 8.269999999999876e-08 -4.542641961779537e-02 
 8.279999999999876e-08 -4.458554560122829e-02 
 8.289999999999875e-08 -4.356873067323619e-02 
 8.299999999999874e-08 -4.237995811163886e-02 
 8.309999999999874e-08 -4.102392458613591e-02 
 8.319999999999873e-08 -3.950595969565573e-02 
 8.329999999999873e-08 -3.783205443519289e-02 
 8.339999999999872e-08 -3.600880011359697e-02 
 8.349999999999872e-08 -3.404339077864948e-02 
 8.359999999999871e-08 -3.194357510929891e-02 
 8.369999999999870e-08 -2.971763918470605e-02 
 8.379999999999870e-08 -2.737436641488733e-02 
 8.389999999999869e-08 -2.492300578471274e-02 
 8.399999999999869e-08 -2.237323624152765e-02 
 8.409999999999868e-08 -1.973512448515069e-02 
 8.419999999999868e-08 -1.701909134456003e-02 
 8.429999999999867e-08 -1.423586234290108e-02 
 8.439999999999866e-08 -1.139643449131111e-02 
 8.449999999999866e-08 -8.512022170894307e-03 
 8.459999999999865e-08 -5.594023510546720e-03 
 8.469999999999865e-08 -2.653963624619671e-03 
 8.479999999999864e-08  2.965397664849156e-04 
 8.489999999999864e-08  3.245834077590271e-03 
 8.499999999999863e-08  6.182221813521904e-03 
 8.509999999999862e-08  9.094314113348823e-03 
 8.519999999999862e-08  1.197033580340179e-02 
 8.529999999999861e-08  1.479908711611566e-02 
 8.539999999999861e-08  1.756956995176306e-02 
 8.549999999999860e-08  2.027046051705961e-02 
 8.559999999999860e-08  2.289150983572519e-02 
 8.569999999999859e-08  2.542201037098679e-02 
 8.579999999999858e-08  2.785225748243403e-02 
 8.589999999999858e-08  3.017247361330599e-02 
 8.599999999999857e-08  3.237361882791290e-02 
 8.609999999999857e-08  3.444697001947761e-02 
 8.619999999999856e-08  3.638434584266759e-02 
 8.629999999999856e-08  3.817815502018718e-02 
 8.639999999999855e-08  3.982125733429376e-02 
 8.649999999999854e-08  4.130726438993992e-02 
 8.659999999999854e-08  4.263022618797940e-02 
 8.669999999999853e-08  4.378502714807819e-02 
 8.679999999999853e-08  4.476702150883427e-02 
 8.689999999999852e-08  4.557243068536110e-02 
 8.699999999999852e-08  4.619799536401659e-02 
 8.709999999999851e-08  4.664132655010311e-02 
 8.719999999999850e-08  4.690060520410522e-02 
 8.729999999999850e-08  4.697486832197151e-02 
 8.739999999999849e-08  4.686376505590162e-02 
 8.749999999999849e-08  4.656777551001334e-02 
 8.759999999999848e-08  4.608802064824147e-02 
 8.769999999999848e-08  4.542641962713101e-02 
 8.779999999999847e-08  4.458554560703032e-02 
 8.789999999999846e-08  4.356873068081457e-02 
 8.799999999999846e-08  4.237995812057838e-02 
 8.809999999999845e-08  4.102392459523596e-02 
 8.819999999999845e-08  3.950595970436477e-02 
 8.829999999999844e-08  3.783205444509163e-02 
 8.839999999999844e-08  3.600880012176511e-02 
 8.849999999999843e-08  3.404339078538277e-02 
 8.859999999999842e-08  3.194357511474744e-02 
 8.869999999999842e-08  2.971763919160897e-02 
 8.879999999999841e-08  2.737436642249969e-02 
 8.889999999999841e-08  2.492300579181905e-02 
 8.899999999999840e-08  2.237323624580490e-02 
 8.909999999999840e-08  1.973512449012471e-02 
 8.919999999999839e-08  1.701909135229829e-02 
 8.929999999999838e-08  1.423586235212482e-02 
 8.939999999999838e-08  1.139643450009697e-02 
 8.949999999999837e-08  8.512022180462431e-03 
 8.959999999999837e-08  5.594023519484237e-03 
 8.969999999999836e-08  2.653963632990086e-03 
 8.979999999999836e-08 -2.965397594782981e-04 
 8.989999999999835e-08 -3.245834072718168e-03 
 8.999999999999834e-08 -6.182221809356125e-03 
 9.009999999999834e-08 -9.094314110400292e-03 
 9.019999999999833e-08 -1.197033579865092e-02 
 9.029999999999833e-08 -1.479908711021061e-02 
 9.039999999999832e-08 -1.756956994815440e-02 
 9.049999999999832e-08 -2.027046050993131e-02 
 9.059999999999831e-08 -2.289150982897059e-02 
 9.069999999999830e-08 -2.542201035997893e-02 
 9.079999999999830e-08 -2.785225747348430e-02 
 9.089999999999829e-08 -3.017247360409736e-02 
 9.099999999999829e-08 -3.237361882189926e-02 
 9.109999999999828e-08 -3.444697001079100e-02 
 9.119999999999828e-08 -3.638434583599892e-02 
 9.129999999999827e-08 -3.817815501225419e-02 
 9.139999999999826e-08 -3.982125732954178e-02 
 9.149999999999826e-08 -4.130726438455068e-02 
 9.159999999999825e-08 -4.263022618286438e-02 
 9.169999999999825e-08 -4.378502714254795e-02 
 9.179999999999824e-08 -4.476702150343947e-02 
 9.189999999999824e-08 -4.557243067799543e-02 
 9.199999999999823e-08 -4.619799535656455e-02 
 9.209999999999822e-08 -4.664132653965192e-02 
 9.219999999999822e-08 -4.690060519091377e-02 
 9.229999999999821e-08 -4.697486830847675e-02 
 9.239999999999821e-08 -4.686376504359724e-02 
 9.249999999999820e-08 -4.656777549712388e-02 
 9.259999999999820e-08 -4.608802063535244e-02 
 9.269999999999819e-08 -4.542641961519145e-02 
 9.279999999999818e-08 -4.458554559765626e-02 
 9.289999999999818e-08 -4.356873066959044e-02 
 9.299999999999817e-08 -4.237995810809037e-02 
 9.309999999999817e-08 -4.102392458450721e-02 
 9.319999999999816e-08 -3.950595969458415e-02 
 9.329999999999816e-08 -3.783205443391813e-02 
 9.339999999999815e-08 -3.600880011209751e-02 
 9.349999999999814e-08 -3.404339077729435e-02 
 9.359999999999814e-08 -3.194357510654333e-02 
 9.369999999999813e-08 -2.971763918197623e-02 
 9.379999999999813e-08 -2.737436641235380e-02 
 9.389999999999812e-08 -2.492300578276563e-02 
 9.399999999999812e-08 -2.237323623907050e-02 
 9.409999999999811e-08 -1.973512448365766e-02 
 9.419999999999810e-08 -1.701909134368185e-02 
 9.429999999999810e-08 -1.423586234180996e-02 
 9.439999999999809e-08 -1.139643449011718e-02 
 9.449999999999809e-08 -8.512022170491962e-03 
 9.459999999999808e-08 -5.594023510045565e-03 
 9.469999999999808e-08 -2.653963623873823e-03 
 9.479999999999807e-08  2.965397668219794e-04 
 9.489999999999806e-08  3.245834078056120e-03 
 9.499999999999806e-08  6.182221813294753e-03 
 9.509999999999805e-08  9.094314116234070e-03 
 9.519999999999805e-08  1.197033580437123e-02 
 9.529999999999804e-08  1.479908711649691e-02 
 9.539999999999804e-08  1.756956995519610e-02 
 9.549999999999803e-08  2.027046051645542e-02 
 9.559999999999802e-08  2.289150983879629e-02 
 9.569999999999802e-08  2.542201036926328e-02 
 9.579999999999801e-08  2.785225748327469e-02 
 9.589999999999801e-08  3.017247361165998e-02 
 9.599999999999800e-08  3.237361882972745e-02 
 9.609999999999800e-08  3.444697001932773e-02 
 9.619999999999799e-08  3.638434584474703e-02 
 9.629999999999798e-08  3.817815502023914e-02 
 9.639999999999798e-08  3.982125733754494e-02 
 9.649999999999797e-08  4.130726439173493e-02 
 9.659999999999797e-08  4.263022618870194e-02 
 9.669999999999796e-08  4.378502714799892e-02 
 9.679999999999796e-08  4.476702150903167e-02 
 9.689999999999795e-08  4.557243068432060e-02 
 9.699999999999794e-08  4.619799536415226e-02 
 9.709999999999794e-08  4.664132654941855e-02 
 9.719999999999793e-08  4.690060520298811e-02 
 9.729999999999793e-08  4.697486832105735e-02 
 9.739999999999792e-08  4.686376505554879e-02 
 9.749999999999792e-08  4.656777550793567e-02 
 9.759999999999791e-08  4.608802064668360e-02 
 9.769999999999790e-08  4.542641962808869e-02 
 9.779999999999790e-08  4.458554561029104e-02 
 9.789999999999789e-08  4.356873068325928e-02 
 9.799999999999789e-08  4.237995812103623e-02 
 9.809999999999788e-08  4.102392459524595e-02 
 9.819999999999788e-08  3.950595970401305e-02 
 9.829999999999787e-08  3.783205444549775e-02 
 9.839999999999786e-08  3.600880012371555e-02 
 9.849999999999786e-08  3.404339078829355e-02 
 9.859999999999785e-08  3.194357511763046e-02 
 9.869999999999785e-08  2.971763919381987e-02 
 9.879999999999784e-08  2.737436642452806e-02 
 9.889999999999783e-08  2.492300579416917e-02 
 9.899999999999783e-08  2.237323624816345e-02 
 9.909999999999782e-08  1.973512449127113e-02 
 9.919999999999782e-08  1.701909135104462e-02 
 9.929999999999781e-08  1.423586235009111e-02 
 9.939999999999781e-08  1.139643449749062e-02 
 9.949999999999780e-08  8.512022178401857e-03 
 9.959999999999779e-08  5.594023517492053e-03 
 9.969999999999779e-08  2.653963630941947e-03 
 9.979999999999778e-08 -2.965397614786980e-04 
 9.989999999999778e-08 -3.245834072854947e-03 
 9.999999999999777e-08 -6.182221805270505e-03 
 1.000999999999978e-07 -9.094314107750856e-03 
 1.001999999999978e-07 -1.197033579639228e-02 
 1.002999999999978e-07 -1.479908710834898e-02 
 1.003999999999977e-07 -1.756956994753822e-02 
 1.004999999999977e-07 -2.027046050781922e-02 
 1.005999999999977e-07 -2.289150982984300e-02 
 1.006999999999977e-07 -2.542201035743585e-02 
 1.007999999999977e-07 -2.785225747245890e-02 
 1.008999999999977e-07 -3.017247359987985e-02 
 1.009999999999977e-07 -3.237361882004386e-02 
 1.010999999999977e-07 -3.444697000897623e-02 
 1.011999999999977e-07 -3.638434583446792e-02 
 1.012999999999977e-07 -3.817815501089061e-02 
 1.013999999999977e-07 -3.982125733080988e-02 
 1.014999999999977e-07 -4.130726438508781e-02 
 1.015999999999977e-07 -4.263022618328582e-02 
 1.016999999999977e-07 -4.378502714270116e-02 
 1.017999999999977e-07 -4.476702150536127e-02 
 1.018999999999977e-07 -4.557243068042993e-02 
 1.019999999999977e-07 -4.619799535898905e-02 
 1.020999999999977e-07 -4.664132654175712e-02 
 1.021999999999976e-07 -4.690060519280648e-02 
 1.022999999999976e-07 -4.697486830971265e-02 
 1.023999999999976e-07 -4.686376504350709e-02 
 1.024999999999976e-07 -4.656777549627766e-02 
 1.025999999999976e-07 -4.608802063505091e-02 
 1.026999999999976e-07 -4.542641961574767e-02 
 1.027999999999976e-07 -4.458554559818451e-02 
 1.028999999999976e-07 -4.356873067190925e-02 
 1.029999999999976e-07 -4.237995811076822e-02 
 1.030999999999976e-07 -4.102392458727477e-02 
 1.031999999999976e-07 -3.950595969668846e-02 
 1.032999999999976e-07 -3.783205443639526e-02 
 1.033999999999976e-07 -3.600880011422491e-02 
 1.034999999999976e-07 -3.404339078002283e-02 
 1.035999999999976e-07 -3.194357511037049e-02 
 1.036999999999976e-07 -2.971763918682102e-02 
 1.037999999999976e-07 -2.737436641646074e-02 
 1.038999999999975e-07 -2.492300578526496e-02 
 1.039999999999975e-07 -2.237323624005461e-02 
 1.040999999999975e-07 -1.973512448430070e-02 
 1.041999999999975e-07 -1.701909134469082e-02 
 1.042999999999975e-07 -1.423586234293017e-02 
 1.043999999999975e-07 -1.139643449150873e-02 
 1.044999999999975e-07 -8.512022172401545e-03 
 1.045999999999975e-07 -5.594023511642288e-03 
 1.046999999999975e-07 -2.653963625307565e-03 
 1.047999999999975e-07  2.965397667551439e-04 
 1.048999999999975e-07  3.245834078384302e-03 
 1.049999999999975e-07  6.182221812882194e-03 
 1.050999999999975e-07  9.094314118307745e-03 
 1.051999999999975e-07  1.197033580530915e-02 
 1.052999999999975e-07  1.479908711684685e-02 
 1.053999999999975e-07  1.756956995728443e-02 
 1.054999999999975e-07  2.027046051780124e-02 
 1.055999999999975e-07  2.289150984263832e-02 
 1.056999999999974e-07  2.542201037189118e-02 
 1.057999999999974e-07  2.785225748707321e-02 
 1.058999999999974e-07  3.017247361242292e-02 
 1.059999999999974e-07  3.237361883059009e-02 
 1.060999999999974e-07  3.444697001869312e-02 
 1.061999999999974e-07  3.638434584632000e-02 
 1.062999999999974e-07  3.817815502253685e-02 
 1.063999999999974e-07  3.982125733930042e-02 
 1.064999999999974e-07  4.130726439193899e-02 
 1.065999999999974e-07  4.263022618854695e-02 
 1.066999999999974e-07  4.378502714659827e-02 
 1.067999999999974e-07  4.476702150848744e-02 
 1.068999999999974e-07  4.557243068448535e-02 
 1.069999999999974e-07  4.619799536528757e-02 
 1.070999999999974e-07  4.664132655107767e-02 
 1.071999999999974e-07  4.690060520475847e-02 
 1.072999999999974e-07  4.697486832316988e-02 
 1.073999999999973e-07  4.686376505727807e-02 
 1.074999999999973e-07  4.656777550988545e-02 
 1.075999999999973e-07  4.608802064812711e-02 
 1.076999999999973e-07  4.542641962757665e-02 
 1.077999999999973e-07  4.458554560827444e-02 
 1.078999999999973e-07  4.356873068094869e-02 
 1.079999999999973e-07  4.237995812090078e-02 
 1.080999999999973e-07  4.102392459542870e-02 
 1.081999999999973e-07  3.950595970446491e-02 
 1.082999999999973e-07  3.783205444520865e-02 
 1.083999999999973e-07  3.600880012145291e-02 
 1.084999999999973e-07  3.404339078627783e-02 
 1.085999999999973e-07  3.194357511697299e-02 
 1.086999999999973e-07  2.971763919364401e-02 
 1.087999999999973e-07  2.737436642298752e-02 
 1.088999999999973e-07  2.492300579061446e-02 
 1.089999999999973e-07  2.237323624451726e-02 
 1.090999999999973e-07  1.973512448901804e-02 
 1.091999999999972e-07  1.701909135067559e-02 
 1.092999999999972e-07  1.423586235078123e-02 
 1.093999999999972e-07  1.139643449888794e-02 
 1.094999999999972e-07  8.512022179993917e-03 
 1.095999999999972e-07  5.594023519623681e-03 
 1.096999999999972e-07  2.653963632928136e-03 
 1.097999999999972e-07 -2.965397602450182e-04 
 1.098999999999972e-07 -3.245834072737486e-03 
 1.099999999999972e-07 -6.182221806758426e-03 
 1.100999999999972e-07 -9.094314111425916e-03 
 1.101999999999972e-07 -1.197033579866846e-02 
 1.102999999999972e-07 -1.479908710976674e-02 
 1.103999999999972e-07 -1.756956994822345e-02 
 1.104999999999972e-07 -2.027046050549175e-02 
 1.105999999999972e-07 -2.289150982935295e-02 
 1.106999999999972e-07 -2.542201035700486e-02 
 1.107999999999972e-07 -2.785225747333131e-02 
 1.108999999999971e-07 -3.017247360046582e-02 
 1.109999999999971e-07 -3.237361882162992e-02 
 1.110999999999971e-07 -3.444697000901509e-02 
 1.111999999999971e-07 -3.638434583614147e-02 
 1.112999999999971e-07 -3.817815501220934e-02 
 1.113999999999971e-07 -3.982125733056563e-02 
 1.114999999999971e-07 -4.130726438526922e-02 
 1.115999999999971e-07 -4.263022618441292e-02 
 1.116999999999971e-07 -4.378502714214982e-02 
 1.117999999999971e-07 -4.476702150299294e-02 
 1.118999999999971e-07 -4.557243067721872e-02 
 1.119999999999971e-07 -4.619799535718627e-02 
 1.120999999999971e-07 -4.664132654108855e-02 
 1.121999999999971e-07 -4.690060519274275e-02 
 1.122999999999971e-07 -4.697486830897857e-02 
 1.123999999999971e-07 -4.686376504238376e-02 
 1.124999999999971e-07 -4.656777549468183e-02 
 1.125999999999971e-07 -4.608802063344952e-02 
 1.126999999999970e-07 -4.542641961400018e-02 
 1.127999999999970e-07 -4.458554559638817e-02 
 1.128999999999970e-07 -4.356873067011557e-02 
 1.129999999999970e-07 -4.237995810993089e-02 
 1.130999999999970e-07 -4.102392458599002e-02 
 1.131999999999970e-07 -3.950595969553294e-02 
 1.132999999999970e-07 -3.783205443509163e-02 
 1.133999999999970e-07 -3.600880011248542e-02 
 1.134999999999970e-07 -3.404339077793272e-02 
 1.135999999999970e-07 -3.194357510764489e-02 
 1.136999999999970e-07 -2.971763918401549e-02 
 1.137999999999970e-07 -2.737436641501501e-02 
 1.138999999999970e-07 -2.492300578523632e-02 
 1.139999999999970e-07 -2.237323624076426e-02 
 1.140999999999970e-07 -1.973512448478543e-02 
 1.141999999999970e-07 -1.701909134477919e-02 
 1.142999999999970e-07 -1.423586234413809e-02 
 1.143999999999969e-07 -1.139643449181360e-02 
 1.144999999999969e-07 -8.512022171794253e-03 
 1.145999999999969e-07 -5.594023511708901e-03 
 1.146999999999969e-07 -2.653963626205291e-03 
 1.147999999999969e-07  2.965397666268021e-04 
 1.148999999999969e-07  3.245834078640097e-03 
 1.149999999999969e-07  6.182221812557565e-03 
 1.150999999999969e-07  9.094314118933688e-03 
 1.151999999999969e-07  1.197033580554052e-02 
 1.152999999999969e-07  1.479908711533318e-02 
 1.153999999999969e-07  1.756956995511216e-02 
 1.154999999999969e-07  2.027046051517711e-02 
 1.155999999999969e-07  2.289150984053911e-02 
 1.156999999999969e-07  2.542201036916292e-02 
 1.157999999999969e-07  2.785225748613596e-02 
 1.158999999999969e-07  3.017247361100583e-02 
 1.159999999999969e-07  3.237361882980627e-02 
 1.160999999999969e-07  3.444697001709263e-02 
 1.161999999999968e-07  3.638434584618233e-02 
 1.162999999999968e-07  3.817815502237787e-02 
 1.163999999999968e-07  3.982125733995767e-02 
 1.164999999999968e-07  4.130726439192278e-02 
 1.165999999999968e-07  4.263022618887335e-02 
 1.166999999999968e-07  4.378502714660093e-02 
 1.167999999999968e-07  4.476702150858958e-02 
 1.168999999999968e-07  4.557243068335426e-02 
 1.169999999999968e-07  4.619799536282510e-02 
 1.170999999999968e-07  4.664132654894448e-02 
 1.171999999999968e-07  4.690060520357320e-02 
 1.172999999999968e-07  4.697486832126807e-02 
 1.173999999999968e-07  4.686376505580103e-02 
 1.174999999999968e-07  4.656777550891378e-02 
 1.175999999999968e-07  4.608802064738859e-02 
 1.176999999999968e-07  4.542641962658189e-02 
 1.177999999999968e-07  4.458554560684069e-02 
 1.178999999999967e-07  4.356873067939437e-02 
 1.179999999999967e-07  4.237995811926254e-02 
 1.180999999999967e-07  4.102392459451343e-02 
 1.181999999999967e-07  3.950595970363957e-02 
 1.182999999999967e-07  3.783205444487225e-02 
 1.183999999999967e-07  3.600880012248209e-02 
 1.184999999999967e-07  3.404339078657181e-02 
 1.185999999999967e-07  3.194357511560497e-02 
 1.186999999999967e-07  2.971763919222203e-02 
 1.187999999999967e-07  2.737436642293978e-02 
 1.188999999999967e-07  2.492300579156326e-02 
 1.189999999999967e-07  2.237323624616883e-02 
 1.190999999999967e-07  1.973512449016090e-02 
 1.191999999999967e-07  1.701909135122204e-02 
 1.192999999999967e-07  1.423586235099683e-02 
 1.193999999999967e-07  1.139643449929584e-02 
 1.194999999999967e-07  8.512022180313883e-03 
 1.195999999999967e-07  5.594023518693092e-03 
 1.196999999999967e-07  2.653963631071843e-03 
 1.197999999999967e-07 -2.965397617271659e-04 
 1.198999999999967e-07 -3.245834072284071e-03 
 1.199999999999967e-07 -6.182221804593269e-03 
 1.200999999999967e-07 -9.094314108977875e-03 
 1.201999999999967e-07 -1.197033579488616e-02 
 1.202999999999968e-07 -1.479908710641831e-02 
 1.203999999999968e-07 -1.756956994751446e-02 
 1.204999999999968e-07 -2.027046050600778e-02 
 1.205999999999968e-07 -2.289150983139621e-02 
 1.206999999999968e-07 -2.542201035731972e-02 
 1.207999999999968e-07 -2.785225747515230e-02 
 1.208999999999968e-07 -3.017247360198505e-02 
 1.209999999999968e-07 -3.237361882230427e-02 
 1.210999999999968e-07 -3.444697000800123e-02 
 1.211999999999968e-07 -3.638434583590677e-02 
 1.212999999999968e-07 -3.817815501248556e-02 
 1.213999999999968e-07 -3.982125733206776e-02 
 1.214999999999968e-07 -4.130726438515619e-02 
 1.215999999999969e-07 -4.263022618296430e-02 
 1.216999999999969e-07 -4.378502714084576e-02 
 1.217999999999969e-07 -4.476702150418932e-02 
 1.218999999999969e-07 -4.557243067916450e-02 
 1.219999999999969e-07 -4.619799535906832e-02 
 1.220999999999969e-07 -4.664132654258979e-02 
 1.221999999999969e-07 -4.690060519374661e-02 
 1.222999999999969e-07 -4.697486831010944e-02 
 1.223999999999969e-07 -4.686376504438816e-02 
 1.224999999999969e-07 -4.656777549774715e-02 
 1.225999999999969e-07 -4.608802063602702e-02 
 1.226999999999969e-07 -4.542641961644778e-02 
 1.227999999999969e-07 -4.458554559957206e-02 
 1.228999999999970e-07 -4.356873067267042e-02 
 1.229999999999970e-07 -4.237995811064743e-02 
 1.230999999999970e-07 -4.102392458651316e-02 
 1.231999999999970e-07 -3.950595969699466e-02 
 1.232999999999970e-07 -3.783205443732940e-02 
 1.233999999999970e-07 -3.600880011482221e-02 
 1.234999999999970e-07 -3.404339077997665e-02 
 1.235999999999970e-07 -3.194357510947610e-02 
 1.236999999999970e-07 -2.971763918536996e-02 
 1.237999999999970e-07 -2.737436641489932e-02 
 1.238999999999970e-07 -2.492300578425199e-02 
 1.239999999999970e-07 -2.237323624008103e-02 
 1.240999999999970e-07 -1.973512448431158e-02 
 1.241999999999970e-07 -1.701909134471546e-02 
 1.242999999999971e-07 -1.423586234417762e-02 
 1.243999999999971e-07 -1.139643449193795e-02 
 1.244999999999971e-07 -8.512022172039169e-03 
 1.245999999999971e-07 -5.594023511455104e-03 
 1.246999999999971e-07 -2.653963626062961e-03 
 1.247999999999971e-07  2.965397659020486e-04 
 1.248999999999971e-07  3.245834076514242e-03 
 1.249999999999971e-07  6.182221809568178e-03 
 1.250999999999971e-07  9.094314116098845e-03 
 1.251999999999971e-07  1.197033580224627e-02 
 1.252999999999971e-07  1.479908711317557e-02 
 1.253999999999971e-07  1.756956995425396e-02 
 1.254999999999971e-07  2.027046051409198e-02 
 1.255999999999972e-07  2.289150984150279e-02 
 1.256999999999972e-07  2.542201037004443e-02 
 1.257999999999972e-07  2.785225748726106e-02 
 1.258999999999972e-07  3.017247361146569e-02 
 1.259999999999972e-07  3.237361883048440e-02 
 1.260999999999972e-07  3.444697001735708e-02 
 1.261999999999972e-07  3.638434584609707e-02 
 1.262999999999972e-07  3.817815502207611e-02 
 1.263999999999972e-07  3.982125733845376e-02 
 1.264999999999972e-07  4.130726439098265e-02 
 1.265999999999972e-07  4.263022618893597e-02 
 1.266999999999972e-07  4.378502714773003e-02 
 1.267999999999972e-07  4.476702151031398e-02 
 1.268999999999973e-07  4.557243068620909e-02 
 1.269999999999973e-07  4.619799536631963e-02 
 1.270999999999973e-07  4.664132655169828e-02 
 1.271999999999973e-07  4.690060520546546e-02 
 1.272999999999973e-07  4.697486832199216e-02 
 1.273999999999973e-07  4.686376505654422e-02 
 1.274999999999973e-07  4.656777550923108e-02 
 1.275999999999973e-07  4.608802064724982e-02 
 1.276999999999973e-07  4.542641962769078e-02 
 1.277999999999973e-07  4.458554560818317e-02 
 1.278999999999973e-07  4.356873068061851e-02 
 1.279999999999973e-07  4.237995811970063e-02 
 1.280999999999973e-07  4.102392459495219e-02 
 1.281999999999973e-07  3.950595970524029e-02 
 1.282999999999974e-07  3.783205444596538e-02 
 1.283999999999974e-07  3.600880012219676e-02 
 1.284999999999974e-07  3.404339078582685e-02 
 1.285999999999974e-07  3.194357511515955e-02 
 1.286999999999974e-07  2.971763919098525e-02 
 1.287999999999974e-07  2.737436642101598e-02 
 1.288999999999974e-07  2.492300579131990e-02 
 1.289999999999974e-07  2.237323624549714e-02 
 1.290999999999974e-07  1.973512448895764e-02 
 1.291999999999974e-07  1.701909135006097e-02 
 1.292999999999974e-07  1.423586234997498e-02 
 1.293999999999974e-07  1.139643449958561e-02 
 1.294999999999974e-07  8.512022180973355e-03 
 1.295999999999975e-07  5.594023519087665e-03 
 1.296999999999975e-07  2.653963631483514e-03 
 1.297999999999975e-07 -2.965397615799503e-04 
 1.298999999999975e-07 -3.245834072199694e-03 
 1.299999999999975e-07 -6.182221803749943e-03 
 1.300999999999975e-07 -9.094314110017487e-03 
 1.301999999999975e-07 -1.197033579622397e-02 
 1.302999999999975e-07 -1.479908710667388e-02 
 1.303999999999975e-07 -1.756956994709635e-02 
 1.304999999999975e-07 -2.027046050462866e-02 
 1.305999999999975e-07 -2.289150982983634e-02 
 1.306999999999975e-07 -2.542201035722669e-02 
 1.307999999999975e-07 -2.785225747608577e-02 
 1.308999999999976e-07 -3.017247360219599e-02 
 1.309999999999976e-07 -3.237361882358325e-02 
 1.310999999999976e-07 -3.444697000959462e-02 
 1.311999999999976e-07 -3.638434583633021e-02 
 1.312999999999976e-07 -3.817815501176280e-02 
 1.313999999999976e-07 -3.982125733169495e-02 
 1.314999999999976e-07 -4.130726438574661e-02 
 1.315999999999976e-07 -4.263022618402057e-02 
 1.316999999999976e-07 -4.378502714173993e-02 
 1.317999999999976e-07 -4.476702150359513e-02 
 1.318999999999976e-07 -4.557243067829275e-02 
 1.319999999999976e-07 -4.619799535802072e-02 
 1.320999999999976e-07 -4.664132654103192e-02 
 1.321999999999977e-07 -4.690060519261396e-02 
 1.322999999999977e-07 -4.697486830936803e-02 
 1.323999999999977e-07 -4.686376504313650e-02 
 1.324999999999977e-07 -4.656777549692825e-02 
 1.325999999999977e-07 -4.608802063705464e-02 
 1.326999999999977e-07 -4.542641961778005e-02 
 1.327999999999977e-07 -4.458554559979211e-02 
 1.328999999999977e-07 -4.356873067180356e-02 
 1.329999999999977e-07 -4.237995811025419e-02 
 1.330999999999977e-07 -4.102392458630932e-02 
 1.331999999999977e-07 -3.950595969649040e-02 
 1.332999999999977e-07 -3.783205443560256e-02 
 1.333999999999977e-07 -3.600880011212526e-02 
 1.334999999999977e-07 -3.404339077751595e-02 
 1.335999999999978e-07 -3.194357510808210e-02 
 1.336999999999978e-07 -2.971763918438763e-02 
 1.337999999999978e-07 -2.737436641447943e-02 
 1.338999999999978e-07 -2.492300578327233e-02 
 1.339999999999978e-07 -2.237323623797427e-02 
 1.340999999999978e-07 -1.973512448152781e-02 
 1.341999999999978e-07 -1.701909134118718e-02 
 1.342999999999978e-07 -1.423586234100016e-02 
 1.343999999999978e-07 -1.139643448997241e-02 
 1.344999999999978e-07 -8.512022170565681e-03 
 1.345999999999978e-07 -5.594023511069857e-03 
 1.346999999999978e-07 -2.653963626313205e-03 
 1.347999999999978e-07  2.965397647394230e-04 
 1.348999999999979e-07  3.245834076051723e-03 
 1.349999999999979e-07  6.182221809822641e-03 
 1.350999999999979e-07  9.094314117256364e-03 
 1.351999999999979e-07  1.197033580298590e-02 
 1.352999999999979e-07  1.479908711376465e-02 
 1.353999999999979e-07  1.756956995545478e-02 
 1.354999999999979e-07  2.027046051511805e-02 
 1.355999999999979e-07  2.289150984280686e-02 
 1.356999999999979e-07  2.542201036973646e-02 
 1.357999999999979e-07  2.785225748635978e-02 
 1.358999999999979e-07  3.017247361069852e-02 
 1.359999999999979e-07  3.237361883013312e-02 
 1.360999999999979e-07  3.444697001701336e-02 
 1.361999999999980e-07  3.638434584637196e-02 
 1.362999999999980e-07  3.817815502168576e-02 
 1.363999999999980e-07  3.982125733852437e-02 
 1.364999999999980e-07  4.130726439082721e-02 
 1.365999999999980e-07  4.263022618822654e-02 
 1.366999999999980e-07  4.378502714542010e-02 
 1.367999999999980e-07  4.476702150734990e-02 
 1.368999999999980e-07  4.557243068364292e-02 
 1.369999999999980e-07  4.619799536474645e-02 
 1.370999999999980e-07  4.664132655048325e-02 
 1.371999999999980e-07  4.690060520468542e-02 
 1.372999999999980e-07  4.697486832193887e-02 
 1.373999999999980e-07  4.686376505611878e-02 
 1.374999999999980e-07  4.656777550924840e-02 
 1.375999999999981e-07  4.608802064663808e-02 
 1.376999999999981e-07  4.542641962529470e-02 
 1.377999999999981e-07  4.458554560695882e-02 
 1.378999999999981e-07  4.356873068095046e-02 
 1.379999999999981e-07  4.237995812094164e-02 
 1.380999999999981e-07  4.102392459558457e-02 
 1.381999999999981e-07  3.950595970599879e-02 
 1.382999999999981e-07  3.783205444649096e-02 
 1.383999999999981e-07  3.600880012239438e-02 
 1.384999999999981e-07  3.404339078594387e-02 
 1.385999999999981e-07  3.194357511527213e-02 
 1.386999999999981e-07  2.971763919185233e-02 
 1.387999999999981e-07  2.737436642227697e-02 
 1.388999999999982e-07  2.492300579161189e-02 
 1.389999999999982e-07  2.237323624589416e-02 
 1.390999999999982e-07  1.973512449003478e-02 
 1.391999999999982e-07  1.701909135134438e-02 
 1.392999999999982e-07  1.423586235112073e-02 
 1.393999999999982e-07  1.139643450021977e-02 
 1.394999999999982e-07  8.512022181236478e-03 
 1.395999999999982e-07  5.594023519311264e-03 
 1.396999999999982e-07  2.653963631477296e-03 
 1.397999999999982e-07 -2.965397614471676e-04 
 1.398999999999982e-07 -3.245834072096887e-03 
 1.399999999999982e-07 -6.182221803897159e-03 
 1.400999999999982e-07 -9.094314110086987e-03 
 1.401999999999983e-07 -1.197033579686213e-02 
 1.402999999999983e-07 -1.479908710841848e-02 
 1.403999999999983e-07 -1.756956994894199e-02 
 1.404999999999983e-07 -2.027046050588943e-02 
 1.405999999999983e-07 -2.289150983096921e-02 
 1.406999999999983e-07 -2.542201035715363e-02 
 1.407999999999983e-07 -2.785225747413467e-02 
 1.408999999999983e-07 -3.017247359922060e-02 
 1.409999999999983e-07 -3.237361882117851e-02 
 1.410999999999983e-07 -3.444697000798524e-02 
 1.411999999999983e-07 -3.638434583528705e-02 
 1.412999999999983e-07 -3.817815501052690e-02 
 1.413999999999983e-07 -3.982125733014819e-02 
 1.414999999999983e-07 -4.130726438418275e-02 
 1.415999999999984e-07 -4.263022618278534e-02 
 1.416999999999984e-07 -4.378502714083687e-02 
 1.417999999999984e-07 -4.476702150412226e-02 
 1.418999999999984e-07 -4.557243068028516e-02 
 1.419999999999984e-07 -4.619799535909141e-02 
 1.420999999999984e-07 -4.664132654174424e-02 
 1.421999999999984e-07 -4.690060519386519e-02 
 1.422999999999984e-07 -4.697486831105846e-02 
 1.423999999999984e-07 -4.686376504404355e-02 
 1.424999999999984e-07 -4.656777549708369e-02 
 1.425999999999984e-07 -4.608802063614359e-02 
 1.426999999999984e-07 -4.542641961715810e-02 
 1.427999999999984e-07 -4.458554559917882e-02 
 1.428999999999985e-07 -4.356873067085698e-02 
 1.429999999999985e-07 -4.237995810896900e-02 
 1.430999999999985e-07 -4.102392458557236e-02 
 1.431999999999985e-07 -3.950595969573500e-02 
 1.432999999999985e-07 -3.783205443541138e-02 
 1.433999999999985e-07 -3.600880011265217e-02 
 1.434999999999985e-07 -3.404339077829754e-02 
 1.435999999999985e-07 -3.194357510876844e-02 
 1.436999999999985e-07 -2.971763918472115e-02 
 1.437999999999985e-07 -2.737436641524038e-02 
 1.438999999999985e-07 -2.492300578539819e-02 
 1.439999999999985e-07 -2.237323624018472e-02 
 1.440999999999985e-07 -1.973512448359505e-02 
 1.441999999999986e-07 -1.701909134412349e-02 
 1.442999999999986e-07 -1.423586234379259e-02 
 1.443999999999986e-07 -1.139643449166350e-02 
 1.444999999999986e-07 -8.512022171819122e-03 
 1.445999999999986e-07 -5.594023511511281e-03 
 1.446999999999986e-07 -2.653963625973699e-03 
 1.447999999999986e-07  2.965397668741598e-04 
 1.448999999999986e-07  3.245834078792864e-03 
 1.449999999999986e-07  6.182221812169431e-03 
 1.450999999999986e-07  9.094314119199254e-03 
 1.451999999999986e-07  1.197033580390006e-02 
 1.452999999999986e-07  1.479908711415323e-02 
 1.453999999999986e-07  1.756956995603431e-02 
 1.454999999999986e-07  2.027046051535430e-02 
 1.455999999999987e-07  2.289150984310639e-02 
 1.456999999999987e-07  2.542201037043013e-02 
 1.457999999999987e-07  2.785225748790188e-02 
 1.458999999999987e-07  3.017247361128161e-02 
 1.459999999999987e-07  3.237361883054080e-02 
 1.460999999999987e-07  3.444697001710573e-02 
 1.461999999999987e-07  3.638434584635863e-02 
 1.462999999999987e-07  3.817815502232613e-02 
 1.463999999999987e-07  3.982125734003894e-02 
 1.464999999999987e-07  4.130726439138166e-02 
 1.465999999999987e-07  4.263022619013790e-02 
 1.466999999999987e-07  4.378502714802246e-02 
 1.467999999999987e-07  4.476702150957612e-02 
 1.468999999999988e-07  4.557243068487749e-02 
 1.469999999999988e-07  4.619799536549429e-02 
 1.470999999999988e-07  4.664132655080078e-02 
 1.471999999999988e-07  4.690060520522610e-02 
 1.472999999999988e-07  4.697486832197995e-02 
 1.473999999999988e-07  4.686376505649958e-02 
 1.474999999999988e-07  4.656777550902058e-02 
 1.475999999999988e-07  4.608802064739881e-02 
 1.476999999999988e-07  4.542641962762684e-02 
 1.477999999999988e-07  4.458554560935335e-02 
 1.478999999999988e-07  4.356873068144562e-02 
 1.479999999999988e-07  4.237995811957895e-02 
 1.480999999999988e-07  4.102392459378468e-02 
 1.481999999999989e-07  3.950595970340043e-02 
 1.482999999999989e-07  3.783205444319804e-02 
 1.483999999999989e-07  3.600880011990348e-02 
 1.484999999999989e-07  3.404339078528285e-02 
 1.485999999999989e-07  3.194357511540669e-02 
 1.486999999999989e-07  2.971763919216097e-02 
 1.487999999999989e-07  2.737436642286850e-02 
 1.488999999999989e-07  2.492300579189100e-02 
 1.489999999999989e-07  2.237323624626519e-02 
 1.490999999999989e-07  1.973512449017090e-02 
 1.491999999999989e-07  1.701909135143542e-02 
 1.492999999999989e-07  1.423586235101526e-02 
 1.493999999999989e-07  1.139643449853667e-02 
 1.494999999999989e-07  8.512022178943868e-03 
 1.495999999999990e-07  5.594023518480817e-03 
 1.496999999999990e-07  2.653963632522682e-03 
 1.497999999999990e-07 -2.965397608494236e-04 
 1.498999999999990e-07 -3.245834072877596e-03 
 1.499999999999990e-07 -6.182221806182664e-03 
 1.500999999999990e-07 -9.094314112419344e-03 
 1.501999999999990e-07 -1.197033579832296e-02 
 1.502999999999990e-07 -1.479908710842626e-02 
 1.503999999999990e-07 -1.756956994861936e-02 
 1.504999999999990e-07 -2.027046050608305e-02 
 1.505999999999990e-07 -2.289150983260169e-02 
 1.506999999999990e-07 -2.542201035852187e-02 
 1.507999999999990e-07 -2.785225747541897e-02 
 1.508999999999991e-07 -3.017247360015318e-02 
 1.509999999999991e-07 -3.237361882130441e-02 
 1.510999999999991e-07 -3.444697000817243e-02 
 1.511999999999991e-07 -3.638434583510941e-02 
 1.512999999999991e-07 -3.817815501049227e-02 
 1.513999999999991e-07 -3.982125732990660e-02 
 1.514999999999991e-07 -4.130726438500987e-02 
 1.515999999999991e-07 -4.263022618432855e-02 
 1.516999999999991e-07 -4.378502714290811e-02 
 1.517999999999991e-07 -4.476702150497025e-02 
 1.518999999999991e-07 -4.557243067987260e-02 
 1.519999999999991e-07 -4.619799535980440e-02 
 1.520999999999991e-07 -4.664132654259201e-02 
 1.521999999999992e-07 -4.690060519457329e-02 
 1.522999999999992e-07 -4.697486831206721e-02 
 1.523999999999992e-07 -4.686376504636436e-02 
 1.524999999999992e-07 -4.656777549886248e-02 
 1.525999999999992e-07 -4.608802063740325e-02 
 1.526999999999992e-07 -4.542641961822613e-02 
 1.527999999999992e-07 -4.458554559953543e-02 
 1.528999999999992e-07 -4.356873067095690e-02 
 1.529999999999992e-07 -4.237995810894946e-02 
 1.530999999999992e-07 -4.102392458540138e-02 
 1.531999999999992e-07 -3.950595969622284e-02 
 1.532999999999992e-07 -3.783205443621607e-02 
 1.533999999999992e-07 -3.600880011264662e-02 
 1.534999999999993e-07 -3.404339077712160e-02 
 1.535999999999993e-07 -3.194357510708312e-02 
 1.536999999999993e-07 -2.971763918390513e-02 
 1.537999999999993e-07 -2.737436641451474e-02 
 1.538999999999993e-07 -2.492300578423845e-02 
 1.539999999999993e-07 -2.237323623845766e-02 
 1.540999999999993e-07 -1.973512448289583e-02 
 1.541999999999993e-07 -1.701909134412372e-02 
 1.542999999999993e-07 -1.423586234368646e-02 
 1.543999999999993e-07 -1.139643449094030e-02 
 1.544999999999993e-07 -8.512022170186428e-03 
 1.545999999999993e-07 -5.594023509846169e-03 
 1.546999999999993e-07 -2.653963625018019e-03 
 1.547999999999993e-07  2.965397663974301e-04 
 1.548999999999994e-07  3.245834077616916e-03 
 1.549999999999994e-07  6.182221810667077e-03 
 1.550999999999994e-07  9.094314117322089e-03 
 1.551999999999994e-07  1.197033580281426e-02 
 1.552999999999994e-07  1.479908711453870e-02 
 1.553999999999994e-07  1.756956995681946e-02 
 1.554999999999994e-07  2.027046051560943e-02 
 1.555999999999994e-07  2.289150984253352e-02 
 1.556999999999994e-07  2.542201036951663e-02 
 1.557999999999994e-07  2.785225748708942e-02 
 1.558999999999994e-07  3.017247361165509e-02 
 1.559999999999994e-07  3.237361883153089e-02 
 1.560999999999994e-07  3.444697001881658e-02 
 1.561999999999995e-07  3.638434584816119e-02 
 1.562999999999995e-07  3.817815502438515e-02 
 1.563999999999995e-07  3.982125734207531e-02 
 1.564999999999995e-07  4.130726439268395e-02 
 1.565999999999995e-07  4.263022618984147e-02 
 1.566999999999995e-07  4.378502714710097e-02 
 1.567999999999995e-07  4.476702150795342e-02 
 1.568999999999995e-07  4.557243068319528e-02 
 1.569999999999995e-07  4.619799536412739e-02 
 1.570999999999995e-07  4.664132655028275e-02 
 1.571999999999995e-07  4.690060520384653e-02 
 1.572999999999995e-07  4.697486832077757e-02 
 1.573999999999995e-07  4.686376505497458e-02 
 1.574999999999996e-07  4.656777550916780e-02 
 1.575999999999996e-07  4.608802064813555e-02 
 1.576999999999996e-07  4.542641962796257e-02 
 1.577999999999996e-07  4.458554560942662e-02 
 1.578999999999996e-07  4.356873068252454e-02 
 1.579999999999996e-07  4.237995812081841e-02 
 1.580999999999996e-07  4.102392459494419e-02 
 1.581999999999996e-07  3.950595970442183e-02 
 1.582999999999996e-07  3.783205444493887e-02 
 1.583999999999996e-07  3.600880012172536e-02 
 1.584999999999996e-07  3.404339078614815e-02 
 1.585999999999996e-07  3.194357511601931e-02 
 1.586999999999996e-07  2.971763919230175e-02 
 1.587999999999996e-07  2.737436642211710e-02 
 1.588999999999997e-07  2.492300579125728e-02 
 1.589999999999997e-07  2.237323624656917e-02 
 1.590999999999997e-07  1.973512449021020e-02 
 1.591999999999997e-07  1.701909135056456e-02 
 1.592999999999997e-07  1.423586234966479e-02 
 1.593999999999997e-07  1.139643449771133e-02 
 1.594999999999997e-07  8.512022178326362e-03 
 1.595999999999997e-07  5.594023517306645e-03 
 1.596999999999997e-07  2.653963630947498e-03 
 1.597999999999997e-07 -2.965397608751807e-04 
 1.598999999999997e-07 -3.245834071470277e-03 
 1.599999999999997e-07 -6.182221804285071e-03 
 1.600999999999997e-07 -9.094314110462909e-03 
 1.601999999999998e-07 -1.197033579616713e-02 
 1.602999999999998e-07 -1.479908710787092e-02 
 1.603999999999998e-07 -1.756956994988768e-02 
 1.604999999999998e-07 -2.027046050684378e-02 
 1.605999999999998e-07 -2.289150983258970e-02 
 1.606999999999998e-07 -2.542201035857028e-02 
 1.607999999999998e-07 -2.785225747600206e-02 
 1.608999999999998e-07 -3.017247360144104e-02 
 1.609999999999998e-07 -3.237361882313938e-02 
 1.610999999999998e-07 -3.444697000976626e-02 
 1.611999999999998e-07 -3.638434583737160e-02 
 1.612999999999998e-07 -3.817815501151967e-02 
 1.613999999999998e-07 -3.982125733025232e-02 
 1.614999999999999e-07 -4.130726438403309e-02 
 1.615999999999999e-07 -4.263022618311973e-02 
 1.616999999999999e-07 -4.378502714180899e-02 
 1.617999999999999e-07 -4.476702150493583e-02 
 1.618999999999999e-07 -4.557243067993810e-02 
 1.619999999999999e-07 -4.619799535824076e-02 
 1.620999999999999e-07 -4.664132653969255e-02 
 1.621999999999999e-07 -4.690060519027939e-02 
 1.622999999999999e-07 -4.697486830704967e-02 
 1.623999999999999e-07 -4.686376504235357e-02 
 1.624999999999999e-07 -4.656777549621971e-02 
 1.625999999999999e-07 -4.608802063623729e-02 
 1.626999999999999e-07 -4.542641961834404e-02 
 1.627999999999999e-07 -4.458554560051864e-02 
 1.629000000000000e-07 -4.356873067357192e-02 
 1.630000000000000e-07 -4.237995811167572e-02 
 1.631000000000000e-07 -4.102392458770354e-02 
 1.632000000000000e-07 -3.950595969700732e-02 
 1.633000000000000e-07 -3.783205443622295e-02 
 1.634000000000000e-07 -3.600880011349972e-02 
 1.635000000000000e-07 -3.404339077915308e-02 
 1.636000000000000e-07 -3.194357510972079e-02 
 1.637000000000000e-07 -2.971763918508130e-02 
 1.638000000000000e-07 -2.737436641480429e-02 
 1.639000000000000e-07 -2.492300578452822e-02 
 1.640000000000000e-07 -2.237323623868814e-02 
 1.641000000000000e-07 -1.973512448207604e-02 
 1.642000000000001e-07 -1.701909134347646e-02 
 1.643000000000001e-07 -1.423586234324503e-02 
 1.644000000000001e-07 -1.139643449148742e-02 
 1.645000000000001e-07 -8.512022171633493e-03 
 1.646000000000001e-07 -5.594023512456747e-03 
 1.647000000000001e-07 -2.653963627829103e-03 
 1.648000000000001e-07  2.965397641889744e-04 
 1.649000000000001e-07  3.245834074961262e-03 
 1.650000000000001e-07  6.182221809611033e-03 
 1.651000000000001e-07  9.094314116528501e-03 
 1.652000000000001e-07  1.197033580201090e-02 
 1.653000000000001e-07  1.479908711254008e-02 
 1.654000000000001e-07  1.756956995550540e-02 
 1.655000000000002e-07  2.027046051398140e-02 
 1.656000000000002e-07  2.289150984105071e-02 
 1.657000000000002e-07  2.542201036740810e-02 
 1.658000000000002e-07  2.785225748490161e-02 
 1.659000000000002e-07  3.017247360940245e-02 
 1.660000000000002e-07  3.237361883071399e-02 
 1.661000000000002e-07  3.444697001842645e-02 
 1.662000000000002e-07  3.638434584733408e-02 
 1.663000000000002e-07  3.817815502270006e-02 
 1.664000000000002e-07  3.982125734077524e-02 
 1.665000000000002e-07  4.130726439347931e-02 
 1.666000000000002e-07  4.263022619032975e-02 
 1.667000000000002e-07  4.378502714760146e-02 
 1.668000000000002e-07  4.476702150876144e-02 
 1.669000000000003e-07  4.557243068407235e-02 
 1.670000000000003e-07  4.619799536546454e-02 
 1.671000000000003e-07  4.664132654967346e-02 
 1.672000000000003e-07  4.690060520338335e-02 
 1.673000000000003e-07  4.697486832142639e-02 
 1.674000000000003e-07  4.686376505519174e-02 
 1.675000000000003e-07  4.656777550802849e-02 
 1.676000000000003e-07  4.608802064624684e-02 
 1.677000000000003e-07  4.542641962530425e-02 
 1.678000000000003e-07  4.458554560687444e-02 
 1.679000000000003e-07  4.356873068134437e-02 
 1.680000000000003e-07  4.237995812216644e-02 
 1.681000000000003e-07  4.102392459707649e-02 
 1.682000000000004e-07  3.950595970532800e-02 
 1.683000000000004e-07  3.783205444509674e-02 
 1.684000000000004e-07  3.600880012184415e-02 
 1.685000000000004e-07  3.404339078694663e-02 
 1.686000000000004e-07  3.194357511690460e-02 
 1.687000000000004e-07  2.971763919209125e-02 
 1.688000000000004e-07  2.737436642162461e-02 
 1.689000000000004e-07  2.492300579108431e-02 
 1.690000000000004e-07  2.237323624573806e-02 
 1.691000000000004e-07  1.973512448892922e-02 
 1.692000000000004e-07  1.701909134962287e-02 
 1.693000000000004e-07  1.423586234988972e-02 
 1.694000000000004e-07  1.139643449927918e-02 
 1.695000000000005e-07  8.512022180901413e-03 
 1.696000000000005e-07  5.594023519501556e-03 
 1.697000000000005e-07  2.653963631384704e-03 
 1.698000000000005e-07 -2.965397613132748e-04 
 1.699000000000005e-07 -3.245834072767018e-03 
 1.700000000000005e-07 -6.182221805401511e-03 
 1.701000000000005e-07 -9.094314112341628e-03 
 1.702000000000005e-07 -1.197033579845019e-02 
 1.703000000000005e-07 -1.479908710920741e-02 
 1.704000000000005e-07 -1.756956994967585e-02 
 1.705000000000005e-07 -2.027046050622294e-02 
 1.706000000000005e-07 -2.289150983134625e-02 
 1.707000000000005e-07 -2.542201035661984e-02 
 1.708000000000006e-07 -2.785225747415487e-02 
 1.709000000000006e-07 -3.017247360038788e-02 
 1.710000000000006e-07 -3.237361882200629e-02 
 1.711000000000006e-07 -3.444697000900709e-02 
 1.712000000000006e-07 -3.638434583567918e-02 
 1.713000000000006e-07 -3.817815501087707e-02 
 1.714000000000006e-07 -3.982125733027853e-02 
 1.715000000000006e-07 -4.130726438528476e-02 
 1.716000000000006e-07 -4.263022618344636e-02 
 1.717000000000006e-07 -4.378502714162802e-02 
 1.718000000000006e-07 -4.476702150397815e-02 
 1.719000000000006e-07 -4.557243067967898e-02 
 1.720000000000006e-07 -4.619799535839597e-02 
 1.721000000000006e-07 -4.664132654092956e-02 
 1.722000000000007e-07 -4.690060519063088e-02 
 1.723000000000007e-07 -4.697486830877473e-02 
 1.724000000000007e-07 -4.686376504462264e-02 
 1.725000000000007e-07 -4.656777549694691e-02 
 1.726000000000007e-07 -4.608802063622708e-02 
 1.727000000000007e-07 -4.542641961686344e-02 
 1.728000000000007e-07 -4.458554559942884e-02 
 1.729000000000007e-07 -4.356873067169809e-02 
 1.730000000000007e-07 -4.237995811013473e-02 
 1.731000000000007e-07 -4.102392458605775e-02 
 1.732000000000007e-07 -3.950595969525428e-02 
 1.733000000000007e-07 -3.783205443378534e-02 
 1.734000000000007e-07 -3.600880011161633e-02 
 1.735000000000008e-07 -3.404339077820318e-02 
 1.736000000000008e-07 -3.194357510860213e-02 
 1.737000000000008e-07 -2.971763918493142e-02 
 1.738000000000008e-07 -2.737436641527324e-02 
 1.739000000000008e-07 -2.492300578492701e-02 
 1.740000000000008e-07 -2.237323624017562e-02 
 1.741000000000008e-07 -1.973512448249171e-02 
 1.742000000000008e-07 -1.701909134211199e-02 
 1.743000000000008e-07 -1.423586234076457e-02 
 1.744000000000008e-07 -1.139643448868433e-02 
 1.745000000000008e-07 -8.512022169841149e-03 
 1.746000000000008e-07 -5.594023509831514e-03 
 1.747000000000008e-07 -2.653963625925293e-03 
 1.748000000000009e-07  2.965397646210732e-04 
 1.749000000000009e-07  3.245834077160836e-03 
 1.750000000000009e-07  6.182221810995037e-03 
 1.751000000000009e-07  9.094314118855085e-03 
 1.752000000000009e-07  1.197033580410589e-02 
 1.753000000000009e-07  1.479908711417388e-02 
 1.754000000000009e-07  1.756956995668313e-02 
 1.755000000000009e-07  2.027046051511805e-02 
 1.756000000000009e-07  2.289150984194466e-02 
 1.757000000000009e-07  2.542201036877811e-02 
 1.758000000000009e-07  2.785225748734010e-02 
 1.759000000000009e-07  3.017247361147102e-02 
 1.760000000000009e-07  3.237361882994727e-02 
 1.761000000000009e-07  3.444697001735664e-02 
 1.762000000000010e-07  3.638434584792938e-02 
 1.763000000000010e-07  3.817815502326027e-02 
 1.764000000000010e-07  3.982125734040332e-02 
 1.765000000000010e-07  4.130726439212351e-02 
 1.766000000000010e-07  4.263022618925083e-02 
 1.767000000000010e-07  4.378502714672816e-02 
 1.768000000000010e-07  4.476702150889289e-02 
 1.769000000000010e-07  4.557243068483041e-02 
 1.770000000000010e-07  4.619799536430125e-02 
 1.771000000000010e-07  4.664132654880060e-02 
 1.772000000000010e-07  4.690060520168049e-02 
 1.773000000000010e-07  4.697486831939801e-02 
 1.774000000000010e-07  4.686376505433620e-02 
 1.775000000000011e-07  4.656777550831714e-02 
 1.776000000000011e-07  4.608802064609385e-02 
 1.777000000000011e-07  4.542641962577076e-02 
 1.778000000000011e-07  4.458554560816186e-02 
 1.779000000000011e-07  4.356873068172540e-02 
 1.780000000000011e-07  4.237995812132711e-02 
 1.781000000000011e-07  4.102392459700033e-02 
 1.782000000000011e-07  3.950595970611781e-02 
 1.783000000000011e-07  3.783205444557014e-02 
 1.784000000000011e-07  3.600880012208574e-02 
 1.785000000000011e-07  3.404339078638752e-02 
 1.786000000000011e-07  3.194357511644430e-02 
 1.787000000000011e-07  2.971763919206483e-02 
 1.788000000000012e-07  2.737436642351865e-02 
 1.789000000000012e-07  2.492300579312645e-02 
 1.790000000000012e-07  2.237323624727305e-02 
 1.791000000000012e-07  1.973512449102066e-02 
 1.792000000000012e-07  1.701909135173985e-02 
 1.793000000000012e-07  1.423586235155883e-02 
 1.794000000000012e-07  1.139643450125805e-02 
 1.795000000000012e-07  8.512022182795231e-03 
 1.796000000000012e-07  5.594023519581492e-03 
 1.797000000000012e-07  2.653963632591294e-03 
 1.798000000000012e-07 -2.965397595091623e-04 
 1.799000000000012e-07 -3.245834071856191e-03 
 1.800000000000012e-07 -6.182221803999965e-03 
 1.801000000000012e-07 -9.094314110554835e-03 
 1.802000000000013e-07 -1.197033579682882e-02 
 1.803000000000013e-07 -1.479908710690858e-02 
 1.804000000000013e-07 -1.756956994925152e-02 
 1.805000000000013e-07 -2.027046050584258e-02 
 1.806000000000013e-07 -2.289150983070631e-02 
 1.807000000000013e-07 -2.542201035580272e-02 
 1.808000000000013e-07 -2.785225747306752e-02 
 1.809000000000013e-07 -3.017247359886222e-02 
 1.810000000000013e-07 -3.237361882073397e-02 
 1.811000000000013e-07 -3.444697000786623e-02 
 1.812000000000013e-07 -3.638434583610040e-02 
 1.813000000000013e-07 -3.817815501306754e-02 
 1.814000000000013e-07 -3.982125733267106e-02 
 1.815000000000014e-07 -4.130726438692922e-02 
 1.816000000000014e-07 -4.263022618570234e-02 
 1.817000000000014e-07 -4.378502714385180e-02 
 1.818000000000014e-07 -4.476702150559442e-02 
 1.819000000000014e-07 -4.557243067972161e-02 
 1.820000000000014e-07 -4.619799535865510e-02 
 1.821000000000014e-07 -4.664132654112252e-02 
 1.822000000000014e-07 -4.690060519196249e-02 
 1.823000000000014e-07 -4.697486830827624e-02 
 1.824000000000014e-07 -4.686376504272127e-02 
 1.825000000000014e-07 -4.656777549621571e-02 
 1.826000000000014e-07 -4.608802063653461e-02 
 1.827000000000014e-07 -4.542641961821481e-02 
 1.828000000000015e-07 -4.458554560148476e-02 
 1.829000000000015e-07 -4.356873067553324e-02 
 1.830000000000015e-07 -4.237995811412354e-02 
 1.831000000000015e-07 -4.102392458920234e-02 
 1.832000000000015e-07 -3.950595969800452e-02 
 1.833000000000015e-07 -3.783205443667437e-02 
 1.834000000000015e-07 -3.600880011401708e-02 
 1.835000000000015e-07 -3.404339077959029e-02 
 1.836000000000015e-07 -3.194357510993484e-02 
 1.837000000000015e-07 -2.971763918565262e-02 
 1.838000000000015e-07 -2.737436641625535e-02 
 1.839000000000015e-07 -2.492300578452822e-02 
 1.840000000000015e-07 -2.237323623951282e-02 
 1.841000000000015e-07 -1.973512448274350e-02 
 1.842000000000016e-07 -1.701909134219437e-02 
 1.843000000000016e-07 -1.423586234176022e-02 
 1.844000000000016e-07 -1.139643449027683e-02 
 1.845000000000016e-07 -8.512022171527356e-03 
 1.846000000000016e-07 -5.594023511116708e-03 
 1.847000000000016e-07 -2.653963626233935e-03 
 1.848000000000016e-07  2.965397655410040e-04 
 1.849000000000016e-07  3.245834076419651e-03 
 1.850000000000016e-07  6.182221811058097e-03 
 1.851000000000016e-07  9.094314118809788e-03 
 1.852000000000016e-07  1.197033580463769e-02 
 1.853000000000016e-07  1.479908711567557e-02 
 1.854000000000016e-07  1.756956995685655e-02 
 1.855000000000017e-07  2.027046051529391e-02 
 1.856000000000017e-07  2.289150984210941e-02 
 1.857000000000017e-07  2.542201036878344e-02 
 1.858000000000017e-07  2.785225748612397e-02 
 1.859000000000017e-07  3.017247360994646e-02 
 1.860000000000017e-07  3.237361882903556e-02 
 1.861000000000017e-07  3.444697001569819e-02 
 1.862000000000017e-07  3.638434584699524e-02 
 1.863000000000017e-07  3.817815502279265e-02 
 1.864000000000017e-07  3.982125734161301e-02 
 1.865000000000017e-07  4.130726439288490e-02 
 1.866000000000017e-07  4.263022619102630e-02 
 1.867000000000017e-07  4.378502714781773e-02 
 1.868000000000018e-07  4.476702150906431e-02 
 1.869000000000018e-07  4.557243068329075e-02 
 1.870000000000018e-07  4.619799536405322e-02 
 1.871000000000018e-07  4.664132654943076e-02 
 1.872000000000018e-07  4.690060520189010e-02 
 1.873000000000018e-07  4.697486831868014e-02 
 1.874000000000018e-07  4.686376505346579e-02 
 1.875000000000018e-07  4.656777550750268e-02 
 1.876000000000018e-07  4.608802064630035e-02 
 1.877000000000018e-07  4.542641962674510e-02 
 1.878000000000018e-07  4.458554560876982e-02 
 1.879000000000018e-07  4.356873068171518e-02 
 1.880000000000018e-07  4.237995812069961e-02 
 1.881000000000018e-07  4.102392459559634e-02 
 1.882000000000019e-07  3.950595970438320e-02 
 1.883000000000019e-07  3.783205444467930e-02 
 1.884000000000019e-07  3.600880012126240e-02 
 1.885000000000019e-07  3.404339078703367e-02 
 1.886000000000019e-07  3.194357511724388e-02 
 1.887000000000019e-07  2.971763919398041e-02 
 1.888000000000019e-07  2.737436642375757e-02 
 1.889000000000019e-07  2.492300579224072e-02 
 1.890000000000019e-07  2.237323624632026e-02 
 1.891000000000019e-07  1.973512449054460e-02 
 1.892000000000019e-07  1.701909135191304e-02 
 1.893000000000019e-07  1.423586235224361e-02 
 1.894000000000019e-07  1.139643449979055e-02 
 1.895000000000020e-07  8.512022180770851e-03 
 1.896000000000020e-07  5.594023519619906e-03 
 1.897000000000020e-07  2.653963632254230e-03 
 1.898000000000020e-07 -2.965397610101839e-04 
 1.899000000000020e-07 -3.245834072477027e-03 
 1.900000000000020e-07 -6.182221805018040e-03 
 1.901000000000020e-07 -9.094314111003587e-03 
 1.902000000000020e-07 -1.197033579744655e-02 
 1.903000000000020e-07 -1.479908710854372e-02 
 1.904000000000020e-07 -1.756956994936942e-02 
 1.905000000000020e-07 -2.027046050566761e-02 
 1.906000000000020e-07 -2.289150983059596e-02 
 1.907000000000020e-07 -2.542201035615532e-02 
 1.908000000000021e-07 -2.785225747357312e-02 
 1.909000000000021e-07 -3.017247359943376e-02 
 1.910000000000021e-07 -3.237361882179757e-02 
 1.911000000000021e-07 -3.444697000882169e-02 
 1.912000000000021e-07 -3.638434583624606e-02 
 1.913000000000021e-07 -3.817815501168154e-02 
 1.914000000000021e-07 -3.982125733172426e-02 
 1.915000000000021e-07 -4.130726438463883e-02 
 1.916000000000021e-07 -4.263022618311552e-02 
 1.917000000000021e-07 -4.378502714209187e-02 
 1.918000000000021e-07 -4.476702150497003e-02 
 1.919000000000021e-07 -4.557243067957195e-02 
 1.920000000000021e-07 -4.619799535769786e-02 
 1.921000000000022e-07 -4.664132654102970e-02 
 1.922000000000022e-07 -4.690060519269856e-02 
 1.923000000000022e-07 -4.697486830925768e-02 
 1.924000000000022e-07 -4.686376504343892e-02 
 1.925000000000022e-07 -4.656777549561553e-02 
 1.926000000000022e-07 -4.608802063355610e-02 
 1.927000000000022e-07 -4.542641961494831e-02 
 1.928000000000022e-07 -4.458554559851802e-02 
 1.929000000000022e-07 -4.356873067239131e-02 
 1.930000000000022e-07 -4.237995811183937e-02 
 1.931000000000022e-07 -4.102392458850579e-02 
 1.932000000000022e-07 -3.950595969857251e-02 
 1.933000000000022e-07 -3.783205443809701e-02 
 1.934000000000022e-07 -3.600880011476248e-02 
 1.935000000000023e-07 -3.404339078009033e-02 
 1.936000000000023e-07 -3.194357510987555e-02 
 1.937000000000023e-07 -2.971763918544168e-02 
 1.938000000000023e-07 -2.737436641473945e-02 
 1.939000000000023e-07 -2.492300578361584e-02 
 1.940000000000023e-07 -2.237323623842880e-02 
 1.941000000000023e-07 -1.973512448263781e-02 
 1.942000000000023e-07 -1.701909134287982e-02 
 1.943000000000023e-07 -1.423586234343888e-02 
 1.944000000000023e-07 -1.139643449123717e-02 
 1.945000000000023e-07 -8.512022170841682e-03 
 1.946000000000023e-07 -5.594023509511548e-03 
 1.947000000000023e-07 -2.653963623987732e-03 
 1.948000000000024e-07  2.965397672005654e-04 
 1.949000000000024e-07  3.245834078527077e-03 
 1.950000000000024e-07  6.182221811933619e-03 
 1.951000000000024e-07  9.094314119017177e-03 
 1.952000000000024e-07  1.197033580446205e-02 
 1.953000000000024e-07  1.479908711462463e-02 
 1.954000000000024e-07  1.756956995706727e-02 
 1.955000000000024e-07  2.027046051552284e-02 
 1.956000000000024e-07  2.289150984248489e-02 
 1.957000000000024e-07  2.542201037042258e-02 
 1.958000000000024e-07  2.785225748861064e-02 
 1.959000000000024e-07  3.017247361176745e-02 
 1.960000000000024e-07  3.237361883108147e-02 
 1.961000000000025e-07  3.444697001835961e-02 
 1.962000000000025e-07  3.638434584802774e-02 
 1.963000000000025e-07  3.817815502354849e-02 
 1.964000000000025e-07  3.982125734064246e-02 
 1.965000000000025e-07  4.130726439313759e-02 
 1.966000000000025e-07  4.263022619127921e-02 
 1.967000000000025e-07  4.378502714926880e-02 
 1.968000000000025e-07  4.476702151005219e-02 
 1.969000000000025e-07  4.557243068577943e-02 
 1.970000000000025e-07  4.619799536555935e-02 
 1.971000000000025e-07  4.664132655054920e-02 
 1.972000000000025e-07  4.690060520364248e-02 
 1.973000000000025e-07  4.697486831899567e-02 
 1.974000000000025e-07  4.686376505374334e-02 
 1.975000000000026e-07  4.656777550849234e-02 
 1.976000000000026e-07  4.608802064640805e-02 
 1.977000000000026e-07  4.542641962638094e-02 
 1.978000000000026e-07  4.458554560776151e-02 
 1.979000000000026e-07  4.356873068057432e-02 
 1.980000000000026e-07  4.237995812049222e-02 
 1.981000000000026e-07  4.102392459642901e-02 
 1.982000000000026e-07  3.950595970550341e-02 
 1.983000000000026e-07  3.783205444677828e-02 
 1.984000000000026e-07  3.600880012320040e-02 
 1.985000000000026e-07  3.404339078755059e-02 
 1.986000000000026e-07  3.194357511691903e-02 
 1.987000000000026e-07  2.971763919284465e-02 
 1.988000000000027e-07  2.737436642208313e-02 
 1.989000000000027e-07  2.492300579181905e-02 
 1.990000000000027e-07  2.237323624613263e-02 
 1.991000000000027e-07  1.973512449000481e-02 
 1.992000000000027e-07  1.701909135169877e-02 
 1.993000000000027e-07  1.423586235153484e-02 
 1.994000000000027e-07  1.139643449999705e-02 
 1.995000000000027e-07  8.512022180725110e-03 
 1.996000000000027e-07  5.594023519313929e-03 
 1.997000000000027e-07  2.653963632226031e-03 
 1.998000000000027e-07 -2.965397601413233e-04 
 1.999000000000027e-07 -3.245834070587206e-03 
 2.000000000000027e-07 -6.182221802619070e-03 
 2.001000000000028e-07 -9.094314109555857e-03 
 2.002000000000028e-07 -1.197033579602280e-02 
 2.003000000000028e-07 -1.479908710734512e-02 
 2.004000000000028e-07 -1.756956994814352e-02 
 2.005000000000028e-07 -2.027046050561854e-02 
 2.006000000000028e-07 -2.289150983261812e-02 
 2.007000000000028e-07 -2.542201035849456e-02 
 2.008000000000028e-07 -2.785225747604647e-02 
 2.009000000000028e-07 -3.017247360069275e-02 
 2.010000000000028e-07 -3.237361882213552e-02 
 2.011000000000028e-07 -3.444697000874664e-02 
 2.012000000000028e-07 -3.638434583678940e-02 
 2.013000000000028e-07 -3.817815501193156e-02 
 2.014000000000028e-07 -3.982125733080011e-02 
 2.015000000000029e-07 -4.130726438514065e-02 
 2.016000000000029e-07 -4.263022618336443e-02 
 2.017000000000029e-07 -4.378502714102583e-02 
 2.018000000000029e-07 -4.476702150355694e-02 
 2.019000000000029e-07 -4.557243067921313e-02 
 2.020000000000029e-07 -4.619799535908831e-02 
 2.021000000000029e-07 -4.664132654044528e-02 
 2.022000000000029e-07 -4.690060519040484e-02 
 2.023000000000029e-07 -4.697486830654629e-02 
 2.024000000000029e-07 -4.686376504207490e-02 
 2.025000000000029e-07 -4.656777549410251e-02 
 2.026000000000029e-07 -4.608802063246609e-02 
 2.027000000000029e-07 -4.542641961384697e-02 
 2.028000000000030e-07 -4.458554559859862e-02 
 2.029000000000030e-07 -4.356873067198519e-02 
 2.030000000000030e-07 -4.237995811044959e-02 
 2.031000000000030e-07 -4.102392458685578e-02 
 2.032000000000030e-07 -3.950595969591930e-02 
 2.033000000000030e-07 -3.783205443594961e-02 
 2.034000000000030e-07 -3.600880011344487e-02 
 2.035000000000030e-07 -3.404339077945862e-02 
 2.036000000000030e-07 -3.194357510860879e-02 
 2.037000000000030e-07 -2.971763918449044e-02 
 2.038000000000030e-07 -2.737436641370872e-02 
 2.039000000000030e-07 -2.492300578390916e-02 
 2.040000000000030e-07 -2.237323623915421e-02 
 2.041000000000031e-07 -1.973512448357173e-02 
 2.042000000000031e-07 -1.701909134280921e-02 
 2.043000000000031e-07 -1.423586234098217e-02 
 2.044000000000031e-07 -1.139643448861016e-02 
 2.045000000000031e-07 -8.512022168994715e-03 
 2.046000000000031e-07 -5.594023508628032e-03 
 2.047000000000031e-07 -2.653963623457933e-03 
 2.048000000000031e-07  2.965397678837967e-04 
 2.049000000000031e-07  3.245834079089294e-03 
 2.050000000000031e-07  6.182221811457334e-03 
 2.051000000000031e-07  9.094314118954339e-03 
 2.052000000000031e-07  1.197033580447671e-02 
 2.053000000000031e-07  1.479908711592648e-02 
 2.054000000000031e-07  1.756956995931924e-02 
 2.055000000000032e-07  2.027046051829529e-02 
 2.056000000000032e-07  2.289150984366173e-02 
 2.057000000000032e-07  2.542201037039260e-02 
 2.058000000000032e-07  2.785225748778952e-02 
 2.059000000000032e-07  3.017247361079534e-02 
 2.060000000000032e-07  3.237361883036227e-02 
 2.061000000000032e-07  3.444697001761732e-02 
 2.062000000000032e-07  3.638434584547179e-02 
 2.063000000000032e-07  3.817815501988187e-02 
 2.064000000000032e-07  3.982125733890229e-02 
 2.065000000000032e-07  4.130726439234711e-02 
 2.066000000000032e-07  4.263022619096635e-02 
 2.067000000000032e-07  4.378502714882693e-02 
 2.068000000000033e-07  4.476702151142131e-02 
 2.069000000000033e-07  4.557243068659145e-02 
 2.070000000000033e-07  4.619799536553559e-02 
 2.071000000000033e-07  4.664132654958975e-02 
 2.072000000000033e-07  4.690060520245254e-02 
 2.073000000000033e-07  4.697486831867193e-02 
 2.074000000000033e-07  4.686376505365741e-02 
 2.075000000000033e-07  4.656777550715030e-02 
 2.076000000000033e-07  4.608802064651507e-02 
 2.077000000000033e-07  4.542641962679639e-02 
 2.078000000000033e-07  4.458554560856465e-02 
 2.079000000000033e-07  4.356873068184464e-02 
 2.080000000000033e-07  4.237995812013695e-02 
 2.081000000000034e-07  4.102392459482207e-02 
 2.082000000000034e-07  3.950595970446358e-02 
 2.083000000000034e-07  3.783205444426940e-02 
 2.084000000000034e-07  3.600880012063445e-02 
 2.085000000000034e-07  3.404339078452079e-02 
 2.086000000000034e-07  3.194357511422230e-02 
 2.087000000000034e-07  2.971763919052806e-02 
 2.088000000000034e-07  2.737436641998792e-02 
 2.089000000000034e-07  2.492300578907880e-02 
 2.090000000000034e-07  2.237323624488430e-02 
 2.091000000000034e-07  1.973512448812453e-02 
 2.092000000000034e-07  1.701909134906021e-02 
 2.093000000000034e-07  1.423586235071106e-02 
 2.094000000000035e-07  1.139643450014716e-02 
 2.095000000000035e-07  8.512022179185452e-03 
 2.096000000000035e-07  5.594023517599744e-03 
 2.097000000000035e-07  2.653963630448564e-03 
 2.098000000000035e-07 -2.965397623166943e-04 
 2.099000000000035e-07 -3.245834072586273e-03 
 2.100000000000035e-07 -6.182221803628485e-03 
 2.101000000000035e-07 -9.094314109837187e-03 
 2.102000000000035e-07 -1.197033579556250e-02 
 2.103000000000035e-07 -1.479908710670674e-02 
 2.104000000000035e-07 -1.756956994938985e-02 
 2.105000000000035e-07 -2.027046050932912e-02 
 2.106000000000035e-07 -2.289150983478661e-02 
 2.107000000000035e-07 -2.542201036033309e-02 
 2.108000000000036e-07 -2.785225747795672e-02 
 2.109000000000036e-07 -3.017247360152098e-02 
 2.110000000000036e-07 -3.237361882268064e-02 
 2.111000000000036e-07 -3.444697000888208e-02 
 2.112000000000036e-07 -3.638434583611394e-02 
 2.113000000000036e-07 -3.817815501209676e-02 
 2.114000000000036e-07 -3.982125733122510e-02 
 2.115000000000036e-07 -4.130726438494503e-02 
 2.116000000000036e-07 -4.263022618357981e-02 
 2.117000000000036e-07 -4.378502714215649e-02 
 2.118000000000036e-07 -4.476702150468070e-02 
 2.119000000000036e-07 -4.557243067891203e-02 
 2.120000000000036e-07 -4.619799535718538e-02 
 2.121000000000037e-07 -4.664132653903641e-02 
 2.122000000000037e-07 -4.690060518973516e-02 
 2.123000000000037e-07 -4.697486830661424e-02 
 2.124000000000037e-07 -4.686376504240353e-02 
 2.125000000000037e-07 -4.656777549544144e-02 
 2.126000000000037e-07 -4.608802063199668e-02 
 2.127000000000037e-07 -4.542641961307559e-02 
 2.128000000000037e-07 -4.458554559804218e-02 
 2.129000000000037e-07 -4.356873067336764e-02 
 2.130000000000037e-07 -4.237995811312611e-02 
 2.131000000000037e-07 -4.102392458780280e-02 
 2.132000000000037e-07 -3.950595969618576e-02 
 2.133000000000037e-07 -3.783205443606152e-02 
 2.134000000000038e-07 -3.600880011249341e-02 
 2.135000000000038e-07 -3.404339077795648e-02 
 2.136000000000038e-07 -3.194357510687418e-02 
 2.137000000000038e-07 -2.971763918202797e-02 
 2.138000000000038e-07 -2.737436641405977e-02 
 2.139000000000038e-07 -2.492300578400886e-02 
 2.140000000000038e-07 -2.237323623732590e-02 
 2.141000000000038e-07 -1.973512448062920e-02 
 2.142000000000038e-07 -1.701909134089741e-02 
 2.143000000000038e-07 -1.423586234140872e-02 
 2.144000000000038e-07 -1.139643448928207e-02 
 2.145000000000038e-07 -8.512022169203437e-03 
 2.146000000000038e-07 -5.594023509138513e-03 
 2.147000000000038e-07 -2.653963624543509e-03 
 2.148000000000039e-07  2.965397660390501e-04 
 2.149000000000039e-07  3.245834077079790e-03 
 2.150000000000039e-07  6.182221810828503e-03 
 2.151000000000039e-07  9.094314118873514e-03 
 2.152000000000039e-07  1.197033580408902e-02 
 2.153000000000039e-07  1.479908711662503e-02 
 2.154000000000039e-07  1.756956996012660e-02 
 2.155000000000039e-07  2.027046051941483e-02 
 2.156000000000039e-07  2.289150984528332e-02 
 2.157000000000039e-07  2.542201037232616e-02 
 2.158000000000039e-07  2.785225748888842e-02 
 2.159000000000039e-07  3.017247361272313e-02 
 2.160000000000039e-07  3.237361883031875e-02 
 2.161000000000040e-07  3.444697001559716e-02 
 2.162000000000040e-07  3.638434584495975e-02 
 2.163000000000040e-07  3.817815502046007e-02 
 2.164000000000040e-07  3.982125733923270e-02 
 2.165000000000040e-07  4.130726439211729e-02 
 2.166000000000040e-07  4.263022619018741e-02 
 2.167000000000040e-07  4.378502714716137e-02 
 2.168000000000040e-07  4.476702150880874e-02 
 2.169000000000040e-07  4.557243068551542e-02 
 2.170000000000040e-07  4.619799536566838e-02 
 2.171000000000040e-07  4.664132655021547e-02 
 2.172000000000040e-07  4.690060520368800e-02 
 2.173000000000040e-07  4.697486831937070e-02 
 2.174000000000041e-07  4.686376505443102e-02 
 2.175000000000041e-07  4.656777550978064e-02 
 2.176000000000041e-07  4.608802064816375e-02 
 2.177000000000041e-07  4.542641962742833e-02 
 2.178000000000041e-07  4.458554560821693e-02 
 2.179000000000041e-07  4.356873067990397e-02 
 2.180000000000041e-07  4.237995811904360e-02 
 2.181000000000041e-07  4.102392459404025e-02 
 2.182000000000041e-07  3.950595970307003e-02 
 2.183000000000041e-07  3.783205444387638e-02 
 2.184000000000041e-07  3.600880012169227e-02 
 2.185000000000041e-07  3.404339078637375e-02 
 2.186000000000041e-07  3.194357511604062e-02 
 2.187000000000041e-07  2.971763919288861e-02 
 2.188000000000042e-07  2.737436642364255e-02 
 2.189000000000042e-07  2.492300579280315e-02 
 2.190000000000042e-07  2.237323624901921e-02 
 2.191000000000042e-07  1.973512449319781e-02 
 2.192000000000042e-07  1.701909135156154e-02 
 2.193000000000042e-07  1.423586235069663e-02 
 2.194000000000042e-07  1.139643449921746e-02 
 2.195000000000042e-07  8.512022180216627e-03 
 2.196000000000042e-07  5.594023519154057e-03 
 2.197000000000042e-07  2.653963631103373e-03 
 2.198000000000042e-07 -2.965397604872688e-04 
 2.199000000000042e-07 -3.245834070626730e-03 
 2.200000000000042e-07 -6.182221803411769e-03 
 2.201000000000043e-07 -9.094314110002166e-03 
 2.202000000000043e-07 -1.197033579702778e-02 
 2.203000000000043e-07 -1.479908710865119e-02 
 2.204000000000043e-07 -1.756956995040926e-02 
 2.205000000000043e-07 -2.027046050944725e-02 
 2.206000000000043e-07 -2.289150983435961e-02 
 2.207000000000043e-07 -2.542201035888092e-02 
 2.208000000000043e-07 -2.785225747467823e-02 
 2.209000000000043e-07 -3.017247359969399e-02 
 2.210000000000043e-07 -3.237361882231626e-02 
 2.211000000000043e-07 -3.444697000880570e-02 
 2.212000000000043e-07 -3.638434583611172e-02 
 2.213000000000043e-07 -3.817815501168620e-02 
 2.214000000000044e-07 -3.982125733161990e-02 
 2.215000000000044e-07 -4.130726438589560e-02 
 2.216000000000044e-07 -4.263022618367684e-02 
 2.217000000000044e-07 -4.378502714143218e-02 
 2.218000000000044e-07 -4.476702150419842e-02 
 2.219000000000044e-07 -4.557243067938987e-02 
 2.220000000000044e-07 -4.619799535888802e-02 
 2.221000000000044e-07 -4.664132654111541e-02 
 2.222000000000044e-07 -4.690060519146555e-02 
 2.223000000000044e-07 -4.697486830805619e-02 
 2.224000000000044e-07 -4.686376504236200e-02 
 2.225000000000044e-07 -4.656777549609781e-02 
 2.226000000000044e-07 -4.608802063308870e-02 
 2.227000000000044e-07 -4.542641961362603e-02 
 2.228000000000045e-07 -4.458554559813255e-02 
 2.229000000000045e-07 -4.356873067267975e-02 
 2.230000000000045e-07 -4.237995811250728e-02 
 2.231000000000045e-07 -4.102392458815141e-02 
 2.232000000000045e-07 -3.950595969754200e-02 
 2.233000000000045e-07 -3.783205443560256e-02 
 2.234000000000045e-07 -3.600880011286156e-02 
 2.235000000000045e-07 -3.404339077875429e-02 
 2.236000000000045e-07 -3.194357510838031e-02 
 2.237000000000045e-07 -2.971763918283332e-02 
 2.238000000000045e-07 -2.737436641281077e-02 
 2.239000000000045e-07 -2.492300578222917e-02 
 2.240000000000045e-07 -2.237323623614107e-02 
 2.241000000000046e-07 -1.973512447979964e-02 
 2.242000000000046e-07 -1.701909134076374e-02 
 2.243000000000046e-07 -1.423586234150087e-02 
 2.244000000000046e-07 -1.139643448916483e-02 
 2.245000000000046e-07 -8.512022170126032e-03 
 2.246000000000046e-07 -5.594023510988366e-03 
 2.247000000000046e-07 -2.653963624946076e-03 
 2.248000000000046e-07  2.965397650154245e-04 
 2.249000000000046e-07  3.245834075655818e-03 
 2.250000000000046e-07  6.182221808527233e-03 
 2.251000000000046e-07  9.094314115894120e-03 
 2.252000000000046e-07  1.197033580311513e-02 
 2.253000000000046e-07  1.479908711438704e-02 
 2.254000000000047e-07  1.756956995758086e-02 
 2.255000000000047e-07  2.027046051567649e-02 
 2.256000000000047e-07  2.289150984216892e-02 
 2.257000000000047e-07  2.542201036760661e-02 
 2.258000000000047e-07  2.785225748644882e-02 
 2.259000000000047e-07  3.017247361065234e-02 
 2.260000000000047e-07  3.237361882962908e-02 
 2.261000000000047e-07  3.444697001538999e-02 
 2.262000000000047e-07  3.638434584423744e-02 
 2.263000000000047e-07  3.817815502008037e-02 
 2.264000000000047e-07  3.982125734016151e-02 
 2.265000000000047e-07  4.130726439287913e-02 
 2.266000000000047e-07  4.263022619114687e-02 
 2.267000000000047e-07  4.378502714747445e-02 
 2.268000000000048e-07  4.476702150975065e-02 
 2.269000000000048e-07  4.557243068460770e-02 
 2.270000000000048e-07  4.619799536447289e-02 
 2.271000000000048e-07  4.664132654997055e-02 
 2.272000000000048e-07  4.690060520306272e-02 
 2.273000000000048e-07  4.697486832060660e-02 
 2.274000000000048e-07  4.686376505521328e-02 
 2.275000000000048e-07  4.656777550960989e-02 
 2.276000000000048e-07  4.608802064718232e-02 
 2.277000000000048e-07  4.542641962682681e-02 
 2.278000000000048e-07  4.458554560783190e-02 
 2.279000000000048e-07  4.356873068078593e-02 
 2.280000000000048e-07  4.237995812008655e-02 
 2.281000000000049e-07  4.102392459421944e-02 
 2.282000000000049e-07  3.950595970244541e-02 
 2.283000000000049e-07  3.783205444314519e-02 
 2.284000000000049e-07  3.600880012043595e-02 
 2.285000000000049e-07  3.404339078496932e-02 
 2.286000000000049e-07  3.194357511580304e-02 
 2.287000000000049e-07  2.971763919220916e-02 
 2.288000000000049e-07  2.737436642328039e-02 
 2.289000000000049e-07  2.492300579267903e-02 
 2.290000000000049e-07  2.237323624741938e-02 
 2.291000000000049e-07  1.973512449074000e-02 
 2.292000000000049e-07  1.701909135073665e-02 
 2.293000000000049e-07  1.423586235052055e-02 
 2.294000000000050e-07  1.139643449969507e-02 
 2.295000000000050e-07  8.512022180149348e-03 
 2.296000000000050e-07  5.594023519128521e-03 
 2.297000000000050e-07  2.653963631921386e-03 
 2.298000000000050e-07 -2.965397612026965e-04 
 2.299000000000050e-07 -3.245834073322795e-03 
 2.300000000000050e-07 -6.182221806493082e-03 
 2.301000000000050e-07 -9.094314112684687e-03 
 2.302000000000050e-07 -1.197033579682860e-02 
 2.303000000000050e-07 -1.479908710764244e-02 
 2.304000000000050e-07 -1.756956994946290e-02 
 2.305000000000050e-07 -2.027046050590542e-02 
 2.306000000000050e-07 -2.289150983208277e-02 
 2.307000000000051e-07 -2.542201035825564e-02 
 2.308000000000051e-07 -2.785225747671616e-02 
 2.309000000000051e-07 -3.017247360239361e-02 
 2.310000000000051e-07 -3.237361882393053e-02 
 2.311000000000051e-07 -3.444697001075747e-02 
 2.312000000000051e-07 -3.638434583745598e-02 
 2.313000000000051e-07 -3.817815501277488e-02 
 2.314000000000051e-07 -3.982125733263864e-02 
 2.315000000000051e-07 -4.130726438619425e-02 
 2.316000000000051e-07 -4.263022618425927e-02 
 2.317000000000051e-07 -4.378502714220467e-02 
 2.318000000000051e-07 -4.476702150502487e-02 
 2.319000000000051e-07 -4.557243067934880e-02 
 2.320000000000051e-07 -4.619799535824320e-02 
 2.321000000000052e-07 -4.664132654089936e-02 
 2.322000000000052e-07 -4.690060519180816e-02 
 2.323000000000052e-07 -4.697486830808573e-02 
 2.324000000000052e-07 -4.686376504206069e-02 
 2.325000000000052e-07 -4.656777549564994e-02 
 2.326000000000052e-07 -4.608802063404793e-02 
 2.327000000000052e-07 -4.542641961437321e-02 
 2.328000000000052e-07 -4.458554559768801e-02 
 2.329000000000052e-07 -4.356873067229827e-02 
 2.330000000000052e-07 -4.237995811131423e-02 
 2.331000000000052e-07 -4.102392458702475e-02 
 2.332000000000052e-07 -3.950595969659032e-02 
 2.333000000000052e-07 -3.783205443564119e-02 
 2.334000000000053e-07 -3.600880011337160e-02 
 2.335000000000053e-07 -3.404339077723395e-02 
 2.336000000000053e-07 -3.194357510611590e-02 
 2.337000000000053e-07 -2.971763918359427e-02 
 2.338000000000053e-07 -2.737436641487601e-02 
 2.339000000000053e-07 -2.492300578539264e-02 
 2.340000000000053e-07 -2.237323623948972e-02 
 2.341000000000053e-07 -1.973512448228942e-02 
 2.342000000000053e-07 -1.701909134317958e-02 
 2.343000000000053e-07 -1.423586234226870e-02 
 2.344000000000053e-07 -1.139643448898564e-02 
 2.345000000000053e-07 -8.512022169188560e-03 
 2.346000000000053e-07 -5.594023508967538e-03 
 2.347000000000054e-07 -2.653963623928668e-03 
 2.348000000000054e-07  2.965397677003878e-04 
 2.349000000000054e-07  3.245834078402954e-03 
 2.350000000000054e-07  6.182221811639854e-03 
 2.351000000000054e-07  9.094314118372138e-03 
 2.352000000000054e-07  1.197033580282714e-02 
 2.353000000000054e-07  1.479908711524525e-02 
 2.354000000000054e-07  1.756956995884229e-02 
 2.355000000000054e-07  2.027046051781500e-02 
 2.356000000000054e-07  2.289150984359778e-02 
 2.357000000000054e-07  2.542201037071834e-02 
 2.358000000000054e-07  2.785225748768605e-02 
 2.359000000000054e-07  3.017247361186737e-02 
 2.360000000000054e-07  3.237361883048773e-02 
 2.361000000000055e-07  3.444697001824504e-02 
 2.362000000000055e-07  3.638434584787453e-02 
 2.363000000000055e-07  3.817815502219402e-02 
 2.364000000000055e-07  3.982125733894648e-02 
 2.365000000000055e-07  4.130726439139520e-02 
 2.366000000000055e-07  4.263022618955059e-02 
 2.367000000000055e-07  4.378502714771648e-02 
 2.368000000000055e-07  4.476702150992606e-02 
 2.369000000000055e-07  4.557243068522498e-02 
 2.370000000000055e-07  4.619799536541791e-02 
 2.371000000000055e-07  4.664132655092201e-02 
 2.372000000000055e-07  4.690060520429618e-02 
 2.373000000000055e-07  4.697486832027375e-02 
 2.374000000000056e-07  4.686376505323531e-02 
 2.375000000000056e-07  4.656777550759417e-02 
 2.376000000000056e-07  4.608802064678530e-02 
 2.377000000000056e-07  4.542641962733707e-02 
 2.378000000000056e-07  4.458554560789318e-02 
 2.379000000000056e-07  4.356873068144074e-02 
 2.380000000000056e-07  4.237995812100115e-02 
 2.381000000000056e-07  4.102392459529991e-02 
 2.382000000000056e-07  3.950595970439297e-02 
 2.383000000000056e-07  3.783205444526239e-02 
 2.384000000000056e-07  3.600880012167051e-02 
 2.385000000000056e-07  3.404339078591390e-02 
 2.386000000000056e-07  3.194357511728496e-02 
 2.387000000000057e-07  2.971763919359538e-02 
 2.388000000000057e-07  2.737436642265934e-02 
 2.389000000000057e-07  2.492300579155837e-02 
 2.390000000000057e-07  2.237323624750576e-02 
 2.391000000000057e-07  1.973512449152559e-02 
 2.392000000000057e-07  1.701909135227053e-02 
 2.393000000000057e-07  1.423586235021412e-02 
 2.394000000000057e-07  1.139643449756211e-02 
 2.395000000000057e-07  8.512022178704726e-03 
 2.396000000000057e-07  5.594023517464741e-03 
 2.397000000000057e-07  2.653963630492751e-03 
 2.398000000000057e-07 -2.965397616487842e-04 
 2.399000000000057e-07 -3.245834071587517e-03 
 2.400000000000057e-07 -6.182221804175381e-03 
 2.401000000000058e-07 -9.094314110711377e-03 
 2.402000000000058e-07 -1.197033579679307e-02 
 2.403000000000058e-07 -1.479908710824129e-02 
 2.404000000000058e-07 -1.756956995095060e-02 
 2.405000000000058e-07 -2.027046050899739e-02 
 2.406000000000058e-07 -2.289150983420574e-02 
 2.407000000000058e-07 -2.542201035757263e-02 
 2.408000000000058e-07 -2.785225747497200e-02 
 2.409000000000058e-07 -3.017247360173503e-02 
 2.410000000000058e-07 -3.237361882343515e-02 
 2.411000000000058e-07 -3.444697001067398e-02 
 2.412000000000058e-07 -3.638434583785699e-02 
 2.413000000000058e-07 -3.817815501290989e-02 
 2.414000000000059e-07 -3.982125733135233e-02 
 2.415000000000059e-07 -4.130726438433530e-02 
 2.416000000000059e-07 -4.263022618342793e-02 
 2.417000000000059e-07 -4.378502714118748e-02 
 2.418000000000059e-07 -4.476702150314038e-02 
 2.419000000000059e-07 -4.557243067892958e-02 
 2.420000000000059e-07 -4.619799535890623e-02 
 2.421000000000059e-07 -4.664132654227471e-02 
 2.422000000000059e-07 -4.690060519251760e-02 
 2.423000000000059e-07 -4.697486830884356e-02 
 2.424000000000059e-07 -4.686376504181911e-02 
 2.425000000000059e-07 -4.656777549384161e-02 
 2.426000000000059e-07 -4.608802063221074e-02 
 2.427000000000060e-07 -4.542641961467053e-02 
 2.428000000000060e-07 -4.458554559871497e-02 
 2.429000000000060e-07 -4.356873067253542e-02 
 2.430000000000060e-07 -4.237995811180606e-02 
 2.431000000000060e-07 -4.102392458771309e-02 
 2.432000000000060e-07 -3.950595969673709e-02 
 2.433000000000060e-07 -3.783205443634241e-02 
 2.434000000000060e-07 -3.600880011318686e-02 
 2.435000000000060e-07 -3.404339077875740e-02 
 2.436000000000060e-07 -3.194357510698964e-02 
 2.437000000000060e-07 -2.971763918292747e-02 
 2.438000000000060e-07 -2.737436641333879e-02 
 2.439000000000060e-07 -2.492300578386253e-02 
 2.440000000000060e-07 -2.237323623784682e-02 
 2.441000000000061e-07 -1.973512448149295e-02 
 2.442000000000061e-07 -1.701909134179647e-02 
 2.443000000000061e-07 -1.423586234077878e-02 
 2.444000000000061e-07 -1.139643448980099e-02 
 2.445000000000061e-07 -8.512022171898170e-03 
 2.446000000000061e-07 -5.594023511048096e-03 
 2.447000000000061e-07 -2.653963625108613e-03 
 2.448000000000061e-07  2.965397667824554e-04 
 2.449000000000061e-07  3.245834079093068e-03 
 2.450000000000061e-07  6.182221810988153e-03 
 2.451000000000061e-07  9.094314118563318e-03 
 2.452000000000061e-07  1.197033580487439e-02 
 2.453000000000061e-07  1.479908711607303e-02 
 2.454000000000062e-07  1.756956995906300e-02 
 2.455000000000062e-07  2.027046051791781e-02 
 2.456000000000062e-07  2.289150984404986e-02 
 2.457000000000062e-07  2.542201036906833e-02 
 2.458000000000062e-07  2.785225748645104e-02 
 2.459000000000062e-07  3.017247361026709e-02 
 2.460000000000062e-07  3.237361883109213e-02 
 2.461000000000062e-07  3.444697001819153e-02 
 2.462000000000062e-07  3.638434584719041e-02 
 2.463000000000062e-07  3.817815502277688e-02 
 2.464000000000062e-07  3.982125734097597e-02 
 2.465000000000062e-07  4.130726439272037e-02 
 2.466000000000062e-07  4.263022619106360e-02 
 2.467000000000063e-07  4.378502714842858e-02 
 2.468000000000063e-07  4.476702150938427e-02 
 2.469000000000063e-07  4.557243068465211e-02 
 2.470000000000063e-07  4.619799536330293e-02 
 2.471000000000063e-07  4.664132654889563e-02 
 2.472000000000063e-07  4.690060520333383e-02 
 2.473000000000063e-07  4.697486831875164e-02 
 2.474000000000063e-07  4.686376505326950e-02 
 2.475000000000063e-07  4.656777550812374e-02 
 2.476000000000063e-07  4.608802064650663e-02 
 2.477000000000063e-07  4.542641962662874e-02 
 2.478000000000063e-07  4.458554560869854e-02 
 2.479000000000063e-07  4.356873068187550e-02 
 2.480000000000063e-07  4.237995812128492e-02 
 2.481000000000064e-07  4.102392459598536e-02 
 2.482000000000064e-07  3.950595970389403e-02 
 2.483000000000064e-07  3.783205444241267e-02 
 2.484000000000064e-07  3.600880011943719e-02 
 2.485000000000064e-07  3.404339078401208e-02 
 2.486000000000064e-07  3.194357511378954e-02 
 2.487000000000064e-07  2.971763919128945e-02 
 2.488000000000064e-07  2.737436642087276e-02 
 2.489000000000064e-07  2.492300579055096e-02 
 2.490000000000064e-07  2.237323624681453e-02 
 2.491000000000064e-07  1.973512449086035e-02 
 2.492000000000064e-07  1.701909135211332e-02 
 2.493000000000064e-07  1.423586235253937e-02 
 2.494000000000065e-07  1.139643450088723e-02 
 2.495000000000065e-07  8.512022181110357e-03 
 2.496000000000065e-07  5.594023519119418e-03 
 2.497000000000065e-07  2.653963630991019e-03 
 2.498000000000065e-07 -2.965397611709442e-04 
 2.499000000000065e-07 -3.245834072926890e-03 
 2.500000000000065e-07 -6.184588788541667e-03 
