 1.000000000000000e+06 -6.519133168135251e+00 
 1.047128548050900e+06 -6.519130660976793e+00 
 1.096478196143185e+06 -6.519127911919417e+00 
 1.148153621496883e+06 -6.519124897629123e+00 
 1.202264434617413e+06 -6.519121592556706e+00 
 1.258925411794168e+06 -6.519117968576797e+00 
 1.318256738556408e+06 -6.519113995073416e+00 
 1.380384264602886e+06 -6.519109638103417e+00 
 1.445439770745928e+06 -6.519104860865569e+00 
 1.513561248436209e+06 -6.519099622631296e+00 
 1.584893192461115e+06 -6.519093879048034e+00 
 1.659586907437562e+06 -6.519087581474063e+00 
 1.737800828749377e+06 -6.519080676241154e+00 
 1.819700858609986e+06 -6.519073104884193e+00 
 1.905460717963250e+06 -6.519064803068447e+00 
 1.995262314968882e+06 -6.519055700187996e+00 
 2.089296130854042e+06 -6.519045719343302e+00 
 2.187761623949556e+06 -6.519034775390756e+00 
 2.290867652767777e+06 -6.519022775770489e+00 
 2.398832919019494e+06 -6.519009618423427e+00 
 2.511886431509584e+06 -6.518995191826336e+00 
 2.630267991895386e+06 -6.518979373361061e+00 
 2.754228703338171e+06 -6.518962028923171e+00 
 2.884031503126611e+06 -6.518943011171677e+00 
 3.019951720402022e+06 -6.518922158819885e+00 
 3.162277660168386e+06 -6.518899294798898e+00 
 3.311311214825918e+06 -6.518874225116318e+00 
 3.467368504525324e+06 -6.518846737030975e+00 
 3.630780547701022e+06 -6.518816597105048e+00 
 3.801893963205622e+06 -6.518783549765697e+00 
 3.981071705534983e+06 -6.518747314489413e+00 
 4.168693834703365e+06 -6.518707583820593e+00 
 4.365158322401672e+06 -6.518664020513768e+00 
 4.570881896148764e+06 -6.518616255036479e+00 
 4.786300923226397e+06 -6.518563882077943e+00 
 5.011872336272738e+06 -6.518506457367661e+00 
 5.248074602497743e+06 -6.518443493660540e+00 
 5.495408738576263e+06 -6.518374456755494e+00 
 5.754399373371588e+06 -6.518298761117589e+00 
 6.025595860743597e+06 -6.518215764634178e+00 
 6.309573444801954e+06 -6.518124763506180e+00 
 6.606934480075982e+06 -6.518024985754781e+00 
 6.918309709189389e+06 -6.517915585379248e+00 
 7.244359600749927e+06 -6.517795634738154e+00 
 7.585775750291865e+06 -6.517664116892213e+00 
 7.943282347242844e+06 -6.517519916944532e+00 
 8.317637711026741e+06 -6.517361812666338e+00 
 8.709635899560839e+06 -6.517188464186527e+00 
 9.120108393559132e+06 -6.516998402623471e+00 
 9.549925860214395e+06 -6.516790017889465e+00 
 1.000000000000004e+07 -6.516561544847050e+00 
 1.047128548050904e+07 -6.516311048784006e+00 
 1.096478196143189e+07 -6.516036408863696e+00 
 1.148153621496888e+07 -6.515735300603965e+00 
 1.202264434617418e+07 -6.515405175982442e+00 
 1.258925411794173e+07 -6.515043242519392e+00 
 1.318256738556413e+07 -6.514646439621541e+00 
 1.380384264602891e+07 -6.514211413149543e+00 
 1.445439770745934e+07 -6.513734487107562e+00 
 1.513561248436215e+07 -6.513211633777301e+00 
 1.584893192461121e+07 -6.512638439148918e+00 
 1.659586907437568e+07 -6.512010067371598e+00 
 1.737800828749384e+07 -6.511321219886296e+00 
 1.819700858609992e+07 -6.510566092019921e+00 
 1.905460717963257e+07 -6.509738325203397e+00 
 1.995262314968890e+07 -6.508830954528354e+00 
 2.089296130854050e+07 -6.507836352117108e+00 
 2.187761623949564e+07 -6.506746164208778e+00 
 2.290867652767785e+07 -6.505551243915779e+00 
 2.398832919019503e+07 -6.504241577026393e+00 
 2.511886431509594e+07 -6.502806200954963e+00 
 2.630267991895396e+07 -6.501233117477815e+00 
 2.754228703338182e+07 -6.499509196679729e+00 
 2.884031503126622e+07 -6.497620073291840e+00 
 3.019951720402033e+07 -6.495550033534365e+00 
 3.162277660168397e+07 -6.493281892833491e+00 
 3.311311214825930e+07 -6.490796862119598e+00 
 3.467368504525337e+07 -6.488074404772223e+00 
 3.630780547701035e+07 -6.485092079965469e+00 
 3.801893963205635e+07 -6.481825375026638e+00 
 3.981071705534997e+07 -6.478247523174034e+00 
 4.168693834703380e+07 -6.474329308485759e+00 
 4.365158322401687e+07 -6.470038855768986e+00 
 4.570881896148779e+07 -6.465341404944224e+00 
 4.786300923226414e+07 -6.460199070171675e+00 
 5.011872336272755e+07 -6.454570582867202e+00 
 5.248074602497760e+07 -6.448411017854740e+00 
 5.495408738576282e+07 -6.441671503826808e+00 
 5.754399373371608e+07 -6.434298917098990e+00 
 6.025595860743618e+07 -6.426235560423019e+00 
 6.309573444801975e+07 -6.417418826456466e+00 
 6.606934480076005e+07 -6.407780849415682e+00 
 6.918309709189413e+07 -6.397248143859332e+00 
 7.244359600749952e+07 -6.385741237495094e+00 
 7.585775750291891e+07 -6.373174297763989e+00 
 7.943282347242872e+07 -6.359454759159978e+00 
 8.317637711026771e+07 -6.344482956245503e+00 
 8.709635899560872e+07 -6.328151769905709e+00 
 9.120108393559167e+07 -6.310346294237510e+00 
 9.549925860214433e+07 -6.290943535626057e+00 
 1.000000000000008e+08 -6.269812154574238e+00 
 1.047128548050908e+08 -6.246812265434754e+00 
 1.096478196143194e+08 -6.221795308308504e+00 
 1.148153621496892e+08 -6.194604012596927e+00 
 1.202264434617423e+08 -6.165072470772712e+00 
 1.258925411794178e+08 -6.133026345582033e+00 
 1.318256738556418e+08 -6.098283233320378e+00 
 1.380384264602897e+08 -6.060653208877195e+00 
 1.445439770745940e+08 -6.019939578671196e+00 
 1.513561248436221e+08 -5.975939867002671e+00 
 1.584893192461127e+08 -5.928447062192161e+00 
 1.659586907437575e+08 -5.877251145442729e+00 
 1.737800828749391e+08 -5.822140922689370e+00 
 1.819700858610000e+08 -5.762906175262264e+00 
 1.905460717963264e+08 -5.699340137985013e+00 
 1.995262314968898e+08 -5.631242305058755e+00 
 2.089296130854059e+08 -5.558421553530087e+00 
 2.187761623949573e+08 -5.480699562847478e+00 
 2.290867652767794e+08 -5.397914493819918e+00 
 2.398832919019513e+08 -5.309924877490331e+00 
 2.511886431509604e+08 -5.216613647469749e+00 
 2.630267991895407e+08 -5.117892235107623e+00 
 2.754228703338193e+08 -5.013704633211525e+00 
 2.884031503126634e+08 -4.904031321157587e+00 
 3.019951720402046e+08 -4.788892936343410e+00 
 3.162277660168411e+08 -4.668353571358519e+00 
 3.311311214825944e+08 -4.542523576461122e+00 
 3.467368504525352e+08 -4.411561751498111e+00 
 3.630780547701051e+08 -4.275676821597118e+00 
 3.801893963205651e+08 -4.135128106862279e+00 
 3.981071705535014e+08 -3.990225316126916e+00 
 4.168693834703397e+08 -3.841327419239465e+00 
 4.365158322401705e+08 -3.688840578928243e+00 
 4.570881896148798e+08 -3.533215152469391e+00 
 4.786300923226434e+08 -3.374941801458813e+00 
 5.011872336272776e+08 -3.214546776841124e+00 
 5.248074602497782e+08 -3.052586471315950e+00 
 5.495408738576305e+08 -2.889641354822485e+00 
 5.754399373371632e+08 -2.726309427563097e+00 
 6.025595860743644e+08 -2.563199340147643e+00 
 6.309573444802003e+08 -2.400923340708138e+00 
 6.606934480076034e+08 -2.240090214492682e+00 
 6.918309709189442e+08 -2.081298382202678e+00 
 7.244359600749983e+08 -1.925129319166431e+00 
 7.585775750291924e+08 -1.772141448588329e+00 
 7.943282347242906e+08 -1.622864648536926e+00 
 8.317637711026806e+08 -1.477795494250752e+00 
 8.709635899560907e+08 -1.337393335682359e+00 
 9.120108393559203e+08 -1.202077284993488e+00 
 9.549925860214471e+08 -1.072224160997351e+00 
 1.000000000000012e+09 -9.481674089168910e-01 
 1.047128548050912e+09 -8.301969846413224e-01 
 1.096478196143198e+09 -7.185601646917361e-01 
 1.148153621496897e+09 -6.134632178446235e-01 
 1.202264434617427e+09 -5.150738519543775e-01 
 1.258925411794183e+09 -4.235243323887866e-01 
 1.318256738556423e+09 -3.389151553361224e-01 
 1.380384264602902e+09 -2.613191523283231e-01 
 1.445439770745945e+09 -1.907858994857761e-01 
 1.513561248436227e+09 -1.273463078596097e-01 
 1.584893192461133e+09 -7.101727716595832e-02 
 1.659586907437582e+09 -2.180630487017635e-02 
 1.737800828749398e+09  2.028404576032627e-02 
 1.819700858610007e+09  5.525190237146609e-02 
 1.905460717963272e+09  8.309213528977247e-02 
 1.995262314968905e+09  1.037927620324218e-01 
 2.089296130854067e+09  1.173317503242979e-01 
 2.187761623949581e+09  1.236742548550469e-01 
 2.290867652767803e+09  1.227703141699944e-01 
 2.398832919019522e+09  1.145530265355543e-01 
 2.511886431509614e+09  9.893721767182237e-02 
 2.630267991895417e+09  7.581860840369632e-02 
 2.754228703338203e+09  4.507348601883114e-02 
 2.884031503126645e+09  6.558879599920221e-03 
 3.019951720402058e+09 -3.988676443576389e-02 
 3.162277660168423e+09 -9.444241449376070e-02 
 3.311311214825957e+09 -1.573028068020892e-01 
 3.467368504525365e+09 -2.286763386950355e-01 
 3.630780547701065e+09 -3.087825290698782e-01 
 3.801893963205667e+09 -3.978490819409375e-01 
 3.981071705535030e+09 -4.961085988711727e-01 
 4.168693834703414e+09 -6.037949969340669e-01 
 4.365158322401723e+09 -7.211396998414403e-01 
 4.570881896148817e+09 -8.483676805368143e-01 
 4.786300923226454e+09 -9.856934428554802e-01 
 5.011872336272797e+09 -1.133317037129194e+00 
 5.248074602497804e+09 -1.291420208775720e+00 
 5.495408738576327e+09 -1.460162779393378e+00 
 5.754399373371655e+09 -1.639679355923225e+00 
 6.025595860743669e+09 -1.830076454847376e+00 
 6.309573444802029e+09 -2.031430115154534e+00 
 6.606934480076061e+09 -2.243784056331612e+00 
 6.918309709189471e+09 -2.467148416729634e+00 
 7.244359600750012e+09 -2.701499084371193e+00 
 7.585775750291955e+09 -2.946777608051279e+00 
 7.943282347242938e+09 -3.202891652819261e+00 
 8.317637711026839e+09 -3.469715942229464e+00 
 8.709635899560942e+09 -3.747093611428679e+00 
 9.120108393559240e+09 -4.034837881448960e+00 
 9.549925860214510e+09 -4.332733956777941e+00 
 1.000000000000016e+10 -4.640541045983697e+00 
 1.047128548050916e+10 -4.957994408877235e+00 
 1.096478196143202e+10 -5.284807343220812e+00 
 1.148153621496901e+10 -5.620673038642273e+00 
 1.202264434617432e+10 -5.965266244299187e+00 
 1.258925411794188e+10 -6.318244718747219e+00 
 1.318256738556429e+10 -6.679250454039573e+00 
 1.380384264602907e+10 -7.047910689825994e+00 
 1.445439770745951e+10 -7.423838755577092e+00 
 1.513561248436233e+10 -7.806634798517990e+00 
 1.584893192461140e+10 -8.195886470014274e+00 
 1.659586907437588e+10 -8.591169652801861e+00 
 1.737800828749405e+10 -8.992049314701907e+00 
 1.819700858610014e+10 -9.398080570809526e+00 
 1.905460717963279e+10 -9.808810025562954e+00 
 1.995262314968913e+10 -1.022377744908682e+01 
 2.089296130854075e+10 -1.064251781979438e+01 
 2.187761623949590e+10 -1.106456373895862e+01 
 2.290867652767812e+10 -1.148944819474281e+01 
 2.398832919019532e+10 -1.191670762519897e+01 
 2.511886431509623e+10 -1.234588520421688e+01 
 2.630267991895427e+10 -1.277653425342129e+01 
 2.754228703338214e+10 -1.320822166827351e+01 
 2.884031503126656e+10 -1.364053123931443e+01 
 3.019951720402069e+10 -1.407306675011169e+01 
 3.162277660168435e+10 -1.450545474186796e+01 
 3.311311214825969e+10 -1.493734684998693e+01 
 3.467368504525378e+10 -1.536842163879763e+01 
 3.630780547701078e+10 -1.579838588535856e+01 
 3.801893963205680e+10 -1.622697528986161e+01 
 3.981071705535044e+10 -1.665395461671629e+01 
 4.168693834703429e+10 -1.707911729519400e+01 
 4.365158322401739e+10 -1.750228453015004e+01 
 4.570881896148833e+10 -1.792330399082742e+01 
 4.786300923226471e+10 -1.834204815851419e+01 
 5.011872336272815e+10 -1.875841242171439e+01 
 5.248074602497823e+10 -1.917231301067947e+01 
 5.495408738576347e+10 -1.958368486206685e+01 
 5.754399373371677e+10 -1.999247949974625e+01 
 6.025595860743690e+10 -2.039866301004192e+01 
 6.309573444802052e+10 -2.080221417966566e+01 
 6.606934480076085e+10 -2.120312285290101e+01 
 6.918309709189496e+10 -2.160138855179802e+01 
 7.244359600750038e+10 -2.199701938969219e+01 
 7.585775750291982e+10 -2.239003129463401e+01 
 7.943282347242966e+10 -2.278044754559560e+01 
 8.317637711026869e+10 -2.316829861084232e+01 
 8.709635899560974e+10 -2.355362226483454e+01 
 9.120108393559274e+10 -2.393646394768774e+01 
 9.549925860214545e+10 -2.431687731983894e+01 
 1.000000000000020e+11 -2.469492495448551e+01 
