 5.000000000000000e-08 -6.207488794192972e-03 
 5.010000000000000e-08 -9.429645816204424e-03 
 5.020000000000000e-08 -1.259969066211442e-02 
 5.030000000000000e-08 -1.573134953768762e-02 
 5.040000000000000e-08 -1.880086417319493e-02 
 5.050000000000000e-08 -2.179592219222415e-02 
 5.060000000000000e-08 -2.470490736700448e-02 
 5.070000000000000e-08 -2.751619127207405e-02 
 5.080000000000000e-08 -3.021878357310381e-02 
 5.090000000000001e-08 -3.280197803883134e-02 
 5.100000000000001e-08 -3.525561205923911e-02 
 5.110000000000001e-08 -3.757003032668349e-02 
 5.120000000000001e-08 -3.973609301244774e-02 
 5.130000000000001e-08 -4.174531584650421e-02 
 5.140000000000001e-08 -4.358974730598519e-02 
 5.150000000000001e-08 -4.526218576634644e-02 
 5.160000000000001e-08 -4.675600439828953e-02 
 5.170000000000001e-08 -4.806538336295696e-02 
 5.180000000000001e-08 -4.918512898724758e-02 
 5.190000000000001e-08 -5.011088636244243e-02 
 5.200000000000002e-08 -5.083897677922322e-02 
 5.210000000000002e-08 -5.136657452478577e-02 
 5.220000000000002e-08 -5.169157202564989e-02 
 5.230000000000002e-08 -5.181271602744553e-02 
 5.240000000000002e-08 -5.172950139177024e-02 
 5.250000000000002e-08 -5.144226812848141e-02 
 5.260000000000002e-08 -5.095212043208663e-02 
 5.270000000000002e-08 -5.026098902016130e-02 
 5.280000000000002e-08 -4.937157022676120e-02 
 5.290000000000002e-08 -4.828735909885773e-02 
 5.300000000000002e-08 -4.701260306064614e-02 
 5.310000000000003e-08 -4.555231117579517e-02 
 5.320000000000003e-08 -4.391221741009343e-02 
 5.330000000000003e-08 -4.209877085402081e-02 
 5.340000000000003e-08 -4.011910443630207e-02 
 5.350000000000003e-08 -3.798101021878164e-02 
 5.360000000000003e-08 -3.569291033041155e-02 
 5.370000000000003e-08 -3.326382069218647e-02 
 5.380000000000003e-08 -3.070332187202718e-02 
 5.390000000000003e-08 -2.802151397223374e-02 
 5.400000000000003e-08 -2.522898588850842e-02 
 5.410000000000003e-08 -2.233676361465586e-02 
 5.420000000000004e-08 -1.935627707582377e-02 
 5.430000000000004e-08 -1.629930370485977e-02 
 5.440000000000004e-08 -1.317793258185107e-02 
 5.450000000000004e-08 -1.000450487571181e-02 
 5.460000000000004e-08 -6.791575465575850e-03 
 5.470000000000004e-08 -3.551851611399703e-03 
 5.480000000000004e-08 -2.981525626510884e-04 
 5.490000000000004e-08  2.956652309386465e-03 
 5.500000000000004e-08  6.199665115661501e-03 
 5.510000000000004e-08  9.418246309638167e-03 
 5.520000000000004e-08  1.259969065518818e-02 
 5.530000000000005e-08  1.573134954415356e-02 
 5.540000000000005e-08  1.880086419937066e-02 
 5.550000000000005e-08  2.179592219279813e-02 
 5.560000000000005e-08  2.470490738805964e-02 
 5.570000000000005e-08  2.751619128047711e-02 
 5.580000000000005e-08  3.021878358984686e-02 
 5.590000000000005e-08  3.280197804934670e-02 
 5.600000000000005e-08  3.525561206982397e-02 
 5.610000000000005e-08  3.757003033974438e-02 
 5.620000000000005e-08  3.973609302376668e-02 
 5.630000000000005e-08  4.174531586023855e-02 
 5.640000000000006e-08  4.358974731438692e-02 
 5.650000000000006e-08  4.526218577859242e-02 
 5.660000000000006e-08  4.675600440433758e-02 
 5.670000000000006e-08  4.806538337047606e-02 
 5.680000000000006e-08  4.918512898848126e-02 
 5.690000000000006e-08  5.011088636883110e-02 
 5.700000000000006e-08  5.083897678273686e-02 
 5.710000000000006e-08  5.136657453492011e-02 
 5.720000000000006e-08  5.169157203350982e-02 
 5.730000000000006e-08  5.181271604077309e-02 
 5.740000000000006e-08  5.172950140143229e-02 
 5.750000000000006e-08  5.144226814133290e-02 
 5.760000000000007e-08  5.095212044097530e-02 
 5.770000000000007e-08  5.026098903455267e-02 
 5.780000000000007e-08  4.937157023808902e-02 
 5.790000000000007e-08  4.828735911268400e-02 
 5.800000000000007e-08  4.701260306893795e-02 
 5.810000000000007e-08  4.555231118540570e-02 
 5.820000000000007e-08  4.391221741402407e-02 
 5.830000000000007e-08  4.209877086129632e-02 
 5.840000000000007e-08  4.011910444007150e-02 
 5.850000000000007e-08  3.798101022772404e-02 
 5.860000000000007e-08  3.569291033831834e-02 
 5.870000000000008e-08  3.326382070485301e-02 
 5.880000000000008e-08  3.070332188242419e-02 
 5.890000000000008e-08  2.802151398815944e-02 
 5.900000000000008e-08  2.522898590245370e-02 
 5.910000000000008e-08  2.233676363110604e-02 
 5.920000000000008e-08  1.935627708800181e-02 
 5.930000000000008e-08  1.629930371982447e-02 
 5.940000000000008e-08  1.317793259328215e-02 
 5.950000000000008e-08  1.000450489037585e-02 
 5.960000000000008e-08  6.791575477221201e-03 
 5.970000000000008e-08  3.551851624359781e-03 
 5.980000000000007e-08  2.981525740572977e-04 
 5.990000000000007e-08 -2.956652295440509e-03 
 6.000000000000006e-08 -6.199665103241880e-03 
 6.010000000000006e-08 -9.418246308580569e-03 
 6.020000000000005e-08 -1.259969062729249e-02 
 6.030000000000004e-08 -1.573134951814747e-02 
 6.040000000000004e-08 -1.880086419762916e-02 
 6.050000000000003e-08 -2.179592216853177e-02 
 6.060000000000003e-08 -2.470490738571085e-02 
 6.070000000000002e-08 -2.751619126119609e-02 
 6.080000000000002e-08 -3.021878358295349e-02 
 6.090000000000001e-08 -3.280197803506546e-02 
 6.100000000000000e-08 -3.525561206175509e-02 
 6.110000000000000e-08 -3.757003032580686e-02 
 6.119999999999999e-08 -3.973609301353309e-02 
 6.129999999999999e-08 -4.174531584821572e-02 
 6.139999999999998e-08 -4.358974730496379e-02 
 6.149999999999997e-08 -4.526218576727126e-02 
 6.159999999999997e-08 -4.675600439674987e-02 
 6.169999999999996e-08 -4.806538336330668e-02 
 6.179999999999996e-08 -4.918512898416494e-02 
 6.189999999999995e-08 -5.011088636243088e-02 
 6.199999999999995e-08 -5.083897677748284e-02 
 6.209999999999994e-08 -5.136657452692517e-02 
 6.219999999999993e-08 -5.169157202574426e-02 
 6.229999999999993e-08 -5.181271602905646e-02 
 6.239999999999992e-08 -5.172950139094090e-02 
 6.249999999999992e-08 -5.144226813007169e-02 
 6.259999999999991e-08 -5.095212043096597e-02 
 6.269999999999991e-08 -5.026098902084053e-02 
 6.279999999999990e-08 -4.937157022721639e-02 
 6.289999999999989e-08 -4.828735910124071e-02 
 6.299999999999989e-08 -4.701260306052690e-02 
 6.309999999999988e-08 -4.555231117737590e-02 
 6.319999999999988e-08 -4.391221741037965e-02 
 6.329999999999987e-08 -4.209877085516522e-02 
 6.339999999999987e-08 -4.011910443456923e-02 
 6.349999999999986e-08 -3.798101021748024e-02 
 6.359999999999985e-08 -3.569291032809652e-02 
 6.369999999999985e-08 -3.326382069389533e-02 
 6.379999999999984e-08 -3.070332187425651e-02 
 6.389999999999984e-08 -2.802151397509611e-02 
 6.399999999999983e-08 -2.522898589004696e-02 
 6.409999999999983e-08 -2.233676361846926e-02 
 6.419999999999982e-08 -1.935627707875609e-02 
 6.429999999999981e-08 -1.629930370709287e-02 
 6.439999999999981e-08 -1.317793258143873e-02 
 6.449999999999980e-08 -1.000450487549087e-02 
 6.459999999999980e-08 -6.791575465223243e-03 
 6.469999999999979e-08 -3.551851609651102e-03 
 6.479999999999979e-08 -2.981525613241498e-04 
 6.489999999999978e-08  2.956652310039054e-03 
 6.499999999999977e-08  6.199665113520547e-03 
 6.509999999999977e-08  9.418246332579150e-03 
 6.519999999999976e-08  1.259969062820976e-02 
 6.529999999999976e-08  1.573134952697819e-02 
 6.539999999999975e-08  1.880086421897320e-02 
 6.549999999999975e-08  2.179592217422655e-02 
 6.559999999999974e-08  2.470490740355125e-02 
 6.569999999999973e-08  2.751619127069471e-02 
 6.579999999999973e-08  3.021878359520525e-02 
 6.589999999999972e-08  3.280197804236762e-02 
 6.599999999999972e-08  3.525561207015881e-02 
 6.609999999999971e-08  3.757003033718842e-02 
 6.619999999999971e-08  3.973609302452097e-02 
 6.629999999999970e-08  4.174531586113472e-02 
 6.639999999999969e-08  4.358974731595744e-02 
 6.649999999999969e-08  4.526218578095165e-02 
 6.659999999999968e-08  4.675600440637240e-02 
 6.669999999999968e-08  4.806538337343103e-02 
 6.679999999999967e-08  4.918512899113958e-02 
 6.689999999999967e-08  5.011088637205430e-02 
 6.699999999999966e-08  5.083897678464999e-02 
 6.709999999999965e-08  5.136657453532045e-02 
 6.719999999999965e-08  5.169157203202834e-02 
 6.729999999999964e-08  5.181271603908333e-02 
 6.739999999999964e-08  5.172950139965860e-02 
 6.749999999999963e-08  5.144226813959807e-02 
 6.759999999999963e-08  5.095212043934327e-02 
 6.769999999999962e-08  5.026098903283205e-02 
 6.779999999999961e-08  4.937157023648608e-02 
 6.789999999999961e-08  4.828735910993465e-02 
 6.799999999999960e-08  4.701260306539767e-02 
 6.809999999999960e-08  4.555231118205416e-02 
 6.819999999999959e-08  4.391221741134621e-02 
 6.829999999999959e-08  4.209877085765878e-02 
 6.839999999999958e-08  4.011910443630584e-02 
 6.849999999999957e-08  3.798101022298472e-02 
 6.859999999999957e-08  3.569291033337629e-02 
 6.869999999999956e-08  3.326382070000045e-02 
 6.879999999999956e-08  3.070332187986469e-02 
 6.889999999999955e-08  2.802151398642927e-02 
 6.899999999999955e-08  2.522898590226608e-02 
 6.909999999999954e-08  2.233676363113690e-02 
 6.919999999999953e-08  1.935627708844057e-02 
 6.929999999999953e-08  1.629930371809185e-02 
 6.939999999999952e-08  1.317793259210420e-02 
 6.949999999999952e-08  1.000450488894300e-02 
 6.959999999999951e-08  6.791575477547385e-03 
 6.969999999999951e-08  3.551851624079339e-03 
 6.979999999999950e-08  2.981525766814208e-04 
 6.989999999999949e-08 -2.956652294355155e-03 
 6.999999999999949e-08 -6.199665101365159e-03 
 7.009999999999948e-08 -9.418246330568536e-03 
 7.019999999999948e-08 -1.259969061105015e-02 
 7.029999999999947e-08 -1.573134951013366e-02 
 7.039999999999947e-08 -1.880086421467575e-02 
 7.049999999999946e-08 -2.179592215578463e-02 
 7.059999999999945e-08 -2.470490739598219e-02 
 7.069999999999945e-08 -2.751619125295490e-02 
 7.079999999999944e-08 -3.021878358602703e-02 
 7.089999999999944e-08 -3.280197803007101e-02 
 7.099999999999943e-08 -3.525561206097705e-02 
 7.109999999999943e-08 -3.757003032348361e-02 
 7.119999999999942e-08 -3.973609301064629e-02 
 7.129999999999941e-08 -4.174531584598595e-02 
 7.139999999999941e-08 -4.358974730329157e-02 
 7.149999999999940e-08 -4.526218576864949e-02 
 7.159999999999940e-08 -4.675600439508498e-02 
 7.169999999999939e-08 -4.806538336224930e-02 
 7.179999999999939e-08 -4.918512898211169e-02 
 7.189999999999938e-08 -5.011088636285943e-02 
 7.199999999999937e-08 -5.083897677573135e-02 
 7.209999999999937e-08 -5.136657452466142e-02 
 7.219999999999936e-08 -5.169157202132757e-02 
 7.229999999999936e-08 -5.181271602615523e-02 
 7.239999999999935e-08 -5.172950138673715e-02 
 7.249999999999935e-08 -5.144226812627317e-02 
 7.259999999999934e-08 -5.095212042689612e-02 
 7.269999999999933e-08 -5.026098901851483e-02 
 7.279999999999933e-08 -4.937157022330241e-02 
 7.289999999999932e-08 -4.828735909789872e-02 
 7.299999999999932e-08 -4.701260305687693e-02 
 7.309999999999931e-08 -4.555231117507397e-02 
 7.319999999999931e-08 -4.391221740766893e-02 
 7.329999999999930e-08 -4.209877085364155e-02 
 7.339999999999929e-08 -4.011910443259614e-02 
 7.349999999999929e-08 -3.798101021600364e-02 
 7.359999999999928e-08 -3.569291032649047e-02 
 7.369999999999928e-08 -3.326382069285860e-02 
 7.379999999999927e-08 -3.070332187339098e-02 
 7.389999999999927e-08 -2.802151397648478e-02 
 7.399999999999926e-08 -2.522898589166589e-02 
 7.409999999999925e-08 -2.233676362025339e-02 
 7.419999999999925e-08 -1.935627707963405e-02 
 7.429999999999924e-08 -1.629930370736266e-02 
 7.439999999999924e-08 -1.317793258131728e-02 
 7.449999999999923e-08 -1.000450487508187e-02 
 7.459999999999923e-08 -6.791575464561994e-03 
 7.469999999999922e-08 -3.551851609153944e-03 
 7.479999999999921e-08 -2.981525610725733e-04 
 7.489999999999921e-08  2.956652311188135e-03 
 7.499999999999920e-08  6.199665113651109e-03 
 7.509999999999920e-08  9.418246349184534e-03 
 7.519999999999919e-08  1.259969061660637e-02 
 7.529999999999919e-08  1.573134952205479e-02 
 7.539999999999918e-08  1.880086423370630e-02 
 7.549999999999917e-08  2.179592216456872e-02 
 7.559999999999917e-08  2.470490741296438e-02 
 7.569999999999916e-08  2.751619126474369e-02 
 7.579999999999916e-08  3.021878359983976e-02 
 7.589999999999915e-08  3.280197804037210e-02 
 7.599999999999915e-08  3.525561207123795e-02 
 7.609999999999914e-08  3.757003033603534e-02 
 7.619999999999913e-08  3.973609302472592e-02 
 7.629999999999913e-08  4.174531586035224e-02 
 7.639999999999912e-08  4.358974731345655e-02 
 7.649999999999912e-08  4.526218577748420e-02 
 7.659999999999911e-08  4.675600440206340e-02 
 7.669999999999911e-08  4.806538337063038e-02 
 7.679999999999910e-08  4.918512898876126e-02 
 7.689999999999909e-08  5.011088637084171e-02 
 7.699999999999909e-08  5.083897678469307e-02 
 7.709999999999908e-08  5.136657453693561e-02 
 7.719999999999908e-08  5.169157203336994e-02 
 7.729999999999907e-08  5.181271604046711e-02 
 7.739999999999907e-08  5.172950140179466e-02 
 7.749999999999906e-08  5.144226814225195e-02 
 7.759999999999905e-08  5.095212044171471e-02 
 7.769999999999905e-08  5.026098903384146e-02 
 7.779999999999904e-08  4.937157023623406e-02 
 7.789999999999904e-08  4.828735910961890e-02 
 7.799999999999903e-08  4.701260306547539e-02 
 7.809999999999903e-08  4.555231118202374e-02 
 7.819999999999902e-08  4.391221741264295e-02 
 7.829999999999901e-08  4.209877086056002e-02 
 7.839999999999901e-08  4.011910444091837e-02 
 7.849999999999900e-08  3.798101022780176e-02 
 7.859999999999900e-08  3.569291033734068e-02 
 7.869999999999899e-08  3.326382070221134e-02 
 7.879999999999899e-08  3.070332187983649e-02 
 7.889999999999898e-08  2.802151398300845e-02 
 7.899999999999897e-08  2.522898589777700e-02 
 7.909999999999897e-08  2.233676362706460e-02 
 7.919999999999896e-08  1.935627708666621e-02 
 7.929999999999896e-08  1.629930371736732e-02 
 7.939999999999895e-08  1.317793259267330e-02 
 7.949999999999895e-08  1.000450488817362e-02 
 7.959999999999894e-08  6.791575476726264e-03 
 7.969999999999893e-08  3.551851621734547e-03 
 7.979999999999893e-08  2.981525745644475e-04 
 7.989999999999892e-08 -2.956652296845386e-03 
 7.999999999999892e-08 -6.199665100349305e-03 
 8.009999999999891e-08 -9.418246340137548e-03 
 8.019999999999890e-08 -1.259969059644295e-02 
 8.029999999999890e-08 -1.573134950211696e-02 
 8.039999999999889e-08 -1.880086422176164e-02 
 8.049999999999889e-08 -2.179592214546733e-02 
 8.059999999999888e-08 -2.470490740124709e-02 
 8.069999999999888e-08 -2.751619124819094e-02 
 8.079999999999887e-08 -3.021878358938634e-02 
 8.089999999999886e-08 -3.280197803084284e-02 
 8.099999999999886e-08 -3.525561206477934e-02 
 8.109999999999885e-08 -3.757003032567274e-02 
 8.119999999999885e-08 -3.973609301217906e-02 
 8.129999999999884e-08 -4.174531584767460e-02 
 8.139999999999884e-08 -4.358974730288634e-02 
 8.149999999999883e-08 -4.526218576767982e-02 
 8.159999999999882e-08 -4.675600439330463e-02 
 8.169999999999882e-08 -4.806538336169863e-02 
 8.179999999999881e-08 -4.918512897982574e-02 
 8.189999999999881e-08 -5.011088636092453e-02 
 8.199999999999880e-08 -5.083897677321336e-02 
 8.209999999999880e-08 -5.136657452415538e-02 
 8.219999999999879e-08 -5.169157202141794e-02 
 8.229999999999878e-08 -5.181271602758208e-02 
 8.239999999999878e-08 -5.172950138847399e-02 
 8.249999999999877e-08 -5.144226812891661e-02 
 8.259999999999877e-08 -5.095212042940767e-02 
 8.269999999999876e-08 -5.026098902182063e-02 
 8.279999999999876e-08 -4.937157022632643e-02 
 8.289999999999875e-08 -4.828735910136905e-02 
 8.299999999999874e-08 -4.701260305934429e-02 
 8.309999999999874e-08 -4.555231117615244e-02 
 8.319999999999873e-08 -4.391221740777396e-02 
 8.329999999999873e-08 -4.209877085488500e-02 
 8.339999999999872e-08 -4.011910443399103e-02 
 8.349999999999872e-08 -3.798101021841971e-02 
 8.359999999999871e-08 -3.569291032884991e-02 
 8.369999999999870e-08 -3.326382069495959e-02 
 8.379999999999870e-08 -3.070332187425340e-02 
 8.389999999999869e-08 -2.802151397617592e-02 
 8.399999999999869e-08 -2.522898589011113e-02 
 8.409999999999868e-08 -2.233676361787817e-02 
 8.419999999999868e-08 -1.935627707734322e-02 
 8.429999999999867e-08 -1.629930370687815e-02 
 8.439999999999866e-08 -1.317793258173738e-02 
 8.449999999999866e-08 -1.000450487585036e-02 
 8.459999999999865e-08 -6.791575465181721e-03 
 8.469999999999865e-08 -3.551851610067214e-03 
 8.479999999999864e-08 -2.981525631771120e-04 
 8.489999999999864e-08  2.956652310819541e-03 
 8.499999999999863e-08  6.199665113722608e-03 
 8.509999999999862e-08  9.418246358786853e-03 
 8.519999999999862e-08  1.259969060799215e-02 
 8.529999999999861e-08  1.573134951735833e-02 
 8.539999999999861e-08  1.880086424116234e-02 
 8.549999999999860e-08  2.179592215768245e-02 
 8.559999999999860e-08  2.470490741798637e-02 
 8.569999999999859e-08  2.751619126107241e-02 
 8.579999999999858e-08  3.021878360215391e-02 
 8.589999999999858e-08  3.280197803976570e-02 
 8.599999999999857e-08  3.525561207383432e-02 
 8.609999999999857e-08  3.757003033736339e-02 
 8.619999999999856e-08  3.973609302516312e-02 
 8.629999999999856e-08  4.174531585959285e-02 
 8.639999999999855e-08  4.358974731232879e-02 
 8.649999999999854e-08  4.526218577805796e-02 
 8.659999999999854e-08  4.675600440232852e-02 
 8.669999999999853e-08  4.806538337034127e-02 
 8.679999999999853e-08  4.918512898727645e-02 
 8.689999999999852e-08  5.011088636873029e-02 
 8.699999999999852e-08  5.083897678164018e-02 
 8.709999999999851e-08  5.136657453486726e-02 
 8.719999999999850e-08  5.169157203251196e-02 
 8.729999999999850e-08  5.181271604131554e-02 
 8.739999999999849e-08  5.172950140250498e-02 
 8.749999999999849e-08  5.144226814204544e-02 
 8.759999999999848e-08  5.095212044137121e-02 
 8.769999999999848e-08  5.026098903561227e-02 
 8.779999999999847e-08  4.937157023974126e-02 
 8.789999999999846e-08  4.828735911359106e-02 
 8.799999999999846e-08  4.701260306974619e-02 
 8.809999999999845e-08  4.555231118613157e-02 
 8.819999999999845e-08  4.391221741595808e-02 
 8.829999999999844e-08  4.209877086200642e-02 
 8.839999999999844e-08  4.011910444108935e-02 
 8.849999999999843e-08  3.798101022738631e-02 
 8.859999999999842e-08  3.569291033808208e-02 
 8.869999999999842e-08  3.326382070367684e-02 
 8.879999999999841e-08  3.070332188210378e-02 
 8.889999999999841e-08  2.802151398581776e-02 
 8.899999999999840e-08  2.522898590026612e-02 
 8.909999999999840e-08  2.233676362787973e-02 
 8.919999999999839e-08  1.935627708637599e-02 
 8.929999999999838e-08  1.629930371594335e-02 
 8.939999999999838e-08  1.317793259056788e-02 
 8.949999999999837e-08  1.000450488591698e-02 
 8.959999999999837e-08  6.791575476545075e-03 
 8.969999999999836e-08  3.551851622154656e-03 
 8.979999999999836e-08  2.981525759482295e-04 
 8.989999999999835e-08 -2.956652297376072e-03 
 8.999999999999834e-08 -6.199665100943719e-03 
 9.009999999999834e-08 -9.418246349174542e-03 
 9.019999999999833e-08 -1.259969059161947e-02 
 9.029999999999833e-08 -1.573134950090460e-02 
 9.039999999999832e-08 -1.880086423016847e-02 
 9.049999999999832e-08 -2.179592214297266e-02 
 9.059999999999831e-08 -2.470490740754760e-02 
 9.069999999999830e-08 -2.751619124731453e-02 
 9.079999999999830e-08 -3.021878359161456e-02 
 9.089999999999829e-08 -3.280197802897700e-02 
 9.099999999999829e-08 -3.525561206423022e-02 
 9.109999999999828e-08 -3.757003032564854e-02 
 9.119999999999828e-08 -3.973609301230341e-02 
 9.129999999999827e-08 -4.174531584714769e-02 
 9.139999999999826e-08 -4.358974730086773e-02 
 9.149999999999826e-08 -4.526218576594454e-02 
 9.159999999999825e-08 -4.675600439034211e-02 
 9.169999999999825e-08 -4.806538335964405e-02 
 9.179999999999824e-08 -4.918512897867444e-02 
 9.189999999999824e-08 -5.011088636138727e-02 
 9.199999999999823e-08 -5.083897677432136e-02 
 9.209999999999822e-08 -5.136657452638360e-02 
 9.219999999999822e-08 -5.169157202342967e-02 
 9.229999999999821e-08 -5.181271603005944e-02 
 9.239999999999821e-08 -5.172950138884191e-02 
 9.249999999999820e-08 -5.144226812848185e-02 
 9.259999999999820e-08 -5.095212042866559e-02 
 9.269999999999819e-08 -5.026098902120557e-02 
 9.279999999999818e-08 -4.937157022519556e-02 
 9.289999999999818e-08 -4.828735909943127e-02 
 9.299999999999817e-08 -4.701260305753108e-02 
 9.309999999999817e-08 -4.555231117593017e-02 
 9.319999999999816e-08 -4.391221740778439e-02 
 9.329999999999816e-08 -4.209877085389535e-02 
 9.339999999999815e-08 -4.011910443226308e-02 
 9.349999999999814e-08 -3.798101021601719e-02 
 9.359999999999814e-08 -3.569291032574706e-02 
 9.369999999999813e-08 -3.326382069235656e-02 
 9.379999999999813e-08 -3.070332187065161e-02 
 9.389999999999812e-08 -2.802151397263342e-02 
 9.399999999999812e-08 -2.522898588722100e-02 
 9.409999999999811e-08 -2.233676361592707e-02 
 9.419999999999810e-08 -1.935627707509835e-02 
 9.429999999999810e-08 -1.629930370395694e-02 
 9.439999999999809e-08 -1.317793257905264e-02 
 9.449999999999809e-08 -1.000450487256899e-02 
 9.459999999999808e-08 -6.791575461729815e-03 
 9.469999999999808e-08 -3.551851606032885e-03 
 9.479999999999807e-08 -2.981525604885960e-04 
 9.489999999999806e-08  2.956652312096297e-03 
 9.499999999999806e-08  6.199665114319242e-03 
 9.509999999999805e-08  9.418246365985761e-03 
 9.519999999999805e-08  1.259969060254940e-02 
 9.529999999999804e-08  1.573134951216737e-02 
 9.539999999999804e-08  1.880086424269867e-02 
 9.549999999999803e-08  2.179592215063009e-02 
 9.559999999999802e-08  2.470490741898201e-02 
 9.569999999999802e-08  2.751619125816562e-02 
 9.579999999999801e-08  3.021878360418384e-02 
 9.589999999999801e-08  3.280197804066320e-02 
 9.599999999999800e-08  3.525561207696137e-02 
 9.609999999999800e-08  3.757003034013850e-02 
 9.619999999999799e-08  3.973609302832259e-02 
 9.629999999999798e-08  4.174531586296881e-02 
 9.639999999999798e-08  4.358974731500664e-02 
 9.649999999999797e-08  4.526218577926633e-02 
 9.659999999999797e-08  4.675600440277039e-02 
 9.669999999999796e-08  4.806538337163224e-02 
 9.679999999999796e-08  4.918512898896266e-02 
 9.689999999999795e-08  5.011088637163041e-02 
 9.699999999999794e-08  5.083897678465377e-02 
 9.709999999999794e-08  5.136657453731064e-02 
 9.719999999999793e-08  5.169157203334507e-02 
 9.729999999999793e-08  5.181271604090343e-02 
 9.739999999999792e-08  5.172950140079791e-02 
 9.749999999999792e-08  5.144226813980102e-02 
 9.759999999999791e-08  5.095212043860697e-02 
 9.769999999999790e-08  5.026098903210352e-02 
 9.779999999999790e-08  4.937157023604932e-02 
 9.789999999999789e-08  4.828735910980164e-02 
 9.799999999999789e-08  4.701260306586752e-02 
 9.809999999999788e-08  4.555231118227865e-02 
 9.819999999999788e-08  4.391221741199769e-02 
 9.829999999999787e-08  4.209877085790659e-02 
 9.839999999999786e-08  4.011910443712652e-02 
 9.849999999999786e-08  3.798101022346589e-02 
 9.859999999999785e-08  3.569291033416611e-02 
 9.869999999999785e-08  3.326382069958944e-02 
 9.879999999999784e-08  3.070332187792024e-02 
 9.889999999999783e-08  2.802151398217534e-02 
 9.899999999999783e-08  2.522898589895406e-02 
 9.909999999999782e-08  2.233676362765813e-02 
 9.919999999999782e-08  1.935627708796206e-02 
 9.929999999999781e-08  1.629930371790955e-02 
 9.939999999999781e-08  1.317793259340472e-02 
 9.949999999999780e-08  1.000450488935134e-02 
 9.959999999999779e-08  6.791575480030509e-03 
 9.969999999999779e-08  3.551851624900904e-03 
 9.979999999999778e-08  2.981525780869632e-04 
 9.989999999999778e-08 -2.956652295334372e-03 
 9.999999999999777e-08 -6.199665098047591e-03 
 1.000999999999978e-07 -9.418246351532433e-03 
 1.001999999999978e-07 -1.259969058588606e-02 
 1.002999999999978e-07 -1.573134949852362e-02 
 1.003999999999977e-07 -1.880086423368632e-02 
 1.004999999999977e-07 -2.179592213981674e-02 
 1.005999999999977e-07 -2.470490740985154e-02 
 1.006999999999977e-07 -2.751619124558058e-02 
 1.007999999999977e-07 -3.021878359232222e-02 
 1.008999999999977e-07 -3.280197802827733e-02 
 1.009999999999977e-07 -3.525561206379546e-02 
 1.010999999999977e-07 -3.757003032366701e-02 
 1.011999999999977e-07 -3.973609301092584e-02 
 1.012999999999977e-07 -4.174531584656260e-02 
 1.013999999999977e-07 -4.358974730178344e-02 
 1.014999999999977e-07 -4.526218576761987e-02 
 1.015999999999977e-07 -4.675600439254524e-02 
 1.016999999999977e-07 -4.806538336290633e-02 
 1.017999999999977e-07 -4.918512898077276e-02 
 1.018999999999977e-07 -5.011088636276817e-02 
 1.019999999999977e-07 -5.083897677357618e-02 
 1.020999999999977e-07 -5.136657452522519e-02 
 1.021999999999976e-07 -5.169157202152941e-02 
 1.022999999999976e-07 -5.181271602805992e-02 
 1.023999999999976e-07 -5.172950138896670e-02 
 1.024999999999976e-07 -5.144226813072073e-02 
 1.025999999999976e-07 -5.095212043066688e-02 
 1.026999999999976e-07 -5.026098902220144e-02 
 1.027999999999976e-07 -4.937157022549443e-02 
 1.028999999999976e-07 -4.828735910068938e-02 
 1.029999999999976e-07 -4.701260305911070e-02 
 1.030999999999976e-07 -4.555231117737302e-02 
 1.031999999999976e-07 -4.391221740798956e-02 
 1.032999999999976e-07 -4.209877085341818e-02 
 1.033999999999976e-07 -4.011910443113087e-02 
 1.034999999999976e-07 -3.798101021622391e-02 
 1.035999999999976e-07 -3.569291032705046e-02 
 1.036999999999976e-07 -3.326382069408185e-02 
 1.037999999999976e-07 -3.070332187316072e-02 
 1.038999999999975e-07 -2.802151397564434e-02 
 1.039999999999975e-07 -2.522898589065936e-02 
 1.040999999999975e-07 -2.233676361930748e-02 
 1.041999999999975e-07 -1.935627707827292e-02 
 1.042999999999975e-07 -1.629930370775456e-02 
 1.043999999999975e-07 -1.317793258266842e-02 
 1.044999999999975e-07 -1.000450487543203e-02 
 1.045999999999975e-07 -6.791575463815702e-03 
 1.046999999999975e-07 -3.551851608752488e-03 
 1.047999999999975e-07 -2.981525629421888e-04 
 1.048999999999975e-07  2.956652310293295e-03 
 1.049999999999975e-07  6.199665112556429e-03 
 1.050999999999975e-07  9.418246367842276e-03 
 1.051999999999975e-07  1.259969059909460e-02 
 1.052999999999975e-07  1.573134951170330e-02 
 1.053999999999975e-07  1.880086424748262e-02 
 1.054999999999975e-07  2.179592215004611e-02 
 1.055999999999975e-07  2.470490742154685e-02 
 1.056999999999974e-07  2.751619125612947e-02 
 1.057999999999974e-07  3.021878360338226e-02 
 1.058999999999974e-07  3.280197803776108e-02 
 1.059999999999974e-07  3.525561207390582e-02 
 1.060999999999974e-07  3.757003033746331e-02 
 1.061999999999974e-07  3.973609302747216e-02 
 1.062999999999974e-07  4.174531586366093e-02 
 1.063999999999974e-07  4.358974731568122e-02 
 1.064999999999974e-07  4.526218577966090e-02 
 1.065999999999974e-07  4.675600440333394e-02 
 1.066999999999974e-07  4.806538337105182e-02 
 1.067999999999974e-07  4.918512898729688e-02 
 1.068999999999974e-07  5.011088637060990e-02 
 1.069999999999974e-07  5.083897678363725e-02 
 1.070999999999974e-07  5.136657453643756e-02 
 1.071999999999974e-07  5.169157203351071e-02 
 1.072999999999974e-07  5.181271604218840e-02 
 1.073999999999973e-07  5.172950140309962e-02 
 1.074999999999973e-07  5.144226814254571e-02 
 1.075999999999973e-07  5.095212044092801e-02 
 1.076999999999973e-07  5.026098903321219e-02 
 1.077999999999973e-07  4.937157023559413e-02 
 1.078999999999973e-07  4.828735910819715e-02 
 1.079999999999973e-07  4.701260306314659e-02 
 1.080999999999973e-07  4.555231118045522e-02 
 1.081999999999973e-07  4.391221741161844e-02 
 1.082999999999973e-07  4.209877085876057e-02 
 1.083999999999973e-07  4.011910443839861e-02 
 1.084999999999973e-07  3.798101022604072e-02 
 1.085999999999973e-07  3.569291033671163e-02 
 1.086999999999973e-07  3.326382070286660e-02 
 1.087999999999973e-07  3.070332188192393e-02 
 1.088999999999973e-07  2.802151398528130e-02 
 1.089999999999973e-07  2.522898589988487e-02 
 1.090999999999973e-07  2.233676362773007e-02 
 1.091999999999972e-07  1.935627708663845e-02 
 1.092999999999972e-07  1.629930371569643e-02 
 1.093999999999972e-07  1.317793259067357e-02 
 1.094999999999972e-07  1.000450488571536e-02 
 1.095999999999972e-07  6.791575477008926e-03 
 1.096999999999972e-07  3.551851621876878e-03 
 1.097999999999972e-07  2.981525772423055e-04 
 1.098999999999972e-07 -2.956652295928119e-03 
 1.099999999999972e-07 -6.199665098784113e-03 
 1.100999999999972e-07 -9.418246355370696e-03 
 1.101999999999972e-07 -1.259969058318866e-02 
 1.102999999999972e-07 -1.573134949720489e-02 
 1.103999999999972e-07 -1.880086423660621e-02 
 1.104999999999972e-07 -2.179592213855108e-02 
 1.105999999999972e-07 -2.470490741123688e-02 
 1.106999999999972e-07 -2.751619124335014e-02 
 1.107999999999972e-07 -3.021878359133079e-02 
 1.108999999999971e-07 -3.280197802620233e-02 
 1.109999999999971e-07 -3.525561206331695e-02 
 1.110999999999971e-07 -3.757003032456740e-02 
 1.111999999999971e-07 -3.973609301175363e-02 
 1.112999999999971e-07 -4.174531584679153e-02 
 1.113999999999971e-07 -4.358974730048493e-02 
 1.114999999999971e-07 -4.526218576563412e-02 
 1.115999999999971e-07 -4.675600438950367e-02 
 1.116999999999971e-07 -4.806538336005928e-02 
 1.117999999999971e-07 -4.918512897846972e-02 
 1.118999999999971e-07 -5.011088636156580e-02 
 1.119999999999971e-07 -5.083897677391214e-02 
 1.120999999999971e-07 -5.136657452621840e-02 
 1.121999999999971e-07 -5.169157202328445e-02 
 1.122999999999971e-07 -5.181271602989490e-02 
 1.123999999999971e-07 -5.172950138881038e-02 
 1.124999999999971e-07 -5.144226812874875e-02 
 1.125999999999971e-07 -5.095212042787090e-02 
 1.126999999999970e-07 -5.026098901979181e-02 
 1.127999999999970e-07 -4.937157022405936e-02 
 1.128999999999970e-07 -4.828735910088544e-02 
 1.129999999999970e-07 -4.701260305963673e-02 
 1.130999999999970e-07 -4.555231117787950e-02 
 1.131999999999970e-07 -4.391221740942552e-02 
 1.132999999999970e-07 -4.209877085538904e-02 
 1.133999999999970e-07 -4.011910443315148e-02 
 1.134999999999970e-07 -3.798101021672595e-02 
 1.135999999999970e-07 -3.569291032614408e-02 
 1.136999999999970e-07 -3.326382069273381e-02 
 1.137999999999970e-07 -3.070332187064184e-02 
 1.138999999999970e-07 -2.802151397298647e-02 
 1.139999999999970e-07 -2.522898588742040e-02 
 1.140999999999970e-07 -2.233676361621417e-02 
 1.141999999999970e-07 -1.935627707592991e-02 
 1.142999999999970e-07 -1.629930370639032e-02 
 1.143999999999969e-07 -1.317793258291666e-02 
 1.144999999999969e-07 -1.000450487657156e-02 
 1.145999999999969e-07 -6.791575466346789e-03 
 1.146999999999969e-07 -3.551851610381851e-03 
 1.147999999999969e-07 -2.981525635554760e-04 
 1.148999999999969e-07  2.956652310142971e-03 
 1.149999999999969e-07  6.199665111501274e-03 
 1.150999999999969e-07  9.418246368300576e-03 
 1.151999999999969e-07  1.259969059450716e-02 
 1.152999999999969e-07  1.573134950765787e-02 
 1.153999999999969e-07  1.880086424707228e-02 
 1.154999999999969e-07  2.179592214739645e-02 
 1.155999999999969e-07  2.470490742288378e-02 
 1.156999999999969e-07  2.751619125719573e-02 
 1.157999999999969e-07  3.021878360621089e-02 
 1.158999999999969e-07  3.280197804027352e-02 
 1.159999999999969e-07  3.525561207669403e-02 
 1.160999999999969e-07  3.757003033848227e-02 
 1.161999999999968e-07  3.973609302694636e-02 
 1.162999999999968e-07  4.174531586324348e-02 
 1.163999999999968e-07  4.358974731599008e-02 
 1.164999999999968e-07  4.526218578151076e-02 
 1.165999999999968e-07  4.675600440521333e-02 
 1.166999999999968e-07  4.806538337431765e-02 
 1.167999999999968e-07  4.918512898953376e-02 
 1.168999999999968e-07  5.011088637113903e-02 
 1.169999999999968e-07  5.083897678314897e-02 
 1.170999999999968e-07  5.136657453492011e-02 
 1.171999999999968e-07  5.169157203120189e-02 
 1.172999999999968e-07  5.181271603939952e-02 
 1.173999999999968e-07  5.172950139992527e-02 
 1.174999999999968e-07  5.144226813994024e-02 
 1.175999999999968e-07  5.095212044007824e-02 
 1.176999999999968e-07  5.026098903320841e-02 
 1.177999999999968e-07  4.937157023700056e-02 
 1.178999999999967e-07  4.828735911051574e-02 
 1.179999999999967e-07  4.701260306624055e-02 
 1.180999999999967e-07  4.555231118339065e-02 
 1.181999999999967e-07  4.391221741486695e-02 
 1.182999999999967e-07  4.209877086238212e-02 
 1.183999999999967e-07  4.011910444154720e-02 
 1.184999999999967e-07  3.798101022706324e-02 
 1.185999999999967e-07  3.569291033705602e-02 
 1.186999999999967e-07  3.326382070236766e-02 
 1.187999999999967e-07  3.070332188125580e-02 
 1.188999999999967e-07  2.802151398497976e-02 
 1.189999999999967e-07  2.522898590092093e-02 
 1.190999999999967e-07  2.233676362918380e-02 
 1.191999999999967e-07  1.935627708814791e-02 
 1.192999999999967e-07  1.629930371690236e-02 
 1.193999999999967e-07  1.317793259242395e-02 
 1.194999999999967e-07  1.000450488805527e-02 
 1.195999999999967e-07  6.791575478650724e-03 
 1.196999999999967e-07  3.551851622662916e-03 
 1.197999999999967e-07  2.981525764160775e-04 
 1.198999999999967e-07 -2.956652296645990e-03 
 1.199999999999967e-07 -6.199665099388074e-03 
 1.200999999999967e-07 -9.418246358357640e-03 
 1.201999999999967e-07 -1.259969058353527e-02 
 1.202999999999968e-07 -1.573134949792743e-02 
 1.203999999999968e-07 -1.880086423935334e-02 
 1.204999999999968e-07 -2.179592213843717e-02 
 1.205999999999968e-07 -2.470490741267661e-02 
 1.206999999999968e-07 -2.751619124418148e-02 
 1.207999999999968e-07 -3.021878359347641e-02 
 1.208999999999968e-07 -3.280197802801044e-02 
 1.209999999999968e-07 -3.525561206410410e-02 
 1.210999999999968e-07 -3.757003032438067e-02 
 1.211999999999968e-07 -3.973609301250369e-02 
 1.212999999999968e-07 -4.174531584860230e-02 
 1.213999999999968e-07 -4.358974730244980e-02 
 1.214999999999968e-07 -4.526218576890062e-02 
 1.215999999999969e-07 -4.675600439268890e-02 
 1.216999999999969e-07 -4.806538336350452e-02 
 1.217999999999969e-07 -4.918512898184213e-02 
 1.218999999999969e-07 -5.011088636478789e-02 
 1.219999999999969e-07 -5.083897677524662e-02 
 1.220999999999969e-07 -5.136657452659010e-02 
 1.221999999999969e-07 -5.169157202231034e-02 
 1.222999999999969e-07 -5.181271602785098e-02 
 1.223999999999969e-07 -5.172950138693211e-02 
 1.224999999999969e-07 -5.144226812808128e-02 
 1.225999999999969e-07 -5.095212042857611e-02 
 1.226999999999969e-07 -5.026098902050324e-02 
 1.227999999999969e-07 -4.937157022387595e-02 
 1.228999999999970e-07 -4.828735909995063e-02 
 1.229999999999970e-07 -4.701260305866573e-02 
 1.230999999999970e-07 -4.555231117701175e-02 
 1.231999999999970e-07 -4.391221740822759e-02 
 1.232999999999970e-07 -4.209877085554603e-02 
 1.233999999999970e-07 -4.011910443434652e-02 
 1.234999999999970e-07 -3.798101021806222e-02 
 1.235999999999970e-07 -3.569291032709820e-02 
 1.236999999999970e-07 -3.326382069418621e-02 
 1.237999999999970e-07 -3.070332187301350e-02 
 1.238999999999970e-07 -2.802151397461827e-02 
 1.239999999999970e-07 -2.522898588845135e-02 
 1.240999999999970e-07 -2.233676361801629e-02 
 1.241999999999970e-07 -1.935627707751331e-02 
 1.242999999999971e-07 -1.629930370592314e-02 
 1.243999999999971e-07 -1.317793258021349e-02 
 1.244999999999971e-07 -1.000450487358573e-02 
 1.245999999999971e-07 -6.791575462699928e-03 
 1.246999999999971e-07 -3.551851606707235e-03 
 1.247999999999971e-07 -2.981525606844393e-04 
 1.248999999999971e-07  2.956652312311014e-03 
 1.249999999999971e-07  6.199665112853525e-03 
 1.250999999999971e-07  9.418246370727967e-03 
 1.251999999999971e-07  1.259969059517463e-02 
 1.252999999999971e-07  1.573134950969446e-02 
 1.253999999999971e-07  1.880086424997507e-02 
 1.254999999999971e-07  2.179592214719950e-02 
 1.255999999999972e-07  2.470490742289000e-02 
 1.256999999999972e-07  2.751619125461979e-02 
 1.257999999999972e-07  3.021878360415875e-02 
 1.258999999999972e-07  3.280197803685803e-02 
 1.259999999999972e-07  3.525561207341843e-02 
 1.260999999999972e-07  3.757003033552619e-02 
 1.261999999999972e-07  3.973609302593117e-02 
 1.262999999999972e-07  4.174531586345931e-02 
 1.263999999999972e-07  4.358974731733145e-02 
 1.264999999999972e-07  4.526218578384755e-02 
 1.265999999999972e-07  4.675600440717309e-02 
 1.266999999999972e-07  4.806538337556221e-02 
 1.267999999999972e-07  4.918512899134986e-02 
 1.268999999999973e-07  5.011088637359240e-02 
 1.269999999999973e-07  5.083897678607308e-02 
 1.270999999999973e-07  5.136657453959215e-02 
 1.271999999999973e-07  5.169157203592367e-02 
 1.272999999999973e-07  5.181271604193416e-02 
 1.273999999999973e-07  5.172950140045818e-02 
 1.274999999999973e-07  5.144226813944708e-02 
 1.275999999999973e-07  5.095212043803010e-02 
 1.276999999999973e-07  5.026098903186815e-02 
 1.277999999999973e-07  4.937157023680006e-02 
 1.278999999999973e-07  4.828735911153781e-02 
 1.279999999999973e-07  4.701260306757282e-02 
 1.280999999999973e-07  4.555231118334824e-02 
 1.281999999999973e-07  4.391221741375562e-02 
 1.282999999999974e-07  4.209877086128122e-02 
 1.283999999999974e-07  4.011910444163247e-02 
 1.284999999999974e-07  3.798101022818101e-02 
 1.285999999999974e-07  3.569291033792088e-02 
 1.286999999999974e-07  3.326382070239609e-02 
 1.287999999999974e-07  3.070332188076419e-02 
 1.288999999999974e-07  2.802151398560349e-02 
 1.289999999999974e-07  2.522898590108102e-02 
 1.290999999999974e-07  2.233676362835513e-02 
 1.291999999999974e-07  1.935627708719601e-02 
 1.292999999999974e-07  1.629930371724075e-02 
 1.293999999999974e-07  1.317793259292710e-02 
 1.294999999999974e-07  1.000450488783278e-02 
 1.295999999999975e-07  6.791575478145351e-03 
 1.296999999999975e-07  3.551851622888069e-03 
 1.297999999999975e-07  2.981525772143279e-04 
 1.298999999999975e-07 -2.956652297384066e-03 
 1.299999999999975e-07 -6.199665100004248e-03 
 1.300999999999975e-07 -9.418246358466886e-03 
 1.301999999999975e-07 -1.259969058133192e-02 
 1.302999999999975e-07 -1.573134949569166e-02 
 1.303999999999975e-07 -1.880086423813165e-02 
 1.304999999999975e-07 -2.179592213713977e-02 
 1.305999999999975e-07 -2.470490741381659e-02 
 1.306999999999975e-07 -2.751619124438953e-02 
 1.307999999999975e-07 -3.021878359414787e-02 
 1.308999999999976e-07 -3.280197802919549e-02 
 1.309999999999976e-07 -3.525561206617289e-02 
 1.310999999999976e-07 -3.757003032614548e-02 
 1.311999999999976e-07 -3.973609301365699e-02 
 1.312999999999976e-07 -4.174531585017816e-02 
 1.313999999999976e-07 -4.358974730482212e-02 
 1.314999999999976e-07 -4.526218577071406e-02 
 1.315999999999976e-07 -4.675600439337235e-02 
 1.316999999999976e-07 -4.806538336277266e-02 
 1.317999999999976e-07 -4.918512898026917e-02 
 1.318999999999976e-07 -5.011088636217265e-02 
 1.319999999999976e-07 -5.083897677328775e-02 
 1.320999999999976e-07 -5.136657452592464e-02 
 1.321999999999977e-07 -5.169157202280994e-02 
 1.322999999999977e-07 -5.181271602985560e-02 
 1.323999999999977e-07 -5.172950138924559e-02 
 1.324999999999977e-07 -5.144226812986319e-02 
 1.325999999999977e-07 -5.095212042884123e-02 
 1.326999999999977e-07 -5.026098901985998e-02 
 1.327999999999977e-07 -4.937157022278971e-02 
 1.328999999999977e-07 -4.828735909751325e-02 
 1.329999999999977e-07 -4.701260305560861e-02 
 1.330999999999977e-07 -4.555231117406278e-02 
 1.331999999999977e-07 -4.391221740516560e-02 
 1.332999999999977e-07 -4.209877085201308e-02 
 1.333999999999977e-07 -4.011910443167421e-02 
 1.334999999999977e-07 -3.798101021702727e-02 
 1.335999999999978e-07 -3.569291032761646e-02 
 1.336999999999978e-07 -3.326382069449152e-02 
 1.337999999999978e-07 -3.070332187339497e-02 
 1.338999999999978e-07 -2.802151397547070e-02 
 1.339999999999978e-07 -2.522898589042399e-02 
 1.340999999999978e-07 -2.233676361940207e-02 
 1.341999999999978e-07 -1.935627707883425e-02 
 1.342999999999978e-07 -1.629930370794863e-02 
 1.343999999999978e-07 -1.317793258261002e-02 
 1.344999999999978e-07 -1.000450487619764e-02 
 1.345999999999978e-07 -6.791575465647348e-03 
 1.346999999999978e-07 -3.551851609357337e-03 
 1.347999999999978e-07 -2.981525615357583e-04 
 1.348999999999979e-07  2.956652311837615e-03 
 1.349999999999979e-07  6.199665111689789e-03 
 1.350999999999979e-07  9.418246370699102e-03 
 1.351999999999979e-07  1.259969059360300e-02 
 1.352999999999979e-07  1.573134950772737e-02 
 1.353999999999979e-07  1.880086424833483e-02 
 1.354999999999979e-07  2.179592214507098e-02 
 1.355999999999979e-07  2.470490742322373e-02 
 1.356999999999979e-07  2.751619125544336e-02 
 1.357999999999979e-07  3.021878360513020e-02 
 1.358999999999979e-07  3.280197803771090e-02 
 1.359999999999979e-07  3.525561207501826e-02 
 1.360999999999979e-07  3.757003033706585e-02 
 1.361999999999980e-07  3.973609302486847e-02 
 1.362999999999980e-07  4.174531586075103e-02 
 1.363999999999980e-07  4.358974731369081e-02 
 1.364999999999980e-07  4.526218577977748e-02 
 1.365999999999980e-07  4.675600440335836e-02 
 1.366999999999980e-07  4.806538337157162e-02 
 1.367999999999980e-07  4.918512898766103e-02 
 1.368999999999980e-07  5.011088636982874e-02 
 1.369999999999980e-07  5.083897678158933e-02 
 1.370999999999980e-07  5.136657453505822e-02 
 1.371999999999980e-07  5.169157203277930e-02 
 1.372999999999980e-07  5.181271604169990e-02 
 1.373999999999980e-07  5.172950140238308e-02 
 1.374999999999980e-07  5.144226814240538e-02 
 1.375999999999981e-07  5.095212044042041e-02 
 1.376999999999981e-07  5.026098903300436e-02 
 1.377999999999981e-07  4.937157023515670e-02 
 1.378999999999981e-07  4.828735910909110e-02 
 1.379999999999981e-07  4.701260306613642e-02 
 1.380999999999981e-07  4.555231118345149e-02 
 1.381999999999981e-07  4.391221741404094e-02 
 1.382999999999981e-07  4.209877086066616e-02 
 1.383999999999981e-07  4.011910444029243e-02 
 1.384999999999981e-07  3.798101022699596e-02 
 1.385999999999981e-07  3.569291033762112e-02 
 1.386999999999981e-07  3.326382070311862e-02 
 1.387999999999981e-07  3.070332188179004e-02 
 1.388999999999982e-07  2.802151398545627e-02 
 1.389999999999982e-07  2.522898590016687e-02 
 1.390999999999982e-07  2.233676362778847e-02 
 1.391999999999982e-07  1.935627708660292e-02 
 1.392999999999982e-07  1.629930371553723e-02 
 1.393999999999982e-07  1.317793259074085e-02 
 1.394999999999982e-07  1.000450488593874e-02 
 1.395999999999982e-07  6.791575476713607e-03 
 1.396999999999982e-07  3.551851621694357e-03 
 1.397999999999982e-07  2.981525772138838e-04 
 1.398999999999982e-07 -2.956652296136175e-03 
 1.399999999999982e-07 -6.199665099049678e-03 
 1.400999999999982e-07 -9.418246358499971e-03 
 1.401999999999983e-07 -1.259969057971677e-02 
 1.402999999999983e-07 -1.573134949485810e-02 
 1.403999999999983e-07 -1.880086423759986e-02 
 1.404999999999983e-07 -2.179592213452275e-02 
 1.405999999999983e-07 -2.470490741263620e-02 
 1.406999999999983e-07 -2.751619124311300e-02 
 1.407999999999983e-07 -3.021878359265151e-02 
 1.408999999999983e-07 -3.280197802667395e-02 
 1.409999999999983e-07 -3.525561206416561e-02 
 1.410999999999983e-07 -3.757003032477590e-02 
 1.411999999999983e-07 -3.973609301221681e-02 
 1.412999999999983e-07 -4.174531584731778e-02 
 1.413999999999983e-07 -4.358974730066634e-02 
 1.414999999999983e-07 -4.526218576620744e-02 
 1.415999999999984e-07 -4.675600438977368e-02 
 1.416999999999984e-07 -4.806538335987809e-02 
 1.417999999999984e-07 -4.918512897789284e-02 
 1.418999999999984e-07 -5.011088636189287e-02 
 1.419999999999984e-07 -5.083897677424254e-02 
 1.420999999999984e-07 -5.136657452674043e-02 
 1.421999999999984e-07 -5.169157202339569e-02 
 1.422999999999984e-07 -5.181271603035342e-02 
 1.423999999999984e-07 -5.172950138877930e-02 
 1.424999999999984e-07 -5.144226812879249e-02 
 1.425999999999984e-07 -5.095212042783159e-02 
 1.426999999999984e-07 -5.026098901991594e-02 
 1.427999999999984e-07 -4.937157022413441e-02 
 1.428999999999985e-07 -4.828735910122250e-02 
 1.429999999999985e-07 -4.701260305948218e-02 
 1.430999999999985e-07 -4.555231117786995e-02 
 1.431999999999985e-07 -4.391221740895279e-02 
 1.432999999999985e-07 -4.209877085527447e-02 
 1.433999999999985e-07 -4.011910443300759e-02 
 1.434999999999985e-07 -3.798101021720668e-02 
 1.435999999999985e-07 -3.569291032608457e-02 
 1.436999999999985e-07 -3.326382069241274e-02 
 1.437999999999985e-07 -3.070332187078018e-02 
 1.438999999999985e-07 -2.802151397290342e-02 
 1.439999999999985e-07 -2.522898588725608e-02 
 1.440999999999985e-07 -2.233676361603254e-02 
 1.441999999999986e-07 -1.935627707571452e-02 
 1.442999999999986e-07 -1.629930370656618e-02 
 1.443999999999986e-07 -1.317793258300615e-02 
 1.444999999999986e-07 -1.000450487672633e-02 
 1.445999999999986e-07 -6.791575465984412e-03 
 1.446999999999986e-07 -3.551851610415158e-03 
 1.447999999999986e-07 -2.981525636902571e-04 
 1.448999999999986e-07  2.956652310181829e-03 
 1.449999999999986e-07  6.199665110432351e-03 
 1.450999999999986e-07  9.418246368961158e-03 
 1.451999999999986e-07  1.259969059067378e-02 
 1.452999999999986e-07  1.573134950559263e-02 
 1.453999999999986e-07  1.880086424804284e-02 
 1.454999999999986e-07  2.179592214532722e-02 
 1.455999999999987e-07  2.470490742402154e-02 
 1.456999999999987e-07  2.751619125505433e-02 
 1.457999999999987e-07  3.021878360400487e-02 
 1.458999999999987e-07  3.280197803546536e-02 
 1.459999999999987e-07  3.525561207212169e-02 
 1.460999999999987e-07  3.757003033478101e-02 
 1.461999999999987e-07  3.973609302455205e-02 
 1.462999999999987e-07  4.174531586120866e-02 
 1.463999999999987e-07  4.358974731440912e-02 
 1.464999999999987e-07  4.526218578028929e-02 
 1.465999999999987e-07  4.675600440446126e-02 
 1.466999999999987e-07  4.806538337474686e-02 
 1.467999999999987e-07  4.918512899102034e-02 
 1.468999999999988e-07  5.011088637229322e-02 
 1.469999999999988e-07  5.083897678379645e-02 
 1.470999999999988e-07  5.136657453663562e-02 
 1.471999999999988e-07  5.169157203368391e-02 
 1.472999999999988e-07  5.181271604236493e-02 
 1.473999999999988e-07  5.172950140310095e-02 
 1.474999999999988e-07  5.144226814275354e-02 
 1.475999999999988e-07  5.095212044193498e-02 
 1.476999999999988e-07  5.026098903501985e-02 
 1.477999999999988e-07  4.937157023688976e-02 
 1.478999999999988e-07  4.828735910924653e-02 
 1.479999999999988e-07  4.701260306504063e-02 
 1.480999999999988e-07  4.555231118158254e-02 
 1.481999999999989e-07  4.391221741179008e-02 
 1.482999999999989e-07  4.209877085867064e-02 
 1.483999999999989e-07  4.011910443850919e-02 
 1.484999999999989e-07  3.798101022480171e-02 
 1.485999999999989e-07  3.569291033511357e-02 
 1.486999999999989e-07  3.326382070154454e-02 
 1.487999999999989e-07  3.070332188049529e-02 
 1.488999999999989e-07  2.802151398446706e-02 
 1.489999999999989e-07  2.522898590027634e-02 
 1.490999999999989e-07  2.233676362875792e-02 
 1.491999999999989e-07  1.935627708782528e-02 
 1.492999999999989e-07  1.629930371654642e-02 
 1.493999999999989e-07  1.317793259228472e-02 
 1.494999999999989e-07  1.000450488777660e-02 
 1.495999999999990e-07  6.791575478685807e-03 
 1.496999999999990e-07  3.551851622247026e-03 
 1.497999999999990e-07  2.981525753593672e-04 
 1.498999999999990e-07 -2.956652299463292e-03 
 1.499999999999990e-07 -6.199665102376573e-03 
 1.500999999999990e-07 -9.418246361968974e-03 
 1.501999999999990e-07 -1.259969058153132e-02 
 1.502999999999990e-07 -1.573134949728883e-02 
 1.503999999999990e-07 -1.880086424106886e-02 
 1.504999999999990e-07 -2.179592213608439e-02 
 1.505999999999990e-07 -2.470490741203468e-02 
 1.506999999999990e-07 -2.751619124180538e-02 
 1.507999999999990e-07 -3.021878359285202e-02 
 1.508999999999991e-07 -3.280197802697415e-02 
 1.509999999999991e-07 -3.525561206371730e-02 
 1.510999999999991e-07 -3.757003032316875e-02 
 1.511999999999991e-07 -3.973609301048353e-02 
 1.512999999999991e-07 -4.174531584693697e-02 
 1.513999999999991e-07 -4.358974730118259e-02 
 1.514999999999991e-07 -4.526218576698327e-02 
 1.515999999999991e-07 -4.675600439029703e-02 
 1.516999999999991e-07 -4.806538336118127e-02 
 1.517999999999991e-07 -4.918512898033223e-02 
 1.518999999999991e-07 -5.011088636353911e-02 
 1.519999999999991e-07 -5.083897677457738e-02 
 1.520999999999991e-07 -5.136657452605364e-02 
 1.521999999999992e-07 -5.169157202211205e-02 
 1.522999999999992e-07 -5.181271602775950e-02 
 1.523999999999992e-07 -5.172950138685195e-02 
 1.524999999999992e-07 -5.144226812788966e-02 
 1.525999999999992e-07 -5.095212042811159e-02 
 1.526999999999992e-07 -5.026098902039333e-02 
 1.527999999999992e-07 -4.937157022398653e-02 
 1.528999999999992e-07 -4.828735909948789e-02 
 1.529999999999992e-07 -4.701260305836930e-02 
 1.530999999999992e-07 -4.555231117737657e-02 
 1.531999999999992e-07 -4.391221740825269e-02 
 1.532999999999992e-07 -4.209877085565217e-02 
 1.533999999999992e-07 -4.011910443527800e-02 
 1.534999999999993e-07 -3.798101022020361e-02 
 1.535999999999993e-07 -3.569291033039423e-02 
 1.536999999999993e-07 -3.326382069545897e-02 
 1.537999999999993e-07 -3.070332187319647e-02 
 1.538999999999993e-07 -2.802151397550401e-02 
 1.539999999999993e-07 -2.522898589037670e-02 
 1.540999999999993e-07 -2.233676361898995e-02 
 1.541999999999993e-07 -1.935627707898657e-02 
 1.542999999999993e-07 -1.629930370903132e-02 
 1.543999999999993e-07 -1.317793258387923e-02 
 1.544999999999993e-07 -1.000450487631421e-02 
 1.545999999999993e-07 -6.791575464621280e-03 
 1.546999999999993e-07 -3.551851608139867e-03 
 1.547999999999993e-07 -2.981525621652548e-04 
 1.548999999999994e-07  2.956652311567609e-03 
 1.549999999999994e-07  6.199665112607056e-03 
 1.550999999999994e-07  9.418246371684313e-03 
 1.551999999999994e-07  1.259969059241262e-02 
 1.552999999999994e-07  1.573134950609623e-02 
 1.553999999999994e-07  1.880086424693639e-02 
 1.554999999999994e-07  2.179592214159931e-02 
 1.555999999999994e-07  2.470490742023124e-02 
 1.556999999999994e-07  2.751619125164595e-02 
 1.557999999999994e-07  3.021878360183683e-02 
 1.558999999999994e-07  3.280197803412799e-02 
 1.559999999999994e-07  3.525561207128791e-02 
 1.560999999999994e-07  3.757003033367234e-02 
 1.561999999999995e-07  3.973609302382908e-02 
 1.562999999999995e-07  4.174531586102259e-02 
 1.563999999999995e-07  4.358974731418264e-02 
 1.564999999999995e-07  4.526218577916263e-02 
 1.565999999999995e-07  4.675600440162886e-02 
 1.566999999999995e-07  4.806538337057398e-02 
 1.567999999999995e-07  4.918512898722982e-02 
 1.568999999999995e-07  5.011088637080441e-02 
 1.569999999999995e-07  5.083897678275640e-02 
 1.570999999999995e-07  5.136657453488658e-02 
 1.571999999999995e-07  5.169157203111996e-02 
 1.572999999999995e-07  5.181271603957338e-02 
 1.573999999999995e-07  5.172950139971966e-02 
 1.574999999999996e-07  5.144226813913488e-02 
 1.575999999999996e-07  5.095212043770569e-02 
 1.576999999999996e-07  5.026098903182463e-02 
 1.577999999999996e-07  4.937157023599004e-02 
 1.578999999999996e-07  4.828735910940463e-02 
 1.579999999999996e-07  4.701260306562016e-02 
 1.580999999999996e-07  4.555231118206016e-02 
 1.581999999999996e-07  4.391221741186269e-02 
 1.582999999999996e-07  4.209877085822344e-02 
 1.583999999999996e-07  4.011910443689537e-02 
 1.584999999999996e-07  3.798101022327671e-02 
 1.585999999999996e-07  3.569291033426003e-02 
 1.586999999999996e-07  3.326382069967937e-02 
 1.587999999999996e-07  3.070332187803548e-02 
 1.588999999999997e-07  2.802151398257902e-02 
 1.589999999999997e-07  2.522898589907241e-02 
 1.590999999999997e-07  2.233676362780801e-02 
 1.591999999999997e-07  1.935627708796095e-02 
 1.592999999999997e-07  1.629930371786292e-02 
 1.593999999999997e-07  1.317793259330990e-02 
 1.594999999999997e-07  1.000450488864879e-02 
 1.595999999999997e-07  6.791575480183720e-03 
 1.596999999999997e-07  3.551851624475022e-03 
 1.597999999999997e-07  2.981525784457872e-04 
 1.598999999999997e-07 -2.956652296286277e-03 
 1.599999999999997e-07 -6.199665100250051e-03 
 1.600999999999997e-07 -9.418246361360794e-03 
 1.601999999999998e-07 -1.259969058205290e-02 
 1.602999999999998e-07 -1.573134949743316e-02 
 1.603999999999998e-07 -1.880086424133665e-02 
 1.604999999999998e-07 -2.179592213675363e-02 
 1.605999999999998e-07 -2.470490741435083e-02 
 1.606999999999998e-07 -2.751619124312121e-02 
 1.607999999999998e-07 -3.021878359437702e-02 
 1.608999999999998e-07 -3.280197802855556e-02 
 1.609999999999998e-07 -3.525561206570438e-02 
 1.610999999999998e-07 -3.757003032602957e-02 
 1.611999999999998e-07 -3.973609301381309e-02 
 1.612999999999998e-07 -4.174531584974694e-02 
 1.613999999999998e-07 -4.358974730212828e-02 
 1.614999999999999e-07 -4.526218576754570e-02 
 1.615999999999999e-07 -4.675600439179162e-02 
 1.616999999999999e-07 -4.806538336240385e-02 
 1.617999999999999e-07 -4.918512898029315e-02 
 1.618999999999999e-07 -5.011088636261185e-02 
 1.619999999999999e-07 -5.083897677336902e-02 
 1.620999999999999e-07 -5.136657452540283e-02 
 1.621999999999999e-07 -5.169157202095187e-02 
 1.622999999999999e-07 -5.181271602828152e-02 
 1.623999999999999e-07 -5.172950138803989e-02 
 1.624999999999999e-07 -5.144226812842256e-02 
 1.625999999999999e-07 -5.095212042663189e-02 
 1.626999999999999e-07 -5.026098901820131e-02 
 1.627999999999999e-07 -4.937157022187177e-02 
 1.629000000000000e-07 -4.828735909840232e-02 
 1.630000000000000e-07 -4.701260305676080e-02 
 1.631000000000000e-07 -4.555231117456593e-02 
 1.632000000000000e-07 -4.391221740629492e-02 
 1.633000000000000e-07 -4.209877085416291e-02 
 1.634000000000000e-07 -4.011910443301114e-02 
 1.635000000000000e-07 -3.798101021801426e-02 
 1.636000000000000e-07 -3.569291032785227e-02 
 1.637000000000000e-07 -3.326382069510192e-02 
 1.638000000000000e-07 -3.070332187367542e-02 
 1.639000000000000e-07 -2.802151397593899e-02 
 1.640000000000000e-07 -2.522898589085920e-02 
 1.641000000000000e-07 -2.233676361957726e-02 
 1.642000000000001e-07 -1.935627707886467e-02 
 1.643000000000001e-07 -1.629930370747501e-02 
 1.644000000000001e-07 -1.317793258238331e-02 
 1.645000000000001e-07 -1.000450487537585e-02 
 1.646000000000001e-07 -6.791575463980681e-03 
 1.647000000000001e-07 -3.551851607747958e-03 
 1.648000000000001e-07 -2.981525605820767e-04 
 1.649000000000001e-07  2.956652313517383e-03 
 1.650000000000001e-07  6.199665114143160e-03 
 1.651000000000001e-07  9.418246373599670e-03 
 1.652000000000001e-07  1.259969059407440e-02 
 1.653000000000001e-07  1.573134950833177e-02 
 1.654000000000001e-07  1.880086424993399e-02 
 1.655000000000002e-07  2.179592214455806e-02 
 1.656000000000002e-07  2.470490742422027e-02 
 1.657000000000002e-07  2.751619125502502e-02 
 1.658000000000002e-07  3.021878360591979e-02 
 1.659000000000002e-07  3.280197803780949e-02 
 1.660000000000002e-07  3.525561207491856e-02 
 1.661000000000002e-07  3.757003033779061e-02 
 1.662000000000002e-07  3.973609302690773e-02 
 1.663000000000002e-07  4.174531586197205e-02 
 1.664000000000002e-07  4.358974731424037e-02 
 1.665000000000002e-07  4.526218577889529e-02 
 1.666000000000002e-07  4.675600440213512e-02 
 1.667000000000002e-07  4.806538337164801e-02 
 1.668000000000002e-07  4.918512898877303e-02 
 1.669000000000003e-07  5.011088637155359e-02 
 1.670000000000003e-07  5.083897678434934e-02 
 1.671000000000003e-07  5.136657453721605e-02 
 1.672000000000003e-07  5.169157203314034e-02 
 1.673000000000003e-07  5.181271604078796e-02 
 1.674000000000003e-07  5.172950140146848e-02 
 1.675000000000003e-07  5.144226814280062e-02 
 1.676000000000003e-07  5.095212044181441e-02 
 1.677000000000003e-07  5.026098903423559e-02 
 1.678000000000003e-07  4.937157023635708e-02 
 1.679000000000003e-07  4.828735910963800e-02 
 1.680000000000003e-07  4.701260306548360e-02 
 1.681000000000003e-07  4.555231118221070e-02 
 1.682000000000004e-07  4.391221741270956e-02 
 1.683000000000004e-07  4.209877086029756e-02 
 1.684000000000004e-07  4.011910444091882e-02 
 1.685000000000004e-07  3.798101022774825e-02 
 1.686000000000004e-07  3.569291033725519e-02 
 1.687000000000004e-07  3.326382070199418e-02 
 1.688000000000004e-07  3.070332188015512e-02 
 1.689000000000004e-07  2.802151398263497e-02 
 1.690000000000004e-07  2.522898589834388e-02 
 1.691000000000004e-07  2.233676362697468e-02 
 1.692000000000004e-07  1.935627708709164e-02 
 1.693000000000004e-07  1.629930371660882e-02 
 1.694000000000004e-07  1.317793259132793e-02 
 1.695000000000005e-07  1.000450488617965e-02 
 1.696000000000005e-07  6.791575476115197e-03 
 1.697000000000005e-07  3.551851619396862e-03 
 1.698000000000005e-07  2.981525733944945e-04 
 1.699000000000005e-07 -2.956652300486029e-03 
 1.700000000000005e-07 -6.199665102353702e-03 
 1.701000000000005e-07 -9.418246361965643e-03 
 1.702000000000005e-07 -1.259969058159460e-02 
 1.703000000000005e-07 -1.573134949788146e-02 
 1.704000000000005e-07 -1.880086424136462e-02 
 1.705000000000005e-07 -2.179592213712001e-02 
 1.706000000000005e-07 -2.470490741419318e-02 
 1.707000000000005e-07 -2.751619124320381e-02 
 1.708000000000006e-07 -3.021878359438590e-02 
 1.709000000000006e-07 -3.280197802760032e-02 
 1.710000000000006e-07 -3.525561206440608e-02 
 1.711000000000006e-07 -3.757003032448702e-02 
 1.712000000000006e-07 -3.973609301268888e-02 
 1.713000000000006e-07 -4.174531584857433e-02 
 1.714000000000006e-07 -4.358974730207321e-02 
 1.715000000000006e-07 -4.526218576694596e-02 
 1.716000000000006e-07 -4.675600439126804e-02 
 1.717000000000006e-07 -4.806538336229016e-02 
 1.718000000000006e-07 -4.918512897991256e-02 
 1.719000000000006e-07 -5.011088636322603e-02 
 1.720000000000006e-07 -5.083897677504123e-02 
 1.721000000000006e-07 -5.136657452666715e-02 
 1.722000000000007e-07 -5.169157202238317e-02 
 1.723000000000007e-07 -5.181271602921478e-02 
 1.724000000000007e-07 -5.172950138853549e-02 
 1.725000000000007e-07 -5.144226812958319e-02 
 1.726000000000007e-07 -5.095212042949204e-02 
 1.727000000000007e-07 -5.026098902215459e-02 
 1.728000000000007e-07 -4.937157022626848e-02 
 1.729000000000007e-07 -4.828735910149295e-02 
 1.730000000000007e-07 -4.701260305890487e-02 
 1.731000000000007e-07 -4.555231117637204e-02 
 1.732000000000007e-07 -4.391221740662665e-02 
 1.733000000000007e-07 -4.209877085329916e-02 
 1.734000000000007e-07 -4.011910443271072e-02 
 1.735000000000008e-07 -3.798101021742029e-02 
 1.736000000000008e-07 -3.569291032752142e-02 
 1.737000000000008e-07 -3.326382069463651e-02 
 1.738000000000008e-07 -3.070332187333569e-02 
 1.739000000000008e-07 -2.802151397562747e-02 
 1.740000000000008e-07 -2.522898589050282e-02 
 1.741000000000008e-07 -2.233676361932146e-02 
 1.742000000000008e-07 -1.935627707879717e-02 
 1.743000000000008e-07 -1.629930370765287e-02 
 1.744000000000008e-07 -1.317793258248257e-02 
 1.745000000000008e-07 -1.000450487527993e-02 
 1.746000000000008e-07 -6.791575463838129e-03 
 1.747000000000008e-07 -3.551851608514234e-03 
 1.748000000000009e-07 -2.981525631762239e-04 
 1.749000000000009e-07  2.956652310359686e-03 
 1.750000000000009e-07  6.199665111624064e-03 
 1.751000000000009e-07  9.418246370590966e-03 
 1.752000000000009e-07  1.259969059004007e-02 
 1.753000000000009e-07  1.573134950404276e-02 
 1.754000000000009e-07  1.880086424657934e-02 
 1.755000000000009e-07  2.179592214133841e-02 
 1.756000000000009e-07  2.470490741971942e-02 
 1.757000000000009e-07  2.751619125030302e-02 
 1.758000000000009e-07  3.021878360193830e-02 
 1.759000000000009e-07  3.280197803491736e-02 
 1.760000000000009e-07  3.525561207301364e-02 
 1.761000000000009e-07  3.757003033647566e-02 
 1.762000000000010e-07  3.973609302614078e-02 
 1.763000000000010e-07  4.174531586154839e-02 
 1.764000000000010e-07  4.358974731447240e-02 
 1.765000000000010e-07  4.526218578134356e-02 
 1.766000000000010e-07  4.675600440563410e-02 
 1.767000000000010e-07  4.806538337321764e-02 
 1.768000000000010e-07  4.918512898882010e-02 
 1.769000000000010e-07  5.011088637144034e-02 
 1.770000000000010e-07  5.083897678410665e-02 
 1.771000000000010e-07  5.136657453715521e-02 
 1.772000000000010e-07  5.169157203327046e-02 
 1.773000000000010e-07  5.181271603976190e-02 
 1.774000000000010e-07  5.172950139928667e-02 
 1.775000000000011e-07  5.144226813834485e-02 
 1.776000000000011e-07  5.095212043702335e-02 
 1.777000000000011e-07  5.026098903039866e-02 
 1.778000000000011e-07  4.937157023345429e-02 
 1.779000000000011e-07  4.828735910767534e-02 
 1.780000000000011e-07  4.701260306510457e-02 
 1.781000000000011e-07  4.555231118286707e-02 
 1.782000000000011e-07  4.391221741361617e-02 
 1.783000000000011e-07  4.209877086047564e-02 
 1.784000000000011e-07  4.011910443964051e-02 
 1.785000000000011e-07  3.798101022651723e-02 
 1.786000000000011e-07  3.569291033751032e-02 
 1.787000000000011e-07  3.326382070339839e-02 
 1.788000000000012e-07  3.070332188193348e-02 
 1.789000000000012e-07  2.802151398644659e-02 
 1.790000000000012e-07  2.522898590294842e-02 
 1.791000000000012e-07  2.233676363191406e-02 
 1.792000000000012e-07  1.935627709099208e-02 
 1.793000000000012e-07  1.629930371916055e-02 
 1.794000000000012e-07  1.317793259320865e-02 
 1.795000000000012e-07  1.000450488781479e-02 
 1.796000000000012e-07  6.791575478154233e-03 
 1.797000000000012e-07  3.551851622878743e-03 
 1.798000000000012e-07  2.981525779115479e-04 
 1.799000000000012e-07 -2.956652295638573e-03 
 1.800000000000012e-07 -6.199665098450602e-03 
 1.801000000000012e-07 -9.418246359190308e-03 
 1.802000000000013e-07 -1.259969057899935e-02 
 1.803000000000013e-07 -1.573134949444577e-02 
 1.804000000000013e-07 -1.880086423909511e-02 
 1.805000000000013e-07 -2.179592213606152e-02 
 1.806000000000013e-07 -2.470490741466524e-02 
 1.807000000000013e-07 -2.751619124380045e-02 
 1.808000000000013e-07 -3.021878359495411e-02 
 1.809000000000013e-07 -3.280197802911644e-02 
 1.810000000000013e-07 -3.525561206599415e-02 
 1.811000000000013e-07 -3.757003032630202e-02 
 1.812000000000013e-07 -3.973609301368097e-02 
 1.813000000000013e-07 -4.174531585020747e-02 
 1.814000000000013e-07 -4.358974730464715e-02 
 1.815000000000014e-07 -4.526218577098362e-02 
 1.816000000000014e-07 -4.675600439350713e-02 
 1.817000000000014e-07 -4.806538336288324e-02 
 1.818000000000014e-07 -4.918512898034844e-02 
 1.819000000000014e-07 -5.011088636322181e-02 
 1.820000000000014e-07 -5.083897677493199e-02 
 1.821000000000014e-07 -5.136657452670890e-02 
 1.822000000000014e-07 -5.169157202134733e-02 
 1.823000000000014e-07 -5.181271602769999e-02 
 1.824000000000014e-07 -5.172950138729293e-02 
 1.825000000000014e-07 -5.144226812859398e-02 
 1.826000000000014e-07 -5.095212042782471e-02 
 1.827000000000014e-07 -5.026098901909815e-02 
 1.828000000000015e-07 -4.937157022190308e-02 
 1.829000000000015e-07 -4.828735909703097e-02 
 1.830000000000015e-07 -4.701260305554511e-02 
 1.831000000000015e-07 -4.555231117364733e-02 
 1.832000000000015e-07 -4.391221740509299e-02 
 1.833000000000015e-07 -4.209877085223201e-02 
 1.834000000000015e-07 -4.011910443121303e-02 
 1.835000000000015e-07 -3.798101021676503e-02 
 1.836000000000015e-07 -3.569291032700161e-02 
 1.837000000000015e-07 -3.326382069458123e-02 
 1.838000000000015e-07 -3.070332187301150e-02 
 1.839000000000015e-07 -2.802151397578845e-02 
 1.840000000000015e-07 -2.522898589053191e-02 
 1.841000000000015e-07 -2.233676361927750e-02 
 1.842000000000016e-07 -1.935627707862264e-02 
 1.843000000000016e-07 -1.629930370740151e-02 
 1.844000000000016e-07 -1.317793258271438e-02 
 1.845000000000016e-07 -1.000450487576399e-02 
 1.846000000000016e-07 -6.791575465711297e-03 
 1.847000000000016e-07 -3.551851609280066e-03 
 1.848000000000016e-07 -2.981525614604852e-04 
 1.849000000000016e-07  2.956652312016139e-03 
 1.850000000000016e-07  6.199665112031072e-03 
 1.851000000000016e-07  9.418246371595274e-03 
 1.852000000000016e-07  1.259969059247057e-02 
 1.853000000000016e-07  1.573134950742072e-02 
 1.854000000000016e-07  1.880086424910243e-02 
 1.855000000000017e-07  2.179592214329951e-02 
 1.856000000000017e-07  2.470490742159503e-02 
 1.857000000000017e-07  2.751619125158467e-02 
 1.858000000000017e-07  3.021878360366093e-02 
 1.859000000000017e-07  3.280197803770757e-02 
 1.860000000000017e-07  3.525561207497763e-02 
 1.861000000000017e-07  3.757003033808859e-02 
 1.862000000000017e-07  3.973609302832037e-02 
 1.863000000000017e-07  4.174531586452068e-02 
 1.864000000000017e-07  4.358974731637555e-02 
 1.865000000000017e-07  4.526218578240315e-02 
 1.866000000000017e-07  4.675600440439309e-02 
 1.867000000000017e-07  4.806538337245936e-02 
 1.868000000000018e-07  4.918512898774896e-02 
 1.869000000000018e-07  5.011088637040118e-02 
 1.870000000000018e-07  5.083897678220017e-02 
 1.871000000000018e-07  5.136657453560667e-02 
 1.872000000000018e-07  5.169157203228081e-02 
 1.873000000000018e-07  5.181271604181137e-02 
 1.874000000000018e-07  5.172950140268240e-02 
 1.875000000000018e-07  5.144226814258612e-02 
 1.876000000000018e-07  5.095212044044106e-02 
 1.877000000000018e-07  5.026098903282250e-02 
 1.878000000000018e-07  4.937157023543337e-02 
 1.879000000000018e-07  4.828735910897120e-02 
 1.880000000000018e-07  4.701260306640820e-02 
 1.881000000000018e-07  4.555231118379033e-02 
 1.882000000000019e-07  4.391221741392526e-02 
 1.883000000000019e-07  4.209877086065617e-02 
 1.884000000000019e-07  4.011910443986255e-02 
 1.885000000000019e-07  3.798101022678013e-02 
 1.886000000000019e-07  3.569291033763644e-02 
 1.887000000000019e-07  3.326382070308531e-02 
 1.888000000000019e-07  3.070332188179803e-02 
 1.889000000000019e-07  2.802151398553909e-02 
 1.890000000000019e-07  2.522898589986711e-02 
 1.891000000000019e-07  2.233676362737547e-02 
 1.892000000000019e-07  1.935627708666599e-02 
 1.893000000000019e-07  1.629930371563137e-02 
 1.894000000000019e-07  1.317793259083344e-02 
 1.895000000000020e-07  1.000450488560278e-02 
 1.896000000000020e-07  6.791575476965628e-03 
 1.897000000000020e-07  3.551851621663493e-03 
 1.898000000000020e-07  2.981525766987403e-04 
 1.899000000000020e-07 -2.956652296385753e-03 
 1.900000000000020e-07 -6.199665098508111e-03 
 1.901000000000020e-07 -9.418246359666593e-03 
 1.902000000000020e-07 -1.259969057897914e-02 
 1.903000000000020e-07 -1.573134949436095e-02 
 1.904000000000020e-07 -1.880086423808369e-02 
 1.905000000000020e-07 -2.179592213341652e-02 
 1.906000000000020e-07 -2.470490741146381e-02 
 1.907000000000020e-07 -2.751619124210225e-02 
 1.908000000000021e-07 -3.021878359448982e-02 
 1.909000000000021e-07 -3.280197802894236e-02 
 1.910000000000021e-07 -3.525561206651751e-02 
 1.911000000000021e-07 -3.757003032674877e-02 
 1.912000000000021e-07 -3.973609301384973e-02 
 1.913000000000021e-07 -4.174531584789287e-02 
 1.914000000000021e-07 -4.358974730033860e-02 
 1.915000000000021e-07 -4.526218576672392e-02 
 1.916000000000021e-07 -4.675600438967531e-02 
 1.917000000000021e-07 -4.806538336051247e-02 
 1.918000000000021e-07 -4.918512897812666e-02 
 1.919000000000021e-07 -5.011088636192973e-02 
 1.920000000000021e-07 -5.083897677398652e-02 
 1.921000000000022e-07 -5.136657452634963e-02 
 1.922000000000022e-07 -5.169157202315744e-02 
 1.923000000000022e-07 -5.181271603027904e-02 
 1.924000000000022e-07 -5.172950138840693e-02 
 1.925000000000022e-07 -5.144226812845321e-02 
 1.926000000000022e-07 -5.095212042842445e-02 
 1.927000000000022e-07 -5.026098902093779e-02 
 1.928000000000022e-07 -4.937157022503702e-02 
 1.929000000000022e-07 -4.828735909967419e-02 
 1.930000000000022e-07 -4.701260305753041e-02 
 1.931000000000022e-07 -4.555231117529890e-02 
 1.932000000000022e-07 -4.391221740541251e-02 
 1.933000000000022e-07 -4.209877085235192e-02 
 1.934000000000022e-07 -4.011910443155120e-02 
 1.935000000000023e-07 -3.798101021716338e-02 
 1.936000000000023e-07 -3.569291032685173e-02 
 1.937000000000023e-07 -3.326382069218692e-02 
 1.938000000000023e-07 -3.070332187231251e-02 
 1.939000000000023e-07 -2.802151397507879e-02 
 1.940000000000023e-07 -2.522898588917055e-02 
 1.941000000000023e-07 -2.233676361733239e-02 
 1.942000000000023e-07 -1.935627707662935e-02 
 1.943000000000023e-07 -1.629930370663324e-02 
 1.944000000000023e-07 -1.317793258096334e-02 
 1.945000000000023e-07 -1.000450487562077e-02 
 1.946000000000023e-07 -6.791575465532773e-03 
 1.947000000000023e-07 -3.551851609766565e-03 
 1.948000000000024e-07 -2.981525639471627e-04 
 1.949000000000024e-07  2.956652309139551e-03 
 1.950000000000024e-07  6.199665110245611e-03 
 1.951000000000024e-07  9.418246371769134e-03 
 1.952000000000024e-07  1.259969059244925e-02 
 1.953000000000024e-07  1.573134950663202e-02 
 1.954000000000024e-07  1.880086424807992e-02 
 1.955000000000024e-07  2.179592214210113e-02 
 1.956000000000024e-07  2.470490742064202e-02 
 1.957000000000024e-07  2.751619125298355e-02 
 1.958000000000024e-07  3.021878360465546e-02 
 1.959000000000024e-07  3.280197803811724e-02 
 1.960000000000024e-07  3.525561207617001e-02 
 1.961000000000025e-07  3.757003033778683e-02 
 1.962000000000025e-07  3.973609302545267e-02 
 1.963000000000025e-07  4.174531586093355e-02 
 1.964000000000025e-07  4.358974731374432e-02 
 1.965000000000025e-07  4.526218578017827e-02 
 1.966000000000025e-07  4.675600440296734e-02 
 1.967000000000025e-07  4.806538337140798e-02 
 1.968000000000025e-07  4.918512898778249e-02 
 1.969000000000025e-07  5.011088637033390e-02 
 1.970000000000025e-07  5.083897678169014e-02 
 1.971000000000025e-07  5.136657453524918e-02 
 1.972000000000025e-07  5.169157203250352e-02 
 1.973000000000025e-07  5.181271604064763e-02 
 1.974000000000025e-07  5.172950139975407e-02 
 1.975000000000026e-07  5.144226813870945e-02 
 1.976000000000026e-07  5.095212043863184e-02 
 1.977000000000026e-07  5.026098903312581e-02 
 1.978000000000026e-07  4.937157023552818e-02 
 1.979000000000026e-07  4.828735910886883e-02 
 1.980000000000026e-07  4.701260306639043e-02 
 1.981000000000026e-07  4.555231118325409e-02 
 1.982000000000026e-07  4.391221741160023e-02 
 1.983000000000026e-07  4.209877085695513e-02 
 1.984000000000026e-07  4.011910443727507e-02 
 1.985000000000026e-07  3.798101022451794e-02 
 1.986000000000026e-07  3.569291033634325e-02 
 1.987000000000026e-07  3.326382070260059e-02 
 1.988000000000027e-07  3.070332188131686e-02 
 1.989000000000027e-07  2.802151398574959e-02 
 1.990000000000027e-07  2.522898590272349e-02 
 1.991000000000027e-07  2.233676362999271e-02 
 1.992000000000027e-07  1.935627708847409e-02 
 1.993000000000027e-07  1.629930371757315e-02 
 1.994000000000027e-07  1.317793259254452e-02 
 1.995000000000027e-07  1.000450488679472e-02 
 1.996000000000027e-07  6.791575477669953e-03 
 1.997000000000027e-07  3.551851621389490e-03 
 1.998000000000027e-07  2.981525750129776e-04 
 1.999000000000027e-07 -2.956652298685691e-03 
 2.000000000000027e-07 -6.199665101219054e-03 
 2.001000000000028e-07 -9.418246362279614e-03 
 2.002000000000028e-07 -1.259969058268440e-02 
 2.003000000000028e-07 -1.573134949875299e-02 
 2.004000000000028e-07 -1.880086424192151e-02 
 2.005000000000028e-07 -2.179592213579817e-02 
 2.006000000000028e-07 -2.470490741306119e-02 
 2.007000000000028e-07 -2.751619124329996e-02 
 2.008000000000028e-07 -3.021878359508490e-02 
 2.009000000000028e-07 -3.280197802978102e-02 
 2.010000000000028e-07 -3.525561206695627e-02 
 2.011000000000028e-07 -3.757003032753947e-02 
 2.012000000000028e-07 -3.973609301533454e-02 
 2.013000000000028e-07 -4.174531585212016e-02 
 2.014000000000028e-07 -4.358974730546761e-02 
 2.015000000000029e-07 -4.526218577065988e-02 
 2.016000000000029e-07 -4.675600439269245e-02 
 2.017000000000029e-07 -4.806538336244026e-02 
 2.018000000000029e-07 -4.918512897889116e-02 
 2.019000000000029e-07 -5.011088636100292e-02 
 2.020000000000029e-07 -5.083897677069116e-02 
 2.021000000000029e-07 -5.136657452276761e-02 
 2.022000000000029e-07 -5.169157201830510e-02 
 2.023000000000029e-07 -5.181271602502480e-02 
 2.024000000000029e-07 -5.172950138513954e-02 
 2.025000000000029e-07 -5.144226812534392e-02 
 2.026000000000029e-07 -5.095212042574015e-02 
 2.027000000000029e-07 -5.026098901827747e-02 
 2.028000000000030e-07 -4.937157022222571e-02 
 2.029000000000030e-07 -4.828735909795756e-02 
 2.030000000000030e-07 -4.701260305574451e-02 
 2.031000000000030e-07 -4.555231117546232e-02 
 2.032000000000030e-07 -4.391221740658247e-02 
 2.033000000000030e-07 -4.209877085339753e-02 
 2.034000000000030e-07 -4.011910443229927e-02 
 2.035000000000030e-07 -3.798101021776423e-02 
 2.036000000000030e-07 -3.569291032737931e-02 
 2.037000000000030e-07 -3.326382069281153e-02 
 2.038000000000030e-07 -3.070332187266955e-02 
 2.039000000000030e-07 -2.802151397453523e-02 
 2.040000000000030e-07 -2.522898588898426e-02 
 2.041000000000031e-07 -2.233676361766457e-02 
 2.042000000000031e-07 -1.935627707669374e-02 
 2.043000000000031e-07 -1.629930370623667e-02 
 2.044000000000031e-07 -1.317793258146804e-02 
 2.045000000000031e-07 -1.000450487569471e-02 
 2.046000000000031e-07 -6.791575464710764e-03 
 2.047000000000031e-07 -3.551851609070233e-03 
 2.048000000000031e-07 -2.981525641789773e-04 
 2.049000000000031e-07  2.956652309105579e-03 
 2.050000000000031e-07  6.199665110150576e-03 
 2.051000000000031e-07  9.418246372447037e-03 
 2.052000000000031e-07  1.259969059274724e-02 
 2.053000000000031e-07  1.573134950632493e-02 
 2.054000000000031e-07  1.880086424786187e-02 
 2.055000000000032e-07  2.179592214182402e-02 
 2.056000000000032e-07  2.470490742113030e-02 
 2.057000000000032e-07  2.751619125227855e-02 
 2.058000000000032e-07  3.021878360525609e-02 
 2.059000000000032e-07  3.280197803799578e-02 
 2.060000000000032e-07  3.525561207602768e-02 
 2.061000000000032e-07  3.757003033721484e-02 
 2.062000000000032e-07  3.973609302643788e-02 
 2.063000000000032e-07  4.174531586287777e-02 
 2.064000000000032e-07  4.358974731527088e-02 
 2.065000000000032e-07  4.526218578128804e-02 
 2.066000000000032e-07  4.675600440492422e-02 
 2.067000000000032e-07  4.806538337438537e-02 
 2.068000000000033e-07  4.918512899006777e-02 
 2.069000000000033e-07  5.011088637053951e-02 
 2.070000000000033e-07  5.083897678274085e-02 
 2.071000000000033e-07  5.136657453511062e-02 
 2.072000000000033e-07  5.169157203031993e-02 
 2.073000000000033e-07  5.181271603749971e-02 
 2.074000000000033e-07  5.172950139802235e-02 
 2.075000000000033e-07  5.144226813844766e-02 
 2.076000000000033e-07  5.095212043884412e-02 
 2.077000000000033e-07  5.026098903314091e-02 
 2.078000000000033e-07  4.937157023569139e-02 
 2.079000000000033e-07  4.828735910855486e-02 
 2.080000000000033e-07  4.701260306459965e-02 
 2.081000000000034e-07  4.555231118263192e-02 
 2.082000000000034e-07  4.391221741312812e-02 
 2.083000000000034e-07  4.209877085951774e-02 
 2.084000000000034e-07  4.011910444023781e-02 
 2.085000000000034e-07  3.798101022612355e-02 
 2.086000000000034e-07  3.569291033710043e-02 
 2.087000000000034e-07  3.326382070317013e-02 
 2.088000000000034e-07  3.070332188166192e-02 
 2.089000000000034e-07  2.802151398549912e-02 
 2.090000000000034e-07  2.522898589984623e-02 
 2.091000000000034e-07  2.233676362771897e-02 
 2.092000000000034e-07  1.935627708630916e-02 
 2.093000000000034e-07  1.629930371561605e-02 
 2.094000000000035e-07  1.317793259057298e-02 
 2.095000000000035e-07  1.000450488537563e-02 
 2.096000000000035e-07  6.791575477080425e-03 
 2.097000000000035e-07  3.551851620915425e-03 
 2.098000000000035e-07  2.981525772254301e-04 
 2.099000000000035e-07 -2.956652296196349e-03 
 2.100000000000035e-07 -6.199665098807650e-03 
 2.101000000000035e-07 -9.418246360220817e-03 
 2.102000000000035e-07 -1.259969058045218e-02 
 2.103000000000035e-07 -1.573134949654253e-02 
 2.104000000000035e-07 -1.880086423985672e-02 
 2.105000000000035e-07 -2.179592213503390e-02 
 2.106000000000035e-07 -2.470490741374487e-02 
 2.107000000000035e-07 -2.751619124408422e-02 
 2.108000000000036e-07 -3.021878359541708e-02 
 2.109000000000036e-07 -3.280197802804219e-02 
 2.110000000000036e-07 -3.525561206544769e-02 
 2.111000000000036e-07 -3.757003032670547e-02 
 2.112000000000036e-07 -3.973609301486358e-02 
 2.113000000000036e-07 -4.174531584983976e-02 
 2.114000000000036e-07 -4.358974730340015e-02 
 2.115000000000036e-07 -4.526218576964736e-02 
 2.116000000000036e-07 -4.675600439355043e-02 
 2.117000000000036e-07 -4.806538336340527e-02 
 2.118000000000036e-07 -4.918512898231753e-02 
 2.119000000000036e-07 -5.011088636505123e-02 
 2.120000000000036e-07 -5.083897677550864e-02 
 2.121000000000037e-07 -5.136657452661875e-02 
 2.122000000000037e-07 -5.169157202318497e-02 
 2.123000000000037e-07 -5.181271602997950e-02 
 2.124000000000037e-07 -5.172950138834409e-02 
 2.125000000000037e-07 -5.144226812879427e-02 
 2.126000000000037e-07 -5.095212042793573e-02 
 2.127000000000037e-07 -5.026098901916187e-02 
 2.128000000000037e-07 -4.937157022391592e-02 
 2.129000000000037e-07 -4.828735910095627e-02 
 2.130000000000037e-07 -4.701260305929167e-02 
 2.131000000000037e-07 -4.555231117775671e-02 
 2.132000000000037e-07 -4.391221740846141e-02 
 2.133000000000037e-07 -4.209877085594638e-02 
 2.134000000000038e-07 -4.011910443326805e-02 
 2.135000000000038e-07 -3.798101021695155e-02 
 2.136000000000038e-07 -3.569291032551614e-02 
 2.137000000000038e-07 -3.326382069242406e-02 
 2.138000000000038e-07 -3.070332187076708e-02 
 2.139000000000038e-07 -2.802151397278441e-02 
 2.140000000000038e-07 -2.522898588714106e-02 
 2.141000000000038e-07 -2.233676361594505e-02 
 2.142000000000038e-07 -1.935627707519250e-02 
 2.143000000000038e-07 -1.629930370423205e-02 
 2.144000000000038e-07 -1.317793257897781e-02 
 2.145000000000038e-07 -1.000450487389859e-02 
 2.146000000000038e-07 -6.791575463225730e-03 
 2.147000000000038e-07 -3.551851606801382e-03 
 2.148000000000039e-07 -2.981525621716941e-04 
 2.149000000000039e-07  2.956652310234453e-03 
 2.150000000000039e-07  6.199665110925956e-03 
 2.151000000000039e-07  9.418246371658334e-03 
 2.152000000000039e-07  1.259969059105526e-02 
 2.153000000000039e-07  1.573134950617217e-02 
 2.154000000000039e-07  1.880086424954275e-02 
 2.155000000000039e-07  2.179592214497128e-02 
 2.156000000000039e-07  2.470490742350107e-02 
 2.157000000000039e-07  2.751619125452365e-02 
 2.158000000000039e-07  3.021878360644603e-02 
 2.159000000000039e-07  3.280197803781060e-02 
 2.160000000000039e-07  3.525561207453665e-02 
 2.161000000000040e-07  3.757003033628470e-02 
 2.162000000000040e-07  3.973609302627557e-02 
 2.163000000000040e-07  4.174531586224894e-02 
 2.164000000000040e-07  4.358974731499377e-02 
 2.165000000000040e-07  4.526218577972219e-02 
 2.166000000000040e-07  4.675600440196859e-02 
 2.167000000000040e-07  4.806538337024624e-02 
 2.168000000000040e-07  4.918512898626837e-02 
 2.169000000000040e-07  5.011088636870187e-02 
 2.170000000000040e-07  5.083897678145011e-02 
 2.171000000000040e-07  5.136657453406479e-02 
 2.172000000000040e-07  5.169157203000374e-02 
 2.173000000000040e-07  5.181271603775595e-02 
 2.174000000000041e-07  5.172950139807719e-02 
 2.175000000000041e-07  5.144226813859620e-02 
 2.176000000000041e-07  5.095212043864494e-02 
 2.177000000000041e-07  5.026098903307163e-02 
 2.178000000000041e-07  4.937157023507077e-02 
 2.179000000000041e-07  4.828735910840942e-02 
 2.180000000000041e-07  4.701260306443067e-02 
 2.181000000000041e-07  4.555231118211078e-02 
 2.182000000000041e-07  4.391221741349072e-02 
 2.183000000000041e-07  4.209877085986324e-02 
 2.184000000000041e-07  4.011910443943068e-02 
 2.185000000000041e-07  3.798101022646727e-02 
 2.186000000000041e-07  3.569291033723165e-02 
 2.187000000000041e-07  3.326382070323630e-02 
 2.188000000000042e-07  3.070332188196101e-02 
 2.189000000000042e-07  2.802151398534036e-02 
 2.190000000000042e-07  2.522898589979339e-02 
 2.191000000000042e-07  2.233676362760950e-02 
 2.192000000000042e-07  1.935627708722443e-02 
 2.193000000000042e-07  1.629930371748278e-02 
 2.194000000000042e-07  1.317793259190525e-02 
 2.195000000000042e-07  1.000450488611992e-02 
 2.196000000000042e-07  6.791575476047029e-03 
 2.197000000000042e-07  3.551851620034352e-03 
 2.198000000000042e-07  2.981525748313452e-04 
 2.199000000000042e-07 -2.956652298790718e-03 
 2.200000000000042e-07 -6.199665100101726e-03 
 2.201000000000043e-07 -9.418246358696702e-03 
 2.202000000000043e-07 -1.259969057876242e-02 
 2.203000000000043e-07 -1.573134949511168e-02 
 2.204000000000043e-07 -1.880086424039096e-02 
 2.205000000000043e-07 -2.179592213709425e-02 
 2.206000000000043e-07 -2.470490741587983e-02 
 2.207000000000043e-07 -2.751619124492244e-02 
 2.208000000000043e-07 -3.021878359612540e-02 
 2.209000000000043e-07 -3.280197802877183e-02 
 2.210000000000043e-07 -3.525561206625860e-02 
 2.211000000000043e-07 -3.757003032752215e-02 
 2.212000000000043e-07 -3.973609301477521e-02 
 2.213000000000043e-07 -4.174531584993479e-02 
 2.214000000000044e-07 -4.358974730372900e-02 
 2.215000000000044e-07 -4.526218576969820e-02 
 2.216000000000044e-07 -4.675600439350047e-02 
 2.217000000000044e-07 -4.806538336353006e-02 
 2.218000000000044e-07 -4.918512898191429e-02 
 2.219000000000044e-07 -5.011088636557104e-02 
 2.220000000000044e-07 -5.083897677831217e-02 
 2.221000000000044e-07 -5.136657453021809e-02 
 2.222000000000044e-07 -5.169157202441221e-02 
 2.223000000000044e-07 -5.181271603051663e-02 
 2.224000000000044e-07 -5.172950138863186e-02 
 2.225000000000044e-07 -5.144226812857688e-02 
 2.226000000000044e-07 -5.095212042686748e-02 
 2.227000000000044e-07 -5.026098901960752e-02 
 2.228000000000045e-07 -4.937157022317495e-02 
 2.229000000000045e-07 -4.828735909884552e-02 
 2.230000000000045e-07 -4.701260305626564e-02 
 2.231000000000045e-07 -4.555231117588976e-02 
 2.232000000000045e-07 -4.391221740737516e-02 
 2.233000000000045e-07 -4.209877085384828e-02 
 2.234000000000045e-07 -4.011910443220068e-02 
 2.235000000000045e-07 -3.798101021565992e-02 
 2.236000000000045e-07 -3.569291032555255e-02 
 2.237000000000045e-07 -3.326382069255329e-02 
 2.238000000000045e-07 -3.070332187055147e-02 
 2.239000000000045e-07 -2.802151397236319e-02 
 2.240000000000045e-07 -2.522898588653666e-02 
 2.241000000000046e-07 -2.233676361624504e-02 
 2.242000000000046e-07 -1.935627707797805e-02 
 2.243000000000046e-07 -1.629930370708133e-02 
 2.244000000000046e-07 -1.317793258154154e-02 
 2.245000000000046e-07 -1.000450487433513e-02 
 2.246000000000046e-07 -6.791575464024646e-03 
 2.247000000000046e-07 -3.551851608361023e-03 
 2.248000000000046e-07 -2.981525627991921e-04 
 2.249000000000046e-07  2.956652311512098e-03 
 2.250000000000046e-07  6.199665111623176e-03 
 2.251000000000046e-07  9.418246370527683e-03 
 2.252000000000046e-07  1.259969058975807e-02 
 2.253000000000046e-07  1.573134950498645e-02 
 2.254000000000047e-07  1.880086424630001e-02 
 2.255000000000047e-07  2.179592214037918e-02 
 2.256000000000047e-07  2.470490742075815e-02 
 2.257000000000047e-07  2.751619125130556e-02 
 2.258000000000047e-07  3.021878360171870e-02 
 2.259000000000047e-07  3.280197803443419e-02 
 2.260000000000047e-07  3.525561207088868e-02 
 2.261000000000047e-07  3.757003033366502e-02 
 2.262000000000047e-07  3.973609302366810e-02 
 2.263000000000047e-07  4.174531586062136e-02 
 2.264000000000047e-07  4.358974731455900e-02 
 2.265000000000047e-07  4.526218578013941e-02 
 2.266000000000047e-07  4.675600440422212e-02 
 2.267000000000047e-07  4.806538337359267e-02 
 2.268000000000048e-07  4.918512898900596e-02 
 2.269000000000048e-07  5.011088637097738e-02 
 2.270000000000048e-07  5.083897678278104e-02 
 2.271000000000048e-07  5.136657453527382e-02 
 2.272000000000048e-07  5.169157203156249e-02 
 2.273000000000048e-07  5.181271604050597e-02 
 2.274000000000048e-07  5.172950140119803e-02 
 2.275000000000048e-07  5.144226814052977e-02 
 2.276000000000048e-07  5.095212043765507e-02 
 2.277000000000048e-07  5.026098903133436e-02 
 2.278000000000048e-07  4.937157023453209e-02 
 2.279000000000048e-07  4.828735910972304e-02 
 2.280000000000048e-07  4.701260306695487e-02 
 2.281000000000049e-07  4.555231118323122e-02 
 2.282000000000049e-07  4.391221741209050e-02 
 2.283000000000049e-07  4.209877085929170e-02 
 2.284000000000049e-07  4.011910443905520e-02 
 2.285000000000049e-07  3.798101022492406e-02 
 2.286000000000049e-07  3.569291033499433e-02 
 2.287000000000049e-07  3.326382070146949e-02 
 2.288000000000049e-07  3.070332187973723e-02 
 2.289000000000049e-07  2.802151398403407e-02 
 2.290000000000049e-07  2.522898590058453e-02 
 2.291000000000049e-07  2.233676362907566e-02 
 2.292000000000049e-07  1.935627708788346e-02 
 2.293000000000049e-07  1.629930371633970e-02 
 2.294000000000050e-07  1.317793259223654e-02 
 2.295000000000050e-07  1.000450488780524e-02 
 2.296000000000050e-07  6.791575479359047e-03 
 2.297000000000050e-07  3.551851622363156e-03 
 2.298000000000050e-07  2.981525766649895e-04 
 2.299000000000050e-07 -2.956652296671525e-03 
 2.300000000000050e-07 -6.199665099136276e-03 
 2.301000000000050e-07 -9.418246360841209e-03 
 2.302000000000050e-07 -1.259969058048105e-02 
 2.303000000000050e-07 -1.573134949675348e-02 
 2.304000000000050e-07 -1.880086423980121e-02 
 2.305000000000050e-07 -2.179592213514381e-02 
 2.306000000000050e-07 -2.470490741379017e-02 
 2.307000000000051e-07 -2.751619124404536e-02 
 2.308000000000051e-07 -3.021878359549879e-02 
 2.309000000000051e-07 -3.280197802852713e-02 
 2.310000000000051e-07 -3.525561206430083e-02 
 2.311000000000051e-07 -3.757003032490180e-02 
 2.312000000000051e-07 -3.973609301137504e-02 
 2.313000000000051e-07 -4.174531584725694e-02 
 2.314000000000051e-07 -4.358974730165954e-02 
 2.315000000000051e-07 -4.526218576762342e-02 
 2.316000000000051e-07 -4.675600439259497e-02 
 2.317000000000051e-07 -4.806538336199950e-02 
 2.318000000000051e-07 -4.918512897885963e-02 
 2.319000000000051e-07 -5.011088636125538e-02 
 2.320000000000051e-07 -5.083897677349292e-02 
 2.321000000000052e-07 -5.136657452470694e-02 
 2.322000000000052e-07 -5.169157202043806e-02 
 2.323000000000052e-07 -5.181271602779947e-02 
 2.324000000000052e-07 -5.172950138608412e-02 
 2.325000000000052e-07 -5.144226812735364e-02 
 2.326000000000052e-07 -5.095212042818420e-02 
 2.327000000000052e-07 -5.026098902027964e-02 
 2.328000000000052e-07 -4.937157022386485e-02 
 2.329000000000052e-07 -4.828735909970439e-02 
 2.330000000000052e-07 -4.701260305823518e-02 
 2.331000000000052e-07 -4.555231117720049e-02 
 2.332000000000052e-07 -4.391221740784768e-02 
 2.333000000000052e-07 -4.209877085537261e-02 
 2.334000000000053e-07 -4.011910443470712e-02 
 2.335000000000053e-07 -3.798101022092659e-02 
 2.336000000000053e-07 -3.569291033027189e-02 
 2.337000000000053e-07 -3.326382069533906e-02 
 2.338000000000053e-07 -3.070332187282432e-02 
 2.339000000000053e-07 -2.802151397540631e-02 
 2.340000000000053e-07 -2.522898588957023e-02 
 2.341000000000053e-07 -2.233676361805559e-02 
 2.342000000000053e-07 -1.935627707676169e-02 
 2.343000000000053e-07 -1.629930370610033e-02 
 2.344000000000053e-07 -1.317793258239375e-02 
 2.345000000000053e-07 -1.000450487598759e-02 
 2.346000000000053e-07 -6.791575464267563e-03 
 2.347000000000054e-07 -3.551851609228773e-03 
 2.348000000000054e-07 -2.981525644143446e-04 
 2.349000000000054e-07  2.956652308365282e-03 
 2.350000000000054e-07  6.199665109771324e-03 
 2.351000000000054e-07  9.418246370406891e-03 
 2.352000000000054e-07  1.259969059062360e-02 
 2.353000000000054e-07  1.573134950537414e-02 
 2.354000000000054e-07  1.880086424666505e-02 
 2.355000000000054e-07  2.179592214084280e-02 
 2.356000000000054e-07  2.470490742033205e-02 
 2.357000000000054e-07  2.751619125120564e-02 
 2.358000000000054e-07  3.021878360190700e-02 
 2.359000000000054e-07  3.280197803413754e-02 
 2.360000000000054e-07  3.525561207077876e-02 
 2.361000000000055e-07  3.757003033410822e-02 
 2.362000000000055e-07  3.973609302353731e-02 
 2.363000000000055e-07  4.174531586045327e-02 
 2.364000000000055e-07  4.358974731416243e-02 
 2.365000000000055e-07  4.526218577984098e-02 
 2.366000000000055e-07  4.675600440495908e-02 
 2.367000000000055e-07  4.806538337372435e-02 
 2.368000000000055e-07  4.918512898922023e-02 
 2.369000000000055e-07  5.011088637086836e-02 
 2.370000000000055e-07  5.083897678314120e-02 
 2.371000000000055e-07  5.136657453487770e-02 
 2.372000000000055e-07  5.169157203120101e-02 
 2.373000000000055e-07  5.181271604017024e-02 
 2.374000000000056e-07  5.172950140178445e-02 
 2.375000000000056e-07  5.144226814067898e-02 
 2.376000000000056e-07  5.095212043805364e-02 
 2.377000000000056e-07  5.026098903091292e-02 
 2.378000000000056e-07  4.937157023512473e-02 
 2.379000000000056e-07  4.828735911002502e-02 
 2.380000000000056e-07  4.701260306675370e-02 
 2.381000000000056e-07  4.555231118279446e-02 
 2.382000000000056e-07  4.391221741304774e-02 
 2.383000000000056e-07  4.209877085971980e-02 
 2.384000000000056e-07  4.011910443846678e-02 
 2.385000000000056e-07  3.798101022523803e-02 
 2.386000000000056e-07  3.569291033508870e-02 
 2.387000000000057e-07  3.326382070194622e-02 
 2.388000000000057e-07  3.070332188128755e-02 
 2.389000000000057e-07  2.802151398430830e-02 
 2.390000000000057e-07  2.522898590003342e-02 
 2.391000000000057e-07  2.233676362884873e-02 
 2.392000000000057e-07  1.935627708736121e-02 
 2.393000000000057e-07  1.629930371654575e-02 
 2.394000000000057e-07  1.317793259299194e-02 
 2.395000000000057e-07  1.000450488784965e-02 
 2.396000000000057e-07  6.791575477869127e-03 
 2.397000000000057e-07  3.551851622686009e-03 
 2.398000000000057e-07  2.981525763567916e-04 
 2.399000000000057e-07 -2.956652297469553e-03 
 2.400000000000057e-07 -6.199665099293927e-03 
 2.401000000000058e-07 -9.418246360784366e-03 
 2.402000000000058e-07 -1.259969058093890e-02 
 2.403000000000058e-07 -1.573134949615440e-02 
 2.404000000000058e-07 -1.880086423976612e-02 
 2.405000000000058e-07 -2.179592213504300e-02 
 2.406000000000058e-07 -2.470490741354192e-02 
 2.407000000000058e-07 -2.751619124322291e-02 
 2.408000000000058e-07 -3.021878359537933e-02 
 2.409000000000058e-07 -3.280197802822626e-02 
 2.410000000000058e-07 -3.525561206541905e-02 
 2.411000000000058e-07 -3.757003032417305e-02 
 2.412000000000058e-07 -3.973609301128467e-02 
 2.413000000000058e-07 -4.174531584712882e-02 
 2.414000000000059e-07 -4.358974730164422e-02 
 2.415000000000059e-07 -4.526218576837215e-02 
 2.416000000000059e-07 -4.675600439277150e-02 
 2.417000000000059e-07 -4.806538336212496e-02 
 2.418000000000059e-07 -4.918512897911498e-02 
 2.419000000000059e-07 -5.011088636178607e-02 
 2.420000000000059e-07 -5.083897677250837e-02 
 2.421000000000059e-07 -5.136657452459525e-02 
 2.422000000000059e-07 -5.169157202047625e-02 
 2.423000000000059e-07 -5.181271602722171e-02 
 2.424000000000059e-07 -5.172950138639276e-02 
 2.425000000000059e-07 -5.144226812787345e-02 
 2.426000000000059e-07 -5.095212042769726e-02 
 2.427000000000060e-07 -5.026098902016929e-02 
 2.428000000000060e-07 -4.937157022318317e-02 
 2.429000000000060e-07 -4.828735909936666e-02 
 2.430000000000060e-07 -4.701260305837551e-02 
 2.431000000000060e-07 -4.555231117648306e-02 
 2.432000000000060e-07 -4.391221740837081e-02 
 2.433000000000060e-07 -4.209877085529623e-02 
 2.434000000000060e-07 -4.011910443517031e-02 
 2.435000000000060e-07 -3.798101022050870e-02 
 2.436000000000060e-07 -3.569291033015110e-02 
 2.437000000000060e-07 -3.326382069556222e-02 
 2.438000000000060e-07 -3.070332187307034e-02 
 2.439000000000060e-07 -2.802151397531061e-02 
 2.440000000000060e-07 -2.522898588973677e-02 
 2.441000000000061e-07 -2.233676361836290e-02 
 2.442000000000061e-07 -1.935627707920373e-02 
 2.443000000000061e-07 -1.629930370902688e-02 
 2.444000000000061e-07 -1.317793258373445e-02 
 2.445000000000061e-07 -1.000450487611459e-02 
 2.446000000000061e-07 -6.791575464068167e-03 
 2.447000000000061e-07 -3.551851608369461e-03 
 2.448000000000061e-07 -2.981525645093797e-04 
 2.449000000000061e-07  2.956652308806706e-03 
 2.450000000000061e-07  6.199665110463659e-03 
 2.451000000000061e-07  9.418246372641104e-03 
 2.452000000000061e-07  1.259969059157839e-02 
 2.453000000000061e-07  1.573134950623478e-02 
 2.454000000000062e-07  1.880086424812877e-02 
 2.455000000000062e-07  2.179592214389370e-02 
 2.456000000000062e-07  2.470490742271014e-02 
 2.457000000000062e-07  2.751619125242089e-02 
 2.458000000000062e-07  3.021878360382302e-02 
 2.459000000000062e-07  3.280197803684226e-02 
 2.460000000000062e-07  3.525561207345795e-02 
 2.461000000000062e-07  3.757003033584638e-02 
 2.462000000000062e-07  3.973609302506254e-02 
 2.463000000000062e-07  4.174531586072261e-02 
 2.464000000000062e-07  4.358974731251708e-02 
 2.465000000000062e-07  4.526218577926300e-02 
 2.466000000000062e-07  4.675600440362038e-02 
 2.467000000000063e-07  4.806538337292965e-02 
 2.468000000000063e-07  4.918512898824989e-02 
 2.469000000000063e-07  5.011088637055305e-02 
 2.470000000000063e-07  5.083897678251947e-02 
 2.471000000000063e-07  5.136657453444693e-02 
 2.472000000000063e-07  5.169157203056773e-02 
 2.473000000000063e-07  5.181271603730186e-02 
 2.474000000000063e-07  5.172950139821730e-02 
 2.475000000000063e-07  5.144226813913844e-02 
 2.476000000000063e-07  5.095212043875663e-02 
 2.477000000000063e-07  5.026098903339649e-02 
 2.478000000000063e-07  4.937157023641747e-02 
 2.479000000000063e-07  4.828735911007076e-02 
 2.480000000000063e-07  4.701260306581734e-02 
 2.481000000000064e-07  4.555231118222580e-02 
 2.482000000000064e-07  4.391221741203299e-02 
 2.483000000000064e-07  4.209877085784930e-02 
 2.484000000000064e-07  4.011910443702127e-02 
 2.485000000000064e-07  3.798101022359246e-02 
 2.486000000000064e-07  3.569291033402311e-02 
 2.487000000000064e-07  3.326382070079958e-02 
 2.488000000000064e-07  3.070332187994107e-02 
 2.489000000000064e-07  2.802151398342767e-02 
 2.490000000000064e-07  2.522898589969902e-02 
 2.491000000000064e-07  2.233676362878123e-02 
 2.492000000000064e-07  1.935627708680254e-02 
 2.493000000000064e-07  1.629930371587696e-02 
 2.494000000000065e-07  1.317793259213706e-02 
 2.495000000000065e-07  1.000450488803484e-02 
 2.496000000000065e-07  6.791575478243939e-03 
 2.497000000000065e-07  3.551851622177971e-03 
 2.498000000000065e-07  2.981525760512582e-04 
 2.499000000000065e-07 -2.956652297233742e-03 
 2.500000000000065e-07 -6.202114717982488e-03 
