 2.000000000000000e-09  1.015482618048220e-01 
 2.004000000000000e-09  8.487646193567366e-02 
 2.008000000000000e-09  6.778702989026053e-02 
 2.012000000000000e-09  5.051286338970717e-02 
 2.016000000000000e-09  3.303311794513952e-02 
 2.020000000000000e-09  1.541968585455633e-02 
 2.024000000000000e-09 -2.255029111116524e-03 
 2.028000000000000e-09 -1.991889134949831e-02 
 2.032000000000000e-09 -3.749962249211780e-02 
 2.036000000000000e-09 -5.492500979769677e-02 
 2.040000000000000e-09 -7.212379680580350e-02 
 2.044000000000000e-09 -8.902613800121983e-02 
 2.048000000000000e-09 -1.055637717782156e-01 
 2.052000000000000e-09 -1.216703646505022e-01 
 2.056000000000000e-09 -1.372817571397107e-01 
 2.060000000000000e-09 -1.523362804312720e-01 
 2.064000000000000e-09 -1.667749706645401e-01 
 2.068000000000000e-09 -1.805418198335107e-01 
 2.072000000000000e-09 -1.935839433355064e-01 
 2.076000000000000e-09 -2.058517615357207e-01 
 2.080000000000000e-09 -2.172991162616358e-01 
 2.084000000000000e-09 -2.278833884200826e-01 
 2.088000000000000e-09 -2.375655664359355e-01 
 2.092000000000000e-09 -2.463103108766453e-01 
 2.096000000000000e-09 -2.540859840153860e-01 
 2.100000000000000e-09 -2.608646761946491e-01 
 2.104000000000000e-09 -2.666222098259166e-01 
 2.108000000000000e-09 -2.713381438652365e-01 
 2.112000000000000e-09 -2.749957668838166e-01 
 2.116000000000000e-09 -2.775820950447303e-01 
 2.120000000000000e-09 -2.790878671073886e-01 
 2.124000000000000e-09 -2.795075475954205e-01 
 2.128000000000000e-09 -2.788393320722922e-01 
 2.132000000000000e-09 -2.770851613276171e-01 
 2.136000000000000e-09 -2.742507389217221e-01 
 2.140000000000000e-09 -2.703455552917544e-01 
 2.144000000000000e-09 -2.653829127600715e-01 
 2.148000000000000e-09 -2.593799518619799e-01 
 2.152000000000000e-09 -2.523576731736747e-01 
 2.156000000000000e-09 -2.443409531941658e-01 
 2.160000000000000e-09 -2.353585486118692e-01 
 2.164000000000000e-09 -2.254430866068540e-01 
 2.168000000000000e-09 -2.146310361500714e-01 
 2.172000000000000e-09 -2.029626579203625e-01 
 2.176000000000000e-09 -1.904819289050459e-01 
 2.180000000000000e-09 -1.772364399635329e-01 
 2.183999999999999e-09 -1.632772638514752e-01 
 2.187999999999999e-09 -1.486587931167507e-01 
 2.191999999999999e-09 -1.334385470147197e-01 
 2.195999999999999e-09 -1.176769481117197e-01 
 2.199999999999999e-09 -1.014370691952582e-01 
 2.203999999999999e-09 -8.478435264370132e-02 
 2.207999999999999e-09 -6.778630415410625e-02 
 2.211999999999999e-09 -5.051216383243906e-02 
 2.215999999999999e-09 -3.303244419846330e-02 
 2.219999999999999e-09 -1.541903753446050e-02 
 2.223999999999999e-09  2.255652421979004e-03 
 2.227999999999999e-09  1.991949011226612e-02 
 2.231999999999999e-09  3.750019718956299e-02 
 2.235999999999999e-09  5.492556093897205e-02 
 2.239999999999999e-09  7.212432493118248e-02 
 2.243999999999999e-09  8.902664368321878e-02 
 2.247999999999999e-09  1.055642556204281e-01 
 2.251999999999999e-09  1.216708272883893e-01 
 2.255999999999999e-09  1.372821992392756e-01 
 2.259999999999999e-09  1.523367026891700e-01 
 2.263999999999999e-09  1.667753738069679e-01 
 2.267999999999999e-09  1.805422046154712e-01 
 2.271999999999999e-09  1.935843105387622e-01 
 2.275999999999999e-09  2.058521119678298e-01 
 2.279999999999999e-09  2.172994507535222e-01 
 2.283999999999999e-09  2.278837078243556e-01 
 2.287999999999999e-09  2.375658716231874e-01 
 2.291999999999999e-09  2.463106027338204e-01 
 2.295999999999999e-09  2.540862634414429e-01 
 2.299999999999999e-09  2.608649440981725e-01 
 2.303999999999999e-09  2.666224671195287e-01 
 2.307999999999999e-09  2.713383914634946e-01 
 2.311999999999999e-09  2.749960056975858e-01 
 2.315999999999999e-09  2.775823259782111e-01 
 2.319999999999999e-09  2.790880910529365e-01 
 2.323999999999999e-09  2.795077654291858e-01 
 2.327999999999999e-09  2.788395446503025e-01 
 2.331999999999999e-09  2.770853694821851e-01 
 2.335999999999999e-09  2.742509434568867e-01 
 2.339999999999999e-09  2.703457569803371e-01 
 2.343999999999999e-09  2.653831123393251e-01 
 2.347999999999999e-09  2.593801500320900e-01 
 2.351999999999999e-09  2.523578705944591e-01 
 2.355999999999999e-09  2.443411504834254e-01 
 2.359999999999999e-09  2.353587463432909e-01 
 2.363999999999999e-09  2.254432853095898e-01 
 2.367999999999999e-09  2.146312363072496e-01 
 2.371999999999999e-09  2.029628599691269e-01 
 2.375999999999999e-09  1.904821332365652e-01 
 2.379999999999999e-09  1.772366469233053e-01 
 2.383999999999999e-09  1.632774737401901e-01 
 2.387999999999999e-09  1.486590061914161e-01 
 2.391999999999999e-09  1.334387634892233e-01 
 2.395999999999999e-09  1.176771681589179e-01 
 2.399999999999999e-09  1.014372929475877e-01 
 2.403999999999999e-09  8.478458019573498e-02 
 2.407999999999999e-09  6.778653556350722e-02 
 2.411999999999999e-09  5.051239912182393e-02 
 2.415999999999999e-09  3.303268335611076e-02 
 2.419999999999999e-09  1.541928051664465e-02 
 2.423999999999999e-09 -2.255405687076717e-03 
 2.427999999999999e-09 -1.991923972500897e-02 
 2.431999999999999e-09 -3.749994328264261e-02 
 2.435999999999999e-09 -5.492530367277837e-02 
 2.439999999999999e-09 -7.212406449129638e-02 
 2.443999999999999e-09 -8.902638027941734e-02 
 2.447999999999999e-09 -1.055639894866656e-01 
 2.451999999999999e-09 -1.216705586815214e-01 
 2.455999999999999e-09 -1.372819284390752e-01 
 2.459999999999999e-09 -1.523364299977636e-01 
 2.463999999999999e-09 -1.667750995474884e-01 
 2.467999999999999e-09 -1.805419291321901e-01 
 2.471999999999998e-09 -1.935840341956387e-01 
 2.475999999999998e-09 -2.058518351482492e-01 
 2.479999999999998e-09 -2.172991738594181e-01 
 2.483999999999998e-09 -2.278834312741707e-01 
 2.487999999999998e-09 -2.375655958516307e-01 
 2.491999999999998e-09 -2.463103281895391e-01 
 2.495999999999998e-09 -2.540859905862065e-01 
 2.499999999999998e-09 -2.608646734035052e-01 
 2.503999999999998e-09 -2.666221990669908e-01 
 2.507999999999998e-09 -2.713381265400081e-01 
 2.511999999999998e-09 -2.749957443945068e-01 
 2.515999999999998e-09 -2.775820687875348e-01 
 2.519999999999998e-09 -2.790878384654407e-01 
 2.523999999999998e-09 -2.795075179313067e-01 
 2.527999999999998e-09 -2.788393027214617e-01 
 2.531999999999998e-09 -2.770851335914326e-01 
 2.535999999999998e-09 -2.742507140601709e-01 
 2.539999999999998e-09 -2.703455345178234e-01 
 2.543999999999998e-09 -2.653828972328418e-01 
 2.547999999999998e-09 -2.593799426822614e-01 
 2.551999999999998e-09 -2.523576713787494e-01 
 2.555999999999998e-09 -2.443409597533606e-01 
 2.559999999999998e-09 -2.353585644242091e-01 
 2.563999999999998e-09 -2.254431124970893e-01 
 2.567999999999998e-09 -2.146310728675975e-01 
 2.571999999999998e-09 -2.029627061365575e-01 
 2.575999999999998e-09 -1.904819892139900e-01 
 2.579999999999998e-09 -1.772365128815934e-01 
 2.583999999999998e-09 -1.632773498164859e-01 
 2.587999999999998e-09 -1.486588924906238e-01 
 2.591999999999998e-09 -1.334386600842974e-01 
 2.595999999999998e-09 -1.176770750894409e-01 
 2.599999999999998e-09 -1.014372102218357e-01 
 2.603999999999998e-09 -8.478450779051006e-02 
 2.607999999999998e-09 -6.778647342449773e-02 
 2.611999999999998e-09 -5.051234716450281e-02 
 2.615999999999998e-09 -3.303264146554863e-02 
 2.619999999999998e-09 -1.541924855177346e-02 
 2.623999999999998e-09  2.255427894650275e-03 
 2.627999999999998e-09  1.991925237591730e-02 
 2.631999999999998e-09  3.749994660413325e-02 
 2.635999999999998e-09  5.492529791825973e-02 
 2.639999999999998e-09  7.212404993898769e-02 
 2.643999999999998e-09  8.902635723360763e-02 
 2.647999999999998e-09  1.055639582754395e-01 
 2.651999999999998e-09  1.216705196580095e-01 
 2.655999999999998e-09  1.372818819798698e-01 
 2.659999999999998e-09  1.523363765028738e-01 
 2.663999999999998e-09  1.667750394393579e-01 
 2.667999999999998e-09  1.805418628553412e-01 
 2.671999999999998e-09  1.935839622153468e-01 
 2.675999999999998e-09  2.058517579498789e-01 
 2.679999999999998e-09  2.172990919467996e-01 
 2.683999999999998e-09  2.278833451691378e-01 
 2.687999999999998e-09  2.375655060908723e-01 
 2.691999999999998e-09  2.463102353243076e-01 
 2.695999999999998e-09  2.540858951792098e-01 
 2.699999999999998e-09  2.608645760273514e-01 
 2.703999999999998e-09  2.666221003011009e-01 
 2.707999999999998e-09  2.713380269680898e-01 
 2.711999999999998e-09  2.749956446023503e-01 
 2.715999999999998e-09  2.775819693594193e-01 
 2.719999999999998e-09  2.790877399813136e-01 
 2.723999999999998e-09  2.795074209639976e-01 
 2.727999999999998e-09  2.788392078322992e-01 
 2.731999999999998e-09  2.770850413284887e-01 
 2.735999999999998e-09  2.742506249550767e-01 
 2.739999999999998e-09  2.703454490826522e-01 
 2.743999999999998e-09  2.653828159573464e-01 
 2.747999999999998e-09  2.593798660315674e-01 
 2.751999999999998e-09  2.523575997910117e-01 
 2.755999999999998e-09  2.443408936385638e-01 
 2.759999999999998e-09  2.353585041603787e-01 
 2.763999999999997e-09  2.254430584317304e-01 
 2.767999999999997e-09  2.146310253140311e-01 
 2.771999999999997e-09  2.029626653757433e-01 
 2.775999999999997e-09  1.904819554920527e-01 
 2.779999999999997e-09  1.772364864100178e-01 
 2.783999999999997e-09  1.632773307730466e-01 
 2.787999999999997e-09  1.486588810190095e-01 
 2.791999999999997e-09  1.334386562936429e-01 
 2.795999999999997e-09  1.176770790563459e-01 
 2.799999999999997e-09  1.014372219907935e-01 
 2.803999999999997e-09  8.478452737350484e-02 
 2.807999999999997e-09  6.778650080353454e-02 
 2.811999999999997e-09  5.051238229141575e-02 
 2.815999999999997e-09  3.303268426207406e-02 
 2.819999999999997e-09  1.541929891357441e-02 
 2.823999999999997e-09 -2.255370098281695e-03 
 2.827999999999997e-09 -1.991918730421638e-02 
 2.831999999999997e-09 -3.749987444374359e-02 
 2.835999999999997e-09 -5.492521888034751e-02 
 2.839999999999997e-09 -7.212396425922663e-02 
 2.843999999999997e-09 -8.902626517012013e-02 
 2.847999999999997e-09 -1.055638601107107e-01 
 2.851999999999997e-09 -1.216704156957160e-01 
 2.855999999999997e-09 -1.372817725469866e-01 
 2.859999999999997e-09 -1.523362619471191e-01 
 2.863999999999997e-09 -1.667749201300714e-01 
 2.867999999999997e-09 -1.805417391815851e-01 
 2.871999999999997e-09 -1.935838345858758e-01 
 2.875999999999997e-09 -2.058516267922759e-01 
 2.879999999999997e-09 -2.172989577058999e-01 
 2.883999999999997e-09 -2.278832083059377e-01 
 2.887999999999997e-09 -2.375653670817230e-01 
 2.891999999999997e-09 -2.463100946580639e-01 
 2.895999999999997e-09 -2.540857533568477e-01 
 2.899999999999997e-09 -2.608644335584063e-01 
 2.903999999999997e-09 -2.666219577026527e-01 
 2.907999999999997e-09 -2.713378847624548e-01 
 2.911999999999997e-09 -2.749955033132481e-01 
 2.915999999999997e-09 -2.775818295105670e-01 
 2.919999999999997e-09 -2.790876020927735e-01 
 2.923999999999997e-09 -2.795072855498848e-01 
 2.927999999999997e-09 -2.788390753978820e-01 
 2.931999999999997e-09 -2.770849123671022e-01 
 2.935999999999997e-09 -2.742504999450450e-01 
 2.939999999999997e-09 -2.703453284854598e-01 
 2.943999999999997e-09 -2.653827002148861e-01 
 2.947999999999997e-09 -2.593797555626798e-01 
 2.951999999999997e-09 -2.523574949908858e-01 
 2.955999999999997e-09 -2.443407948758591e-01 
 2.959999999999997e-09 -2.353584117764891e-01 
 2.963999999999997e-09 -2.254429727380876e-01 
 2.967999999999997e-09 -2.146309465930600e-01 
 2.971999999999997e-09 -2.029625938780319e-01 
 2.975999999999997e-09 -1.904818914365776e-01 
 2.979999999999997e-09 -1.772364299843532e-01 
 2.983999999999997e-09 -1.632772821330106e-01 
 2.987999999999997e-09 -1.486588402879061e-01 
 2.991999999999997e-09 -1.334386235639577e-01 
 2.995999999999997e-09 -1.176770543900520e-01 
 2.999999999999997e-09 -1.014372054183568e-01 
 3.003999999999997e-09 -8.478451889646887e-02 
 3.007999999999997e-09 -6.778650039426548e-02 
 3.011999999999997e-09 -5.051238989381268e-02 
 3.015999999999997e-09 -3.303269979128309e-02 
 3.019999999999997e-09 -1.541932226083365e-02 
 3.023999999999997e-09  2.255339066539186e-03 
 3.027999999999997e-09  1.991914875097489e-02 
 3.031999999999997e-09  3.749982855617606e-02 
 3.035999999999997e-09  5.492516587012020e-02 
 3.039999999999997e-09  7.212390436054239e-02 
 3.043999999999997e-09  8.902619864023809e-02 
 3.047999999999997e-09  1.055637872281556e-01 
 3.051999999999996e-09  1.216703367622278e-01 
 3.055999999999996e-09  1.372816878839869e-01 
 3.059999999999996e-09  1.523361718981580e-01 
 3.063999999999996e-09  1.667748250583010e-01 
 3.067999999999996e-09  1.805416394701438e-01 
 3.071999999999996e-09  1.935837306363761e-01 
 3.075999999999996e-09  2.058515190244123e-01 
 3.079999999999996e-09  2.172988465559507e-01 
 3.083999999999996e-09  2.278830942262324e-01 
 3.087999999999996e-09  2.375652505380774e-01 
 3.091999999999996e-09  2.463099761299476e-01 
 3.095999999999996e-09  2.540856333333714e-01 
 3.099999999999996e-09  2.608643125391983e-01 
 3.103999999999996e-09  2.666218361926820e-01 
 3.107999999999996e-09  2.713377632712646e-01 
 3.111999999999996e-09  2.749953823527203e-01 
 3.115999999999996e-09  2.775817095918838e-01 
 3.119999999999996e-09  2.790874837234920e-01 
 3.123999999999996e-09  2.795071692314517e-01 
 3.127999999999996e-09  2.788389616224833e-01 
 3.131999999999996e-09  2.770848016155703e-01 
 3.135999999999996e-09  2.742503926840867e-01 
 3.139999999999996e-09  2.703452251643286e-01 
 3.143999999999996e-09  2.653826012632663e-01 
 3.147999999999996e-09  2.593796613897035e-01 
 3.151999999999996e-09  2.523574059810743e-01 
 3.155999999999996e-09  2.443407113886216e-01 
 3.159999999999996e-09  2.353583341439660e-01 
 3.163999999999996e-09  2.254429012650983e-01 
 3.167999999999996e-09  2.146308815538043e-01 
 3.171999999999996e-09  2.029625355177749e-01 
 3.175999999999996e-09  1.904818399700221e-01 
 3.179999999999996e-09  1.772363855948331e-01 
 3.183999999999996e-09  1.632772449730817e-01 
 3.187999999999996e-09  1.486588104806588e-01 
 3.191999999999996e-09  1.334386012012390e-01 
 3.195999999999996e-09  1.176770395342386e-01 
 3.199999999999996e-09  1.014371981021638e-01 
 3.203999999999996e-09  8.478451912457707e-02 
 3.207999999999996e-09  6.778650814340903e-02 
 3.211999999999996e-09  5.051240511385480e-02 
 3.215999999999996e-09  3.303272240419464e-02 
 3.219999999999996e-09  1.541935216530721e-02 
 3.223999999999996e-09 -2.255301996203052e-03 
 3.227999999999996e-09 -1.991910466633762e-02 
 3.231999999999996e-09 -3.749977763424983e-02 
 3.235999999999996e-09 -5.492510830960207e-02 
 3.239999999999996e-09 -7.212384038237563e-02 
 3.243999999999996e-09 -8.902612848695846e-02 
 3.247999999999996e-09 -1.055637111641161e-01 
 3.251999999999996e-09 -1.216702550712929e-01 
 3.255999999999996e-09 -1.372816008713338e-01 
 3.259999999999996e-09 -1.523360798885651e-01 
 3.263999999999996e-09 -1.667747283957111e-01 
 3.267999999999996e-09 -1.805415385168878e-01 
 3.271999999999996e-09 -1.935836257733952e-01 
 3.275999999999996e-09 -2.058514106489260e-01 
 3.279999999999996e-09 -2.172987350818079e-01 
 3.283999999999996e-09 -2.278829800814224e-01 
 3.287999999999996e-09 -2.375651341657030e-01 
 3.291999999999996e-09 -2.463098579836349e-01 
 3.295999999999996e-09 -2.540855138778040e-01 
 3.299999999999996e-09 -2.608641922474082e-01 
 3.303999999999996e-09 -2.666217155442618e-01 
 3.307999999999996e-09 -2.713376427503349e-01 
 3.311999999999996e-09 -2.749952624447163e-01 
 3.315999999999996e-09 -2.775815907822305e-01 
 3.319999999999996e-09 -2.790873664935178e-01 
 3.323999999999996e-09 -2.795070540574480e-01 
 3.327999999999996e-09 -2.788388489724360e-01 
 3.331999999999996e-09 -2.770846919458538e-01 
 3.335999999999996e-09 -2.742502864377383e-01 
 3.339999999999995e-09 -2.703451227685576e-01 
 3.343999999999995e-09 -2.653825031260615e-01 
 3.347999999999995e-09 -2.593795678991255e-01 
 3.351999999999995e-09 -2.523573175027722e-01 
 3.355999999999995e-09 -2.443406282636635e-01 
 3.359999999999995e-09 -2.353582566884898e-01 
 3.363999999999995e-09 -2.254428297675544e-01 
 3.367999999999995e-09 -2.146308162755557e-01 
 3.371999999999995e-09 -2.029624766907321e-01 
 3.375999999999995e-09 -1.904817877977152e-01 
 3.379999999999995e-09 -1.772363402517572e-01 
 3.383999999999995e-09 -1.632772066044046e-01 
 3.387999999999995e-09 -1.486587792012601e-01 
 3.391999999999995e-09 -1.334385770980129e-01 
 3.395999999999995e-09 -1.176770226657267e-01 
 3.399999999999995e-09 -1.014371884997640e-01 
 3.403999999999995e-09 -8.478451679098775e-02 
 3.407999999999995e-09 -6.778651305528260e-02 
 3.411999999999995e-09 -5.051241722158650e-02 
 3.415999999999995e-09 -3.303274163311354e-02 
 3.419999999999995e-09 -1.541937841734242e-02 
 3.423999999999995e-09  2.255268841284241e-03 
 3.427999999999995e-09  1.991906475445493e-02 
 3.431999999999995e-09  3.749973113537042e-02 
 3.435999999999995e-09  5.492505541527670e-02 
 3.439999999999995e-09  7.212378130429542e-02 
 3.443999999999995e-09  8.902606345781727e-02 
 3.447999999999995e-09  1.055636404369418e-01 
 3.451999999999995e-09  1.216701789193682e-01 
 3.455999999999995e-09  1.372815195866162e-01 
 3.459999999999995e-09  1.523359937823461e-01 
 3.463999999999995e-09  1.667746377976647e-01 
 3.467999999999995e-09  1.805414437743913e-01 
 3.471999999999995e-09  1.935835272512021e-01 
 3.475999999999995e-09  2.058513087280920e-01 
 3.479999999999995e-09  2.172986301590014e-01 
 3.483999999999995e-09  2.278828725668629e-01 
 3.487999999999995e-09  2.375650244830445e-01 
 3.491999999999995e-09  2.463097465681900e-01 
 3.495999999999995e-09  2.540854011746794e-01 
 3.499999999999995e-09  2.608640787095551e-01 
 3.503999999999995e-09  2.666216016315461e-01 
 3.507999999999995e-09  2.713375289256514e-01 
 3.511999999999995e-09  2.749951491738007e-01 
 3.515999999999995e-09  2.775814785290232e-01 
 3.519999999999995e-09  2.790872557199018e-01 
 3.523999999999995e-09  2.795069452191650e-01 
 3.527999999999995e-09  2.788387425174124e-01 
 3.531999999999995e-09  2.770845883116249e-01 
 3.535999999999995e-09  2.742501860482973e-01 
 3.539999999999995e-09  2.703450260322062e-01 
 3.543999999999995e-09  2.653824104347129e-01 
 3.547999999999995e-09  2.593794796240387e-01 
 3.551999999999995e-09  2.523572339934237e-01 
 3.555999999999995e-09  2.443405498477111e-01 
 3.559999999999995e-09  2.353581836678771e-01 
 3.563999999999995e-09  2.254427624186799e-01 
 3.567999999999995e-09  2.146307548487520e-01 
 3.571999999999995e-09  2.029624214082588e-01 
 3.575999999999995e-09  1.904817388543893e-01 
 3.579999999999995e-09  1.772362978149689e-01 
 3.583999999999995e-09  1.632771708126466e-01 
 3.587999999999995e-09  1.486587501656240e-01 
 3.591999999999995e-09  1.334385549022601e-01 
 3.595999999999995e-09  1.176770073652644e-01 
 3.599999999999995e-09  1.014371801237681e-01 
 3.603999999999995e-09  8.478451534390885e-02 
 3.607999999999995e-09  6.778651851452366e-02 
 3.611999999999995e-09  5.051242954113633e-02 
 3.615999999999995e-09  3.303276074095329e-02 
 3.619999999999995e-09  1.541940422012100e-02 
 3.623999999999995e-09 -2.255236458096554e-03 
 3.627999999999995e-09 -1.991902593086703e-02 
 3.631999999999994e-09 -3.749968603305831e-02 
 3.635999999999994e-09 -5.492500421617663e-02 
 3.639999999999994e-09 -7.212372421124513e-02 
 3.643999999999994e-09 -8.902600069301414e-02 
 3.647999999999994e-09 -1.055635722414037e-01 
 3.651999999999994e-09 -1.216701055538110e-01 
 3.655999999999994e-09 -1.372814413302361e-01 
 3.659999999999994e-09 -1.523359109321465e-01 
 3.663999999999994e-09 -1.667745506685820e-01 
 3.667999999999994e-09 -1.805413526979960e-01 
 3.671999999999994e-09 -1.935834325759593e-01 
 3.675999999999994e-09 -2.058512108177322e-01 
 3.679999999999994e-09 -2.172985293916896e-01 
 3.683999999999994e-09 -2.278827693355048e-01 
 3.687999999999994e-09 -2.375649191913451e-01 
 3.691999999999994e-09 -2.463096396320723e-01 
 3.695999999999994e-09 -2.540852930190738e-01 
 3.699999999999994e-09 -2.608639697671580e-01 
 3.703999999999994e-09 -2.666214923413239e-01 
 3.707999999999994e-09 -2.713374197298146e-01 
 3.711999999999994e-09 -2.749950405167303e-01 
 3.715999999999994e-09 -2.775813708543602e-01 
 3.719999999999994e-09 -2.790871494684612e-01 
 3.723999999999994e-09 -2.795068408266674e-01 
 3.727999999999995e-09 -2.788386404110554e-01 
 3.731999999999995e-09 -2.770844889092181e-01 
 3.735999999999995e-09 -2.742500897549456e-01 
 3.739999999999996e-09 -2.703449332382566e-01 
 3.743999999999996e-09 -2.653823215137967e-01 
 3.747999999999997e-09 -2.593793949308392e-01 
 3.751999999999997e-09 -2.523571538626923e-01 
 3.755999999999997e-09 -2.443404745911355e-01 
 3.759999999999998e-09 -2.353581135748373e-01 
 3.763999999999998e-09 -2.254426977530191e-01 
 3.767999999999999e-09 -2.146306958485504e-01 
 3.771999999999999e-09 -2.029623682868325e-01 
 3.775999999999999e-09 -1.904816917980972e-01 
 3.780000000000000e-09 -1.772362569824502e-01 
 3.784000000000000e-09 -1.632771363364762e-01 
 3.788000000000001e-09 -1.486587221521845e-01 
 3.792000000000001e-09 -1.334385334305024e-01 
 3.796000000000001e-09 -1.176769924897227e-01 
 3.800000000000002e-09 -1.014371718721128e-01 
 3.804000000000002e-09 -8.478451371915785e-02 
 3.808000000000003e-09 -6.778652349574710e-02 
 3.812000000000003e-09 -5.051244108360109e-02 
 3.816000000000003e-09 -3.303277877574207e-02 
 3.820000000000004e-09 -1.541942865900570e-02 
 3.824000000000004e-09  2.255205725998799e-03 
 3.828000000000005e-09  1.991898903855116e-02 
 3.832000000000005e-09  3.749964313458509e-02 
 3.836000000000005e-09  5.492495548684317e-02 
 3.840000000000006e-09  7.212366984424889e-02 
 3.844000000000006e-09  8.902594090069016e-02 
 3.848000000000007e-09  1.055635072547432e-01 
 3.852000000000007e-09  1.216700356216824e-01 
 3.856000000000007e-09  1.372813667196224e-01 
 3.860000000000008e-09  1.523358319272479e-01 
 3.864000000000008e-09  1.667744675699057e-01 
 3.868000000000009e-09  1.805412658232157e-01 
 3.872000000000009e-09  1.935833422579458e-01 
 3.876000000000009e-09  2.058511174040527e-01 
 3.880000000000010e-09  2.172984332441286e-01 
 3.884000000000010e-09  2.278826708286914e-01 
 3.888000000000011e-09  2.375648187125945e-01 
 3.892000000000011e-09  2.463095375776225e-01 
 3.896000000000011e-09  2.540851897960277e-01 
 3.900000000000012e-09  2.608638657890485e-01 
 3.904000000000012e-09  2.666213880269472e-01 
 3.908000000000013e-09  2.713373155029255e-01 
 3.912000000000013e-09  2.749949368012541e-01 
 3.916000000000013e-09  2.775812680749823e-01 
 3.920000000000014e-09  2.790870480466130e-01 
 3.924000000000014e-09  2.795067411780869e-01 
 3.928000000000015e-09  2.788385429451254e-01 
 3.932000000000015e-09  2.770843940246994e-01 
 3.936000000000015e-09  2.742499978391884e-01 
 3.940000000000016e-09  2.703448446647512e-01 
 3.944000000000016e-09  2.653822366389331e-01 
 3.948000000000017e-09  2.593793140947582e-01 
 3.952000000000017e-09  2.523570773845361e-01 
 3.956000000000017e-09  2.443404027690717e-01 
 3.960000000000018e-09  2.353580466842611e-01 
 3.964000000000018e-09  2.254426360472777e-01 
 3.968000000000019e-09  2.146306395559199e-01 
 3.972000000000019e-09  2.029623176102655e-01 
 3.976000000000019e-09  1.904816469150656e-01 
 3.980000000000020e-09  1.772362180456719e-01 
 3.984000000000020e-09  1.632771034726135e-01 
 3.988000000000021e-09  1.486586954626796e-01 
 3.992000000000021e-09  1.334385129912308e-01 
 3.996000000000021e-09  1.176769783517777e-01 
 4.000000000000022e-09  1.014371640628315e-01 
 4.004000000000022e-09  8.478451224114547e-02 
 4.008000000000023e-09  6.778652832904264e-02 
 4.012000000000023e-09  5.051245218531886e-02 
 4.016000000000023e-09  3.303279608116760e-02 
 4.020000000000024e-09  1.541945208222195e-02 
 4.024000000000024e-09 -2.255176289603256e-03 
 4.028000000000025e-09 -1.991895371647878e-02 
 4.032000000000025e-09 -3.749960207503023e-02 
 4.036000000000025e-09 -5.492490885582324e-02 
 4.040000000000026e-09 -7.212361782701926e-02 
 4.044000000000026e-09 -8.902588370042697e-02 
 4.048000000000027e-09 -1.055634450916196e-01 
 4.052000000000027e-09 -1.216699687341904e-01 
 4.056000000000027e-09 -1.372812953621789e-01 
 4.060000000000028e-09 -1.523357563713201e-01 
 4.064000000000028e-09 -1.667743881031853e-01 
 4.068000000000029e-09 -1.805411827491534e-01 
 4.072000000000029e-09 -1.935832558938388e-01 
 4.076000000000029e-09 -2.058510280825239e-01 
 4.080000000000030e-09 -2.172983413111176e-01 
 4.084000000000030e-09 -2.278825766424526e-01 
 4.088000000000031e-09 -2.375647226422615e-01 
 4.092000000000031e-09 -2.463094400034134e-01 
 4.096000000000031e-09 -2.540850911054671e-01 
 4.100000000000032e-09 -2.608637663778934e-01 
 4.104000000000032e-09 -2.666212882960106e-01 
 4.108000000000033e-09 -2.713372158561542e-01 
 4.112000000000033e-09 -2.749948376447899e-01 
 4.116000000000033e-09 -2.775811698138273e-01 
 4.120000000000034e-09 -2.790869510835332e-01 
 4.124000000000034e-09 -2.795066459106474e-01 
 4.128000000000035e-09 -2.788384497643821e-01 
 4.132000000000035e-09 -2.770843033119463e-01 
 4.136000000000035e-09 -2.742499099641353e-01 
 4.140000000000036e-09 -2.703447599841151e-01 
 4.144000000000036e-09 -2.653821554946822e-01 
 4.148000000000037e-09 -2.593792368097962e-01 
 4.152000000000037e-09 -2.523570042646703e-01 
 4.156000000000037e-09 -2.443403340997032e-01 
 4.160000000000038e-09 -2.353579827289893e-01 
 4.164000000000038e-09 -2.254425770471675e-01 
 4.168000000000039e-09 -2.146305857294202e-01 
 4.172000000000039e-09 -2.029622691513877e-01 
 4.176000000000039e-09 -1.904816039939545e-01 
 4.180000000000040e-09 -1.772361808076441e-01 
 4.184000000000040e-09 -1.632770720392589e-01 
 4.188000000000041e-09 -1.486586699299215e-01 
 4.192000000000041e-09 -1.334384934326547e-01 
 4.196000000000041e-09 -1.176769648158933e-01 
 4.200000000000042e-09 -1.014371565753214e-01 
 4.204000000000042e-09 -8.478451080515814e-02 
 4.208000000000043e-09 -6.778653292535441e-02 
 4.212000000000043e-09 -5.051246277296517e-02 
 4.216000000000043e-09 -3.303281259701496e-02 
 4.220000000000044e-09 -1.541947444594882e-02 
 4.224000000000044e-09  2.255148179127531e-03 
 4.228000000000045e-09  1.991891998071615e-02 
 4.232000000000045e-09  3.749956285542400e-02 
 4.236000000000045e-09  5.492486431153143e-02 
 4.240000000000046e-09  7.212356813492082e-02 
 4.244000000000046e-09  8.902582905423806e-02 
 4.248000000000047e-09  1.055633857024381e-01 
 4.252000000000047e-09  1.216699048290275e-01 
 4.256000000000047e-09  1.372812271851318e-01 
 4.260000000000048e-09  1.523356841813799e-01 
 4.264000000000048e-09  1.667743121754475e-01 
 4.268000000000049e-09  1.805411033730566e-01 
 4.272000000000049e-09  1.935831733736357e-01 
 4.276000000000049e-09  2.058509427359878e-01 
 4.280000000000050e-09  2.172982534682841e-01 
 4.284000000000050e-09  2.278824866459299e-01 
 4.288000000000051e-09  2.375646308448247e-01 
 4.292000000000051e-09  2.463093467681046e-01 
 4.296000000000051e-09  2.540849968035226e-01 
 4.300000000000052e-09  2.608636713868080e-01 
 4.304000000000052e-09  2.666211929988165e-01 
 4.308000000000053e-09  2.713371206393935e-01 
 4.312000000000053e-09  2.749947428960111e-01 
 4.316000000000053e-09  2.775810759203918e-01 
 4.320000000000054e-09  2.790868584302109e-01 
 4.324000000000054e-09  2.795065548778091e-01 
 4.328000000000055e-09  2.788383607248912e-01 
 4.332000000000055e-09  2.770842166306442e-01 
 4.336000000000055e-09  2.742498259950166e-01 
 4.340000000000056e-09  2.703446790675998e-01 
 4.344000000000056e-09  2.653820779569158e-01 
 4.348000000000057e-09  2.593791629608844e-01 
 4.352000000000057e-09  2.523569343962127e-01 
 4.356000000000057e-09  2.443402684838878e-01 
 4.360000000000058e-09  2.353579216187582e-01 
 4.364000000000058e-09  2.254425206725585e-01 
 4.368000000000059e-09  2.146305342985730e-01 
 4.372000000000059e-09  2.029622228500667e-01 
 4.376000000000059e-09  1.904815629844787e-01 
 4.380000000000060e-09  1.772361452297879e-01 
 4.384000000000060e-09  1.632770420078540e-01 
 4.388000000000061e-09  1.486586455380419e-01 
 4.392000000000061e-09  1.334384747495001e-01 
 4.396000000000061e-09  1.176769518885044e-01 
 4.400000000000062e-09  1.014371494277926e-01 
 4.404000000000062e-09  8.478450944064519e-02 
 4.408000000000063e-09  6.778653732539919e-02 
 4.412000000000063e-09  5.051247289873650e-02 
 4.416000000000063e-09  3.303282838875354e-02 
 4.420000000000064e-09  1.541949582509972e-02 
 4.424000000000064e-09 -2.255121307474184e-03 
 4.428000000000065e-09 -1.991888773308759e-02 
 4.432000000000065e-09 -3.749952536730206e-02 
 4.436000000000065e-09 -5.492482173484703e-02 
 4.440000000000066e-09 -7.212352063849359e-02 
 4.444000000000066e-09 -8.902577682374613e-02 
 4.448000000000067e-09 -1.055633289391507e-01 
 4.452000000000067e-09 -1.216698437507135e-01 
 4.456000000000067e-09 -1.372811620238688e-01 
 4.460000000000068e-09 -1.523356151856960e-01 
 4.464000000000068e-09 -1.667742396076610e-01 
 4.468000000000069e-09 -1.805410275103041e-01 
 4.472000000000069e-09 -1.935830945063888e-01 
 4.476000000000069e-09 -2.058508611674279e-01 
 4.480000000000070e-09 -2.172981695146241e-01 
 4.484000000000070e-09 -2.278824006337024e-01 
 4.488000000000071e-09 -2.375645431120033e-01 
 4.492000000000071e-09 -2.463092576611055e-01 
 4.496000000000071e-09 -2.540849066770123e-01 
 4.500000000000072e-09 -2.608635806021584e-01 
 4.504000000000072e-09 -2.666211019216465e-01 
 4.508000000000073e-09 -2.713370296388031e-01 
 4.512000000000073e-09 -2.749946523429050e-01 
 4.516000000000073e-09 -2.775809861849488e-01 
 4.520000000000074e-09 -2.790867698799953e-01 
 4.524000000000074e-09 -2.795064678762387e-01 
 4.528000000000075e-09 -2.788382756287082e-01 
 4.532000000000075e-09 -2.770841337879819e-01 
 4.536000000000075e-09 -2.742497457440063e-01 
 4.540000000000076e-09 -2.703446017345679e-01 
 4.544000000000076e-09 -2.653820038526631e-01 
 4.548000000000077e-09 -2.593790923816930e-01 
 4.552000000000077e-09 -2.523568676211490e-01 
 4.556000000000077e-09 -2.443402057734887e-01 
 4.560000000000078e-09 -2.353578632133040e-01 
 4.564000000000078e-09 -2.254424667928019e-01 
 4.568000000000079e-09 -2.146304851436929e-01 
 4.572000000000079e-09 -2.029621785975930e-01 
 4.576000000000079e-09 -1.904815237896340e-01 
 4.580000000000080e-09 -1.772361112250573e-01 
 4.584000000000080e-09 -1.632770133041141e-01 
 4.588000000000081e-09 -1.486586222238024e-01 
 4.592000000000081e-09 -1.334384568907447e-01 
 4.596000000000081e-09 -1.176769395300221e-01 
 4.600000000000082e-09 -1.014371425936380e-01 
 4.604000000000082e-09 -8.478450813315952e-02 
 4.608000000000083e-09 -6.778654152723895e-02 
 4.612000000000083e-09 -5.051248257236196e-02 
 4.616000000000083e-09 -3.303284347677149e-02 
 4.620000000000084e-09 -1.541951625383398e-02 
 4.624000000000084e-09  2.255095630177451e-03 
 4.628000000000085e-09  1.991885691869655e-02 
 4.632000000000085e-09  3.749948954364690e-02 
 4.636000000000085e-09  5.492478104878451e-02 
 4.640000000000086e-09  7.212347525100071e-02 
 4.644000000000086e-09  8.902572691143362e-02 
 4.648000000000087e-09  1.055632746950668e-01 
 4.652000000000087e-09  1.216697853819015e-01 
 4.656000000000087e-09  1.372810997537650e-01 
 4.660000000000088e-09  1.523355492509593e-01 
 4.664000000000088e-09  1.667741702591883e-01 
 4.668000000000089e-09  1.805409550127459e-01 
 4.672000000000089e-09  1.935830191369456e-01 
 4.676000000000089e-09  2.058507832169880e-01 
 4.680000000000090e-09  2.172980892845944e-01 
 4.684000000000090e-09  2.278823184364516e-01 
 4.688000000000091e-09  2.375644592704953e-01 
 4.692000000000091e-09  2.463091725065576e-01 
 4.696000000000091e-09  2.540848205479063e-01 
 4.700000000000092e-09  2.608634938437313e-01 
 4.704000000000092e-09  2.666210148841393e-01 
 4.708000000000093e-09  2.713369426745567e-01 
 4.712000000000093e-09  2.749945658064257e-01 
 4.716000000000093e-09  2.775809004297274e-01 
 4.720000000000094e-09  2.790866852572735e-01 
 4.724000000000094e-09  2.795063847335493e-01 
 4.728000000000095e-09  2.788381943070817e-01 
 4.732000000000095e-09  2.770840546202495e-01 
 4.736000000000095e-09  2.742496690531349e-01 
 4.740000000000096e-09  2.703445278316392e-01 
 4.744000000000096e-09  2.653819330357461e-01 
 4.748000000000097e-09  2.593790249336232e-01 
 4.752000000000097e-09  2.523568038083734e-01 
 4.756000000000097e-09  2.443401458449390e-01 
 4.760000000000098e-09  2.353578073991160e-01 
 4.764000000000098e-09  2.254424153036227e-01 
 4.768000000000099e-09  2.146304381700483e-01 
 4.772000000000099e-09  2.029621363089742e-01 
 4.776000000000099e-09  1.904814863342938e-01 
 4.780000000000100e-09  1.772360787299974e-01 
 4.784000000000100e-09  1.632769858751431e-01 
 4.788000000000101e-09  1.486585999449970e-01 
 4.792000000000101e-09  1.334384398262465e-01 
 4.796000000000101e-09  1.176769277221741e-01 
 4.800000000000102e-09  1.014371360646837e-01 
 4.804000000000102e-09  8.478450688615524e-02 
 4.808000000000103e-09  6.778654554493535e-02 
 4.812000000000103e-09  5.051249181931183e-02 
 4.816000000000103e-09  3.303285789876398e-02 
 4.820000000000104e-09  1.541953577906519e-02 
 4.824000000000104e-09 -2.255071088770322e-03 
 4.828000000000105e-09 -1.991882746766649e-02 
 4.832000000000105e-09 -3.749945530649512e-02 
 4.836000000000105e-09 -5.492474216381638e-02 
 4.840000000000106e-09 -7.212343187281078e-02 
 4.844000000000106e-09 -8.902567920966220e-02 
 4.848000000000107e-09 -1.055632228533110e-01 
 4.852000000000107e-09 -1.216697295991409e-01 
 4.856000000000107e-09 -1.372810402422022e-01 
 4.860000000000108e-09 -1.523354862372424e-01 
 4.864000000000108e-09 -1.667741039827870e-01 
 4.868000000000109e-09 -1.805408857266135e-01 
 4.872000000000109e-09 -1.935829471072781e-01 
 4.876000000000109e-09 -2.058507087198160e-01 
 4.880000000000110e-09 -2.172980126084436e-01 
 4.884000000000110e-09 -2.278822398807510e-01 
 4.888000000000111e-09 -2.375643791428734e-01 
 4.892000000000111e-09 -2.463090911240560e-01 
 4.896000000000111e-09 -2.540847382341860e-01 
 4.900000000000112e-09 -2.608634109288448e-01 
 4.904000000000112e-09 -2.666209317016828e-01 
 4.908000000000113e-09 -2.713368595627457e-01 
 4.912000000000113e-09 -2.749944831030238e-01 
 4.916000000000113e-09 -2.775808184731792e-01 
 4.920000000000114e-09 -2.790866043828517e-01 
 4.924000000000114e-09 -2.795063052736024e-01 
 4.928000000000115e-09 -2.788381165872076e-01 
 4.932000000000115e-09 -2.770839789592201e-01 
 4.936000000000115e-09 -2.742495957587472e-01 
 4.940000000000116e-09 -2.703444572018014e-01 
 4.944000000000116e-09 -2.653818653550331e-01 
 4.948000000000117e-09 -2.593789604727057e-01 
 4.952000000000117e-09 -2.523567428213092e-01 
 4.956000000000117e-09 -2.443400885702953e-01 
 4.960000000000118e-09 -2.353577540567588e-01 
 4.964000000000118e-09 -2.254423660948897e-01 
 4.968000000000119e-09 -2.146303932759643e-01 
 4.972000000000119e-09 -2.029620958922287e-01 
 4.976000000000119e-09 -1.904814505362964e-01 
 4.980000000000120e-09 -1.772360476725332e-01 
 4.984000000000120e-09 -1.632769596594414e-01 
 4.988000000000121e-09 -1.486585786515446e-01 
 4.992000000000121e-09 -1.334384235156900e-01 
 4.996000000000121e-09 -1.176769164351974e-01 
 5.000000000000122e-09 -1.014371298228660e-01 
 5.004000000000122e-09 -8.478450569165652e-02 
 5.008000000000122e-09 -6.778654938218764e-02 
 5.012000000000123e-09 -5.051250065392843e-02 
 5.016000000000123e-09 -3.303287167848978e-02 
 5.020000000000124e-09 -1.541955443650522e-02 
 5.024000000000124e-09  2.255047637587992e-03 
 5.028000000000124e-09  1.991879932456442e-02 
 5.032000000000125e-09  3.749942258888161e-02 
 5.036000000000125e-09  5.492470500497859e-02 
 5.040000000000126e-09  7.212339041985594e-02 
 5.044000000000126e-09  8.902563362446081e-02 
 5.048000000000126e-09  1.055631733119942e-01 
 5.052000000000127e-09  1.216696762913152e-01 
 5.056000000000127e-09  1.372809833708519e-01 
 5.060000000000128e-09  1.523354260184160e-01 
 5.064000000000128e-09  1.667740406468630e-01 
 5.068000000000128e-09  1.805408195144844e-01 
 5.072000000000129e-09  1.935828782721529e-01 
 5.076000000000129e-09  2.058506375272291e-01 
 5.080000000000130e-09  2.172979393340002e-01 
 5.084000000000130e-09  2.278821648098717e-01 
 5.088000000000130e-09  2.375643025700986e-01 
 5.092000000000131e-09  2.463090133519970e-01 
 5.096000000000131e-09  2.540846595722068e-01 
 5.100000000000132e-09  2.608633316925193e-01 
 5.104000000000132e-09  2.666208522100715e-01 
 5.108000000000132e-09  2.713367801377871e-01 
 5.112000000000133e-09  2.749944040687879e-01 
 5.116000000000133e-09  2.775807401522914e-01 
 5.120000000000134e-09  2.790865270971867e-01 
 5.124000000000134e-09  2.795062293396358e-01 
 5.128000000000134e-09  2.788380423161527e-01 
 5.132000000000135e-09  2.770839066547617e-01 
 5.136000000000135e-09  2.742495257169300e-01 
 5.140000000000136e-09  2.703443897059647e-01 
 5.144000000000136e-09  2.653818006781807e-01 
 5.148000000000136e-09  2.593788988726673e-01 
 5.152000000000137e-09  2.523566845416174e-01 
 5.156000000000137e-09  2.443400338380535e-01 
 5.160000000000138e-09  2.353577030821352e-01 
 5.164000000000138e-09  2.254423190700878e-01 
 5.168000000000138e-09  2.146303503755780e-01 
 5.172000000000139e-09  2.029620572704021e-01 
 5.176000000000139e-09  1.904814163290309e-01 
 5.180000000000140e-09  1.772360179951873e-01 
 5.184000000000140e-09  1.632769346090583e-01 
 5.188000000000140e-09  1.486585583053692e-01 
 5.192000000000141e-09  1.334384079312816e-01 
 5.196000000000141e-09  1.176769056519564e-01 
 5.200000000000142e-09  1.014371238607374e-01 
 5.204000000000142e-09  8.478450455367259e-02 
 5.208000000000142e-09  6.778655305243930e-02 
 5.212000000000143e-09  5.051250910028315e-02 
 5.216000000000143e-09  3.303288485075839e-02 
 5.220000000000144e-09  1.541957227008162e-02 
 5.224000000000144e-09 -2.255025222838825e-03 
 5.228000000000144e-09 -1.991877242543083e-02 
 5.232000000000145e-09 -3.749939131836300e-02 
 5.236000000000145e-09 -5.492466949010044e-02 
 5.240000000000146e-09 -7.212335080135013e-02 
 5.244000000000146e-09 -8.902559005736776e-02 
 5.248000000000146e-09 -1.055631259635703e-01 
 5.252000000000147e-09 -1.216696253434666e-01 
 5.256000000000147e-09 -1.372809290172547e-01 
 5.260000000000148e-09 -1.523353684666571e-01 
 5.264000000000148e-09 -1.667739801148302e-01 
 5.268000000000148e-09 -1.805407562339729e-01 
 5.272000000000149e-09 -1.935828124854257e-01 
 5.276000000000149e-09 -2.058505694879678e-01 
 5.280000000000150e-09 -2.172978693044847e-01 
 5.284000000000150e-09 -2.278820930636609e-01 
 5.288000000000150e-09 -2.375642293887186e-01 
 5.292000000000151e-09 -2.463089390235478e-01 
 5.296000000000151e-09 -2.540845843937682e-01 
 5.300000000000152e-09 -2.608632559647446e-01 
 5.304000000000152e-09 -2.666207762384345e-01 
 5.308000000000152e-09 -2.713367042299302e-01 
 5.312000000000153e-09 -2.749943285341945e-01 
 5.316000000000153e-09 -2.775806652995638e-01 
 5.320000000000154e-09 -2.790864532331447e-01 
 5.324000000000154e-09 -2.795061567666519e-01 
 5.328000000000154e-09 -2.788379713326601e-01 
 5.332000000000155e-09 -2.770838375514120e-01 
 5.336000000000155e-09 -2.742494587756474e-01 
 5.340000000000156e-09 -2.703443251987867e-01 
 5.344000000000156e-09 -2.653817388644146e-01 
 5.348000000000156e-09 -2.593788399990000e-01 
 5.352000000000157e-09 -2.523566288410874e-01 
 5.356000000000157e-09 -2.443399815279035e-01 
 5.360000000000158e-09 -2.353576543635558e-01 
 5.364000000000158e-09 -2.254422741265172e-01 
 5.368000000000158e-09 -2.146303093732271e-01 
 5.372000000000159e-09 -2.029620203570053e-01 
 5.376000000000159e-09 -1.904813836346211e-01 
 5.380000000000160e-09 -1.772359896301392e-01 
 5.384000000000160e-09 -1.632769106655250e-01 
 5.388000000000160e-09 -1.486585388575126e-01 
 5.392000000000161e-09 -1.334383930347407e-01 
 5.396000000000161e-09 -1.176768953431964e-01 
 5.400000000000162e-09 -1.014371181600122e-01 
 5.404000000000162e-09 -8.478450346234823e-02 
 5.408000000000162e-09 -6.778655655657495e-02 
 5.412000000000163e-09 -5.051251716897376e-02 
 5.416000000000163e-09 -3.303289743577409e-02 
 5.420000000000164e-09 -1.541958931004039e-02 
 5.424000000000164e-09  2.255003805343492e-03 
 5.428000000000164e-09  1.991874672238758e-02 
 5.432000000000165e-09  3.749936143744748e-02 
 5.436000000000165e-09  5.492463555237492e-02 
 5.440000000000166e-09  7.212331294213037e-02 
 5.444000000000166e-09  8.902554842397237e-02 
 5.448000000000166e-09  1.055630807176087e-01 
 5.452000000000167e-09  1.216695766565579e-01 
 5.456000000000167e-09  1.372808770761598e-01 
 5.460000000000168e-09  1.523353134686261e-01 
 5.464000000000168e-09  1.667739222693410e-01 
 5.468000000000168e-09  1.805406957619802e-01 
 5.472000000000169e-09  1.935827496181721e-01 
 5.476000000000169e-09  2.058505044665742e-01 
 5.480000000000170e-09  2.172978023820500e-01 
 5.484000000000170e-09  2.278820245006026e-01 
 5.488000000000170e-09  2.375641594536173e-01 
 5.492000000000171e-09  2.463088679939842e-01 
 5.496000000000171e-09  2.540845125508429e-01 
 5.500000000000172e-09  2.608631835969124e-01 
 5.504000000000172e-09  2.666207036372028e-01 
 5.508000000000172e-09  2.713366316907440e-01 
 5.512000000000173e-09  2.749942563514949e-01 
 5.516000000000173e-09  2.775805937691280e-01 
 5.520000000000174e-09  2.790863826470626e-01 
 5.524000000000174e-09  2.795060874154482e-01 
 5.528000000000174e-09  2.788379035004374e-01 
 5.532000000000175e-09  2.770837715156058e-01 
 5.536000000000175e-09  2.742493948061184e-01 
 5.540000000000176e-09  2.703442635541582e-01 
 5.544000000000176e-09  2.653816797941797e-01 
 5.548000000000176e-09  2.593787837385984e-01 
 5.552000000000177e-09  2.523565756135802e-01 
 5.556000000000177e-09  2.443399315400381e-01 
 5.560000000000178e-09  2.353576078071740e-01 
 5.564000000000178e-09  2.254422311782154e-01 
 5.568000000000178e-09  2.146302701910940e-01 
 5.572000000000179e-09  2.029619850831423e-01 
 5.576000000000179e-09  1.904813523916973e-01 
 5.580000000000180e-09  1.772359625253319e-01 
 5.584000000000180e-09  1.632768877865622e-01 
 5.588000000000180e-09  1.486585202745818e-01 
 5.592000000000181e-09  1.334383788004789e-01 
 5.596000000000181e-09  1.176768854943742e-01 
 5.600000000000182e-09  1.014371127145814e-01 
 5.604000000000182e-09  8.478450242262348e-02 
 5.608000000000182e-09  6.778655990852656e-02 
 5.612000000000183e-09  5.051252488252977e-02 
 5.616000000000183e-09  3.303290946599802e-02 
 5.620000000000184e-09  1.541960559722888e-02 
 5.624000000000184e-09 -2.254983333616067e-03 
 5.628000000000184e-09 -1.991872215550217e-02 
 5.632000000000185e-09 -3.749933287844343e-02 
 5.636000000000185e-09 -5.492460311718794e-02 
 5.640000000000186e-09 -7.212327675883401e-02 
 5.644000000000186e-09 -8.902550863420267e-02 
 5.648000000000186e-09 -1.055630374738676e-01 
 5.652000000000187e-09 -1.216695301259847e-01 
 5.656000000000187e-09 -1.372808274346422e-01 
 5.660000000000188e-09 -1.523352609062520e-01 
 5.664000000000188e-09 -1.667738669859542e-01 
 5.668000000000188e-09 -1.805406379674643e-01 
 5.672000000000189e-09 -1.935826895351225e-01 
 5.676000000000189e-09 -2.058504423256933e-01 
 5.680000000000190e-09 -2.172977384242509e-01 
 5.684000000000190e-09 -2.278819589745735e-01 
 5.688000000000190e-09 -2.375640926165730e-01 
 5.692000000000191e-09 -2.463088001097935e-01 
 5.696000000000191e-09 -2.540844438901284e-01 
 5.700000000000192e-09 -2.608631144345148e-01 
 5.704000000000192e-09 -2.666206342522282e-01 
 5.708000000000192e-09 -2.713365623636106e-01 
 5.712000000000193e-09 -2.749941873656849e-01 
 5.716000000000193e-09 -2.775805254055770e-01 
 5.720000000000194e-09 -2.790863151869394e-01 
 5.724000000000194e-09 -2.795060211349498e-01 
 5.728000000000194e-09 -2.788378386713204e-01 
 5.732000000000195e-09 -2.770837084039752e-01 
 5.736000000000195e-09 -2.742493336684158e-01 
 5.740000000000196e-09 -2.703442046396463e-01 
 5.744000000000196e-09 -2.653816233388144e-01 
 5.748000000000196e-09 -2.593787299692889e-01 
 5.752000000000197e-09 -2.523565247415860e-01 
 5.756000000000197e-09 -2.443398837647770e-01 
 5.760000000000198e-09 -2.353575633123937e-01 
 5.764000000000198e-09 -2.254421901310177e-01 
 5.768000000000198e-09 -2.146302327432634e-01 
 5.772000000000199e-09 -2.029619513698462e-01 
 5.776000000000199e-09 -1.904813225320199e-01 
 5.780000000000200e-09 -1.772359366194891e-01 
 5.784000000000200e-09 -1.632768659189754e-01 
 5.788000000000200e-09 -1.486585025129656e-01 
 5.792000000000201e-09 -1.334383651948752e-01 
 5.796000000000201e-09 -1.176768760792690e-01 
 5.800000000000202e-09 -1.014371075078504e-01 
 5.804000000000202e-09 -8.478450142609795e-02 
 5.808000000000202e-09 -6.778656310868669e-02 
 5.812000000000203e-09 -5.051253225185803e-02 
 5.816000000000203e-09 -3.303292096009258e-02 
 5.820000000000204e-09 -1.541962115944528e-02 
 5.824000000000204e-09  2.254963772438501e-03 
 5.828000000000204e-09  1.991869868049179e-02 
 5.832000000000205e-09  3.749930558812231e-02 
 5.836000000000205e-09  5.492457212174884e-02 
 5.840000000000206e-09  7.212324218157740e-02 
 5.844000000000206e-09  8.902547060988653e-02 
 5.848000000000206e-09  1.055629961495992e-01 
 5.852000000000207e-09  1.216694856589822e-01 
 5.856000000000207e-09  1.372807799962938e-01 
 5.860000000000208e-09  1.523352106753482e-01 
 5.864000000000208e-09  1.667738141547357e-01 
 5.868000000000208e-09  1.805405827377466e-01 
 5.872000000000209e-09  1.935826321171206e-01 
 5.876000000000209e-09  2.058503829419376e-01 
 5.880000000000210e-09  2.172976773028594e-01 
 5.884000000000210e-09  2.278818963543117e-01 
 5.888000000000210e-09  2.375640287438925e-01 
 5.892000000000211e-09  2.463087352364353e-01 
 5.896000000000211e-09  2.540843782747908e-01 
 5.900000000000212e-09  2.608630483392678e-01 
 5.904000000000212e-09  2.666205679443885e-01 
 5.908000000000212e-09  2.713364961120213e-01 
 5.912000000000213e-09  2.749941214397305e-01 
 5.916000000000213e-09  2.775804600745611e-01 
 5.920000000000214e-09  2.790862507189251e-01 
 5.924000000000214e-09  2.795059577938179e-01 
 5.928000000000214e-09  2.788377767180039e-01 
 5.932000000000215e-09  2.770836480908514e-01 
 5.936000000000215e-09  2.742492752420838e-01 
 5.940000000000216e-09  2.703441483375406e-01 
 5.944000000000216e-09  2.653815693879595e-01 
 5.948000000000216e-09  2.593786785847252e-01 
 5.952000000000217e-09  2.523564761268444e-01 
 5.956000000000217e-09  2.443398381095809e-01 
 5.960000000000218e-09  2.353575207908509e-01 
 5.964000000000218e-09  2.254421509046498e-01 
 5.968000000000218e-09  2.146301969574518e-01 
 5.972000000000219e-09  2.029619191527630e-01 
 5.976000000000219e-09  1.904812939963296e-01 
 5.980000000000220e-09  1.772359118627165e-01 
 5.984000000000220e-09  1.632768450223452e-01 
 5.988000000000220e-09  1.486584855395208e-01 
 5.992000000000221e-09  1.334383521937532e-01 
 5.996000000000221e-09  1.176768670829027e-01 
 6.000000000000222e-09  1.014371025327208e-01 
 6.004000000000222e-09  8.478450047583230e-02 
 6.008000000000222e-09  6.778656616964263e-02 
 6.012000000000223e-09  5.051253929581456e-02 
 6.016000000000223e-09  3.303293194679746e-02 
 6.020000000000224e-09  1.541963603386343e-02 
 6.024000000000224e-09 -2.254945076430204e-03 
 6.028000000000224e-09 -1.991867624482602e-02 
 6.032000000000225e-09 -3.749927950488718e-02 
 6.036000000000225e-09 -5.492454249893086e-02 
 6.040000000000226e-09 -7.212320913550663e-02 
 6.044000000000226e-09 -8.902543426972365e-02 
 6.048000000000226e-09 -1.055629566554455e-01 
 6.052000000000227e-09 -1.216694431627499e-01 
 6.056000000000227e-09 -1.372807346592282e-01 
 6.060000000000228e-09 -1.523351626700382e-01 
 6.064000000000228e-09 -1.667737636635422e-01 
 6.068000000000228e-09 -1.805405299544525e-01 
 6.072000000000229e-09 -1.935825772436210e-01 
 6.076000000000229e-09 -2.058503261880480e-01 
 6.080000000000230e-09 -2.172976188898792e-01 
 6.084000000000230e-09 -2.278818365096367e-01 
 6.088000000000230e-09 -2.375639677009893e-01 
 6.092000000000231e-09 -2.463086732379560e-01 
 6.096000000000231e-09 -2.540843155672921e-01 
 6.100000000000232e-09 -2.608629851741586e-01 
 6.104000000000232e-09 -2.666205045752212e-01 
 6.108000000000232e-09 -2.713364327960011e-01 
 6.112000000000233e-09 -2.749940584345782e-01 
 6.116000000000233e-09 -2.775803976387743e-01 
 6.120000000000234e-09 -2.790861891081917e-01 
 6.124000000000234e-09 -2.795058972604270e-01 
 6.128000000000234e-09 -2.788377175101593e-01 
 6.132000000000235e-09 -2.770835904511038e-01 
 6.136000000000235e-09 -2.742492194058705e-01 
 6.140000000000236e-09 -2.703440945311195e-01 
 6.144000000000236e-09 -2.653815178284544e-01 
 6.148000000000236e-09 -2.593786294783786e-01 
 6.152000000000237e-09 -2.523564296669685e-01 
 6.156000000000237e-09 -2.443397944772920e-01 
 6.160000000000238e-09 -2.353574801546978e-01 
 6.164000000000238e-09 -2.254421134170013e-01 
 6.168000000000238e-09 -2.146301627568157e-01 
 6.172000000000239e-09 -2.029618883634292e-01 
 6.176000000000239e-09 -1.904812667261222e-01 
 6.180000000000240e-09 -1.772358882038070e-01 
 6.184000000000240e-09 -1.632768250512484e-01 
 6.188000000000240e-09 -1.486584693192849e-01 
 6.192000000000241e-09 -1.334383397687979e-01 
 6.196000000000241e-09 -1.176768584851082e-01 
 6.200000000000242e-09 -1.014370977789021e-01 
 6.204000000000242e-09 -8.478449956631806e-02 
 6.208000000000242e-09 -6.778656909364500e-02 
 6.212000000000243e-09 -5.051254602741118e-02 
 6.216000000000243e-09 -3.303294244559218e-02 
 6.220000000000244e-09 -1.541965024858349e-02 
 6.224000000000244e-09  2.254927210547208e-03 
 6.228000000000244e-09  1.991865480334454e-02 
 6.232000000000245e-09  3.749925457944769e-02 
 6.236000000000245e-09  5.492451418943034e-02 
 6.240000000000246e-09  7.212317755478637e-02 
 6.244000000000246e-09  8.902539954141986e-02 
 6.248000000000246e-09  1.055629189129057e-01 
 6.252000000000247e-09  1.216694025508840e-01 
 6.256000000000247e-09  1.372806913324141e-01 
 6.260000000000248e-09  1.523351167942053e-01 
 6.264000000000248e-09  1.667737154128659e-01 
 6.268000000000248e-09  1.805404795115493e-01 
 6.272000000000249e-09  1.935825248027321e-01 
 6.276000000000249e-09  2.058502719517366e-01 
 6.280000000000250e-09  2.172975630672624e-01 
 6.284000000000250e-09  2.278817793182775e-01 
 6.288000000000250e-09  2.375639093661288e-01 
 6.292000000000251e-09  2.463086139894450e-01 
 6.296000000000251e-09  2.540842556402030e-01 
 6.300000000000252e-09  2.608629248091612e-01 
 6.304000000000252e-09  2.666204440159081e-01 
 6.308000000000252e-09  2.713363722876108e-01 
 6.312000000000253e-09  2.749939982238971e-01 
 6.316000000000253e-09  2.775803379716311e-01 
 6.320000000000254e-09  2.790861302286627e-01 
 6.324000000000254e-09  2.795058394106174e-01 
 6.328000000000254e-09  2.788376609276175e-01 
 6.332000000000255e-09  2.770835353674674e-01 
 6.336000000000255e-09  2.742491660452469e-01 
 6.340000000000256e-09  2.703440431102111e-01 
 6.344000000000256e-09  2.653814685546845e-01 
 6.348000000000256e-09  2.593785825487407e-01 
 6.352000000000257e-09  2.523563852666300e-01 
 6.356000000000257e-09  2.443397527796449e-01 
 6.360000000000258e-09  2.353574413198345e-01 
 6.364000000000258e-09  2.254420775913255e-01 
 6.368000000000258e-09  2.146301300728606e-01 
 6.372000000000259e-09  2.029618589394957e-01 
 6.376000000000259e-09  1.904812406652496e-01 
 6.380000000000260e-09  1.772358655939605e-01 
 6.384000000000260e-09  1.632768059664471e-01 
 6.388000000000260e-09  1.486584538176601e-01 
 6.392000000000261e-09  1.334383278954796e-01 
 6.396000000000261e-09  1.176768502689569e-01 
 6.400000000000262e-09  1.014370932363136e-01 
 6.404000000000262e-09  8.478449869838478e-02 
 6.408000000000262e-09  6.778657188869630e-02 
 6.412000000000263e-09  5.051255246061892e-02 
 6.416000000000263e-09  3.303295247962623e-02 
 6.420000000000264e-09  1.541966383361526e-02 
 6.424000000000264e-09 -2.254910135331301e-03 
 6.428000000000264e-09 -1.991863431261365e-02 
 6.432000000000265e-09 -3.749923075829464e-02 
 6.436000000000265e-09 -5.492448713398446e-02 
 6.440000000000266e-09 -7.212314737344272e-02 
 6.444000000000266e-09 -8.902536635104852e-02 
 6.448000000000266e-09 -1.055628828433939e-01 
 6.452000000000267e-09 -1.216693637383823e-01 
 6.456000000000267e-09 -1.372806499258505e-01 
 6.460000000000268e-09 -1.523350729501427e-01 
 6.464000000000268e-09 -1.667736692984398e-01 
 6.468000000000268e-09 -1.805404313038164e-01 
 6.472000000000269e-09 -1.935824746853321e-01 
 6.476000000000269e-09 -2.058502201176182e-01 
 6.480000000000270e-09 -2.172975097177012e-01 
 6.484000000000270e-09 -2.278817246605511e-01 
 6.488000000000270e-09 -2.375638536143274e-01 
 6.492000000000271e-09 -2.463085573646628e-01 
 6.496000000000271e-09 -2.540841983674014e-01 
 6.500000000000272e-09 -2.608628671177589e-01 
 6.504000000000272e-09 -2.666203861389596e-01 
 6.508000000000272e-09 -2.713363144596257e-01 
 6.512000000000273e-09 -2.749939406799315e-01 
 6.516000000000273e-09 -2.775802809475216e-01 
 6.520000000000274e-09 -2.790860739573957e-01 
 6.524000000000274e-09 -2.795057841242368e-01 
 6.528000000000274e-09 -2.788376068515133e-01 
 6.532000000000275e-09 -2.770834827232240e-01 
 6.536000000000275e-09 -2.742491150477784e-01 
 6.540000000000276e-09 -2.703439939667023e-01 
 6.544000000000276e-09 -2.653814214636929e-01 
 6.548000000000276e-09 -2.593785376972235e-01 
 6.552000000000277e-09 -2.523563428327318e-01 
 6.556000000000277e-09 -2.443397129289400e-01 
 6.560000000000278e-09 -2.353574042049456e-01 
 6.564000000000278e-09 -2.254420433523228e-01 
 6.568000000000278e-09 -2.146300988358965e-01 
 6.572000000000279e-09 -2.029618308173564e-01 
 6.576000000000279e-09 -1.904812157571882e-01 
 6.580000000000280e-09 -1.772358439851249e-01 
 6.584000000000280e-09 -1.632767877254011e-01 
 6.588000000000280e-09 -1.486584390012222e-01 
 6.592000000000281e-09 -1.334383165459574e-01 
 6.596000000000281e-09 -1.176768424153636e-01 
 6.600000000000282e-09 -1.014370888920748e-01 
 6.604000000000282e-09 -8.478449786705156e-02 
 6.608000000000282e-09 -6.778657455807391e-02 
 6.612000000000283e-09 -5.051255860775861e-02 
 6.616000000000283e-09 -3.303296206698825e-02 
 6.620000000000284e-09 -1.541967681528256e-02 
 6.624000000000284e-09  2.254893818818715e-03 
 6.628000000000284e-09  1.991861473073619e-02 
 6.632000000000285e-09  3.749920799372042e-02 
 6.636000000000285e-09  5.492446127931672e-02 
 6.640000000000286e-09  7.212311853098541e-02 
 6.644000000000286e-09  8.902533463382412e-02 
 6.648000000000286e-09  1.055628483728785e-01 
 6.652000000000287e-09  1.216693266470461e-01 
 6.656000000000287e-09  1.372806103549120e-01 
 6.660000000000288e-09  1.523350310507539e-01 
 6.664000000000288e-09  1.667736252300251e-01 
 6.668000000000288e-09  1.805403852342842e-01 
 6.672000000000289e-09  1.935824267914761e-01 
 6.676000000000289e-09  2.058501705824156e-01 
 6.680000000000290e-09  2.172974587333716e-01 
 6.684000000000290e-09  2.278816724267720e-01 
 6.688000000000290e-09  2.375638003361136e-01 
 6.692000000000291e-09  2.463085032516803e-01 
 6.696000000000291e-09  2.540841436353380e-01 
 6.700000000000292e-09  2.608628119863550e-01 
 6.704000000000292e-09  2.666203308292436e-01 
 6.708000000000292e-09  2.713362591970165e-01 
 6.712000000000293e-09  2.749938856885652e-01 
 6.716000000000293e-09  2.775802264525675e-01 
 6.720000000000294e-09  2.790860201825029e-01 
 6.724000000000294e-09  2.795057312897431e-01 
 6.728000000000294e-09  2.788375551739293e-01 
 6.732000000000295e-09  2.770834324153426e-01 
 6.736000000000295e-09  2.742490663136374e-01 
 6.740000000000296e-09  2.703439470042244e-01 
 6.744000000000296e-09  2.653813764618098e-01 
 6.748000000000296e-09  2.593784948363771e-01 
 6.752000000000297e-09  2.523563022825641e-01 
 6.756000000000297e-09  2.443396748463913e-01 
 6.760000000000298e-09  2.353573687367216e-01 
 6.764000000000298e-09  2.254420106325945e-01 
 6.768000000000298e-09  2.146300689865690e-01 
 6.772000000000299e-09  2.029618039447190e-01 
 6.776000000000299e-09  1.904811919557083e-01 
 6.780000000000300e-09  1.772358233356304e-01 
 6.784000000000300e-09  1.632767702961750e-01 
 6.788000000000300e-09  1.486584248439833e-01 
 6.792000000000301e-09  1.334383057026454e-01 
 6.796000000000301e-09  1.176768349119133e-01 
 6.800000000000302e-09  1.014370847438499e-01 
 6.804000000000302e-09  8.478449707465607e-02 
 6.808000000000302e-09  6.778657711141634e-02 
 6.812000000000303e-09  5.051256448368768e-02 
 6.816000000000303e-09  3.303297123138016e-02 
 6.820000000000304e-09  1.541968922251868e-02 
 6.824000000000304e-09 -2.254878223624246e-03 
 6.828000000000304e-09 -1.991859601543489e-02 
 6.832000000000305e-09 -3.749918623715587e-02 
 6.836000000000305e-09 -5.492443656944346e-02 
 6.840000000000306e-09 -7.212309096648006e-02 
 6.844000000000306e-09 -8.902530432127342e-02 
 6.848000000000306e-09 -1.055628154295452e-01 
 6.852000000000307e-09 -1.216692911994244e-01 
 6.856000000000307e-09 -1.372805725379678e-01 
 6.860000000000308e-09 -1.523349910077183e-01 
 6.864000000000308e-09 -1.667735831138017e-01 
 6.868000000000308e-09 -1.805403412056368e-01 
 6.872000000000309e-09 -1.935823810186132e-01 
 6.876000000000309e-09 -2.058501232431329e-01 
 6.880000000000310e-09 -2.172974100093743e-01 
 6.884000000000310e-09 -2.278816225080007e-01 
 6.888000000000310e-09 -2.375637494182961e-01 
 6.892000000000311e-09 -2.463084515360396e-01 
 6.896000000000311e-09 -2.540840913282363e-01 
 6.900000000000312e-09 -2.608627592967840e-01 
 6.904000000000312e-09 -2.666202779704951e-01 
 6.908000000000312e-09 -2.713362063823510e-01 
 6.912000000000313e-09 -2.749938331343875e-01 
 6.916000000000313e-09 -2.775801743723458e-01 
 6.920000000000314e-09 -2.790859687900982e-01 
 6.924000000000314e-09 -2.795056807960687e-01 
 6.928000000000314e-09 -2.788375057866086e-01 
 6.932000000000315e-09 -2.770833843350138e-01 
 6.936000000000315e-09 -2.742490197385345e-01 
 6.940000000000316e-09 -2.703439021219731e-01 
 6.944000000000316e-09 -2.653813334531785e-01 
 6.948000000000316e-09 -2.593784538741080e-01 
 6.952000000000317e-09 -2.523562635279095e-01 
 6.956000000000317e-09 -2.443396384503007e-01 
 6.960000000000318e-09 -2.353573348400539e-01 
 6.964000000000318e-09 -2.254419793623912e-01 
 6.968000000000318e-09 -2.146300404576689e-01 
 6.972000000000319e-09 -2.029617782613364e-01 
 6.976000000000319e-09 -1.904811692076489e-01 
 6.980000000000320e-09 -1.772358035998316e-01 
 6.984000000000320e-09 -1.632767536361897e-01 
 6.988000000000320e-09 -1.486584113131606e-01 
 6.992000000000321e-09 -1.334382953376956e-01 
 6.996000000000321e-09 -1.176768277392881e-01 
 7.000000000000322e-09 -1.014370807772114e-01 
 7.004000000000322e-09 -8.478449631568807e-02 
 7.008000000000322e-09 -6.778657954956380e-02 
 7.012000000000323e-09 -5.051257009768761e-02 
 7.016000000000323e-09 -3.303297998765942e-02 
 7.020000000000324e-09 -1.541970107863833e-02 
 7.024000000000324e-09  2.254863321391909e-03 
 7.028000000000324e-09  1.991857813208853e-02 
 7.032000000000325e-09  3.749916544663812e-02 
 7.036000000000325e-09  5.492441295704609e-02 
 7.040000000000326e-09  7.212306462437112e-02 
 7.044000000000326e-09  8.902527535442673e-02 
 7.048000000000326e-09  1.055627839480007e-01 
 7.052000000000327e-09  1.216692573239531e-01 
 7.056000000000327e-09  1.372805363985563e-01 
 7.060000000000328e-09  1.523349527417430e-01 
 7.064000000000328e-09  1.667735428663981e-01 
 7.068000000000328e-09  1.805402991304152e-01 
 7.072000000000329e-09  1.935823372767445e-01 
 7.076000000000329e-09  2.058500780028307e-01 
 7.080000000000330e-09  2.172973634466420e-01 
 7.084000000000330e-09  2.278815748033445e-01 
 7.088000000000330e-09  2.375637007591553e-01 
 7.092000000000331e-09  2.463084021149262e-01 
 7.096000000000331e-09  2.540840413412271e-01 
 7.100000000000332e-09  2.608627089443143e-01 
 7.104000000000332e-09  2.666202274563023e-01 
 7.108000000000332e-09  2.713361559105616e-01 
 7.112000000000333e-09  2.749937829101821e-01 
 7.116000000000333e-09  2.775801246021128e-01 
 7.120000000000334e-09  2.790859196774218e-01 
 7.124000000000334e-09  2.795056325417589e-01 
 7.128000000000334e-09  2.788374585890652e-01 
 7.132000000000335e-09  2.770833383875300e-01 
 7.136000000000335e-09  2.742489752277315e-01 
 7.140000000000336e-09  2.703438592300640e-01 
 7.144000000000336e-09  2.653812923530210e-01 
 7.148000000000336e-09  2.593784147285429e-01 
 7.152000000000337e-09  2.523562264918793e-01 
 7.156000000000337e-09  2.443396036694372e-01 
 7.160000000000338e-09  2.353573024467304e-01 
 7.164000000000338e-09  2.254419494793938e-01 
 7.168000000000338e-09  2.146300131953929e-01 
 7.172000000000339e-09  2.029617537177266e-01 
 7.176000000000339e-09  1.904811474691179e-01 
 7.180000000000340e-09  1.772357847405868e-01 
 7.184000000000340e-09  1.632767377173376e-01 
 7.188000000000340e-09  1.486583983835121e-01 
 7.192000000000341e-09  1.334382854335985e-01 
 7.196000000000341e-09  1.176768208864694e-01 
 7.200000000000342e-09  1.014370769882351e-01 
 7.204000000000342e-09  8.478449559238221e-02 
 7.208000000000342e-09  6.778658188159348e-02 
 7.212000000000343e-09  5.051257546433163e-02 
 7.216000000000343e-09  3.303298835843194e-02 
 7.220000000000344e-09  1.541971241043960e-02 
 7.224000000000344e-09 -2.254849077623078e-03 
 7.228000000000344e-09 -1.991856103937018e-02 
 7.232000000000345e-09 -3.749914557548450e-02 
 7.236000000000345e-09 -5.492439038889430e-02 
 7.240000000000346e-09 -7.212303944883658e-02 
 7.244000000000346e-09 -8.902524766870634e-02 
 7.248000000000346e-09 -1.055627538598607e-01 
 7.252000000000347e-09 -1.216692249491338e-01 
 7.256000000000347e-09 -1.372805018589212e-01 
 7.260000000000348e-09 -1.523349161692362e-01 
 7.264000000000348e-09 -1.667735044008989e-01 
 7.268000000000348e-09 -1.805402589181799e-01 
 7.272000000000349e-09 -1.935822954723303e-01 
 7.276000000000349e-09 -2.058500347666410e-01 
 7.280000000000350e-09 -2.172973189454890e-01 
 7.284000000000350e-09 -2.278815292111060e-01 
 7.288000000000350e-09 -2.375636542552479e-01 
 7.292000000000351e-09 -2.463083548820126e-01 
 7.296000000000351e-09 -2.540839935690213e-01 
 7.300000000000352e-09 -2.608626608231726e-01 
 7.304000000000352e-09 -2.666201791793164e-01 
 7.308000000000352e-09 -2.713361076747383e-01 
 7.312000000000353e-09 -2.749937349116862e-01 
 7.316000000000353e-09 -2.775800770368335e-01 
 7.320000000000354e-09 -2.790858727402239e-01 
 7.324000000000354e-09 -2.795055864259612e-01 
 7.328000000000354e-09 -2.788374134825837e-01 
 7.332000000000355e-09 -2.770832944765262e-01 
 7.336000000000355e-09 -2.742489326905271e-01 
 7.340000000000356e-09 -2.703438182383291e-01 
 7.344000000000356e-09 -2.653812530731776e-01 
 7.348000000000356e-09 -2.593783773170015e-01 
 7.352000000000357e-09 -2.523561910972463e-01 
 7.356000000000357e-09 -2.443395704283287e-01 
 7.360000000000358e-09 -2.353572714874383e-01 
 7.364000000000358e-09 -2.254419209193710e-01 
 7.368000000000358e-09 -2.146299871402491e-01 
 7.372000000000359e-09 -2.029617302610021e-01 
 7.376000000000359e-09 -1.904811266931983e-01 
 7.380000000000360e-09 -1.772357667154854e-01 
 7.384000000000360e-09 -1.632767225025695e-01 
 7.388000000000360e-09 -1.486583860250263e-01 
 7.392000000000361e-09 -1.334382759673964e-01 
 7.396000000000361e-09 -1.176768143353275e-01 
 7.400000000000362e-09 -1.014370733655348e-01 
 7.404000000000362e-09 -8.478449489854079e-02 
 7.408000000000362e-09 -6.778658410855343e-02 
 7.412000000000363e-09 -5.051258059146235e-02 
 7.416000000000363e-09 -3.303299635519608e-02 
 7.420000000000364e-09 -1.541972323883911e-02 
 7.424000000000364e-09  2.254835467976335e-03 
 7.428000000000364e-09  1.991854470575660e-02 
 7.432000000000365e-09  3.749912658763499e-02 
 7.436000000000365e-09  5.492436882302343e-02 
 7.440000000000366e-09  7.212301539117227e-02 
 7.444000000000366e-09  8.902522121267431e-02 
 7.448000000000366e-09  1.055627251080082e-01 
 7.452000000000367e-09  1.216691940106092e-01 
 7.456000000000366e-09  1.372804688527491e-01 
 7.460000000000366e-09  1.523348812202237e-01 
 7.464000000000365e-09  1.667734676426633e-01 
 7.468000000000365e-09  1.805402204905722e-01 
 7.472000000000365e-09  1.935822555225926e-01 
 7.476000000000364e-09  2.058499934486964e-01 
 7.480000000000364e-09  2.172972764194032e-01 
 7.484000000000363e-09  2.278814856424169e-01 
 7.488000000000363e-09  2.375636098144627e-01 
 7.492000000000362e-09  2.463083097454941e-01 
 7.496000000000362e-09  2.540839479152481e-01 
 7.500000000000362e-09  2.608626148358333e-01 
 7.504000000000361e-09  2.666201330440621e-01 
 7.508000000000361e-09  2.713360615781761e-01 
 7.512000000000360e-09  2.749936890416169e-01 
 7.516000000000360e-09  2.775800315808772e-01 
 7.520000000000359e-09  2.790858278848947e-01 
 7.524000000000359e-09  2.795055423545518e-01 
 7.528000000000359e-09  2.788373703767233e-01 
 7.532000000000358e-09  2.770832525120603e-01 
 7.536000000000358e-09  2.742488920399591e-01 
 7.540000000000357e-09  2.703437790657723e-01 
 7.544000000000357e-09  2.653812155359412e-01 
 7.548000000000357e-09  2.593783415658031e-01 
 7.552000000000356e-09  2.523561572723798e-01 
 7.556000000000356e-09  2.443395386626417e-01 
 7.560000000000355e-09  2.353572419031051e-01 
 7.564000000000355e-09  2.254418936270532e-01 
 7.568000000000354e-09  2.146299622415917e-01 
 7.572000000000354e-09  2.029617078460628e-01 
 7.576000000000354e-09  1.904811068400658e-01 
 7.580000000000353e-09  1.772357494916914e-01 
 7.584000000000353e-09  1.632767079635080e-01 
 7.588000000000352e-09  1.486583742161827e-01 
 7.592000000000352e-09  1.334382669228269e-01 
 7.596000000000351e-09  1.176768080767339e-01 
 7.600000000000351e-09  1.014370699047920e-01 
 7.604000000000351e-09  8.478449423838441e-02 
 7.608000000000350e-09  6.778658623856693e-02 
 7.612000000000350e-09  5.051258549340965e-02 
 7.616000000000349e-09  3.303300400045117e-02 
 7.620000000000349e-09  1.541973358876803e-02 
 7.624000000000348e-09 -2.254822458809258e-03 
 7.628000000000348e-09 -1.991852909413439e-02 
 7.632000000000348e-09 -3.749910843898085e-02 
 7.636000000000347e-09 -5.492434821057124e-02 
 7.640000000000347e-09 -7.212299239707853e-02 
 7.644000000000346e-09 -8.902519592676938e-02 
 7.648000000000346e-09 -1.055626976278976e-01 
 7.652000000000345e-09 -1.216691644408971e-01 
 7.656000000000345e-09 -1.372804373069805e-01 
 7.660000000000345e-09 -1.523348478184889e-01 
 7.664000000000344e-09 -1.667734325112811e-01 
 7.668000000000344e-09 -1.805401837637035e-01 
 7.672000000000343e-09 -1.935822173408344e-01 
 7.676000000000343e-09 -2.058499539595040e-01 
 7.680000000000342e-09 -2.172972357751632e-01 
 7.684000000000342e-09 -2.278814440022252e-01 
 7.688000000000342e-09 -2.375635673406427e-01 
 7.692000000000341e-09 -2.463082666065866e-01 
 7.696000000000341e-09 -2.540839042835730e-01 
 7.700000000000340e-09 -2.608625708851067e-01 
 7.704000000000340e-09 -2.666200889518313e-01 
 7.708000000000339e-09 -2.713360175233044e-01 
 7.712000000000339e-09 -2.749936452031014e-01 
 7.716000000000339e-09 -2.775799881384047e-01 
 7.720000000000338e-09 -2.790857850162203e-01 
 7.724000000000338e-09 -2.795055002363429e-01 
 7.728000000000337e-09 -2.788373291802249e-01 
 7.732000000000337e-09 -2.770832124066067e-01 
 7.736000000000336e-09 -2.742488531888525e-01 
 7.740000000000336e-09 -2.703437416271863e-01 
 7.744000000000336e-09 -2.653811796606371e-01 
 7.748000000000335e-09 -2.593783073969753e-01 
 7.752000000000335e-09 -2.523561249456714e-01 
 7.756000000000334e-09 -2.443395083033462e-01 
 7.760000000000334e-09 -2.353572136274407e-01 
 7.764000000000333e-09 -2.254418675433083e-01 
 7.768000000000333e-09 -2.146299384442898e-01 
 7.772000000000333e-09 -2.029616864220731e-01 
 7.776000000000332e-09 -1.904810878641729e-01 
 7.780000000000332e-09 -1.772357330289012e-01 
 7.784000000000331e-09 -1.632766940670916e-01 
 7.788000000000331e-09 -1.486583629292380e-01 
 7.792000000000330e-09 -1.334382582767297e-01 
 7.796000000000330e-09 -1.176768020935395e-01 
 7.800000000000330e-09 -1.014370665962776e-01 
 7.804000000000329e-09 -8.478449360471174e-02 
 7.808000000000329e-09 -6.778658827264650e-02 
 7.812000000000328e-09 -5.051259017634990e-02 
 7.816000000000328e-09 -3.303301130450365e-02 
 7.820000000000327e-09 -1.541974347755115e-02 
 7.824000000000327e-09  2.254810028762932e-03 
 7.828000000000327e-09  1.991851417689716e-02 
 7.832000000000326e-09  3.749909109731320e-02 
 7.836000000000326e-09  5.492432851486306e-02 
 7.840000000000325e-09  7.212297042551796e-02 
 7.844000000000325e-09  8.902517176469438e-02 
 7.848000000000324e-09  1.055626713682560e-01 
 7.852000000000324e-09  1.216691361853997e-01 
 7.856000000000324e-09  1.372804071621889e-01 
 7.860000000000323e-09  1.523348158990956e-01 
 7.864000000000323e-09  1.667733989398830e-01 
 7.868000000000322e-09  1.805401486674700e-01 
 7.872000000000322e-09  1.935821808549250e-01 
 7.876000000000321e-09  2.058499162231371e-01 
 7.880000000000321e-09  2.172971969355366e-01 
 7.884000000000321e-09  2.278814042101036e-01 
 7.888000000000320e-09  2.375635267525835e-01 
 7.892000000000320e-09  2.463082253834301e-01 
 7.896000000000319e-09  2.540838625876010e-01 
 7.900000000000319e-09  2.608625288849167e-01 
 7.904000000000318e-09  2.666200468165583e-01 
 7.908000000000318e-09  2.713359754232179e-01 
 7.912000000000318e-09  2.749936033099316e-01 
 7.916000000000317e-09  2.775799466237503e-01 
 7.920000000000317e-09  2.790857440498185e-01 
 7.924000000000316e-09  2.795054599856581e-01 
 7.928000000000316e-09  2.788372898114173e-01 
 7.932000000000315e-09  2.770831740806583e-01 
 7.936000000000315e-09  2.742488160613057e-01 
 7.940000000000315e-09  2.703437058496991e-01 
 7.944000000000314e-09  2.653811453766917e-01 
 7.948000000000314e-09  2.593782747445008e-01 
 7.952000000000313e-09  2.523560940528577e-01 
 7.956000000000313e-09  2.443394792914209e-01 
 7.960000000000312e-09  2.353571866078372e-01 
 7.964000000000312e-09  2.254418426166609e-01 
 7.968000000000312e-09  2.146299157040641e-01 
 7.972000000000311e-09  2.029616659499496e-01 
 7.976000000000311e-09  1.904810697322930e-01 
 7.980000000000310e-09  1.772357172978918e-01 
 7.984000000000310e-09  1.632766807888508e-01 
 7.988000000000309e-09  1.486583521438636e-01 
 7.992000000000309e-09  1.334382500158959e-01 
 7.996000000000309e-09  1.176767963778271e-01 
 8.000000000000308e-09  1.014370634358848e-01 
 8.004000000000308e-09  8.478449300120516e-02 
 8.008000000000307e-09  6.778659021742506e-02 
 8.012000000000307e-09  5.051259465329316e-02 
 8.016000000000306e-09  3.303301828600880e-02 
 8.020000000000306e-09  1.541975293048559e-02 
 8.024000000000306e-09 -2.254798147454551e-03 
 8.028000000000305e-09 -1.991849991900985e-02 
 8.032000000000305e-09 -3.749907452194101e-02 
 8.036000000000304e-09 -5.492430968945783e-02 
 8.040000000000304e-09 -7.212294942447173e-02 
 8.044000000000304e-09 -8.902514867111044e-02 
 8.048000000000303e-09 -1.055626462698545e-01 
 8.052000000000303e-09 -1.216691091795568e-01 
 8.056000000000302e-09 -1.372803783512566e-01 
 8.060000000000302e-09 -1.523347853927266e-01 
 8.064000000000301e-09 -1.667733668537021e-01 
 8.068000000000301e-09 -1.805401151246997e-01 
 8.072000000000301e-09 -1.935821459834308e-01 
 8.076000000000300e-09 -2.058498801575865e-01 
 8.080000000000300e-09 -2.172971598151179e-01 
 8.084000000000299e-09 -2.278813661792771e-01 
 8.088000000000299e-09 -2.375634879619177e-01 
 8.092000000000298e-09 -2.463081859844394e-01 
 8.096000000000298e-09 -2.540838227383464e-01 
 8.100000000000298e-09 -2.608624887444249e-01 
 8.104000000000297e-09 -2.666200065467033e-01 
 8.108000000000297e-09 -2.713359351866811e-01 
 8.112000000000296e-09 -2.749935632719787e-01 
 8.116000000000296e-09 -2.775799069470966e-01 
 8.120000000000295e-09 -2.790857048971103e-01 
 8.124000000000295e-09 -2.795054215175452e-01 
 8.128000000000295e-09 -2.788372521860134e-01 
 8.132000000000294e-09 -2.770831374520251e-01 
 8.136000000000294e-09 -2.742487805790139e-01 
 8.140000000000293e-09 -2.703436716566099e-01 
 8.144000000000293e-09 -2.653811126114114e-01 
 8.148000000000292e-09 -2.593782435377987e-01 
 8.152000000000292e-09 -2.523560645278842e-01 
 8.156000000000292e-09 -2.443394515629853e-01 
 8.160000000000291e-09 -2.353571607838667e-01 
 8.164000000000291e-09 -2.254418187938008e-01 
 8.168000000000290e-09 -2.146298939699633e-01 
 8.172000000000290e-09 -2.029616463829704e-01 
 8.176000000000289e-09 -1.904810524018039e-01 
 8.180000000000289e-09 -1.772357022618660e-01 
 8.184000000000289e-09 -1.632766680967261e-01 
 8.188000000000288e-09 -1.486583418348637e-01 
 8.192000000000288e-09 -1.334382421186717e-01 
 8.196000000000287e-09 -1.176767909126717e-01 
 8.200000000000287e-09 -1.014370604129997e-01 
 8.204000000000286e-09 -8.478449242247343e-02 
 8.208000000000286e-09 -6.778659207500581e-02 
 8.212000000000286e-09 -5.051259892982074e-02 
 8.216000000000285e-09 -3.303302495651295e-02 
 8.220000000000285e-09 -1.541976196256201e-02 
 8.224000000000284e-09  2.254786795031549e-03 
 8.228000000000284e-09  1.991848629495507e-02 
 8.232000000000283e-09  3.749905868341230e-02 
 8.236000000000283e-09  5.492429170100976e-02 
 8.240000000000283e-09  7.212292935706266e-02 
 8.244000000000282e-09  8.902512660307060e-02 
 8.248000000000282e-09  1.055626222872199e-01 
 8.252000000000281e-09  1.216690833731242e-01 
 8.256000000000281e-09  1.372803508194576e-01 
 8.260000000000280e-09  1.523347562409860e-01 
 8.264000000000280e-09  1.667733361925237e-01 
 8.268000000000280e-09  1.805400830711452e-01 
 8.272000000000279e-09  1.935821126601205e-01 
 8.276000000000279e-09  2.058498456926294e-01 
 8.280000000000278e-09  2.172971243424922e-01 
 8.284000000000278e-09  2.278813298372597e-01 
 8.288000000000277e-09  2.375634508916686e-01 
 8.292000000000277e-09  2.463081483339478e-01 
 8.296000000000277e-09  2.540837846572526e-01 
 8.300000000000276e-09  2.608624503850052e-01 
 8.304000000000276e-09  2.666199680633152e-01 
 8.308000000000275e-09  2.713358967365602e-01 
 8.312000000000275e-09  2.749935250106863e-01 
 8.316000000000274e-09  2.775798690308935e-01 
 8.320000000000274e-09  2.790856674821995e-01 
 8.324000000000274e-09  2.795053847572535e-01 
 8.328000000000273e-09  2.788372162310049e-01 
 8.332000000000273e-09  2.770831024487532e-01 
 8.336000000000272e-09  2.742487466710011e-01 
 8.340000000000272e-09  2.703436389814775e-01 
 8.344000000000271e-09  2.653810813017010e-01 
 8.348000000000271e-09  2.593782137170351e-01 
 8.352000000000271e-09  2.523560363147030e-01 
 8.356000000000270e-09  2.443394250677198e-01 
 8.360000000000270e-09  2.353571361068756e-01 
 8.364000000000269e-09  2.254417960291999e-01 
 8.368000000000269e-09  2.146298732021474e-01 
 8.372000000000268e-09  2.029616276861770e-01 
 8.376000000000268e-09  1.904810358416622e-01 
 8.380000000000268e-09  1.772356878957648e-01 
 8.384000000000267e-09  1.632766559701597e-01 
 8.388000000000267e-09  1.486583319856241e-01 
 8.392000000000266e-09  1.334382345751646e-01 
 8.396000000000266e-09  1.176767856930603e-01 
 8.400000000000265e-09  1.014370575272796e-01 
 8.404000000000265e-09  8.478449187201420e-02 
 8.408000000000265e-09  6.778659385204122e-02 
 8.412000000000264e-09  5.051260301927130e-02 
 8.416000000000264e-09  3.303303133361624e-02 
 8.420000000000263e-09  1.541977059672561e-02 
 8.424000000000263e-09 -2.254775943125509e-03 
 8.428000000000262e-09 -1.991847327238716e-02 
 8.432000000000262e-09 -3.749904354499023e-02 
 8.436000000000262e-09 -5.492427450769810e-02 
 8.440000000000261e-09 -7.212291017691186e-02 
 8.444000000000261e-09 -8.902510551090970e-02 
 8.448000000000260e-09 -1.055625993648484e-01 
 8.452000000000260e-09 -1.216690587080436e-01 
 8.456000000000259e-09 -1.372803245061540e-01 
 8.460000000000259e-09 -1.523347283791505e-01 
 8.464000000000259e-09 -1.667733068880644e-01 
 8.468000000000258e-09 -1.805400524364433e-01 
 8.472000000000258e-09 -1.935820808112219e-01 
 8.476000000000257e-09 -2.058498127536161e-01 
 8.480000000000257e-09 -2.172970904397271e-01 
 8.484000000000256e-09 -2.278812951037477e-01 
 8.488000000000256e-09 -2.375634154636153e-01 
 8.492000000000256e-09 -2.463081123506967e-01 
 8.496000000000255e-09 -2.540837482624605e-01 
 8.500000000000255e-09 -2.608624137243636e-01 
 8.504000000000254e-09 -2.666199312847990e-01 
 8.508000000000254e-09 -2.713358599888287e-01 
 8.512000000000254e-09 -2.749934884441605e-01 
 8.516000000000253e-09 -2.775798327936283e-01 
 8.520000000000253e-09 -2.790856317238228e-01 
 8.524000000000252e-09 -2.795053496235682e-01 
 8.528000000000252e-09 -2.788371818669044e-01 
 8.532000000000251e-09 -2.770830689952788e-01 
 8.536000000000251e-09 -2.742487142633059e-01 
 8.540000000000251e-09 -2.703436077522130e-01 
 8.544000000000250e-09 -2.653810513755301e-01 
 8.548000000000250e-09 -2.593781852149002e-01 
 8.552000000000249e-09 -2.523560093488388e-01 
 8.556000000000249e-09 -2.443393997433514e-01 
 8.560000000000248e-09 -2.353571125206670e-01 
 8.564000000000248e-09 -2.254417742707844e-01 
 8.568000000000248e-09 -2.146298533516937e-01 
 8.572000000000247e-09 -2.029616098153539e-01 
 8.576000000000247e-09 -1.904810200133102e-01 
 8.580000000000246e-09 -1.772356741635015e-01 
 8.584000000000246e-09 -1.632766443786675e-01 
 8.588000000000245e-09 -1.486583225705775e-01 
 8.592000000000245e-09 -1.334382273625394e-01 
 8.596000000000245e-09 -1.176767807021157e-01 
 8.600000000000244e-09 -1.014370547668548e-01 
 8.604000000000244e-09 -8.478449134337751e-02 
 8.608000000000243e-09 -6.778659554829147e-02 
 8.612000000000243e-09 -5.051260692490089e-02 
 8.616000000000242e-09 -3.303303742595531e-02 
 8.620000000000242e-09 -1.541977884497925e-02 
 8.624000000000242e-09  2.254765575219864e-03 
 8.628000000000241e-09  1.991846082901461e-02 
 8.632000000000241e-09  3.749902907892277e-02 
 8.636000000000240e-09  5.492425807846146e-02 
 8.640000000000240e-09  7.212289184951004e-02 
 8.644000000000239e-09  8.902508535606657e-02 
 8.648000000000239e-09  1.055625774609084e-01 
 8.652000000000239e-09  1.216690351383427e-01 
 8.656000000000238e-09  1.372802993604747e-01 
 8.660000000000238e-09  1.523347017537677e-01 
 8.664000000000237e-09  1.667732788843921e-01 
 8.668000000000237e-09  1.805400231606580e-01 
 8.672000000000236e-09  1.935820503767527e-01 
 8.676000000000236e-09  2.058497812762141e-01 
 8.680000000000236e-09  2.172970580423481e-01 
 8.684000000000235e-09  2.278812619111719e-01 
 8.688000000000235e-09  2.375633816075595e-01 
 8.692000000000234e-09  2.463080779643274e-01 
 8.696000000000234e-09  2.540837134826655e-01 
 8.700000000000233e-09  2.608623786904340e-01 
 8.704000000000233e-09  2.666198961381463e-01 
 8.708000000000233e-09  2.713358248716151e-01 
 8.712000000000232e-09  2.749934534990084e-01 
 8.716000000000232e-09  2.775797981648669e-01 
 8.720000000000231e-09  2.790855975522928e-01 
 8.724000000000231e-09  2.795053160498053e-01 
 8.728000000000230e-09  2.788371490285355e-01 
 8.732000000000230e-09  2.770830370265909e-01 
 8.736000000000230e-09  2.742486832946009e-01 
 8.740000000000229e-09  2.703435779099621e-01 
 8.744000000000229e-09  2.653810227796267e-01 
 8.748000000000228e-09  2.593781579795920e-01 
 8.752000000000228e-09  2.523559835812730e-01 
 8.756000000000227e-09  2.443393755437988e-01 
 8.760000000000227e-09  2.353570899832604e-01 
 8.764000000000227e-09  2.254417534795436e-01 
 8.768000000000226e-09  2.146298343842297e-01 
 8.772000000000226e-09  2.029615927397348e-01 
 8.776000000000225e-09  1.904810048896657e-01 
 8.780000000000225e-09  1.772356610423351e-01 
 8.784000000000224e-09  1.632766333034876e-01 
 8.788000000000224e-09  1.486583135748454e-01 
 8.792000000000224e-09  1.334382204725433e-01 
 8.796000000000223e-09  1.176767759349460e-01 
 8.800000000000223e-09  1.014370521317254e-01 
 8.804000000000222e-09  8.478449084068274e-02 
 8.808000000000222e-09  6.778659717089397e-02 
 8.812000000000221e-09  5.051261065968049e-02 
 8.816000000000221e-09  3.303304325079637e-02 
 8.820000000000221e-09  1.541978673045108e-02 
 8.824000000000220e-09 -2.254755664566233e-03 
 8.828000000000220e-09 -1.991844893638017e-02 
 8.832000000000219e-09 -3.749901525324972e-02 
 8.836000000000219e-09 -5.492424237561622e-02 
 8.840000000000218e-09 -7.212287433181075e-02 
 8.844000000000218e-09 -8.902506609300787e-02 
 8.848000000000218e-09 -1.055625565259000e-01 
 8.852000000000217e-09 -1.216690126118980e-01 
 8.856000000000217e-09 -1.372802753284734e-01 
 8.860000000000216e-09 -1.523346763073778e-01 
 8.864000000000216e-09 -1.667732521200023e-01 
 8.868000000000215e-09 -1.805399951818973e-01 
 8.872000000000215e-09 -1.935820212895454e-01 
 8.876000000000215e-09 -2.058497511928028e-01 
 8.880000000000214e-09 -2.172970270790398e-01 
 8.884000000000214e-09 -2.278812301893431e-01 
 8.888000000000213e-09 -2.375633492506282e-01 
 8.892000000000213e-09 -2.463080451004540e-01 
 8.896000000000212e-09 -2.540836802419912e-01 
 8.900000000000212e-09 -2.608623452074639e-01 
 8.904000000000212e-09 -2.666198625474658e-01 
 8.908000000000211e-09 -2.713357913090957e-01 
 8.912000000000211e-09 -2.749934201020752e-01 
 8.916000000000210e-09 -2.775797650691405e-01 
 8.920000000000210e-09 -2.790855648936470e-01 
 8.924000000000209e-09 -2.795052839626164e-01 
 8.928000000000209e-09 -2.788371176431017e-01 
 8.932000000000209e-09 -2.770830064720791e-01 
 8.936000000000208e-09 -2.742486536970619e-01 
 8.940000000000208e-09 -2.703435493883442e-01 
 8.944000000000207e-09 -2.653809954486110e-01 
 8.948000000000207e-09 -2.593781319483721e-01 
 8.952000000000206e-09 -2.523559589530846e-01 
 8.956000000000206e-09 -2.443393524149524e-01 
 8.960000000000206e-09 -2.353570684415427e-01 
 8.964000000000205e-09 -2.254417336076777e-01 
 8.968000000000205e-09 -2.146298162539875e-01 
 8.972000000000204e-09 -2.029615764181738e-01 
 8.976000000000204e-09 -1.904809904330911e-01 
 8.980000000000203e-09 -1.772356485001954e-01 
 8.984000000000203e-09 -1.632766227159124e-01 
 8.988000000000203e-09 -1.486583049753936e-01 
 8.992000000000202e-09 -1.334382138850359e-01 
 8.996000000000202e-09 -1.176767713758480e-01 
 9.000000000000201e-09 -1.014370496099204e-01 
 9.004000000000201e-09 -8.478449035717972e-02 
 9.008000000000201e-09 -6.778659871972437e-02 
 9.012000000000200e-09 -5.051261422632791e-02 
 9.016000000000200e-09 -3.303304881448810e-02 
 9.020000000000199e-09 -1.541979426385964e-02 
 9.024000000000199e-09  2.254746195092139e-03 
 9.028000000000198e-09  1.991843757236822e-02 
 9.032000000000198e-09  3.749900204195811e-02 
 9.036000000000198e-09  5.492422737131619e-02 
 9.040000000000197e-09  7.212285759392856e-02 
 9.044000000000197e-09  8.902504768588315e-02 
 9.048000000000196e-09  1.055625365215747e-01 
 9.052000000000196e-09  1.216689910866862e-01 
 9.056000000000195e-09  1.372802523635670e-01 
 9.060000000000195e-09  1.523346519916178e-01 
 9.064000000000195e-09  1.667732265452297e-01 
 9.068000000000194e-09  1.805399684450517e-01 
 9.072000000000194e-09  1.935819934941048e-01 
 9.076000000000193e-09  2.058497224453042e-01 
 9.080000000000193e-09  2.172969974909353e-01 
 9.084000000000192e-09  2.278811998753731e-01 
 9.088000000000192e-09  2.375633183301336e-01 
 9.092000000000192e-09  2.463080136964155e-01 
 9.096000000000191e-09  2.540836484790807e-01 
 9.100000000000191e-09  2.608623132115326e-01 
 9.104000000000190e-09  2.666198304485103e-01 
 9.108000000000190e-09  2.713357592370982e-01 
 9.112000000000189e-09  2.749933881873563e-01 
 9.116000000000189e-09  2.775797334425880e-01 
 9.120000000000189e-09  2.790855336844704e-01 
 9.124000000000188e-09  2.795052532997633e-01 
 9.128000000000188e-09  2.788370876522341e-01 
 9.132000000000187e-09  2.770829772753156e-01 
 9.136000000000187e-09  2.742486254133856e-01 
 9.140000000000186e-09  2.703435221327370e-01 
 9.144000000000186e-09  2.653809693311411e-01 
 9.148000000000186e-09  2.593781070725738e-01 
 9.152000000000185e-09  2.523559354182829e-01 
 9.156000000000185e-09  2.443393303127035e-01 
 9.160000000000184e-09  2.353570478569811e-01 
 9.164000000000184e-09  2.254417146179843e-01 
 9.168000000000183e-09  2.146297989302948e-01 
 9.172000000000183e-09  2.029615608220592e-01 
 9.176000000000183e-09  1.904809766190905e-01 
 9.180000000000182e-09  1.772356365159453e-01 
 9.184000000000182e-09  1.632766126003418e-01 
 9.188000000000181e-09  1.486582967588532e-01 
 9.192000000000181e-09  1.334382075922314e-01 
 9.196000000000180e-09  1.176767670212477e-01 
 9.200000000000180e-09  1.014370472029924e-01 
 9.204000000000180e-09  8.478448989804122e-02 
 9.208000000000179e-09  6.778660020231797e-02 
 9.212000000000179e-09  5.051261763708936e-02 
 9.216000000000178e-09  3.303305413343693e-02 
 9.220000000000178e-09  1.541980146535593e-02 
 9.224000000000177e-09 -2.254737143271512e-03 
 9.228000000000177e-09 -1.991842671014510e-02 
 9.232000000000177e-09 -3.749898941449814e-02 
 9.236000000000176e-09 -5.492421302964345e-02 
 9.240000000000176e-09 -7.212284159468041e-02 
 9.244000000000175e-09 -8.902503009286278e-02 
 9.248000000000175e-09 -1.055625174009158e-01 
 9.252000000000174e-09 -1.216689705128324e-01 
 9.256000000000174e-09 -1.372802304153886e-01 
 9.260000000000174e-09 -1.523346287507295e-01 
 9.264000000000173e-09 -1.667732021015489e-01 
 9.268000000000173e-09 -1.805399428914445e-01 
 9.272000000000172e-09 -1.935819669285195e-01 
 9.276000000000172e-09 -2.058496949697464e-01 
 9.280000000000171e-09 -2.172969692122084e-01 
 9.284000000000171e-09 -2.278811709028989e-01 
 9.288000000000171e-09 -2.375632887782810e-01 
 9.292000000000170e-09 -2.463079836808912e-01 
 9.296000000000170e-09 -2.540836181209976e-01 
 9.300000000000169e-09 -2.608622826316571e-01 
 9.304000000000169e-09 -2.666197997697086e-01 
 9.308000000000168e-09 -2.713357285844955e-01 
 9.312000000000168e-09 -2.749933576854184e-01 
 9.316000000000168e-09 -2.775797032163920e-01 
 9.320000000000167e-09 -2.790855038579065e-01 
 9.324000000000167e-09 -2.795052239940343e-01 
 9.328000000000166e-09 -2.788370589885933e-01 
 9.332000000000166e-09 -2.770829493709221e-01 
 9.336000000000165e-09 -2.742485983816554e-01 
 9.340000000000165e-09 -2.703434960840605e-01 
 9.344000000000165e-09 -2.653809443700883e-01 
 9.348000000000164e-09 -2.593780832995956e-01 
 9.352000000000164e-09 -2.523559129260100e-01 
 9.356000000000163e-09 -2.443393091899324e-01 
 9.360000000000163e-09 -2.353570281846178e-01 
 9.364000000000162e-09 -2.254416964696802e-01 
 9.368000000000162e-09 -2.146297823733310e-01 
 9.372000000000162e-09 -2.029615459162688e-01 
 9.376000000000161e-09 -1.904809634171158e-01 
 9.380000000000161e-09 -1.772356250618223e-01 
 9.384000000000160e-09 -1.632766029322283e-01 
 9.388000000000160e-09 -1.486582889060557e-01 
 9.392000000000159e-09 -1.334382015767410e-01 
 9.396000000000159e-09 -1.176767628587569e-01 
 9.400000000000159e-09 -1.014370449011963e-01 
 9.404000000000158e-09 -8.478448945741945e-02 
 9.408000000000158e-09 -6.778660161757699e-02 
 9.412000000000157e-09 -5.051262089612152e-02 
 9.416000000000157e-09 -3.303305921615873e-02 
 9.420000000000156e-09 -1.541980834598178e-02 
 9.424000000000156e-09  2.254728494619940e-03 
 9.428000000000156e-09  1.991841633078195e-02 
 9.432000000000155e-09  3.749897734835983e-02 
 9.436000000000155e-09  5.492419932548742e-02 
 9.440000000000154e-09  7.212282630735700e-02 
 9.444000000000154e-09  8.902501328090651e-02 
 9.448000000000153e-09  1.055624991302686e-01 
 9.452000000000153e-09  1.216689508522499e-01 
 9.456000000000153e-09  1.372802094404229e-01 
 9.460000000000152e-09  1.523346065418085e-01 
 9.464000000000152e-09  1.667731787428188e-01 
 9.468000000000151e-09  1.805399184725864e-01 
 9.472000000000151e-09  1.935819415419431e-01 
 9.476000000000150e-09  2.058496687140750e-01 
 9.480000000000150e-09  2.172969421879785e-01 
 9.484000000000150e-09  2.278811432164023e-01 
 9.488000000000149e-09  2.375632605386251e-01 
 9.492000000000149e-09  2.463079549988496e-01 
 9.496000000000148e-09  2.540835891097659e-01 
 9.500000000000148e-09  2.608622534088649e-01 
 9.504000000000148e-09  2.666197704532456e-01 
 9.508000000000147e-09  2.713356992929485e-01 
 9.512000000000147e-09  2.749933285376516e-01 
 9.516000000000146e-09  2.775796743318839e-01 
 9.520000000000146e-09  2.790854753542398e-01 
 9.524000000000145e-09  2.795051959891435e-01 
 9.528000000000145e-09  2.788370315969750e-01 
 9.532000000000145e-09  2.770829227048404e-01 
 9.536000000000144e-09  2.742485725504080e-01 
 9.540000000000144e-09  2.703434711913850e-01 
 9.544000000000143e-09  2.653809205170115e-01 
 9.548000000000143e-09  2.593780605812777e-01 
 9.552000000000142e-09  2.523558914322344e-01 
 9.556000000000142e-09  2.443392890048095e-01 
 9.560000000000142e-09  2.353570093850461e-01 
 9.564000000000141e-09  2.254416791265843e-01 
 9.568000000000141e-09  2.146297665513277e-01 
 9.572000000000140e-09  2.029615316730453e-01 
 9.576000000000140e-09  1.904809508013265e-01 
 9.580000000000139e-09  1.772356141172544e-01 
 9.584000000000139e-09  1.632765936941034e-01 
 9.588000000000139e-09  1.486582814029767e-01 
 9.592000000000138e-09  1.334381958295019e-01 
 9.596000000000138e-09  1.176767588824923e-01 
 9.600000000000137e-09  1.014370427025639e-01 
 9.604000000000137e-09  8.478448903811753e-02 
 9.608000000000136e-09  6.778660297203487e-02 
 9.612000000000136e-09  5.051262401087442e-02 
 9.616000000000136e-09  3.303306407457995e-02 
 9.620000000000135e-09  1.541981492416511e-02 
 9.624000000000135e-09 -2.254720227185203e-03 
 9.628000000000134e-09 -1.991840640937070e-02 
 9.632000000000134e-09 -3.749896581436829e-02 
 9.636000000000133e-09 -5.492418622621642e-02 
 9.640000000000133e-09 -7.212281169484669e-02 
 9.644000000000133e-09 -8.902499721154555e-02 
 9.648000000000132e-09 -1.055624816666878e-01 
 9.652000000000132e-09 -1.216689320613789e-01 
 9.656000000000131e-09 -1.372801893934614e-01 
 9.660000000000131e-09 -1.523345853150850e-01 
 9.664000000000130e-09 -1.667731564172961e-01 
 9.668000000000130e-09 -1.805398951329735e-01 
 9.672000000000130e-09 -1.935819172778714e-01 
 9.676000000000129e-09 -2.058496436187873e-01 
 9.680000000000129e-09 -2.172969163594800e-01 
 9.684000000000128e-09 -2.278811167546042e-01 
 9.688000000000128e-09 -2.375632335468687e-01 
 9.692000000000127e-09 -2.463079275846116e-01 
 9.696000000000127e-09 -2.540835613828714e-01 
 9.700000000000127e-09 -2.608622254788093e-01 
 9.704000000000126e-09 -2.666197424329093e-01 
 9.708000000000126e-09 -2.713356712963009e-01 
 9.712000000000125e-09 -2.749933006793905e-01 
 9.716000000000125e-09 -2.775796467245946e-01 
 9.720000000000124e-09 -2.790854481116976e-01 
 9.724000000000124e-09 -2.795051692238011e-01 
 9.728000000000124e-09 -2.788370054171665e-01 
 9.732000000000123e-09 -2.770828972182680e-01 
 9.736000000000123e-09 -2.742485478618644e-01 
 9.740000000000122e-09 -2.703434474000979e-01 
 9.744000000000122e-09 -2.653808977192122e-01 
 9.748000000000121e-09 -2.593780388680225e-01 
 9.752000000000121e-09 -2.523558708896152e-01 
 9.756000000000121e-09 -2.443392697119524e-01 
 9.760000000000120e-09 -2.353569914170119e-01 
 9.764000000000120e-09 -2.254416625510345e-01 
 9.768000000000119e-09 -2.146297514287934e-01 
 9.772000000000119e-09 -2.029615180582596e-01 
 9.776000000000118e-09 -1.904809387427999e-01 
 9.780000000000118e-09 -1.772356036548821e-01 
 9.784000000000118e-09 -1.632765848622171e-01 
 9.788000000000117e-09 -1.486582742295468e-01 
 9.792000000000117e-09 -1.334381903342496e-01 
 9.796000000000116e-09 -1.176767550793869e-01 
 9.800000000000116e-09 -1.014370405991407e-01 
 9.804000000000115e-09 -8.478448863487031e-02 
 9.808000000000115e-09 -6.778660426358130e-02 
 9.812000000000115e-09 -5.051262698592751e-02 
 9.816000000000114e-09 -3.303306871525891e-02 
 9.820000000000114e-09 -1.541982120802743e-02 
 9.824000000000113e-09  2.254712328586095e-03 
 9.828000000000113e-09  1.991839693080522e-02 
 9.832000000000112e-09  3.749895479496246e-02 
 9.836000000000112e-09  5.492417371012337e-02 
 9.840000000000112e-09  7.212279773228758e-02 
 9.844000000000111e-09  8.902498185766206e-02 
 9.848000000000111e-09  1.055624649798759e-01 
 9.852000000000110e-09  1.216689141061877e-01 
 9.856000000000110e-09  1.372801702375774e-01 
 9.860000000000109e-09  1.523345650322483e-01 
 9.864000000000109e-09  1.667731350845045e-01 
 9.868000000000109e-09  1.805398728304990e-01 
 9.872000000000108e-09  1.935818940928762e-01 
 9.876000000000108e-09  2.058496196395101e-01 
 9.880000000000107e-09  2.172968916782132e-01 
 9.884000000000107e-09  2.278810914687437e-01 
 9.888000000000106e-09  2.375632077548726e-01 
 9.892000000000106e-09  2.463079013893843e-01 
 9.896000000000106e-09  2.540835348870605e-01 
 9.900000000000105e-09  2.608621987899085e-01 
 9.904000000000105e-09  2.666197156580843e-01 
 9.908000000000104e-09  2.713356445436510e-01 
 9.912000000000104e-09  2.749932740582279e-01 
 9.916000000000103e-09  2.775796203439682e-01 
 9.920000000000103e-09  2.790854220797085e-01 
 9.924000000000103e-09  2.795051436470417e-01 
 9.928000000000102e-09  2.788369804013264e-01 
 9.932000000000102e-09  2.770828728652597e-01 
 9.936000000000101e-09  2.742485242690855e-01 
 9.940000000000101e-09  2.703434246663345e-01 
 9.944000000000100e-09  2.653808759346354e-01 
 9.948000000000100e-09  2.593780181192482e-01 
 9.952000000000100e-09  2.523558512598942e-01 
 9.956000000000099e-09  2.443392512763864e-01 
 9.960000000000099e-09  2.353569742471837e-01 
 9.964000000000098e-09  2.254416467122056e-01 
 9.968000000000098e-09  2.146297369795001e-01 
 9.972000000000097e-09  2.029615050502418e-01 
 9.976000000000097e-09  1.904809272214809e-01 
 9.980000000000097e-09  1.772355936598728e-01 
 9.984000000000096e-09  1.632765764253783e-01 
 9.988000000000096e-09  1.486582673765078e-01 
 9.992000000000095e-09  1.334381850858186e-01 
 9.996000000000095e-09  1.176767514479486e-01 
 1.000000000000009e-08  1.014776954543137e-01 
