 1.000000000000000e+06 -7.689979268826170e+00 
 1.047128548050900e+06 -7.689976622815672e+00 
 1.096478196143185e+06 -7.689973721594758e+00 
 1.148153621496883e+06 -7.689970540468030e+00 
 1.202264434617413e+06 -7.689967052399575e+00 
 1.258925411794168e+06 -7.689963227854166e+00 
 1.318256738556408e+06 -7.689959034299760e+00 
 1.380384264602886e+06 -7.689954436178179e+00 
 1.445439770745928e+06 -7.689949394427166e+00 
 1.513561248436209e+06 -7.689943866289810e+00 
 1.584893192461115e+06 -7.689937804810722e+00 
 1.659586907437562e+06 -7.689931158543313e+00 
 1.737800828749377e+06 -7.689923871113225e+00 
 1.819700858609986e+06 -7.689915880563671e+00 
 1.905460717963250e+06 -7.689907119182377e+00 
 1.995262314968882e+06 -7.689897512503928e+00 
 2.089296130854042e+06 -7.689886979100882e+00 
 2.187761623949556e+06 -7.689875429399562e+00 
 2.290867652767777e+06 -7.689862765484215e+00 
 2.398832919019494e+06 -7.689848879878469e+00 
 2.511886431509584e+06 -7.689833654668700e+00 
 2.630267991895386e+06 -7.689816960644931e+00 
 2.754228703338171e+06 -7.689798656099219e+00 
 2.884031503126611e+06 -7.689778585764611e+00 
 3.019951720402022e+06 -7.689756579251414e+00 
 3.162277660168386e+06 -7.689732449637794e+00 
 3.311311214825918e+06 -7.689705992483939e+00 
 3.467368504525324e+06 -7.689676982970499e+00 
 3.630780547701022e+06 -7.689645174944502e+00 
 3.801893963205622e+06 -7.689610298621581e+00 
 3.981071705534983e+06 -7.689572058016843e+00 
 4.168693834703365e+06 -7.689530128542383e+00 
 4.365158322401672e+06 -7.689484154503960e+00 
 4.570881896148764e+06 -7.689433745805704e+00 
 4.786300923226397e+06 -7.689378474857086e+00 
 5.011872336272738e+06 -7.689317872634732e+00 
 5.248074602497743e+06 -7.689251425099169e+00 
 5.495408738576263e+06 -7.689178568561930e+00 
 5.754399373371588e+06 -7.689098685126795e+00 
 6.025595860743597e+06 -7.689011097286068e+00 
 6.309573444801954e+06 -7.688915062120582e+00 
 6.606934480075982e+06 -7.688809765441795e+00 
 6.918309709189389e+06 -7.688694314312388e+00 
 7.244359600749927e+06 -7.688567729996713e+00 
 7.585775750291865e+06 -7.688428939450676e+00 
 7.943282347242844e+06 -7.688276766477399e+00 
 8.317637711026741e+06 -7.688109921384100e+00 
 8.709635899560839e+06 -7.687926990498939e+00 
 9.120108393559132e+06 -7.687726424263291e+00 
 9.549925860214395e+06 -7.687506523871877e+00 
 1.000000000000004e+07 -7.687265427232094e+00 
 1.047128548050904e+07 -7.687001093387849e+00 
 1.096478196143189e+07 -7.686711285069821e+00 
 1.148153621496888e+07 -7.686393550286862e+00 
 1.202264434617418e+07 -7.686045201507513e+00 
 1.258925411794173e+07 -7.685663293320295e+00 
 1.318256738556413e+07 -7.685244597901141e+00 
 1.380384264602891e+07 -7.684785577742133e+00 
 1.445439770745934e+07 -7.684282356762236e+00 
 1.513561248436215e+07 -7.683730687499369e+00 
 1.584893192461121e+07 -7.683125916203615e+00 
 1.659586907437568e+07 -7.682462944472531e+00 
 1.737800828749384e+07 -7.681736186750023e+00 
 1.819700858609992e+07 -7.680939524703564e+00 
 1.905460717963257e+07 -7.680066256840702e+00 
 1.995262314968890e+07 -7.679109043627315e+00 
 2.089296130854050e+07 -7.678059847990957e+00 
 2.187761623949564e+07 -7.676909869594678e+00 
 2.290867652767785e+07 -7.675649474175955e+00 
 2.398832919019503e+07 -7.674268115821591e+00 
 2.511886431509594e+07 -7.672754252467912e+00 
 2.630267991895396e+07 -7.671095254463297e+00 
 2.754228703338182e+07 -7.669277304465060e+00 
 2.884031503126622e+07 -7.667285289148738e+00 
 3.019951720402033e+07 -7.665102681506313e+00 
 3.162277660168397e+07 -7.662711413463997e+00 
 3.311311214825930e+07 -7.660091737489390e+00 
 3.467368504525337e+07 -7.657222077654676e+00 
 3.630780547701035e+07 -7.654078867877344e+00 
 3.801893963205635e+07 -7.650636378574403e+00 
 3.981071705534997e+07 -7.646866529314878e+00 
 4.168693834703380e+07 -7.642738687597088e+00 
 4.365158322401687e+07 -7.638219454344808e+00 
 4.570881896148779e+07 -7.633272432680690e+00 
 4.786300923226414e+07 -7.627857983441768e+00 
 5.011872336272755e+07 -7.621932964321264e+00 
 5.248074602497760e+07 -7.615450453765240e+00 
 5.495408738576282e+07 -7.608359460459129e+00 
 5.754399373371608e+07 -7.600604618042976e+00 
 6.025595860743618e+07 -7.592125867147227e+00 
 6.309573444801975e+07 -7.582858125103899e+00 
 6.606934480076005e+07 -7.572730946987532e+00 
 6.918309709189413e+07 -7.561668179552861e+00 
 7.244359600749952e+07 -7.549587612331604e+00 
 7.585775750291891e+07 -7.536400631103609e+00 
 7.943282347242872e+07 -7.522011878201653e+00 
 8.317637711026771e+07 -7.506318928387437e+00 
 8.709635899560872e+07 -7.489211987091672e+00 
 9.120108393559167e+07 -7.470573623088224e+00 
 9.549925860214433e+07 -7.450278545587514e+00 
 1.000000000000008e+08 -7.428193440499551e+00 
 1.047128548050908e+08 -7.404176881686199e+00 
 1.096478196143194e+08 -7.378079334478020e+00 
 1.148153621496892e+08 -7.349743270945782e+00 
 1.202264434617423e+08 -7.319003419561808e+00 
 1.258925411794178e+08 -7.285687171431335e+00 
 1.318256738556418e+08 -7.249615167958517e+00 
 1.380384264602897e+08 -7.210602095715507e+00 
 1.445439770745940e+08 -7.168457713020606e+00 
 1.513561248436221e+08 -7.122988133182233e+00 
 1.584893192461127e+08 -7.073997386164731e+00 
 1.659586907437575e+08 -7.021289278072768e+00 
 1.737800828749391e+08 -6.964669560940168e+00 
 1.819700858610000e+08 -6.903948420700283e+00 
 1.905460717963264e+08 -6.838943280251604e+00 
 1.995262314968898e+08 -6.769481904881529e+00 
 2.089296130854059e+08 -6.695405785735859e+00 
 2.187761623949573e+08 -6.616573760730684e+00 
 2.290867652767794e+08 -6.532865819429291e+00 
 2.398832919019513e+08 -6.444187022138372e+00 
 2.511886431509604e+08 -6.350471448146902e+00 
 2.630267991895407e+08 -6.251686074215340e+00 
 2.754228703338193e+08 -6.147834472950176e+00 
 2.884031503126634e+08 -6.038960211738250e+00 
 3.019951720402046e+08 -5.925149829349365e+00 
 3.162277660168411e+08 -5.806535266772221e+00 
 3.311311214825944e+08 -5.683295636499784e+00 
 3.467368504525352e+08 -5.555658225219194e+00 
 3.630780547701051e+08 -5.423898643065147e+00 
 3.801893963205651e+08 -5.288340055057815e+00 
 3.981071705535014e+08 -5.149351457382052e+00 
 4.168693834703397e+08 -5.007344991155847e+00 
 4.365158322401705e+08 -4.862772318092095e+00 
 4.570881896148798e+08 -4.716120114698517e+00 
 4.786300923226434e+08 -4.567904772328383e+00 
 5.011872336272776e+08 -4.418666418671011e+00 
 5.248074602497782e+08 -4.268962400850831e+00 
 5.495408738576305e+08 -4.119360389697094e+00 
 5.754399373371632e+08 -3.970431278846533e+00 
 6.025595860743644e+08 -3.822742060077189e+00 
 6.309573444802003e+08 -3.676848857675737e+00 
 6.606934480076034e+08 -3.533290299451264e+00 
 6.918309709189442e+08 -3.392581390679677e+00 
 7.244359600749983e+08 -3.255208039771120e+00 
 7.585775750291924e+08 -3.121622362188780e+00 
 7.943282347242906e+08 -2.992238862030200e+00 
 8.317637711026806e+08 -2.867431561198680e+00 
 8.709635899560907e+08 -2.747532113883628e+00 
 9.120108393559203e+08 -2.632828912405273e+00 
 9.549925860214471e+08 -2.523567159239385e+00 
 1.000000000000012e+09 -2.419949851736271e+00 
 1.047128548050912e+09 -2.322139601354257e+00 
 1.096478196143198e+09 -2.230261189346012e+00 
 1.148153621496897e+09 -2.144404746424688e+00 
 1.202264434617427e+09 -2.064629434870623e+00 
 1.258925411794183e+09 -1.990967508662238e+00 
 1.318256738556423e+09 -1.923428628636765e+00 
 1.380384264602902e+09 -1.862004316406363e+00 
 1.445439770745945e+09 -1.806672440147079e+00 
 1.513561248436227e+09 -1.757401637868221e+00 
 1.584893192461133e+09 -1.714155597406025e+00 
 1.659586907437582e+09 -1.676897126498523e+00 
 1.737800828749398e+09 -1.645591960382178e+00 
 1.819700858610007e+09 -1.620212266957996e+00 
 1.905460717963272e+09 -1.600739821030813e+00 
 1.995262314968905e+09 -1.587168828587064e+00 
 2.089296130854067e+09 -1.579508389500663e+00 
 2.187761623949581e+09 -1.577784592631323e+00 
 2.290867652767803e+09 -1.582042240876773e+00 
 2.398832919019522e+09 -1.592346205717913e+00 
 2.511886431509614e+09 -1.608782411544270e+00 
 2.630267991895417e+09 -1.631458449540244e+00 
 2.754228703338203e+09 -1.660503820227348e+00 
 2.884031503126645e+09 -1.696069802402597e+00 
 3.019951720402058e+09 -1.738328945384436e+00 
 3.162277660168423e+09 -1.787474181124953e+00 
 3.311311214825957e+09 -1.843717553302660e+00 
 3.467368504525365e+09 -1.907288562413238e+00 
 3.630780547701065e+09 -1.978432129217719e+00 
 3.801893963205667e+09 -2.057406183919380e+00 
 3.981071705535030e+09 -2.144478895257290e+00 
 4.168693834703414e+09 -2.239925562019389e+00 
 4.365158322401723e+09 -2.344025199266560e+00 
 4.570881896148817e+09 -2.457056862358288e+00 
 4.786300923226454e+09 -2.579295762981085e+00 
 5.011872336272797e+09 -2.711009242315580e+00 
 5.248074602497804e+09 -2.852452676249401e+00 
 5.495408738576327e+09 -3.003865395313247e+00 
 5.754399373371655e+09 -3.165466707023921e+00 
 6.025595860743669e+09 -3.337452109694924e+00 
 6.309573444802029e+09 -3.519989784113761e+00 
 6.606934480076061e+09 -3.713217442453325e+00 
 6.918309709189471e+09 -3.917239602524678e+00 
 7.244359600750012e+09 -4.132125340484036e+00 
 7.585775750291955e+09 -4.357906557208353e+00 
 7.943282347242938e+09 -4.594576773948037e+00 
 8.317637711026839e+09 -4.842090452955162e+00 
 8.709635899560942e+09 -5.100362820053484e+00 
 9.120108393559240e+09 -5.369270150014724e+00 
 9.549925860214510e+09 -5.648650463379187e+00 
 1.000000000000016e+10 -5.938304575906091e+00 
 1.047128548050916e+10 -6.237997439642094e+00 
 1.096478196143202e+10 -6.547459717635884e+00 
 1.148153621496901e+10 -6.866389542072690e+00 
 1.202264434617432e+10 -7.194454417106478e+00 
 1.258925411794188e+10 -7.531293241548909e+00 
 1.318256738556429e+10 -7.876518441271010e+00 
 1.380384264602907e+10 -8.229718214987741e+00 
 1.445439770745951e+10 -8.590458908396823e+00 
 1.513561248436233e+10 -8.958287539062006e+00 
 1.584893192461140e+10 -9.332734496922750e+00 
 1.659586907437588e+10 -9.713316442372214e+00 
 1.737800828749405e+10 -1.009953941549582e+01 
 1.819700858610014e+10 -1.049090215692942e+01 
 1.905460717963279e+10 -1.088689962403620e+01 
 1.995262314968913e+10 -1.128702666730327e+01 
 2.089296130854075e+10 -1.169078181289525e+01 
 2.187761623949590e+10 -1.209767108010892e+01 
 2.290867652767812e+10 -1.250721174885830e+01 
 2.398832919019532e+10 -1.291893598374930e+01 
 2.511886431509623e+10 -1.333239421874097e+01 
 2.630267991895427e+10 -1.374715821019819e+01 
 2.754228703338214e+10 -1.416282367606171e+01 
 2.884031503126656e+10 -1.457901245405337e+01 
 3.019951720402069e+10 -1.499537413101909e+01 
 3.162277660168435e+10 -1.541158711711651e+01 
 3.311311214825969e+10 -1.582735916091567e+01 
 3.467368504525378e+10 -1.624242732302492e+01 
 3.630780547701078e+10 -1.665655744523977e+01 
 3.801893963205680e+10 -1.706954316844314e+01 
 3.981071705535044e+10 -1.748120456494954e+01 
 4.168693834703429e+10 -1.789138645945722e+01 
 4.365158322401739e+10 -1.829995651735426e+01 
 4.570881896148833e+10 -1.870680318018060e+01 
 4.786300923226471e+10 -1.911183352609882e+01 
 5.011872336272815e+10 -1.951497112887210e+01 
 5.248074602497823e+10 -1.991615398267882e+01 
 5.495408738576347e+10 -2.031533255264071e+01 
 5.754399373371677e+10 -2.071246800263809e+01 
 6.025595860743690e+10 -2.110753064315085e+01 
 6.309573444802052e+10 -2.150049863271091e+01 
 6.606934480076085e+10 -2.189135695719850e+01 
 6.918309709189496e+10 -2.228009670171470e+01 
 7.244359600750038e+10 -2.266671462012660e+01 
 7.585775750291982e+10 -2.305121299761298e+01 
 7.943282347242966e+10 -2.343359979165716e+01 
 8.317637711026869e+10 -2.381388902700593e+01 
 8.709635899560974e+10 -2.419210141027303e+01 
 9.120108393559274e+10 -2.456826512033379e+01 
 9.549925860214545e+10 -2.494241672175454e+01 
 1.000000000000020e+11 -2.531460214064789e+01 
