 5.000000000000000e-08 -7.422204434480717e-03 
 5.010000000000000e-08 -1.027884403934576e-02 
 5.020000000000000e-08 -1.307964587332533e-02 
 5.030000000000000e-08 -1.584094200142672e-02 
 5.040000000000000e-08 -1.853968433254138e-02 
 5.050000000000000e-08 -2.116508012636453e-02 
 5.060000000000000e-08 -2.370690173067391e-02 
 5.070000000000000e-08 -2.615504018627002e-02 
 5.080000000000000e-08 -2.849989715936152e-02 
 5.090000000000001e-08 -3.073219772912172e-02 
 5.100000000000001e-08 -3.284315966813800e-02 
 5.110000000000001e-08 -3.482446246590132e-02 
 5.120000000000001e-08 -3.666829578907316e-02 
 5.130000000000001e-08 -3.836741164331503e-02 
 5.140000000000001e-08 -3.991510200273418e-02 
 5.150000000000001e-08 -4.130529694040819e-02 
 5.160000000000001e-08 -4.253250010341314e-02 
 5.170000000000001e-08 -4.359190858190520e-02 
 5.180000000000001e-08 -4.447932615125216e-02 
 5.190000000000001e-08 -4.519128763005487e-02 
 5.200000000000002e-08 -4.572496384108504e-02 
 5.210000000000002e-08 -4.607827872144243e-02 
 5.220000000000002e-08 -4.624981504080616e-02 
 5.230000000000002e-08 -4.623891706110728e-02 
 5.240000000000002e-08 -4.604560213792741e-02 
 5.250000000000002e-08 -4.567064519636310e-02 
 5.260000000000002e-08 -4.511549852196572e-02 
 5.270000000000002e-08 -4.438235674983493e-02 
 5.280000000000002e-08 -4.347408526708718e-02 
 5.290000000000002e-08 -4.239426601666674e-02 
 5.300000000000002e-08 -4.114713378568613e-02 
 5.310000000000003e-08 -3.973760409089389e-02 
 5.320000000000003e-08 -3.817121607070728e-02 
 5.330000000000003e-08 -3.645414420790938e-02 
 5.340000000000003e-08 -3.459314633590216e-02 
 5.350000000000003e-08 -3.259556120098805e-02 
 5.360000000000003e-08 -3.046926015772766e-02 
 5.370000000000003e-08 -2.822263260049596e-02 
 5.380000000000003e-08 -2.586454010540895e-02 
 5.390000000000003e-08 -2.340429172045622e-02 
 5.400000000000003e-08 -2.085159960358340e-02 
 5.410000000000003e-08 -1.821654604901268e-02 
 5.420000000000004e-08 -1.550953995291882e-02 
 5.430000000000004e-08 -1.274127733136332e-02 
 5.440000000000004e-08 -9.922698253901352e-03 
 5.450000000000004e-08 -7.064942488904213e-03 
 5.460000000000004e-08 -4.179306803303362e-03 
 5.470000000000004e-08 -1.277197219740067e-03 
 5.480000000000004e-08  1.629913186811383e-03 
 5.490000000000004e-08  4.530534052854529e-03 
 5.500000000000004e-08  7.413168413612281e-03 
 5.510000000000004e-08  1.026662959042302e-02 
 5.520000000000004e-08  1.307964590375144e-02 
 5.530000000000005e-08  1.584094200014974e-02 
 5.540000000000005e-08  1.853968436632125e-02 
 5.550000000000005e-08  2.116508013617380e-02 
 5.560000000000005e-08  2.370690176116197e-02 
 5.570000000000005e-08  2.615504020555282e-02 
 5.580000000000005e-08  2.849989718575419e-02 
 5.590000000000005e-08  3.073219775190528e-02 
 5.600000000000005e-08  3.284315968954465e-02 
 5.610000000000005e-08  3.482446248819770e-02 
 5.620000000000005e-08  3.666829580868436e-02 
 5.630000000000005e-08  3.836741166795599e-02 
 5.640000000000006e-08  3.991510202290272e-02 
 5.650000000000006e-08  4.130529696480889e-02 
 5.660000000000006e-08  4.253250012312804e-02 
 5.670000000000006e-08  4.359190860692563e-02 
 5.680000000000006e-08  4.447932617149064e-02 
 5.690000000000006e-08  4.519128765442937e-02 
 5.700000000000006e-08  4.572496385917568e-02 
 5.710000000000006e-08  4.607827874359050e-02 
 5.720000000000006e-08  4.624981505970216e-02 
 5.730000000000006e-08  4.623891708642258e-02 
 5.740000000000006e-08  4.604560216033082e-02 
 5.750000000000006e-08  4.567064522373232e-02 
 5.760000000000007e-08  4.511549854369656e-02 
 5.770000000000007e-08  4.438235677508962e-02 
 5.780000000000007e-08  4.347408528752328e-02 
 5.790000000000007e-08  4.239426604007712e-02 
 5.800000000000007e-08  4.114713380462010e-02 
 5.810000000000007e-08  3.973760411620320e-02 
 5.820000000000007e-08  3.817121609471164e-02 
 5.830000000000007e-08  3.645414423692839e-02 
 5.840000000000007e-08  3.459314636091970e-02 
 5.850000000000007e-08  3.259556123173901e-02 
 5.860000000000007e-08  3.046926018466567e-02 
 5.870000000000008e-08  2.822263262971725e-02 
 5.880000000000008e-08  2.586454012727168e-02 
 5.890000000000008e-08  2.340429174327285e-02 
 5.900000000000008e-08  2.085159962169758e-02 
 5.910000000000008e-08  1.821654607244261e-02 
 5.920000000000008e-08  1.550953997285021e-02 
 5.930000000000008e-08  1.274127735470110e-02 
 5.940000000000008e-08  9.922698274560826e-03 
 5.950000000000008e-08  7.064942514722006e-03 
 5.960000000000008e-08  4.179306826107787e-03 
 5.970000000000008e-08  1.277197244002437e-03 
 5.980000000000007e-08 -1.629913167903174e-03 
 5.990000000000007e-08 -4.530534032301858e-03 
 6.000000000000006e-08 -7.413168386506186e-03 
 6.010000000000006e-08 -1.026662959677482e-02 
 6.020000000000005e-08 -1.307964589142951e-02 
 6.030000000000004e-08 -1.584094195714369e-02 
 6.040000000000004e-08 -1.853968435756603e-02 
 6.050000000000003e-08 -2.116508010033424e-02 
 6.060000000000003e-08 -2.370690174589196e-02 
 6.070000000000002e-08 -2.615504017404713e-02 
 6.080000000000002e-08 -2.849989716575929e-02 
 6.090000000000001e-08 -3.073219772477320e-02 
 6.100000000000000e-08 -3.284315966969520e-02 
 6.110000000000000e-08 -3.482446246418491e-02 
 6.119999999999999e-08 -3.666829578812147e-02 
 6.129999999999999e-08 -3.836741164321289e-02 
 6.139999999999998e-08 -3.991510200054305e-02 
 6.149999999999997e-08 -4.130529694038465e-02 
 6.159999999999997e-08 -4.253250010026766e-02 
 6.169999999999996e-08 -4.359190858078632e-02 
 6.179999999999996e-08 -4.447932614891803e-02 
 6.189999999999995e-08 -4.519128763101521e-02 
 6.199999999999995e-08 -4.572496383972879e-02 
 6.209999999999994e-08 -4.607827872240144e-02 
 6.219999999999993e-08 -4.624981503994618e-02 
 6.229999999999993e-08 -4.623891706314187e-02 
 6.239999999999992e-08 -4.604560213890663e-02 
 6.249999999999992e-08 -4.567064519897723e-02 
 6.259999999999991e-08 -4.511549852236363e-02 
 6.269999999999991e-08 -4.438235675244417e-02 
 6.279999999999990e-08 -4.347408526822205e-02 
 6.289999999999989e-08 -4.239426601894758e-02 
 6.299999999999989e-08 -4.114713378562085e-02 
 6.309999999999988e-08 -3.973760409270377e-02 
 6.319999999999988e-08 -3.817121607153440e-02 
 6.329999999999987e-08 -3.645414421131932e-02 
 6.339999999999987e-08 -3.459314633726951e-02 
 6.349999999999986e-08 -3.259556120319496e-02 
 6.359999999999985e-08 -3.046926015710838e-02 
 6.369999999999985e-08 -2.822263260100999e-02 
 6.379999999999984e-08 -2.586454010338568e-02 
 6.389999999999984e-08 -2.340429172022573e-02 
 6.399999999999983e-08 -2.085159960286065e-02 
 6.409999999999983e-08 -1.821654605020884e-02 
 6.419999999999982e-08 -1.550953995325055e-02 
 6.429999999999981e-08 -1.274127733321051e-02 
 6.439999999999981e-08 -9.922698254877904e-03 
 6.449999999999980e-08 -7.064942490467407e-03 
 6.459999999999980e-08 -4.179306804375837e-03 
 6.469999999999979e-08 -1.277197220671322e-03 
 6.479999999999979e-08  1.629913187134457e-03 
 6.489999999999978e-08  4.530534053627910e-03 
 6.499999999999977e-08  7.413168399505787e-03 
 6.509999999999977e-08  1.026662964545766e-02 
 6.519999999999976e-08  1.307964592084176e-02 
 6.529999999999976e-08  1.584094196610741e-02 
 6.539999999999975e-08  1.853968438822218e-02 
 6.549999999999975e-08  2.116508011533536e-02 
 6.559999999999974e-08  2.370690177380408e-02 
 6.569999999999973e-08  2.615504019702897e-02 
 6.579999999999973e-08  2.849989719316115e-02 
 6.589999999999972e-08  3.073219774978497e-02 
 6.599999999999972e-08  3.284315969354168e-02 
 6.609999999999971e-08  3.482446248861115e-02 
 6.619999999999971e-08  3.666829581033393e-02 
 6.629999999999970e-08  3.836741166845314e-02 
 6.639999999999969e-08  3.991510202347448e-02 
 6.649999999999969e-08  4.130529696745411e-02 
 6.659999999999968e-08  4.253250012678733e-02 
 6.669999999999968e-08  4.359190861102058e-02 
 6.679999999999967e-08  4.447932617423578e-02 
 6.689999999999967e-08  4.519128765649438e-02 
 6.699999999999966e-08  4.572496386077329e-02 
 6.709999999999965e-08  4.607827874600146e-02 
 6.719999999999965e-08  4.624981506066539e-02 
 6.729999999999964e-08  4.623891708572048e-02 
 6.739999999999964e-08  4.604560215896769e-02 
 6.749999999999963e-08  4.567064522193576e-02 
 6.759999999999963e-08  4.511549854116792e-02 
 6.769999999999962e-08  4.438235677240132e-02 
 6.779999999999961e-08  4.347408528580199e-02 
 6.789999999999961e-08  4.239426603848373e-02 
 6.799999999999960e-08  4.114713380296764e-02 
 6.809999999999960e-08  3.973760411514315e-02 
 6.819999999999959e-08  3.817121609410878e-02 
 6.829999999999959e-08  3.645414423675297e-02 
 6.839999999999958e-08  3.459314636147970e-02 
 6.849999999999957e-08  3.259556123141749e-02 
 6.859999999999957e-08  3.046926018425777e-02 
 6.869999999999956e-08  2.822263262943681e-02 
 6.879999999999956e-08  2.586454012833306e-02 
 6.889999999999955e-08  2.340429174517067e-02 
 6.899999999999955e-08  2.085159962406635e-02 
 6.909999999999954e-08  1.821654607334411e-02 
 6.919999999999953e-08  1.550953997377791e-02 
 6.929999999999953e-08  1.274127735453456e-02 
 6.939999999999952e-08  9.922698274836383e-03 
 6.949999999999952e-08  7.064942513762329e-03 
 6.959999999999951e-08  4.179306826524787e-03 
 6.969999999999951e-08  1.277197243964023e-03 
 6.979999999999950e-08 -1.629913166781627e-03 
 6.989999999999949e-08 -4.530534034037803e-03 
 6.999999999999949e-08 -7.413168376796175e-03 
 7.009999999999948e-08 -1.026662964425418e-02 
 7.019999999999948e-08 -1.307964590705790e-02 
 7.029999999999947e-08 -1.584094193198582e-02 
 7.039999999999947e-08 -1.853968437403419e-02 
 7.049999999999946e-08 -2.116508008518414e-02 
 7.059999999999945e-08 -2.370690175526224e-02 
 7.069999999999945e-08 -2.615504016727610e-02 
 7.079999999999944e-08 -2.849989716837142e-02 
 7.089999999999944e-08 -3.073219772139280e-02 
 7.099999999999943e-08 -3.284315966977958e-02 
 7.109999999999943e-08 -3.482446246415050e-02 
 7.119999999999942e-08 -3.666829578847253e-02 
 7.129999999999941e-08 -3.836741164535651e-02 
 7.139999999999941e-08 -3.991510200091453e-02 
 7.149999999999940e-08 -4.130529694235574e-02 
 7.159999999999940e-08 -4.253250010053611e-02 
 7.169999999999939e-08 -4.359190858354189e-02 
 7.179999999999939e-08 -4.447932614911809e-02 
 7.189999999999938e-08 -4.519128763225644e-02 
 7.199999999999937e-08 -4.572496383875535e-02 
 7.209999999999937e-08 -4.607827872415782e-02 
 7.219999999999936e-08 -4.624981504142545e-02 
 7.229999999999936e-08 -4.623891706571892e-02 
 7.239999999999935e-08 -4.604560213911801e-02 
 7.249999999999935e-08 -4.567064519926789e-02 
 7.259999999999934e-08 -4.511549852055685e-02 
 7.269999999999933e-08 -4.438235675114210e-02 
 7.279999999999933e-08 -4.347408526558283e-02 
 7.289999999999932e-08 -4.239426601694185e-02 
 7.299999999999932e-08 -4.114713378253065e-02 
 7.309999999999931e-08 -3.973760409113791e-02 
 7.319999999999931e-08 -3.817121607004403e-02 
 7.329999999999930e-08 -3.645414421161108e-02 
 7.339999999999929e-08 -3.459314633721977e-02 
 7.349999999999929e-08 -3.259556120473395e-02 
 7.359999999999928e-08 -3.046926015744122e-02 
 7.369999999999928e-08 -2.822263260086499e-02 
 7.379999999999927e-08 -2.586454010183137e-02 
 7.389999999999927e-08 -2.340429171864122e-02 
 7.399999999999926e-08 -2.085159960005556e-02 
 7.409999999999925e-08 -1.821654604754475e-02 
 7.419999999999925e-08 -1.550953994992144e-02 
 7.429999999999924e-08 -1.274127733008679e-02 
 7.439999999999924e-08 -9.922698251944695e-03 
 7.449999999999923e-08 -7.064942488905102e-03 
 7.459999999999923e-08 -4.179306804312111e-03 
 7.469999999999922e-08 -1.277197221798643e-03 
 7.479999999999921e-08  1.629913184940879e-03 
 7.489999999999921e-08  4.530534051782498e-03 
 7.499999999999920e-08  7.413168388488156e-03 
 7.509999999999920e-08  1.026662967868264e-02 
 7.519999999999919e-08  1.307964593080957e-02 
 7.529999999999919e-08  1.584094194441077e-02 
 7.539999999999918e-08  1.853968440129861e-02 
 7.549999999999917e-08  2.116508010273965e-02 
 7.559999999999917e-08  2.370690178175172e-02 
 7.569999999999916e-08  2.615504019147785e-02 
 7.579999999999916e-08  2.849989719650159e-02 
 7.589999999999915e-08  3.073219774799285e-02 
 7.599999999999915e-08  3.284315969452156e-02 
 7.609999999999914e-08  3.482446248809046e-02 
 7.619999999999913e-08  3.666829580967912e-02 
 7.629999999999913e-08  3.836741166803659e-02 
 7.639999999999912e-08  3.991510202167037e-02 
 7.649999999999912e-08  4.130529696514884e-02 
 7.659999999999911e-08  4.253250012235621e-02 
 7.669999999999911e-08  4.359190860746009e-02 
 7.679999999999910e-08  4.447932617051520e-02 
 7.689999999999909e-08  4.519128765412916e-02 
 7.699999999999909e-08  4.572496385854352e-02 
 7.709999999999908e-08  4.607827874462567e-02 
 7.719999999999908e-08  4.624981505930292e-02 
 7.729999999999907e-08  4.623891708467331e-02 
 7.739999999999907e-08  4.604560215794695e-02 
 7.749999999999906e-08  4.567064522098296e-02 
 7.759999999999905e-08  4.511549854087993e-02 
 7.769999999999905e-08  4.438235677271951e-02 
 7.779999999999904e-08  4.347408528615238e-02 
 7.789999999999904e-08  4.239426603850682e-02 
 7.799999999999903e-08  4.114713380353208e-02 
 7.809999999999903e-08  3.973760411653471e-02 
 7.819999999999902e-08  3.817121609676244e-02 
 7.829999999999901e-08  3.645414423906246e-02 
 7.839999999999901e-08  3.459314636336375e-02 
 7.849999999999900e-08  3.259556123244667e-02 
 7.859999999999900e-08  3.046926018503560e-02 
 7.869999999999899e-08  2.822263262952562e-02 
 7.879999999999899e-08  2.586454012819583e-02 
 7.889999999999898e-08  2.340429174449699e-02 
 7.899999999999897e-08  2.085159962388072e-02 
 7.909999999999897e-08  1.821654607266510e-02 
 7.919999999999896e-08  1.550953997406812e-02 
 7.929999999999896e-08  1.274127735502861e-02 
 7.939999999999895e-08  9.922698275518949e-03 
 7.949999999999895e-08  7.064942512957195e-03 
 7.959999999999894e-08  4.179306825635054e-03 
 7.969999999999893e-08  1.277197241728034e-03 
 7.979999999999893e-08 -1.629913168081698e-03 
 7.989999999999892e-08 -4.530534035370293e-03 
 7.999999999999892e-08 -7.413168368561429e-03 
 8.009999999999891e-08 -1.026662967070058e-02 
 8.019999999999890e-08 -1.307964591372168e-02 
 8.029999999999890e-08 -1.584094191487173e-02 
 8.039999999999889e-08 -1.853968438425535e-02 
 8.049999999999889e-08 -2.116508007493434e-02 
 8.059999999999888e-08 -2.370690176087464e-02 
 8.069999999999888e-08 -2.615504016492043e-02 
 8.079999999999887e-08 -2.849989717343715e-02 
 8.089999999999886e-08 -3.073219772399516e-02 
 8.099999999999886e-08 -3.284315967380413e-02 
 8.109999999999885e-08 -3.482446246734106e-02 
 8.119999999999885e-08 -3.666829578964470e-02 
 8.129999999999884e-08 -3.836741164636481e-02 
 8.139999999999884e-08 -3.991510199985626e-02 
 8.149999999999883e-08 -4.130529694198426e-02 
 8.159999999999882e-08 -4.253250009843335e-02 
 8.169999999999882e-08 -4.359190858248541e-02 
 8.179999999999881e-08 -4.447932614674222e-02 
 8.189999999999881e-08 -4.519128763097147e-02 
 8.199999999999880e-08 -4.572496383629332e-02 
 8.209999999999880e-08 -4.607827872276005e-02 
 8.219999999999879e-08 -4.624981503898518e-02 
 8.229999999999878e-08 -4.623891706384065e-02 
 8.239999999999878e-08 -4.604560213712316e-02 
 8.249999999999877e-08 -4.567064519914621e-02 
 8.259999999999877e-08 -4.511549852090635e-02 
 8.269999999999876e-08 -4.438235675231073e-02 
 8.279999999999876e-08 -4.347408526599716e-02 
 8.289999999999875e-08 -4.239426601826413e-02 
 8.299999999999874e-08 -4.114713378391266e-02 
 8.309999999999874e-08 -3.973760409265426e-02 
 8.319999999999873e-08 -3.817121607038665e-02 
 8.329999999999873e-08 -3.645414421137061e-02 
 8.339999999999872e-08 -3.459314633667177e-02 
 8.349999999999872e-08 -3.259556120530660e-02 
 8.359999999999871e-08 -3.046926015820239e-02 
 8.369999999999870e-08 -2.822263260280700e-02 
 8.379999999999870e-08 -2.586454010365147e-02 
 8.389999999999869e-08 -2.340429172123604e-02 
 8.399999999999869e-08 -2.085159960213301e-02 
 8.409999999999868e-08 -1.821654605040712e-02 
 8.419999999999868e-08 -1.550953995245918e-02 
 8.429999999999867e-08 -1.274127733251285e-02 
 8.439999999999866e-08 -9.922698253302054e-03 
 8.449999999999866e-08 -7.064942490687898e-03 
 8.459999999999865e-08 -4.179306806292526e-03 
 8.469999999999865e-08 -1.277197222327109e-03 
 8.479999999999864e-08  1.629913186724785e-03 
 8.489999999999864e-08  4.530534054411062e-03 
 8.499999999999863e-08  7.413168383883395e-03 
 8.509999999999862e-08  1.026662970097481e-02 
 8.519999999999862e-08  1.307964593739430e-02 
 8.529999999999861e-08  1.584094193129171e-02 
 8.539999999999861e-08  1.853968441069376e-02 
 8.549999999999860e-08  2.116508009614737e-02 
 8.559999999999860e-08  2.370690178675150e-02 
 8.569999999999859e-08  2.615504018791492e-02 
 8.579999999999858e-08  2.849989719837032e-02 
 8.589999999999858e-08  3.073219774738245e-02 
 8.599999999999857e-08  3.284315969604457e-02 
 8.609999999999857e-08  3.482446248889026e-02 
 8.619999999999856e-08  3.666829580952058e-02 
 8.629999999999856e-08  3.836741166797397e-02 
 8.639999999999855e-08  3.991510202169435e-02 
 8.649999999999854e-08  4.130529696644603e-02 
 8.659999999999854e-08  4.253250012363941e-02 
 8.669999999999853e-08  4.359190860947848e-02 
 8.679999999999853e-08  4.447932617162875e-02 
 8.689999999999852e-08  4.519128765538394e-02 
 8.699999999999852e-08  4.572496385908065e-02 
 8.709999999999851e-08  4.607827874505133e-02 
 8.719999999999850e-08  4.624981506004278e-02 
 8.729999999999850e-08  4.623891708611882e-02 
 8.739999999999849e-08  4.604560215894371e-02 
 8.749999999999849e-08  4.567064522161468e-02 
 8.759999999999848e-08  4.511549854144126e-02 
 8.769999999999848e-08  4.438235677242730e-02 
 8.779999999999847e-08  4.347408528506702e-02 
 8.789999999999846e-08  4.239426603748275e-02 
 8.799999999999846e-08  4.114713380285884e-02 
 8.809999999999845e-08  3.973760411533034e-02 
 8.819999999999845e-08  3.817121609515439e-02 
 8.829999999999844e-08  3.645414423764692e-02 
 8.839999999999844e-08  3.459314636252731e-02 
 8.849999999999843e-08  3.259556123104312e-02 
 8.859999999999842e-08  3.046926018310869e-02 
 8.869999999999842e-08  2.822263262749014e-02 
 8.879999999999841e-08  2.586454012618322e-02 
 8.889999999999841e-08  2.340429174223746e-02 
 8.899999999999840e-08  2.085159962204330e-02 
 8.909999999999840e-08  1.821654607187417e-02 
 8.919999999999839e-08  1.550953997386140e-02 
 8.929999999999838e-08  1.274127735392927e-02 
 8.939999999999838e-08  9.922698274940744e-03 
 8.949999999999837e-08  7.064942512945427e-03 
 8.959999999999837e-08  4.179306826867624e-03 
 8.969999999999836e-08  1.277197242896211e-03 
 8.979999999999836e-08 -1.629913166092400e-03 
 8.989999999999835e-08 -4.530534034247413e-03 
 8.999999999999834e-08 -7.413168363373135e-03 
 9.009999999999834e-08 -1.026662968906589e-02 
 9.019999999999833e-08 -1.307964591968425e-02 
 9.029999999999833e-08 -1.584094190410723e-02 
 9.039999999999832e-08 -1.853968438985487e-02 
 9.049999999999832e-08 -2.116508006847884e-02 
 9.059999999999831e-08 -2.370690176367130e-02 
 9.069999999999830e-08 -2.615504016087722e-02 
 9.079999999999830e-08 -2.849989717263957e-02 
 9.089999999999829e-08 -3.073219772094271e-02 
 9.099999999999829e-08 -3.284315967161988e-02 
 9.109999999999828e-08 -3.482446246509907e-02 
 9.119999999999828e-08 -3.666829578659048e-02 
 9.129999999999827e-08 -3.836741164513846e-02 
 9.139999999999826e-08 -3.991510199862325e-02 
 9.149999999999826e-08 -4.130529694285956e-02 
 9.159999999999825e-08 -4.253250009888077e-02 
 9.169999999999825e-08 -4.359190858426265e-02 
 9.179999999999824e-08 -4.447932614830230e-02 
 9.189999999999824e-08 -4.519128763346614e-02 
 9.199999999999823e-08 -4.572496383833369e-02 
 9.209999999999822e-08 -4.607827872480641e-02 
 9.219999999999822e-08 -4.624981503938641e-02 
 9.229999999999821e-08 -4.623891706440864e-02 
 9.239999999999821e-08 -4.604560213769693e-02 
 9.249999999999820e-08 -4.567064520052933e-02 
 9.259999999999820e-08 -4.511549852185248e-02 
 9.269999999999819e-08 -4.438235675300839e-02 
 9.279999999999818e-08 -4.347408526623031e-02 
 9.289999999999818e-08 -4.239426601842089e-02 
 9.299999999999817e-08 -4.114713378275159e-02 
 9.309999999999817e-08 -3.973760409199456e-02 
 9.319999999999816e-08 -3.817121607023211e-02 
 9.329999999999816e-08 -3.645414421212867e-02 
 9.339999999999815e-08 -3.459314633726729e-02 
 9.349999999999814e-08 -3.259556120522333e-02 
 9.359999999999814e-08 -3.046926015768481e-02 
 9.369999999999813e-08 -2.822263260139679e-02 
 9.379999999999813e-08 -2.586454010194705e-02 
 9.389999999999812e-08 -2.340429171952496e-02 
 9.399999999999812e-08 -2.085159960025140e-02 
 9.409999999999811e-08 -1.821654604831235e-02 
 9.419999999999810e-08 -1.550953995037307e-02 
 9.429999999999810e-08 -1.274127733192265e-02 
 9.439999999999809e-08 -9.922698253286510e-03 
 9.449999999999809e-08 -7.064942489503512e-03 
 9.459999999999808e-08 -4.179306803851146e-03 
 9.469999999999808e-08 -1.277197219528681e-03 
 9.479999999999807e-08  1.629913189332477e-03 
 9.489999999999806e-08  4.530534057688662e-03 
 9.499999999999806e-08  7.413168384099444e-03 
 9.509999999999805e-08  1.026662971888381e-02 
 9.519999999999805e-08  1.307964594474265e-02 
 9.529999999999804e-08  1.584094192331720e-02 
 9.539999999999804e-08  1.853968441495990e-02 
 9.549999999999803e-08  2.116508008932194e-02 
 9.559999999999802e-08  2.370690178751067e-02 
 9.569999999999802e-08  2.615504018400072e-02 
 9.579999999999801e-08  2.849989719759383e-02 
 9.589999999999801e-08  3.073219774437708e-02 
 9.599999999999800e-08  3.284315969458840e-02 
 9.609999999999800e-08  3.482446248830939e-02 
 9.619999999999799e-08  3.666829580960496e-02 
 9.629999999999798e-08  3.836741166910596e-02 
 9.639999999999798e-08  3.991510202296311e-02 
 9.649999999999797e-08  4.130529696875973e-02 
 9.659999999999797e-08  4.253250012512622e-02 
 9.669999999999796e-08  4.359190861000939e-02 
 9.679999999999796e-08  4.447932617160166e-02 
 9.689999999999795e-08  4.519128765627456e-02 
 9.699999999999794e-08  4.572496386003277e-02 
 9.709999999999794e-08  4.607827874660564e-02 
 9.719999999999793e-08  4.624981505977632e-02 
 9.729999999999793e-08  4.623891708528860e-02 
 9.739999999999792e-08  4.604560215812215e-02 
 9.749999999999792e-08  4.567064522175657e-02 
 9.759999999999791e-08  4.511549854246533e-02 
 9.769999999999790e-08  4.438235677372582e-02 
 9.779999999999790e-08  4.347408528668573e-02 
 9.789999999999789e-08  4.239426603961483e-02 
 9.799999999999789e-08  4.114713380497825e-02 
 9.809999999999788e-08  3.973760411769778e-02 
 9.819999999999788e-08  3.817121609771568e-02 
 9.829999999999787e-08  3.645414423970905e-02 
 9.839999999999786e-08  3.459314636354671e-02 
 9.849999999999786e-08  3.259556123072138e-02 
 9.859999999999785e-08  3.046926018283025e-02 
 9.869999999999785e-08  2.822263262756075e-02 
 9.879999999999784e-08  2.586454012691752e-02 
 9.889999999999783e-08  2.340429174359682e-02 
 9.899999999999783e-08  2.085159962369199e-02 
 9.909999999999782e-08  1.821654607398004e-02 
 9.919999999999782e-08  1.550953997623838e-02 
 9.929999999999781e-08  1.274127735631159e-02 
 9.939999999999781e-08  9.922698277603725e-03 
 9.949999999999780e-08  7.064942515542683e-03 
 9.959999999999779e-08  4.179306829517726e-03 
 9.969999999999779e-08  1.277197244669681e-03 
 9.979999999999778e-08 -1.629913165234420e-03 
 9.989999999999778e-08 -4.530534035187106e-03 
 9.999999999999777e-08 -7.413168360641542e-03 
 1.000999999999978e-07 -1.026662970066683e-02 
 1.001999999999978e-07 -1.307964592405120e-02 
 1.002999999999978e-07 -1.584094189806118e-02 
 1.003999999999977e-07 -1.853968439427267e-02 
 1.004999999999977e-07 -2.116508006454221e-02 
 1.005999999999977e-07 -2.370690176567636e-02 
 1.006999999999977e-07 -2.615504015918635e-02 
 1.007999999999977e-07 -2.849989717294621e-02 
 1.008999999999977e-07 -3.073219771915703e-02 
 1.009999999999977e-07 -3.284315966997298e-02 
 1.010999999999977e-07 -3.482446246365134e-02 
 1.011999999999977e-07 -3.666829578557218e-02 
 1.012999999999977e-07 -3.836741164460244e-02 
 1.013999999999977e-07 -3.991510199817738e-02 
 1.014999999999977e-07 -4.130529694275342e-02 
 1.015999999999977e-07 -4.253250009829701e-02 
 1.016999999999977e-07 -4.359190858492301e-02 
 1.017999999999977e-07 -4.447932614784600e-02 
 1.018999999999977e-07 -4.519128763356117e-02 
 1.019999999999977e-07 -4.572496383811298e-02 
 1.020999999999977e-07 -4.607827872508641e-02 
 1.021999999999976e-07 -4.624981503978831e-02 
 1.022999999999976e-07 -4.623891706583705e-02 
 1.023999999999976e-07 -4.604560213853293e-02 
 1.024999999999976e-07 -4.567064520071340e-02 
 1.025999999999976e-07 -4.511549851978547e-02 
 1.026999999999976e-07 -4.438235675162105e-02 
 1.027999999999976e-07 -4.347408526594676e-02 
 1.028999999999976e-07 -4.239426601862739e-02 
 1.029999999999976e-07 -4.114713378251200e-02 
 1.030999999999976e-07 -3.973760409241889e-02 
 1.031999999999976e-07 -3.817121607072904e-02 
 1.032999999999976e-07 -3.645414421211690e-02 
 1.033999999999976e-07 -3.459314633695643e-02 
 1.034999999999976e-07 -3.259556120602980e-02 
 1.035999999999976e-07 -3.046926015829232e-02 
 1.036999999999976e-07 -2.822263260270708e-02 
 1.037999999999976e-07 -2.586454010369166e-02 
 1.038999999999975e-07 -2.340429172148739e-02 
 1.039999999999975e-07 -2.085159960250160e-02 
 1.040999999999975e-07 -1.821654605005740e-02 
 1.041999999999975e-07 -1.550953995113313e-02 
 1.042999999999975e-07 -1.274127733223995e-02 
 1.043999999999975e-07 -9.922698253970408e-03 
 1.044999999999975e-07 -7.064942490623949e-03 
 1.045999999999975e-07 -4.179306805350391e-03 
 1.046999999999975e-07 -1.277197221692505e-03 
 1.047999999999975e-07  1.629913187031873e-03 
 1.048999999999975e-07  4.530534055392277e-03 
 1.049999999999975e-07  7.413168379337476e-03 
 1.050999999999975e-07  1.026662972546744e-02 
 1.051999999999975e-07  1.307964594653188e-02 
 1.052999999999975e-07  1.584094191861496e-02 
 1.053999999999975e-07  1.853968441991349e-02 
 1.054999999999975e-07  2.116508008763796e-02 
 1.055999999999975e-07  2.370690179059665e-02 
 1.056999999999974e-07  2.615504018399761e-02 
 1.057999999999974e-07  2.849989719918611e-02 
 1.058999999999974e-07  3.073219774537272e-02 
 1.059999999999974e-07  3.284315969602902e-02 
 1.060999999999974e-07  3.482446249017612e-02 
 1.061999999999974e-07  3.666829581131648e-02 
 1.062999999999974e-07  3.836741166970947e-02 
 1.063999999999974e-07  3.991510202240045e-02 
 1.064999999999974e-07  4.130529696772012e-02 
 1.065999999999974e-07  4.253250012316534e-02 
 1.066999999999974e-07  4.359190860864870e-02 
 1.067999999999974e-07  4.447932616891048e-02 
 1.068999999999974e-07  4.519128765387226e-02 
 1.069999999999974e-07  4.572496385767222e-02 
 1.070999999999974e-07  4.607827874429615e-02 
 1.071999999999974e-07  4.624981505916304e-02 
 1.072999999999974e-07  4.623891708595029e-02 
 1.073999999999973e-07  4.604560215891973e-02 
 1.074999999999973e-07  4.567064522330933e-02 
 1.075999999999973e-07  4.511549854427610e-02 
 1.076999999999973e-07  4.438235677613456e-02 
 1.077999999999973e-07  4.347408528947416e-02 
 1.078999999999973e-07  4.239426604157059e-02 
 1.079999999999973e-07  4.114713380562396e-02 
 1.080999999999973e-07  3.973760411731742e-02 
 1.081999999999973e-07  3.817121609667518e-02 
 1.082999999999973e-07  3.645414423783233e-02 
 1.083999999999973e-07  3.459314636094990e-02 
 1.084999999999973e-07  3.259556122911955e-02 
 1.085999999999973e-07  3.046926018138030e-02 
 1.086999999999973e-07  2.822263262610170e-02 
 1.087999999999973e-07  2.586454012536699e-02 
 1.088999999999973e-07  2.340429174152447e-02 
 1.089999999999973e-07  2.085159962184902e-02 
 1.090999999999973e-07  1.821654607161616e-02 
 1.091999999999972e-07  1.550953997455773e-02 
 1.092999999999972e-07  1.274127735487163e-02 
 1.093999999999972e-07  9.922698276150665e-03 
 1.094999999999972e-07  7.064942513468342e-03 
 1.095999999999972e-07  4.179306828008489e-03 
 1.096999999999972e-07  1.277197244026418e-03 
 1.097999999999972e-07 -1.629913164505004e-03 
 1.098999999999972e-07 -4.530534034015821e-03 
 1.099999999999972e-07 -7.413168357347288e-03 
 1.100999999999972e-07 -1.026662970613779e-02 
 1.101999999999972e-07 -1.307964592401256e-02 
 1.102999999999972e-07 -1.584094189221830e-02 
 1.103999999999972e-07 -1.853968439662945e-02 
 1.104999999999972e-07 -2.116508006246742e-02 
 1.105999999999972e-07 -2.370690176732948e-02 
 1.106999999999972e-07 -2.615504015777792e-02 
 1.107999999999972e-07 -2.849989717389056e-02 
 1.108999999999971e-07 -3.073219771979296e-02 
 1.109999999999971e-07 -3.284315967079143e-02 
 1.110999999999971e-07 -3.482446246424931e-02 
 1.111999999999971e-07 -3.666829578576669e-02 
 1.112999999999971e-07 -3.836741164449253e-02 
 1.113999999999971e-07 -3.991510199686488e-02 
 1.114999999999971e-07 -4.130529694222140e-02 
 1.115999999999971e-07 -4.253250009773102e-02 
 1.116999999999971e-07 -4.359190858363071e-02 
 1.117999999999971e-07 -4.447932614620953e-02 
 1.118999999999971e-07 -4.519128763250757e-02 
 1.119999999999971e-07 -4.572496383716462e-02 
 1.120999999999971e-07 -4.607827872422998e-02 
 1.121999999999971e-07 -4.624981503814651e-02 
 1.122999999999971e-07 -4.623891706472838e-02 
 1.123999999999971e-07 -4.604560213734699e-02 
 1.124999999999971e-07 -4.567064519965824e-02 
 1.125999999999971e-07 -4.511549851943508e-02 
 1.126999999999970e-07 -4.438235675088742e-02 
 1.127999999999970e-07 -4.347408526403740e-02 
 1.128999999999970e-07 -4.239426601727159e-02 
 1.129999999999970e-07 -4.114713378224932e-02 
 1.130999999999970e-07 -3.973760409305793e-02 
 1.131999999999970e-07 -3.817121607209506e-02 
 1.132999999999970e-07 -3.645414421375226e-02 
 1.133999999999970e-07 -3.459314633859756e-02 
 1.134999999999970e-07 -3.259556120607887e-02 
 1.135999999999970e-07 -3.046926015764950e-02 
 1.136999999999970e-07 -2.822263260256719e-02 
 1.137999999999970e-07 -2.586454010385975e-02 
 1.138999999999970e-07 -2.340429172226632e-02 
 1.139999999999970e-07 -2.085159960334004e-02 
 1.140999999999970e-07 -1.821654605093004e-02 
 1.141999999999970e-07 -1.550953995188076e-02 
 1.142999999999970e-07 -1.274127733314967e-02 
 1.143999999999969e-07 -9.922698254147377e-03 
 1.144999999999969e-07 -7.064942490187409e-03 
 1.145999999999969e-07 -4.179306804183769e-03 
 1.146999999999969e-07 -1.277197219956339e-03 
 1.147999999999969e-07  1.629913188375465e-03 
 1.148999999999969e-07  4.530534056093494e-03 
 1.149999999999969e-07  7.413168377226942e-03 
 1.150999999999969e-07  1.026662973027426e-02 
 1.151999999999969e-07  1.307964594651589e-02 
 1.152999999999969e-07  1.584094191250829e-02 
 1.153999999999969e-07  1.853968441916742e-02 
 1.154999999999969e-07  2.116508008374662e-02 
 1.155999999999969e-07  2.370690179025425e-02 
 1.156999999999969e-07  2.615504018248305e-02 
 1.157999999999969e-07  2.849989719985246e-02 
 1.158999999999969e-07  3.073219774532587e-02 
 1.159999999999969e-07  3.284315969613760e-02 
 1.160999999999969e-07  3.482446248911741e-02 
 1.161999999999968e-07  3.666829581002440e-02 
 1.162999999999968e-07  3.836741167003566e-02 
 1.163999999999968e-07  3.991510202325488e-02 
 1.164999999999968e-07  4.130529696891561e-02 
 1.165999999999968e-07  4.253250012491128e-02 
 1.166999999999968e-07  4.359190861020235e-02 
 1.167999999999968e-07  4.447932617129768e-02 
 1.168999999999968e-07  4.519128765646774e-02 
 1.169999999999968e-07  4.572496385971214e-02 
 1.170999999999968e-07  4.607827874644510e-02 
 1.171999999999968e-07  4.624981505950987e-02 
 1.172999999999968e-07  4.623891708530037e-02 
 1.173999999999968e-07  4.604560215779330e-02 
 1.174999999999968e-07  4.567064522119946e-02 
 1.175999999999968e-07  4.511549854079222e-02 
 1.176999999999968e-07  4.438235677261160e-02 
 1.177999999999968e-07  4.347408528626495e-02 
 1.178999999999967e-07  4.239426603819085e-02 
 1.179999999999967e-07  4.114713380357227e-02 
 1.180999999999967e-07  3.973760411641258e-02 
 1.181999999999967e-07  3.817121609692098e-02 
 1.182999999999967e-07  3.645414423878246e-02 
 1.183999999999967e-07  3.459314636277311e-02 
 1.184999999999967e-07  3.259556123026108e-02 
 1.185999999999967e-07  3.046926018237750e-02 
 1.186999999999967e-07  2.822263262745683e-02 
 1.187999999999967e-07  2.586454012712291e-02 
 1.188999999999967e-07  2.340429174360437e-02 
 1.189999999999967e-07  2.085159962398619e-02 
 1.190999999999967e-07  1.821654607340562e-02 
 1.191999999999967e-07  1.550953997492521e-02 
 1.192999999999967e-07  1.274127735532371e-02 
 1.193999999999967e-07  9.922698276880748e-03 
 1.194999999999967e-07  7.064942513842709e-03 
 1.195999999999967e-07  4.179306827968743e-03 
 1.196999999999967e-07  1.277197243056527e-03 
 1.197999999999967e-07 -1.629913165191343e-03 
 1.198999999999967e-07 -4.530534034359990e-03 
 1.199999999999967e-07 -7.413168356551258e-03 
 1.200999999999967e-07 -1.026662971128545e-02 
 1.201999999999967e-07 -1.307964592585642e-02 
 1.202999999999968e-07 -1.584094189035512e-02 
 1.203999999999968e-07 -1.853968439818532e-02 
 1.204999999999968e-07 -2.116508005988771e-02 
 1.205999999999968e-07 -2.370690176729306e-02 
 1.206999999999968e-07 -2.615504015646297e-02 
 1.207999999999968e-07 -2.849989717288670e-02 
 1.208999999999968e-07 -3.073219771840696e-02 
 1.209999999999968e-07 -3.284315966979134e-02 
 1.210999999999968e-07 -3.482446246421778e-02 
 1.211999999999968e-07 -3.666829578624742e-02 
 1.212999999999968e-07 -3.836741164595647e-02 
 1.213999999999968e-07 -3.991510199807635e-02 
 1.214999999999968e-07 -4.130529694355012e-02 
 1.215999999999969e-07 -4.253250009802589e-02 
 1.216999999999969e-07 -4.359190858385142e-02 
 1.217999999999969e-07 -4.447932614685968e-02 
 1.218999999999969e-07 -4.519128763322899e-02 
 1.219999999999969e-07 -4.572496383692348e-02 
 1.220999999999969e-07 -4.607827872337178e-02 
 1.221999999999969e-07 -4.624981503815162e-02 
 1.222999999999969e-07 -4.623891706498595e-02 
 1.223999999999969e-07 -4.604560213728104e-02 
 1.224999999999969e-07 -4.567064519895769e-02 
 1.225999999999969e-07 -4.511549851847563e-02 
 1.226999999999969e-07 -4.438235675076618e-02 
 1.227999999999969e-07 -4.347408526510721e-02 
 1.228999999999970e-07 -4.239426601863894e-02 
 1.229999999999970e-07 -4.114713378425150e-02 
 1.230999999999970e-07 -3.973760409476412e-02 
 1.231999999999970e-07 -3.817121607207663e-02 
 1.232999999999970e-07 -3.645414421334792e-02 
 1.233999999999970e-07 -3.459314633751531e-02 
 1.234999999999970e-07 -3.259556120606044e-02 
 1.235999999999970e-07 -3.046926015886831e-02 
 1.236999999999970e-07 -2.822263260342206e-02 
 1.237999999999970e-07 -2.586454010375427e-02 
 1.238999999999970e-07 -2.340429172173164e-02 
 1.239999999999970e-07 -2.085159960230532e-02 
 1.240999999999970e-07 -1.821654605075373e-02 
 1.241999999999970e-07 -1.550953995256199e-02 
 1.242999999999971e-07 -1.274127733246400e-02 
 1.243999999999971e-07 -9.922698253327589e-03 
 1.244999999999971e-07 -7.064942490129900e-03 
 1.245999999999971e-07 -4.179306805253802e-03 
 1.246999999999971e-07 -1.277197221219550e-03 
 1.247999999999971e-07  1.629913186246501e-03 
 1.248999999999971e-07  4.530534054586699e-03 
 1.249999999999971e-07  7.413168375568713e-03 
 1.250999999999971e-07  1.026662973254822e-02 
 1.251999999999971e-07  1.307964594624589e-02 
 1.252999999999971e-07  1.584094190996854e-02 
 1.253999999999971e-07  1.853968442110543e-02 
 1.254999999999971e-07  2.116508008307427e-02 
 1.255999999999972e-07  2.370690179099544e-02 
 1.256999999999972e-07  2.615504018086146e-02 
 1.257999999999972e-07  2.849989719941770e-02 
 1.258999999999972e-07  3.073219774545355e-02 
 1.259999999999972e-07  3.284315969627927e-02 
 1.260999999999972e-07  3.482446248900661e-02 
 1.261999999999972e-07  3.666829580904274e-02 
 1.262999999999972e-07  3.836741166854485e-02 
 1.263999999999972e-07  3.991510202098203e-02 
 1.264999999999972e-07  4.130529696721030e-02 
 1.265999999999972e-07  4.253250012276610e-02 
 1.266999999999972e-07  4.359190861011220e-02 
 1.267999999999972e-07  4.447932617178618e-02 
 1.268999999999973e-07  4.519128765716585e-02 
 1.269999999999973e-07  4.572496385974367e-02 
 1.270999999999973e-07  4.607827874537151e-02 
 1.271999999999973e-07  4.624981505885528e-02 
 1.272999999999973e-07  4.623891708543959e-02 
 1.273999999999973e-07  4.604560215894038e-02 
 1.274999999999973e-07  4.567064522251219e-02 
 1.275999999999973e-07  4.511549854241981e-02 
 1.276999999999973e-07  4.438235677295976e-02 
 1.277999999999973e-07  4.347408528585106e-02 
 1.278999999999973e-07  4.239426603890650e-02 
 1.279999999999973e-07  4.114713380415447e-02 
 1.280999999999973e-07  3.973760411598093e-02 
 1.281999999999973e-07  3.817121609646912e-02 
 1.282999999999974e-07  3.645414423940108e-02 
 1.283999999999974e-07  3.459314636366995e-02 
 1.284999999999974e-07  3.259556123201612e-02 
 1.285999999999974e-07  3.046926018392071e-02 
 1.286999999999974e-07  2.822263262774860e-02 
 1.287999999999974e-07  2.586454012659400e-02 
 1.288999999999974e-07  2.340429174226122e-02 
 1.289999999999974e-07  2.085159962210725e-02 
 1.290999999999974e-07  1.821654607193146e-02 
 1.291999999999974e-07  1.550953997465920e-02 
 1.292999999999974e-07  1.274127735491692e-02 
 1.293999999999974e-07  9.922698276145780e-03 
 1.294999999999974e-07  7.064942512783334e-03 
 1.295999999999975e-07  4.179306826395779e-03 
 1.296999999999975e-07  1.277197241120964e-03 
 1.297999999999975e-07 -1.629913166842023e-03 
 1.298999999999975e-07 -4.530534035007916e-03 
 1.299999999999975e-07 -7.413168355232980e-03 
 1.300999999999975e-07 -1.026662971302850e-02 
 1.301999999999975e-07 -1.307964592464694e-02 
 1.302999999999975e-07 -1.584094188651930e-02 
 1.303999999999975e-07 -1.853968439770126e-02 
 1.304999999999975e-07 -2.116508005798146e-02 
 1.305999999999975e-07 -2.370690176626100e-02 
 1.306999999999975e-07 -2.615504015492287e-02 
 1.307999999999975e-07 -2.849989717300172e-02 
 1.308999999999976e-07 -3.073219771879132e-02 
 1.309999999999976e-07 -3.284315967042661e-02 
 1.310999999999976e-07 -3.482446246453264e-02 
 1.311999999999976e-07 -3.666829578540054e-02 
 1.312999999999976e-07 -3.836741164508095e-02 
 1.313999999999976e-07 -3.991510199741022e-02 
 1.314999999999976e-07 -4.130529694368024e-02 
 1.315999999999976e-07 -4.253250009794618e-02 
 1.316999999999976e-07 -4.359190858476647e-02 
 1.317999999999976e-07 -4.447932614599370e-02 
 1.318999999999976e-07 -4.519128763131053e-02 
 1.319999999999976e-07 -4.572496383506564e-02 
 1.320999999999976e-07 -4.607827872307335e-02 
 1.321999999999977e-07 -4.624981503802172e-02 
 1.322999999999977e-07 -4.623891706443684e-02 
 1.323999999999977e-07 -4.604560213619324e-02 
 1.324999999999977e-07 -4.567064519921304e-02 
 1.325999999999977e-07 -4.511549851840901e-02 
 1.326999999999977e-07 -4.438235675021329e-02 
 1.327999999999977e-07 -4.347408526383889e-02 
 1.328999999999977e-07 -4.239426601704444e-02 
 1.329999999999977e-07 -4.114713378221158e-02 
 1.330999999999977e-07 -3.973760409304439e-02 
 1.331999999999977e-07 -3.817121607140317e-02 
 1.332999999999977e-07 -3.645414421176962e-02 
 1.333999999999977e-07 -3.459314633592858e-02 
 1.334999999999977e-07 -3.259556120509499e-02 
 1.335999999999978e-07 -3.046926015798324e-02 
 1.336999999999978e-07 -2.822263260248703e-02 
 1.337999999999978e-07 -2.586454010236361e-02 
 1.338999999999978e-07 -2.340429172045555e-02 
 1.339999999999978e-07 -2.085159960189986e-02 
 1.340999999999978e-07 -1.821654605077883e-02 
 1.341999999999978e-07 -1.550953995200199e-02 
 1.342999999999978e-07 -1.274127733192221e-02 
 1.343999999999978e-07 -9.922698253975071e-03 
 1.344999999999978e-07 -7.064942490926596e-03 
 1.345999999999978e-07 -4.179306806485483e-03 
 1.346999999999978e-07 -1.277197223132243e-03 
 1.347999999999978e-07  1.629913185032805e-03 
 1.348999999999979e-07  4.530534054097757e-03 
 1.349999999999979e-07  7.413168375279167e-03 
 1.350999999999979e-07  1.026662973619930e-02 
 1.351999999999979e-07  1.307964594877498e-02 
 1.352999999999979e-07  1.584094191008223e-02 
 1.353999999999979e-07  1.853968442288090e-02 
 1.354999999999979e-07  2.116508008360762e-02 
 1.355999999999979e-07  2.370690179308044e-02 
 1.356999999999979e-07  2.615504018192549e-02 
 1.357999999999979e-07  2.849989719962243e-02 
 1.358999999999979e-07  3.073219774463110e-02 
 1.359999999999979e-07  3.284315969587825e-02 
 1.360999999999979e-07  3.482446248909432e-02 
 1.361999999999980e-07  3.666829580986386e-02 
 1.362999999999980e-07  3.836741166989732e-02 
 1.363999999999980e-07  3.991510202287474e-02 
 1.364999999999980e-07  4.130529696930130e-02 
 1.365999999999980e-07  4.253250012489329e-02 
 1.366999999999980e-07  4.359190861075346e-02 
 1.367999999999980e-07  4.447932617125860e-02 
 1.368999999999980e-07  4.519128765617286e-02 
 1.369999999999980e-07  4.572496385978320e-02 
 1.370999999999980e-07  4.607827874627524e-02 
 1.371999999999980e-07  4.624981505994219e-02 
 1.372999999999980e-07  4.623891708541739e-02 
 1.373999999999980e-07  4.604560215781039e-02 
 1.374999999999980e-07  4.567064522189401e-02 
 1.375999999999981e-07  4.511549854217245e-02 
 1.376999999999981e-07  4.438235677364921e-02 
 1.377999999999981e-07  4.347408528673924e-02 
 1.378999999999981e-07  4.239426603952112e-02 
 1.379999999999981e-07  4.114713380501067e-02 
 1.380999999999981e-07  3.973760411785543e-02 
 1.381999999999981e-07  3.817121609751739e-02 
 1.382999999999981e-07  3.645414423978921e-02 
 1.383999999999981e-07  3.459314636308219e-02 
 1.384999999999981e-07  3.259556123070406e-02 
 1.385999999999981e-07  3.046926018289020e-02 
 1.386999999999981e-07  2.822263262751146e-02 
 1.387999999999981e-07  2.586454012707384e-02 
 1.388999999999982e-07  2.340429174371339e-02 
 1.389999999999982e-07  2.085159962417249e-02 
 1.390999999999982e-07  1.821654607329459e-02 
 1.391999999999982e-07  1.550953997492277e-02 
 1.392999999999982e-07  1.274127735515207e-02 
 1.393999999999982e-07  9.922698276949138e-03 
 1.394999999999982e-07  7.064942514129369e-03 
 1.395999999999982e-07  4.179306828021812e-03 
 1.396999999999982e-07  1.277197243103156e-03 
 1.397999999999982e-07 -1.629913165444474e-03 
 1.398999999999982e-07 -4.530534034449252e-03 
 1.399999999999982e-07 -7.413168355113520e-03 
 1.400999999999982e-07 -1.026662971589198e-02 
 1.401999999999983e-07 -1.307964592687805e-02 
 1.402999999999983e-07 -1.584094188620710e-02 
 1.403999999999983e-07 -1.853968439948739e-02 
 1.404999999999983e-07 -2.116508005850481e-02 
 1.405999999999983e-07 -2.370690176852897e-02 
 1.406999999999983e-07 -2.615504015631753e-02 
 1.407999999999983e-07 -2.849989717399515e-02 
 1.408999999999983e-07 -3.073219771990221e-02 
 1.409999999999983e-07 -3.284315967206397e-02 
 1.410999999999983e-07 -3.482446246537063e-02 
 1.411999999999983e-07 -3.666829578612218e-02 
 1.412999999999983e-07 -3.836741164571045e-02 
 1.413999999999983e-07 -3.991510199817649e-02 
 1.414999999999983e-07 -4.130529694342622e-02 
 1.415999999999984e-07 -4.253250009789911e-02 
 1.416999999999984e-07 -4.359190858338646e-02 
 1.417999999999984e-07 -4.447932614486882e-02 
 1.418999999999984e-07 -4.519128763119973e-02 
 1.419999999999984e-07 -4.572496383567293e-02 
 1.420999999999984e-07 -4.607827872374304e-02 
 1.421999999999984e-07 -4.624981503809300e-02 
 1.422999999999984e-07 -4.623891706414729e-02 
 1.423999999999984e-07 -4.604560213683984e-02 
 1.424999999999984e-07 -4.567064519960939e-02 
 1.425999999999984e-07 -4.511549851830710e-02 
 1.426999999999984e-07 -4.438235674966950e-02 
 1.427999999999984e-07 -4.347408526295204e-02 
 1.428999999999985e-07 -4.239426601738772e-02 
 1.429999999999985e-07 -4.114713378323209e-02 
 1.430999999999985e-07 -3.973760409395743e-02 
 1.431999999999985e-07 -3.817121607210927e-02 
 1.432999999999985e-07 -3.645414421314630e-02 
 1.433999999999985e-07 -3.459314633736899e-02 
 1.434999999999985e-07 -3.259556120633245e-02 
 1.435999999999985e-07 -3.046926015841533e-02 
 1.436999999999985e-07 -2.822263260330193e-02 
 1.437999999999985e-07 -2.586454010348072e-02 
 1.438999999999985e-07 -2.340429172152891e-02 
 1.439999999999985e-07 -2.085159960203642e-02 
 1.440999999999985e-07 -1.821654605064871e-02 
 1.441999999999986e-07 -1.550953995226290e-02 
 1.442999999999986e-07 -1.274127733240205e-02 
 1.443999999999986e-07 -9.922698253392426e-03 
 1.444999999999986e-07 -7.064942489871218e-03 
 1.445999999999986e-07 -4.179306805010441e-03 
 1.446999999999986e-07 -1.277197220784121e-03 
 1.447999999999986e-07  1.629913186766974e-03 
 1.448999999999986e-07  4.530534054413504e-03 
 1.449999999999986e-07  7.413168374190038e-03 
 1.450999999999986e-07  1.026662973727066e-02 
 1.451999999999986e-07  1.307964594850031e-02 
 1.452999999999986e-07  1.584094190830965e-02 
 1.453999999999986e-07  1.853968442204557e-02 
 1.454999999999986e-07  2.116508008101192e-02 
 1.455999999999987e-07  2.370690179131674e-02 
 1.456999999999987e-07  2.615504018018044e-02 
 1.457999999999987e-07  2.849989719953805e-02 
 1.458999999999987e-07  3.073219774488689e-02 
 1.459999999999987e-07  3.284315969628793e-02 
 1.460999999999987e-07  3.482446248897597e-02 
 1.461999999999987e-07  3.666829580918773e-02 
 1.462999999999987e-07  3.836741166826241e-02 
 1.463999999999987e-07  3.991510202102910e-02 
 1.464999999999987e-07  4.130529696725738e-02 
 1.465999999999987e-07  4.253250012220655e-02 
 1.466999999999987e-07  4.359190860825901e-02 
 1.467999999999987e-07  4.447932616889894e-02 
 1.468999999999988e-07  4.519128765377256e-02 
 1.469999999999988e-07  4.572496385735958e-02 
 1.470999999999988e-07  4.607827874417558e-02 
 1.471999999999988e-07  4.624981505899406e-02 
 1.472999999999988e-07  4.623891708570671e-02 
 1.473999999999988e-07  4.604560215843945e-02 
 1.474999999999988e-07  4.567064522156361e-02 
 1.475999999999988e-07  4.511549854098895e-02 
 1.476999999999988e-07  4.438235677303037e-02 
 1.477999999999988e-07  4.347408528685626e-02 
 1.478999999999988e-07  4.239426603952356e-02 
 1.479999999999988e-07  4.114713380467028e-02 
 1.480999999999988e-07  3.973760411653204e-02 
 1.481999999999989e-07  3.817121609595464e-02 
 1.482999999999989e-07  3.645414423759208e-02 
 1.483999999999989e-07  3.459314636121724e-02 
 1.484999999999989e-07  3.259556122903851e-02 
 1.485999999999989e-07  3.046926018179108e-02 
 1.486999999999989e-07  2.822263262610902e-02 
 1.487999999999989e-07  2.586454012550998e-02 
 1.488999999999989e-07  2.340429174206649e-02 
 1.489999999999989e-07  2.085159962302807e-02 
 1.490999999999989e-07  1.821654607247858e-02 
 1.491999999999989e-07  1.550953997475668e-02 
 1.492999999999989e-07  1.274127735446196e-02 
 1.493999999999989e-07  9.922698275154573e-03 
 1.494999999999989e-07  7.064942512688965e-03 
 1.495999999999990e-07  4.179306827014173e-03 
 1.496999999999990e-07  1.277197241997818e-03 
 1.497999999999990e-07 -1.629913166719232e-03 
 1.498999999999990e-07 -4.530534035869227e-03 
 1.499999999999990e-07 -7.413168354861499e-03 
 1.500999999999990e-07 -1.026662971645598e-02 
 1.501999999999990e-07 -1.307964592665511e-02 
 1.502999999999990e-07 -1.584094188542551e-02 
 1.503999999999990e-07 -1.853968439890252e-02 
 1.504999999999990e-07 -2.116508005655149e-02 
 1.505999999999990e-07 -2.370690176768320e-02 
 1.506999999999990e-07 -2.615504015559389e-02 
 1.507999999999990e-07 -2.849989717517198e-02 
 1.508999999999991e-07 -3.073219772086544e-02 
 1.509999999999991e-07 -3.284315967205131e-02 
 1.510999999999991e-07 -3.482446246535109e-02 
 1.511999999999991e-07 -3.666829578653497e-02 
 1.512999999999991e-07 -3.836741164694613e-02 
 1.513999999999991e-07 -3.991510199903936e-02 
 1.514999999999991e-07 -4.130529694389629e-02 
 1.515999999999991e-07 -4.253250009778275e-02 
 1.516999999999991e-07 -4.359190858458262e-02 
 1.517999999999991e-07 -4.447932614717143e-02 
 1.518999999999991e-07 -4.519128763330160e-02 
 1.519999999999991e-07 -4.572496383677338e-02 
 1.520999999999991e-07 -4.607827872413961e-02 
 1.521999999999992e-07 -4.624981503861458e-02 
 1.522999999999992e-07 -4.623891706512184e-02 
 1.523999999999992e-07 -4.604560213670905e-02 
 1.524999999999992e-07 -4.567064519947195e-02 
 1.525999999999992e-07 -4.511549851885510e-02 
 1.526999999999992e-07 -4.438235675065605e-02 
 1.527999999999992e-07 -4.347408526490049e-02 
 1.528999999999992e-07 -4.239426601883034e-02 
 1.529999999999992e-07 -4.114713378419088e-02 
 1.530999999999992e-07 -3.973760409465266e-02 
 1.531999999999992e-07 -3.817121607150309e-02 
 1.532999999999992e-07 -3.645414421192461e-02 
 1.533999999999992e-07 -3.459314633618105e-02 
 1.534999999999993e-07 -3.259556120399343e-02 
 1.535999999999993e-07 -3.046926015652685e-02 
 1.536999999999993e-07 -2.822263260103663e-02 
 1.537999999999993e-07 -2.586454010205586e-02 
 1.538999999999993e-07 -2.340429172080305e-02 
 1.539999999999993e-07 -2.085159960259908e-02 
 1.540999999999993e-07 -1.821654605069911e-02 
 1.541999999999993e-07 -1.550953995276938e-02 
 1.542999999999993e-07 -1.274127733311237e-02 
 1.543999999999993e-07 -9.922698254445805e-03 
 1.544999999999993e-07 -7.064942491356252e-03 
 1.545999999999993e-07 -4.179306805368821e-03 
 1.546999999999993e-07 -1.277197220328485e-03 
 1.547999999999993e-07  1.629913187714882e-03 
 1.548999999999994e-07  4.530534056098379e-03 
 1.549999999999994e-07  7.413168375848045e-03 
 1.550999999999994e-07  1.026662973990922e-02 
 1.551999999999994e-07  1.307964595004596e-02 
 1.552999999999994e-07  1.584094190890362e-02 
 1.553999999999994e-07  1.853968442436837e-02 
 1.554999999999994e-07  2.116508008288154e-02 
 1.555999999999994e-07  2.370690179371882e-02 
 1.556999999999994e-07  2.615504018153580e-02 
 1.557999999999994e-07  2.849989719926249e-02 
 1.558999999999994e-07  3.073219774362479e-02 
 1.559999999999994e-07  3.284315969484974e-02 
 1.560999999999994e-07  3.482446248821347e-02 
 1.561999999999995e-07  3.666829580893505e-02 
 1.562999999999995e-07  3.836741166839608e-02 
 1.563999999999995e-07  3.991510202171256e-02 
 1.564999999999995e-07  4.130529696886054e-02 
 1.565999999999995e-07  4.253250012384346e-02 
 1.566999999999995e-07  4.359190861077855e-02 
 1.567999999999995e-07  4.447932617203820e-02 
 1.568999999999995e-07  4.519128765778824e-02 
 1.569999999999995e-07  4.572496385989244e-02 
 1.570999999999995e-07  4.607827874552006e-02 
 1.571999999999995e-07  4.624981505906778e-02 
 1.572999999999995e-07  4.623891708554861e-02 
 1.573999999999995e-07  4.604560215888176e-02 
 1.574999999999996e-07  4.567064522256747e-02 
 1.575999999999996e-07  4.511549854261787e-02 
 1.576999999999996e-07  4.438235677415636e-02 
 1.577999999999996e-07  4.347408528727259e-02 
 1.578999999999996e-07  4.239426603954444e-02 
 1.579999999999996e-07  4.114713380526980e-02 
 1.580999999999996e-07  3.973760411780880e-02 
 1.581999999999996e-07  3.817121609761664e-02 
 1.582999999999996e-07  3.645414423987581e-02 
 1.583999999999996e-07  3.459314636306576e-02 
 1.584999999999996e-07  3.259556123153473e-02 
 1.585999999999996e-07  3.046926018386031e-02 
 1.586999999999996e-07  2.822263262837077e-02 
 1.587999999999996e-07  2.586454012721129e-02 
 1.588999999999997e-07  2.340429174251146e-02 
 1.589999999999997e-07  2.085159962270589e-02 
 1.590999999999997e-07  1.821654607136036e-02 
 1.591999999999997e-07  1.550953997309890e-02 
 1.592999999999997e-07  1.274127735296027e-02 
 1.593999999999997e-07  9.922698275207420e-03 
 1.594999999999997e-07  7.064942513360650e-03 
 1.595999999999997e-07  4.179306828141716e-03 
 1.596999999999997e-07  1.277197243458650e-03 
 1.597999999999997e-07 -1.629913164824082e-03 
 1.598999999999997e-07 -4.530534034490996e-03 
 1.599999999999997e-07 -7.413168354853505e-03 
 1.600999999999997e-07 -1.026662971899128e-02 
 1.601999999999998e-07 -1.307964592922950e-02 
 1.602999999999998e-07 -1.584094188693808e-02 
 1.603999999999998e-07 -1.853968440202935e-02 
 1.604999999999998e-07 -2.116508005965234e-02 
 1.605999999999998e-07 -2.370690177014279e-02 
 1.606999999999998e-07 -2.615504015721060e-02 
 1.607999999999998e-07 -2.849989717558121e-02 
 1.608999999999998e-07 -3.073219771977942e-02 
 1.609999999999998e-07 -3.284315967118356e-02 
 1.610999999999998e-07 -3.482446246475424e-02 
 1.611999999999998e-07 -3.666829578602471e-02 
 1.612999999999998e-07 -3.836741164541890e-02 
 1.613999999999998e-07 -3.991510199749904e-02 
 1.614999999999999e-07 -4.130529694403262e-02 
 1.615999999999999e-07 -4.253250009739062e-02 
 1.616999999999999e-07 -4.359190858320705e-02 
 1.617999999999999e-07 -4.447932614553451e-02 
 1.618999999999999e-07 -4.519128763236702e-02 
 1.619999999999999e-07 -4.572496383637392e-02 
 1.620999999999999e-07 -4.607827872431347e-02 
 1.621999999999999e-07 -4.624981503889458e-02 
 1.622999999999999e-07 -4.623891706533656e-02 
 1.623999999999999e-07 -4.604560213839037e-02 
 1.624999999999999e-07 -4.567064520026709e-02 
 1.625999999999999e-07 -4.511549851965535e-02 
 1.626999999999999e-07 -4.438235675182023e-02 
 1.627999999999999e-07 -4.347408526551200e-02 
 1.629000000000000e-07 -4.239426601850926e-02 
 1.630000000000000e-07 -4.114713378301560e-02 
 1.631000000000000e-07 -3.973760409364080e-02 
 1.632000000000000e-07 -3.817121607149931e-02 
 1.633000000000000e-07 -3.645414421256721e-02 
 1.634000000000000e-07 -3.459314633752264e-02 
 1.635000000000000e-07 -3.259556120559060e-02 
 1.636000000000000e-07 -3.046926015749629e-02 
 1.637000000000000e-07 -2.822263260242308e-02 
 1.638000000000000e-07 -2.586454010301442e-02 
 1.639000000000000e-07 -2.340429172087766e-02 
 1.640000000000000e-07 -2.085159960238103e-02 
 1.641000000000000e-07 -1.821654605137324e-02 
 1.642000000000001e-07 -1.550953995322368e-02 
 1.643000000000001e-07 -1.274127733289077e-02 
 1.644000000000001e-07 -9.922698254605011e-03 
 1.645000000000001e-07 -7.064942491728399e-03 
 1.646000000000001e-07 -4.179306806465277e-03 
 1.647000000000001e-07 -1.277197221567050e-03 
 1.648000000000001e-07  1.629913187338961e-03 
 1.649000000000001e-07  4.530534055655622e-03 
 1.650000000000001e-07  7.413168375520973e-03 
 1.651000000000001e-07  1.026662974004822e-02 
 1.652000000000001e-07  1.307964594993782e-02 
 1.653000000000001e-07  1.584094190799767e-02 
 1.654000000000001e-07  1.853968442318399e-02 
 1.655000000000002e-07  2.116508008156437e-02 
 1.656000000000002e-07  2.370690179369150e-02 
 1.657000000000002e-07  2.615504018209602e-02 
 1.658000000000002e-07  2.849989720059165e-02 
 1.659000000000002e-07  3.073219774530322e-02 
 1.660000000000002e-07  3.284315969620555e-02 
 1.661000000000002e-07  3.482446248943050e-02 
 1.662000000000002e-07  3.666829580999642e-02 
 1.663000000000002e-07  3.836741167018731e-02 
 1.664000000000002e-07  3.991510202288717e-02 
 1.665000000000002e-07  4.130529696937302e-02 
 1.666000000000002e-07  4.253250012480803e-02 
 1.667000000000002e-07  4.359190861073126e-02 
 1.668000000000002e-07  4.447932617141781e-02 
 1.669000000000003e-07  4.519128765664338e-02 
 1.670000000000003e-07  4.572496385982006e-02 
 1.671000000000003e-07  4.607827874614401e-02 
 1.672000000000003e-07  4.624981505970216e-02 
 1.673000000000003e-07  4.623891708548755e-02 
 1.674000000000003e-07  4.604560215803311e-02 
 1.675000000000003e-07  4.567064522191222e-02 
 1.676000000000003e-07  4.511549854201280e-02 
 1.677000000000003e-07  4.438235677387503e-02 
 1.678000000000003e-07  4.347408528714447e-02 
 1.679000000000003e-07  4.239426603948315e-02 
 1.680000000000003e-07  4.114713380511614e-02 
 1.681000000000003e-07  3.973760411785388e-02 
 1.682000000000004e-07  3.817121609746565e-02 
 1.683000000000004e-07  3.645414423950877e-02 
 1.684000000000004e-07  3.459314636336952e-02 
 1.685000000000004e-07  3.259556123077734e-02 
 1.686000000000004e-07  3.046926018269636e-02 
 1.687000000000004e-07  2.822263262766000e-02 
 1.688000000000004e-07  2.586454012699324e-02 
 1.689000000000004e-07  2.340429174353553e-02 
 1.690000000000004e-07  2.085159962416183e-02 
 1.691000000000004e-07  1.821654607345047e-02 
 1.692000000000004e-07  1.550953997471116e-02 
 1.693000000000004e-07  1.274127735494779e-02 
 1.694000000000004e-07  9.922698276730424e-03 
 1.695000000000005e-07  7.064942514107164e-03 
 1.696000000000005e-07  4.179306828001605e-03 
 1.697000000000005e-07  1.277197242964823e-03 
 1.698000000000005e-07 -1.629913165200669e-03 
 1.699000000000005e-07 -4.530534034477007e-03 
 1.700000000000005e-07 -7.413168354366118e-03 
 1.701000000000005e-07 -1.026662971814107e-02 
 1.702000000000005e-07 -1.307964592826782e-02 
 1.703000000000005e-07 -1.584094188630814e-02 
 1.704000000000005e-07 -1.853968440113318e-02 
 1.705000000000005e-07 -2.116508005795414e-02 
 1.706000000000005e-07 -2.370690176812884e-02 
 1.707000000000005e-07 -2.615504015536185e-02 
 1.708000000000006e-07 -2.849989717376156e-02 
 1.709000000000006e-07 -3.073219771964264e-02 
 1.710000000000006e-07 -3.284315967210838e-02 
 1.711000000000006e-07 -3.482446246540793e-02 
 1.712000000000006e-07 -3.666829578573427e-02 
 1.713000000000006e-07 -3.836741164458002e-02 
 1.714000000000006e-07 -3.991510199669768e-02 
 1.715000000000006e-07 -4.130529694319240e-02 
 1.716000000000006e-07 -4.253250009695098e-02 
 1.717000000000006e-07 -4.359190858361250e-02 
 1.718000000000006e-07 -4.447932614649108e-02 
 1.719000000000006e-07 -4.519128763312263e-02 
 1.720000000000006e-07 -4.572496383694280e-02 
 1.721000000000006e-07 -4.607827872354431e-02 
 1.722000000000007e-07 -4.624981503785830e-02 
 1.723000000000007e-07 -4.623891706536121e-02 
 1.724000000000007e-07 -4.604560213697373e-02 
 1.725000000000007e-07 -4.567064519914577e-02 
 1.726000000000007e-07 -4.511549851815277e-02 
 1.727000000000007e-07 -4.438235675077795e-02 
 1.728000000000007e-07 -4.347408526523155e-02 
 1.729000000000007e-07 -4.239426601863694e-02 
 1.730000000000007e-07 -4.114713378407520e-02 
 1.731000000000007e-07 -3.973760409484273e-02 
 1.732000000000007e-07 -3.817121607228358e-02 
 1.733000000000007e-07 -3.645414421312898e-02 
 1.734000000000007e-07 -3.459314633749822e-02 
 1.735000000000008e-07 -3.259556120633778e-02 
 1.736000000000008e-07 -3.046926015870000e-02 
 1.737000000000008e-07 -2.822263260342228e-02 
 1.738000000000008e-07 -2.586454010342099e-02 
 1.739000000000008e-07 -2.340429172142211e-02 
 1.740000000000008e-07 -2.085159960219718e-02 
 1.741000000000008e-07 -1.821654605080303e-02 
 1.742000000000008e-07 -1.550953995233750e-02 
 1.743000000000008e-07 -1.274127733251529e-02 
 1.744000000000008e-07 -9.922698253390871e-03 
 1.745000000000008e-07 -7.064942490183856e-03 
 1.746000000000008e-07 -4.179306805197847e-03 
 1.747000000000008e-07 -1.277197220941773e-03 
 1.748000000000009e-07  1.629913186407261e-03 
 1.749000000000009e-07  4.530534054276059e-03 
 1.750000000000009e-07  7.413168373816559e-03 
 1.751000000000009e-07  1.026662973904346e-02 
 1.752000000000009e-07  1.307964594941780e-02 
 1.753000000000009e-07  1.584094190828256e-02 
 1.754000000000009e-07  1.853968442383946e-02 
 1.755000000000009e-07  2.116508008082030e-02 
 1.756000000000009e-07  2.370690179308088e-02 
 1.757000000000009e-07  2.615504018156267e-02 
 1.758000000000009e-07  2.849989720048107e-02 
 1.759000000000009e-07  3.073219774483271e-02 
 1.760000000000009e-07  3.284315969668694e-02 
 1.761000000000009e-07  3.482446249049631e-02 
 1.762000000000010e-07  3.666829581087483e-02 
 1.763000000000010e-07  3.836741167041890e-02 
 1.764000000000010e-07  3.991510202209092e-02 
 1.765000000000010e-07  4.130529696874574e-02 
 1.766000000000010e-07  4.253250012485288e-02 
 1.767000000000010e-07  4.359190861150464e-02 
 1.768000000000010e-07  4.447932617207595e-02 
 1.769000000000010e-07  4.519128765678015e-02 
 1.770000000000010e-07  4.572496385923319e-02 
 1.771000000000010e-07  4.607827874567860e-02 
 1.772000000000010e-07  4.624981505984294e-02 
 1.773000000000010e-07  4.623891708651384e-02 
 1.774000000000010e-07  4.604560215878917e-02 
 1.775000000000011e-07  4.567064522164133e-02 
 1.776000000000011e-07  4.511549854136865e-02 
 1.777000000000011e-07  4.438235677300684e-02 
 1.778000000000011e-07  4.347408528673946e-02 
 1.779000000000011e-07  4.239426604028118e-02 
 1.780000000000011e-07  4.114713380581203e-02 
 1.781000000000011e-07  3.973760411787364e-02 
 1.782000000000011e-07  3.817121609678797e-02 
 1.783000000000011e-07  3.645414423866722e-02 
 1.784000000000011e-07  3.459314636238675e-02 
 1.785000000000011e-07  3.259556123011453e-02 
 1.786000000000011e-07  3.046926018229712e-02 
 1.787000000000011e-07  2.822263262724833e-02 
 1.788000000000012e-07  2.586454012686401e-02 
 1.789000000000012e-07  2.340429174304837e-02 
 1.790000000000012e-07  2.085159962400462e-02 
 1.791000000000012e-07  1.821654607309564e-02 
 1.792000000000012e-07  1.550953997502025e-02 
 1.793000000000012e-07  1.274127735514341e-02 
 1.794000000000012e-07  9.922698277085029e-03 
 1.795000000000012e-07  7.064942515263573e-03 
 1.796000000000012e-07  4.179306829044327e-03 
 1.797000000000012e-07  1.277197242929518e-03 
 1.798000000000012e-07 -1.629913165677177e-03 
 1.799000000000012e-07 -4.530534035326328e-03 
 1.800000000000012e-07 -7.413168354388544e-03 
 1.801000000000012e-07 -1.026662971817394e-02 
 1.802000000000013e-07 -1.307964592702238e-02 
 1.803000000000013e-07 -1.584094188413565e-02 
 1.804000000000013e-07 -1.853968439987752e-02 
 1.805000000000013e-07 -2.116508005705420e-02 
 1.806000000000013e-07 -2.370690176871260e-02 
 1.807000000000013e-07 -2.615504015602377e-02 
 1.808000000000013e-07 -2.849989717353041e-02 
 1.809000000000013e-07 -3.073219771874558e-02 
 1.810000000000013e-07 -3.284315967103035e-02 
 1.811000000000013e-07 -3.482446246546833e-02 
 1.812000000000013e-07 -3.666829578673636e-02 
 1.813000000000013e-07 -3.836741164676227e-02 
 1.814000000000013e-07 -3.991510199968795e-02 
 1.815000000000014e-07 -4.130529694569707e-02 
 1.816000000000014e-07 -4.253250009961396e-02 
 1.817000000000014e-07 -4.359190858572326e-02 
 1.818000000000014e-07 -4.447932614730576e-02 
 1.819000000000014e-07 -4.519128763313729e-02 
 1.820000000000014e-07 -4.572496383630842e-02 
 1.821000000000014e-07 -4.607827872398484e-02 
 1.822000000000014e-07 -4.624981503924053e-02 
 1.823000000000014e-07 -4.623891706628425e-02 
 1.824000000000014e-07 -4.604560213914310e-02 
 1.825000000000014e-07 -4.567064520055886e-02 
 1.826000000000014e-07 -4.511549851853336e-02 
 1.827000000000014e-07 -4.438235675048885e-02 
 1.828000000000015e-07 -4.347408526447660e-02 
 1.829000000000015e-07 -4.239426601823881e-02 
 1.830000000000015e-07 -4.114713378301205e-02 
 1.831000000000015e-07 -3.973760409334437e-02 
 1.832000000000015e-07 -3.817121607099749e-02 
 1.833000000000015e-07 -3.645414421239934e-02 
 1.834000000000015e-07 -3.459314633660693e-02 
 1.835000000000015e-07 -3.259556120480345e-02 
 1.836000000000015e-07 -3.046926015777585e-02 
 1.837000000000015e-07 -2.822263260295088e-02 
 1.838000000000015e-07 -2.586454010399697e-02 
 1.839000000000015e-07 -2.340429172174607e-02 
 1.840000000000015e-07 -2.085159960230887e-02 
 1.841000000000015e-07 -1.821654605069578e-02 
 1.842000000000016e-07 -1.550953995247961e-02 
 1.843000000000016e-07 -1.274127733257435e-02 
 1.844000000000016e-07 -9.922698253348461e-03 
 1.845000000000016e-07 -7.064942490197623e-03 
 1.846000000000016e-07 -4.179306805436545e-03 
 1.847000000000016e-07 -1.277197221095649e-03 
 1.848000000000016e-07  1.629913186655285e-03 
 1.849000000000016e-07  4.530534054600022e-03 
 1.850000000000016e-07  7.413168373869183e-03 
 1.851000000000016e-07  1.026662973901238e-02 
 1.852000000000016e-07  1.307964594809019e-02 
 1.853000000000016e-07  1.584094190575169e-02 
 1.854000000000016e-07  1.853968442282317e-02 
 1.855000000000017e-07  2.116508008119600e-02 
 1.856000000000017e-07  2.370690179305868e-02 
 1.857000000000017e-07  2.615504018116788e-02 
 1.858000000000017e-07  2.849989720110679e-02 
 1.859000000000017e-07  3.073219774597868e-02 
 1.860000000000017e-07  3.284315969766860e-02 
 1.861000000000017e-07  3.482446249098503e-02 
 1.862000000000017e-07  3.666829581040298e-02 
 1.863000000000017e-07  3.836741166946256e-02 
 1.864000000000017e-07  3.991510202118098e-02 
 1.865000000000017e-07  4.130529696712237e-02 
 1.866000000000017e-07  4.253250012313314e-02 
 1.867000000000017e-07  4.359190861026740e-02 
 1.868000000000018e-07  4.447932617138628e-02 
 1.869000000000018e-07  4.519128765615887e-02 
 1.870000000000018e-07  4.572496385884062e-02 
 1.871000000000018e-07  4.607827874532333e-02 
 1.872000000000018e-07  4.624981505965375e-02 
 1.873000000000018e-07  4.623891708671701e-02 
 1.874000000000018e-07  4.604560215881381e-02 
 1.875000000000018e-07  4.567064522183695e-02 
 1.876000000000018e-07  4.511549854135222e-02 
 1.877000000000018e-07  4.438235677251479e-02 
 1.878000000000018e-07  4.347408528477303e-02 
 1.879000000000018e-07  4.239426603782115e-02 
 1.880000000000018e-07  4.114713380271695e-02 
 1.881000000000018e-07  3.973760411532501e-02 
 1.882000000000019e-07  3.817121609514196e-02 
 1.883000000000019e-07  3.645414423732429e-02 
 1.884000000000019e-07  3.459314636237387e-02 
 1.885000000000019e-07  3.259556123074292e-02 
 1.886000000000019e-07  3.046926018309604e-02 
 1.887000000000019e-07  2.822263262756608e-02 
 1.888000000000019e-07  2.586454012608486e-02 
 1.889000000000019e-07  2.340429174171765e-02 
 1.890000000000019e-07  2.085159962234306e-02 
 1.891000000000019e-07  1.821654607139145e-02 
 1.892000000000019e-07  1.550953997455973e-02 
 1.893000000000019e-07  1.274127735521557e-02 
 1.894000000000019e-07  9.922698275965480e-03 
 1.895000000000020e-07  7.064942513079320e-03 
 1.896000000000020e-07  4.179306827752916e-03 
 1.897000000000020e-07  1.277197243243933e-03 
 1.898000000000020e-07 -1.629913165631214e-03 
 1.899000000000020e-07 -4.530534035809275e-03 
 1.900000000000020e-07 -7.413168355655975e-03 
 1.901000000000020e-07 -1.026662972079917e-02 
 1.902000000000020e-07 -1.307964593031263e-02 
 1.903000000000020e-07 -1.584094188580831e-02 
 1.904000000000020e-07 -1.853968440168097e-02 
 1.905000000000020e-07 -2.116508005855944e-02 
 1.906000000000020e-07 -2.370690176992252e-02 
 1.907000000000020e-07 -2.615504015692460e-02 
 1.908000000000021e-07 -2.849989717582746e-02 
 1.909000000000021e-07 -3.073219772114610e-02 
 1.910000000000021e-07 -3.284315967233864e-02 
 1.911000000000021e-07 -3.482446246544058e-02 
 1.912000000000021e-07 -3.666829578677233e-02 
 1.913000000000021e-07 -3.836741164700230e-02 
 1.914000000000021e-07 -3.991510199913528e-02 
 1.915000000000021e-07 -4.130529694468676e-02 
 1.916000000000021e-07 -4.253250009912901e-02 
 1.917000000000021e-07 -4.359190858460948e-02 
 1.918000000000021e-07 -4.447932614627437e-02 
 1.919000000000021e-07 -4.519128763338287e-02 
 1.920000000000021e-07 -4.572496383730962e-02 
 1.921000000000022e-07 -4.607827872481374e-02 
 1.922000000000022e-07 -4.624981503790693e-02 
 1.923000000000022e-07 -4.623891706460048e-02 
 1.924000000000022e-07 -4.604560213724551e-02 
 1.925000000000022e-07 -4.567064519945951e-02 
 1.926000000000022e-07 -4.511549851788632e-02 
 1.927000000000022e-07 -4.438235675040936e-02 
 1.928000000000022e-07 -4.347408526395391e-02 
 1.929000000000022e-07 -4.239426601631036e-02 
 1.930000000000022e-07 -4.114713378221224e-02 
 1.931000000000022e-07 -3.973760409251104e-02 
 1.932000000000022e-07 -3.817121606973517e-02 
 1.933000000000022e-07 -3.645414421137949e-02 
 1.934000000000022e-07 -3.459314633489119e-02 
 1.935000000000023e-07 -3.259556120378249e-02 
 1.936000000000023e-07 -3.046926015645979e-02 
 1.937000000000023e-07 -2.822263260123403e-02 
 1.938000000000023e-07 -2.586454010202521e-02 
 1.939000000000023e-07 -2.340429172035807e-02 
 1.940000000000023e-07 -2.085159960263749e-02 
 1.941000000000023e-07 -1.821654605123602e-02 
 1.942000000000023e-07 -1.550953995336624e-02 
 1.943000000000023e-07 -1.274127733318231e-02 
 1.944000000000023e-07 -9.922698254820839e-03 
 1.945000000000023e-07 -7.064942491280757e-03 
 1.946000000000023e-07 -4.179306804952487e-03 
 1.947000000000023e-07 -1.277197220042270e-03 
 1.948000000000024e-07  1.629913188717191e-03 
 1.949000000000024e-07  4.530534056401248e-03 
 1.950000000000024e-07  7.413168375106860e-03 
 1.951000000000024e-07  1.026662974016657e-02 
 1.952000000000024e-07  1.307964594952771e-02 
 1.953000000000024e-07  1.584094190673579e-02 
 1.954000000000024e-07  1.853968442443810e-02 
 1.955000000000024e-07  2.116508008187479e-02 
 1.956000000000024e-07  2.370690179389601e-02 
 1.957000000000024e-07  2.615504018151227e-02 
 1.958000000000024e-07  2.849989720146029e-02 
 1.959000000000024e-07  3.073219774584057e-02 
 1.960000000000024e-07  3.284315969561780e-02 
 1.961000000000025e-07  3.482446248816484e-02 
 1.962000000000025e-07  3.666829580865638e-02 
 1.963000000000025e-07  3.836741166818003e-02 
 1.964000000000025e-07  3.991510201993487e-02 
 1.965000000000025e-07  4.130529696709662e-02 
 1.966000000000025e-07  4.253250012257981e-02 
 1.967000000000025e-07  4.359190860980511e-02 
 1.968000000000025e-07  4.447932617079409e-02 
 1.969000000000025e-07  4.519128765567904e-02 
 1.970000000000025e-07  4.572496385868186e-02 
 1.971000000000025e-07  4.607827874460479e-02 
 1.972000000000025e-07  4.624981505874248e-02 
 1.973000000000025e-07  4.623891708531969e-02 
 1.974000000000025e-07  4.604560215864861e-02 
 1.975000000000026e-07  4.567064522231634e-02 
 1.976000000000026e-07  4.511549854278818e-02 
 1.977000000000026e-07  4.438235677432356e-02 
 1.978000000000026e-07  4.347408528760832e-02 
 1.979000000000026e-07  4.239426604005025e-02 
 1.980000000000026e-07  4.114713380449864e-02 
 1.981000000000026e-07  3.973760411600646e-02 
 1.982000000000026e-07  3.817121609451224e-02 
 1.983000000000026e-07  3.645414423641280e-02 
 1.984000000000026e-07  3.459314636241362e-02 
 1.985000000000026e-07  3.259556123022778e-02 
 1.986000000000026e-07  3.046926018307250e-02 
 1.987000000000026e-07  2.822263262735047e-02 
 1.988000000000027e-07  2.586454012592077e-02 
 1.989000000000027e-07  2.340429174173586e-02 
 1.990000000000027e-07  2.085159962161343e-02 
 1.991000000000027e-07  1.821654607126533e-02 
 1.992000000000027e-07  1.550953997526938e-02 
 1.993000000000027e-07  1.274127735479791e-02 
 1.994000000000027e-07  9.922698276771946e-03 
 1.995000000000027e-07  7.064942514488415e-03 
 1.996000000000027e-07  4.179306829267038e-03 
 1.997000000000027e-07  1.277197244209827e-03 
 1.998000000000027e-07 -1.629913164530983e-03 
 1.999000000000027e-07 -4.530534034219436e-03 
 2.000000000000027e-07 -7.413168353061605e-03 
 2.001000000000028e-07 -1.026662971785486e-02 
 2.002000000000028e-07 -1.307964592705813e-02 
 2.003000000000028e-07 -1.584094188483309e-02 
 2.004000000000028e-07 -1.853968440058007e-02 
 2.005000000000028e-07 -2.116508005611539e-02 
 2.006000000000028e-07 -2.370690176808266e-02 
 2.007000000000028e-07 -2.615504015587367e-02 
 2.008000000000028e-07 -2.849989717421408e-02 
 2.009000000000028e-07 -3.073219771941105e-02 
 2.010000000000028e-07 -3.284315967106188e-02 
 2.011000000000028e-07 -3.482446246508064e-02 
 2.012000000000028e-07 -3.666829578590280e-02 
 2.013000000000028e-07 -3.836741164530388e-02 
 2.014000000000028e-07 -3.991510199715398e-02 
 2.015000000000029e-07 -4.130529694435014e-02 
 2.016000000000029e-07 -4.253250009796794e-02 
 2.017000000000029e-07 -4.359190858495543e-02 
 2.018000000000029e-07 -4.447932614728911e-02 
 2.019000000000029e-07 -4.519128763390179e-02 
 2.020000000000029e-07 -4.572496383769420e-02 
 2.021000000000029e-07 -4.607827872530645e-02 
 2.022000000000029e-07 -4.624981503940151e-02 
 2.023000000000029e-07 -4.623891706582817e-02 
 2.024000000000029e-07 -4.604560213844433e-02 
 2.025000000000029e-07 -4.567064520058706e-02 
 2.026000000000029e-07 -4.511549851946772e-02 
 2.027000000000029e-07 -4.438235675107061e-02 
 2.028000000000030e-07 -4.347408526433716e-02 
 2.029000000000030e-07 -4.239426601711171e-02 
 2.030000000000030e-07 -4.114713378194557e-02 
 2.031000000000030e-07 -3.973760409295934e-02 
 2.032000000000030e-07 -3.817121606989682e-02 
 2.033000000000030e-07 -3.645414421145121e-02 
 2.034000000000030e-07 -3.459314633553956e-02 
 2.035000000000030e-07 -3.259556120391416e-02 
 2.036000000000030e-07 -3.046926015651907e-02 
 2.037000000000030e-07 -2.822263260058189e-02 
 2.038000000000030e-07 -2.586454010145811e-02 
 2.039000000000030e-07 -2.340429171913594e-02 
 2.040000000000030e-07 -2.085159959991412e-02 
 2.041000000000031e-07 -1.821654604843603e-02 
 2.042000000000031e-07 -1.550953995059401e-02 
 2.043000000000031e-07 -1.274127733147523e-02 
 2.044000000000031e-07 -9.922698253926665e-03 
 2.045000000000031e-07 -7.064942491336046e-03 
 2.046000000000031e-07 -4.179306806934902e-03 
 2.047000000000031e-07 -1.277197222495641e-03 
 2.048000000000031e-07  1.629913185990262e-03 
 2.049000000000031e-07  4.530534055406710e-03 
 2.050000000000031e-07  7.413168375278278e-03 
 2.051000000000031e-07  1.026662974112269e-02 
 2.052000000000031e-07  1.307964595109934e-02 
 2.053000000000031e-07  1.584094190828544e-02 
 2.054000000000031e-07  1.853968442355125e-02 
 2.055000000000032e-07  2.116508007968299e-02 
 2.056000000000032e-07  2.370690179147883e-02 
 2.057000000000032e-07  2.615504017963199e-02 
 2.058000000000032e-07  2.849989720036761e-02 
 2.059000000000032e-07  3.073219774478542e-02 
 2.060000000000032e-07  3.284315969601792e-02 
 2.061000000000032e-07  3.482446248977644e-02 
 2.062000000000032e-07  3.666829580976838e-02 
 2.063000000000032e-07  3.836741166872937e-02 
 2.064000000000032e-07  3.991510202182957e-02 
 2.065000000000032e-07  4.130529696844243e-02 
 2.066000000000032e-07  4.253250012443388e-02 
 2.067000000000032e-07  4.359190861141027e-02 
 2.068000000000033e-07  4.447932617230954e-02 
 2.069000000000033e-07  4.519128765700531e-02 
 2.070000000000033e-07  4.572496385983493e-02 
 2.071000000000033e-07  4.607827874609804e-02 
 2.072000000000033e-07  4.624981505880599e-02 
 2.073000000000033e-07  4.623891708530548e-02 
 2.074000000000033e-07  4.604560215837106e-02 
 2.075000000000033e-07  4.567064522269693e-02 
 2.076000000000033e-07  4.511549854267893e-02 
 2.077000000000033e-07  4.438235677439573e-02 
 2.078000000000033e-07  4.347408528703545e-02 
 2.079000000000033e-07  4.239426603949115e-02 
 2.080000000000033e-07  4.114713380509638e-02 
 2.081000000000034e-07  3.973760411776195e-02 
 2.082000000000034e-07  3.817121609808249e-02 
 2.083000000000034e-07  3.645414423977456e-02 
 2.084000000000034e-07  3.459314636306221e-02 
 2.085000000000034e-07  3.259556123101026e-02 
 2.086000000000034e-07  3.046926018454688e-02 
 2.087000000000034e-07  2.822263262826197e-02 
 2.088000000000034e-07  2.586454012702855e-02 
 2.089000000000034e-07  2.340429174247527e-02 
 2.090000000000034e-07  2.085159962235839e-02 
 2.091000000000034e-07  1.821654607147316e-02 
 2.092000000000034e-07  1.550953997427906e-02 
 2.093000000000034e-07  1.274127735540298e-02 
 2.094000000000035e-07  9.922698276346731e-03 
 2.095000000000035e-07  7.064942513061556e-03 
 2.096000000000035e-07  4.179306828872020e-03 
 2.097000000000035e-07  1.277197242671724e-03 
 2.098000000000035e-07 -1.629913165101859e-03 
 2.099000000000035e-07 -4.530534034152378e-03 
 2.100000000000035e-07 -7.413168352782495e-03 
 2.101000000000035e-07 -1.026662971815329e-02 
 2.102000000000035e-07 -1.307964592748334e-02 
 2.103000000000035e-07 -1.584094188450691e-02 
 2.104000000000035e-07 -1.853968439967812e-02 
 2.105000000000035e-07 -2.116508005682838e-02 
 2.106000000000035e-07 -2.370690176790879e-02 
 2.107000000000035e-07 -2.615504015577419e-02 
 2.108000000000036e-07 -2.849989717454759e-02 
 2.109000000000036e-07 -3.073219771907687e-02 
 2.110000000000036e-07 -3.284315967085494e-02 
 2.111000000000036e-07 -3.482446246453597e-02 
 2.112000000000036e-07 -3.666829578571562e-02 
 2.113000000000036e-07 -3.836741164547108e-02 
 2.114000000000036e-07 -3.991510199796755e-02 
 2.115000000000036e-07 -4.130529694381568e-02 
 2.116000000000036e-07 -4.253250009721721e-02 
 2.117000000000036e-07 -4.359190858349349e-02 
 2.118000000000036e-07 -4.447932614515082e-02 
 2.119000000000036e-07 -4.519128763270897e-02 
 2.120000000000036e-07 -4.572496383643387e-02 
 2.121000000000037e-07 -4.607827872422221e-02 
 2.122000000000037e-07 -4.624981503875381e-02 
 2.123000000000037e-07 -4.623891706547911e-02 
 2.124000000000037e-07 -4.604560213784437e-02 
 2.125000000000037e-07 -4.567064520077957e-02 
 2.126000000000037e-07 -4.511549851953056e-02 
 2.127000000000037e-07 -4.438235675175317e-02 
 2.128000000000037e-07 -4.347408526581531e-02 
 2.129000000000037e-07 -4.239426601833918e-02 
 2.130000000000037e-07 -4.114713378244272e-02 
 2.131000000000037e-07 -3.973760409389704e-02 
 2.132000000000037e-07 -3.817121607173890e-02 
 2.133000000000037e-07 -3.645414421218263e-02 
 2.134000000000038e-07 -3.459314633641863e-02 
 2.135000000000038e-07 -3.259556120470686e-02 
 2.136000000000038e-07 -3.046926015810580e-02 
 2.137000000000038e-07 -2.822263260179336e-02 
 2.138000000000038e-07 -2.586454010282280e-02 
 2.139000000000038e-07 -2.340429172020553e-02 
 2.140000000000038e-07 -2.085159960155281e-02 
 2.141000000000038e-07 -1.821654605090828e-02 
 2.142000000000038e-07 -1.550953995361137e-02 
 2.143000000000038e-07 -1.274127733371722e-02 
 2.144000000000038e-07 -9.922698255546925e-03 
 2.145000000000038e-07 -7.064942491742388e-03 
 2.146000000000038e-07 -4.179306807492900e-03 
 2.147000000000038e-07 -1.277197222877113e-03 
 2.148000000000039e-07  1.629913186015131e-03 
 2.149000000000039e-07  4.530534055015245e-03 
 2.150000000000039e-07  7.413168374810208e-03 
 2.151000000000039e-07  1.026662974062065e-02 
 2.152000000000039e-07  1.307964595047739e-02 
 2.153000000000039e-07  1.584094190701513e-02 
 2.154000000000039e-07  1.853968442403420e-02 
 2.155000000000039e-07  2.116508008014861e-02 
 2.156000000000039e-07  2.370690179235790e-02 
 2.157000000000039e-07  2.615504017974413e-02 
 2.158000000000039e-07  2.849989719882706e-02 
 2.159000000000039e-07  3.073219774347513e-02 
 2.160000000000039e-07  3.284315969544349e-02 
 2.161000000000040e-07  3.482446248914051e-02 
 2.162000000000040e-07  3.666829580998110e-02 
 2.163000000000040e-07  3.836741166999458e-02 
 2.164000000000040e-07  3.991510202289539e-02 
 2.165000000000040e-07  4.130529696922669e-02 
 2.166000000000040e-07  4.253250012492527e-02 
 2.167000000000040e-07  4.359190861088336e-02 
 2.168000000000040e-07  4.447932617154859e-02 
 2.169000000000040e-07  4.519128765662117e-02 
 2.170000000000040e-07  4.572496385992797e-02 
 2.171000000000040e-07  4.607827874727066e-02 
 2.172000000000040e-07  4.624981506147119e-02 
 2.173000000000040e-07  4.623891708867123e-02 
 2.174000000000041e-07  4.604560216108533e-02 
 2.175000000000041e-07  4.567064522462982e-02 
 2.176000000000041e-07  4.511549854386954e-02 
 2.177000000000041e-07  4.438235677531255e-02 
 2.178000000000041e-07  4.347408528776642e-02 
 2.179000000000041e-07  4.239426604008223e-02 
 2.180000000000041e-07  4.114713380563861e-02 
 2.181000000000041e-07  3.973760411788163e-02 
 2.182000000000041e-07  3.817121609728713e-02 
 2.183000000000041e-07  3.645414423949345e-02 
 2.184000000000041e-07  3.459314636331157e-02 
 2.185000000000041e-07  3.259556123049157e-02 
 2.186000000000041e-07  3.046926018380325e-02 
 2.187000000000041e-07  2.822263262789093e-02 
 2.188000000000042e-07  2.586454012805750e-02 
 2.189000000000042e-07  2.340429174404490e-02 
 2.190000000000042e-07  2.085159962302452e-02 
 2.191000000000042e-07  1.821654607229206e-02 
 2.192000000000042e-07  1.550953997329207e-02 
 2.193000000000042e-07  1.274127735450370e-02 
 2.194000000000042e-07  9.922698276511266e-03 
 2.195000000000042e-07  7.064942513746120e-03 
 2.196000000000042e-07  4.179306829109386e-03 
 2.197000000000042e-07  1.277197243881201e-03 
 2.198000000000042e-07 -1.629913164755470e-03 
 2.199000000000042e-07 -4.530534034566491e-03 
 2.200000000000042e-07 -7.413168354067246e-03 
 2.201000000000043e-07 -1.026662972021475e-02 
 2.202000000000043e-07 -1.307964592922972e-02 
 2.203000000000043e-07 -1.584094188607010e-02 
 2.204000000000043e-07 -1.853968440048592e-02 
 2.205000000000043e-07 -2.116508005704221e-02 
 2.206000000000043e-07 -2.370690176862689e-02 
 2.207000000000043e-07 -2.615504015590608e-02 
 2.208000000000043e-07 -2.849989717423673e-02 
 2.209000000000043e-07 -3.073219771990998e-02 
 2.210000000000043e-07 -3.284315967074569e-02 
 2.211000000000043e-07 -3.482446246502136e-02 
 2.212000000000043e-07 -3.666829578565367e-02 
 2.213000000000043e-07 -3.836741164514890e-02 
 2.214000000000044e-07 -3.991510199727122e-02 
 2.215000000000044e-07 -4.130529694359542e-02 
 2.216000000000044e-07 -4.253250009746434e-02 
 2.217000000000044e-07 -4.359190858334250e-02 
 2.218000000000044e-07 -4.447932614462058e-02 
 2.219000000000044e-07 -4.519128763103764e-02 
 2.220000000000044e-07 -4.572496383592983e-02 
 2.221000000000044e-07 -4.607827872389048e-02 
 2.222000000000044e-07 -4.624981503770531e-02 
 2.223000000000044e-07 -4.623891706408045e-02 
 2.224000000000044e-07 -4.604560213624898e-02 
 2.225000000000044e-07 -4.567064519936181e-02 
 2.226000000000044e-07 -4.511549851826890e-02 
 2.227000000000044e-07 -4.438235674971969e-02 
 2.228000000000045e-07 -4.347408526291852e-02 
 2.229000000000045e-07 -4.239426601684348e-02 
 2.230000000000045e-07 -4.114713378282575e-02 
 2.231000000000045e-07 -3.973760409367033e-02 
 2.232000000000045e-07 -3.817121607165230e-02 
 2.233000000000045e-07 -3.645414421249504e-02 
 2.234000000000045e-07 -3.459314633770227e-02 
 2.235000000000045e-07 -3.259556120607043e-02 
 2.236000000000045e-07 -3.046926015844309e-02 
 2.237000000000045e-07 -2.822263260338387e-02 
 2.238000000000045e-07 -2.586454010363459e-02 
 2.239000000000045e-07 -2.340429172143699e-02 
 2.240000000000045e-07 -2.085159960246186e-02 
 2.241000000000046e-07 -1.821654605042045e-02 
 2.242000000000046e-07 -1.550953995058335e-02 
 2.243000000000046e-07 -1.274127733163555e-02 
 2.244000000000046e-07 -9.922698252741391e-03 
 2.245000000000046e-07 -7.064942488972825e-03 
 2.246000000000046e-07 -4.179306804203753e-03 
 2.247000000000046e-07 -1.277197219199167e-03 
 2.248000000000046e-07  1.629913189493681e-03 
 2.249000000000046e-07  4.530534056634394e-03 
 2.250000000000046e-07  7.413168376510626e-03 
 2.251000000000046e-07  1.026662974194936e-02 
 2.252000000000046e-07  1.307964595033995e-02 
 2.253000000000046e-07  1.584094190771679e-02 
 2.254000000000047e-07  1.853968442382170e-02 
 2.255000000000047e-07  2.116508008043727e-02 
 2.256000000000047e-07  2.370690179275825e-02 
 2.257000000000047e-07  2.615504017997461e-02 
 2.258000000000047e-07  2.849989719907065e-02 
 2.259000000000047e-07  3.073219774440372e-02 
 2.260000000000047e-07  3.284315969538465e-02 
 2.261000000000047e-07  3.482446248836490e-02 
 2.262000000000047e-07  3.666829580956410e-02 
 2.263000000000047e-07  3.836741166964242e-02 
 2.264000000000047e-07  3.991510202266735e-02 
 2.265000000000047e-07  4.130529696903240e-02 
 2.266000000000047e-07  4.253250012448939e-02 
 2.267000000000047e-07  4.359190861062556e-02 
 2.268000000000048e-07  4.447932617081429e-02 
 2.269000000000048e-07  4.519128765680258e-02 
 2.270000000000048e-07  4.572496385935154e-02 
 2.271000000000048e-07  4.607827874682013e-02 
 2.272000000000048e-07  4.624981505986714e-02 
 2.273000000000048e-07  4.623891708526084e-02 
 2.274000000000048e-07  4.604560215798381e-02 
 2.275000000000048e-07  4.567064522228903e-02 
 2.276000000000048e-07  4.511549854160668e-02 
 2.277000000000048e-07  4.438235677449565e-02 
 2.278000000000048e-07  4.347408528634733e-02 
 2.279000000000048e-07  4.239426603904151e-02 
 2.280000000000048e-07  4.114713380492763e-02 
 2.281000000000049e-07  3.973760411745753e-02 
 2.282000000000049e-07  3.817121609786622e-02 
 2.283000000000049e-07  3.645414423957560e-02 
 2.284000000000049e-07  3.459314636288724e-02 
 2.285000000000049e-07  3.259556123106844e-02 
 2.286000000000049e-07  3.046926018262797e-02 
 2.287000000000049e-07  2.822263262487201e-02 
 2.288000000000049e-07  2.586454012451034e-02 
 2.289000000000049e-07  2.340429174156755e-02 
 2.290000000000049e-07  2.085159962257821e-02 
 2.291000000000049e-07  1.821654607110434e-02 
 2.292000000000049e-07  1.550953997349014e-02 
 2.293000000000049e-07  1.274127735386843e-02 
 2.294000000000050e-07  9.922698275778297e-03 
 2.295000000000050e-07  7.064942513584693e-03 
 2.296000000000050e-07  4.179306828539175e-03 
 2.297000000000050e-07  1.277197243926498e-03 
 2.298000000000050e-07 -1.629913164264085e-03 
 2.299000000000050e-07 -4.530534034525857e-03 
 2.300000000000050e-07 -7.413168354376776e-03 
 2.301000000000050e-07 -1.026662971891823e-02 
 2.302000000000050e-07 -1.307964592840261e-02 
 2.303000000000050e-07 -1.584094188578500e-02 
 2.304000000000050e-07 -1.853968440162257e-02 
 2.305000000000050e-07 -2.116508005762952e-02 
 2.306000000000050e-07 -2.370690176814683e-02 
 2.307000000000051e-07 -2.615504015571557e-02 
 2.308000000000051e-07 -2.849989717372825e-02 
 2.309000000000051e-07 -3.073219772008229e-02 
 2.310000000000051e-07 -3.284315967203999e-02 
 2.311000000000051e-07 -3.482446246528070e-02 
 2.312000000000051e-07 -3.666829578633246e-02 
 2.313000000000051e-07 -3.836741164610125e-02 
 2.314000000000051e-07 -3.991510199711290e-02 
 2.315000000000051e-07 -4.130529694285734e-02 
 2.316000000000051e-07 -4.253250009723919e-02 
 2.317000000000051e-07 -4.359190858492767e-02 
 2.318000000000051e-07 -4.447932614607297e-02 
 2.319000000000051e-07 -4.519128763212943e-02 
 2.320000000000051e-07 -4.572496383679581e-02 
 2.321000000000052e-07 -4.607827872472825e-02 
 2.322000000000052e-07 -4.624981503893388e-02 
 2.323000000000052e-07 -4.623891706428784e-02 
 2.324000000000052e-07 -4.604560213705544e-02 
 2.325000000000052e-07 -4.567064519949815e-02 
 2.326000000000052e-07 -4.511549851837371e-02 
 2.327000000000052e-07 -4.438235674950608e-02 
 2.328000000000052e-07 -4.347408526318541e-02 
 2.329000000000052e-07 -4.239426601650220e-02 
 2.330000000000052e-07 -4.114713378290680e-02 
 2.331000000000052e-07 -3.973760409383198e-02 
 2.332000000000052e-07 -3.817121607095553e-02 
 2.333000000000052e-07 -3.645414421245330e-02 
 2.334000000000053e-07 -3.459314633772159e-02 
 2.335000000000053e-07 -3.259556120612817e-02 
 2.336000000000053e-07 -3.046926015887630e-02 
 2.337000000000053e-07 -2.822263260278635e-02 
 2.338000000000053e-07 -2.586454010440375e-02 
 2.339000000000053e-07 -2.340429172076886e-02 
 2.340000000000053e-07 -2.085159960272920e-02 
 2.341000000000053e-07 -1.821654605031076e-02 
 2.342000000000053e-07 -1.550953995123683e-02 
 2.343000000000053e-07 -1.274127733143127e-02 
 2.344000000000053e-07 -9.922698253201911e-03 
 2.345000000000053e-07 -7.064942488726800e-03 
 2.346000000000053e-07 -4.179306803579141e-03 
 2.347000000000054e-07 -1.277197219346160e-03 
 2.348000000000054e-07  1.629913188745835e-03 
 2.349000000000054e-07  4.530534055609436e-03 
 2.350000000000054e-07  7.413168373899381e-03 
 2.351000000000054e-07  1.026662973978931e-02 
 2.352000000000054e-07  1.307964594869926e-02 
 2.353000000000054e-07  1.584094190558094e-02 
 2.354000000000054e-07  1.853968442341869e-02 
 2.355000000000054e-07  2.116508008078033e-02 
 2.356000000000054e-07  2.370690179391510e-02 
 2.357000000000054e-07  2.615504018241110e-02 
 2.358000000000054e-07  2.849989720111323e-02 
 2.359000000000054e-07  3.073219774530522e-02 
 2.360000000000054e-07  3.284315969673579e-02 
 2.361000000000055e-07  3.482446248940141e-02 
 2.362000000000055e-07  3.666829581060327e-02 
 2.363000000000055e-07  3.836741167053970e-02 
 2.364000000000055e-07  3.991510202311277e-02 
 2.365000000000055e-07  4.130529696941698e-02 
 2.366000000000055e-07  4.253250012445720e-02 
 2.367000000000055e-07  4.359190861078543e-02 
 2.368000000000055e-07  4.447932617163541e-02 
 2.369000000000055e-07  4.519128765597702e-02 
 2.370000000000055e-07  4.572496385999147e-02 
 2.371000000000055e-07  4.607827874621750e-02 
 2.372000000000055e-07  4.624981505990933e-02 
 2.373000000000055e-07  4.623891708559547e-02 
 2.374000000000056e-07  4.604560215854581e-02 
 2.375000000000056e-07  4.567064522222553e-02 
 2.376000000000056e-07  4.511549854200569e-02 
 2.377000000000056e-07  4.438235677425162e-02 
 2.378000000000056e-07  4.347408528711449e-02 
 2.379000000000056e-07  4.239426603936747e-02 
 2.380000000000056e-07  4.114713380475554e-02 
 2.381000000000056e-07  3.973760411737115e-02 
 2.382000000000056e-07  3.817121609808649e-02 
 2.383000000000056e-07  3.645414423972260e-02 
 2.384000000000056e-07  3.459314636267141e-02 
 2.385000000000056e-07  3.259556123017671e-02 
 2.386000000000056e-07  3.046926018237195e-02 
 2.387000000000057e-07  2.822263262716840e-02 
 2.388000000000057e-07  2.586454012701900e-02 
 2.389000000000057e-07  2.340429174328107e-02 
 2.390000000000057e-07  2.085159962420269e-02 
 2.391000000000057e-07  1.821654607354883e-02 
 2.392000000000057e-07  1.550953997455351e-02 
 2.393000000000057e-07  1.274127735494268e-02 
 2.394000000000057e-07  9.922698276954911e-03 
 2.395000000000057e-07  7.064942513837380e-03 
 2.396000000000057e-07  4.179306828079543e-03 
 2.397000000000057e-07  1.277197242933514e-03 
 2.398000000000057e-07 -1.629913165763330e-03 
 2.399000000000057e-07 -4.530534034653755e-03 
 2.400000000000057e-07 -7.413168354394539e-03 
 2.401000000000058e-07 -1.026662971897574e-02 
 2.402000000000058e-07 -1.307964592881250e-02 
 2.403000000000058e-07 -1.584094188574836e-02 
 2.404000000000058e-07 -1.853968440143183e-02 
 2.405000000000058e-07 -2.116508005773454e-02 
 2.406000000000058e-07 -2.370690176807022e-02 
 2.407000000000058e-07 -2.615504015523196e-02 
 2.408000000000058e-07 -2.849989717370227e-02 
 2.409000000000058e-07 -3.073219772000857e-02 
 2.410000000000058e-07 -3.284315967204843e-02 
 2.411000000000058e-07 -3.482446246577497e-02 
 2.412000000000058e-07 -3.666829578573449e-02 
 2.413000000000058e-07 -3.836741164615898e-02 
 2.414000000000059e-07 -3.991510199782766e-02 
 2.415000000000059e-07 -4.130529694249541e-02 
 2.416000000000059e-07 -4.253250009776299e-02 
 2.417000000000059e-07 -4.359190858438211e-02 
 2.418000000000059e-07 -4.447932614642092e-02 
 2.419000000000059e-07 -4.519128763236324e-02 
 2.420000000000059e-07 -4.572496383642699e-02 
 2.421000000000059e-07 -4.607827872497339e-02 
 2.422000000000059e-07 -4.624981503769932e-02 
 2.423000000000059e-07 -4.623891706452143e-02 
 2.424000000000059e-07 -4.604560213686559e-02 
 2.425000000000059e-07 -4.567064520026420e-02 
 2.426000000000059e-07 -4.511549851852736e-02 
 2.427000000000060e-07 -4.438235674919477e-02 
 2.428000000000060e-07 -4.347408526292207e-02 
 2.429000000000060e-07 -4.239426601698093e-02 
 2.430000000000060e-07 -4.114713378333712e-02 
 2.431000000000060e-07 -3.973760409383620e-02 
 2.432000000000060e-07 -3.817121607135698e-02 
 2.433000000000060e-07 -3.645414421294957e-02 
 2.434000000000060e-07 -3.459314633750887e-02 
 2.435000000000060e-07 -3.259556120620855e-02 
 2.436000000000060e-07 -3.046926015840912e-02 
 2.437000000000060e-07 -2.822263260310098e-02 
 2.438000000000060e-07 -2.586454010353934e-02 
 2.439000000000060e-07 -2.340429172122627e-02 
 2.440000000000060e-07 -2.085159960210392e-02 
 2.441000000000061e-07 -1.821654605040091e-02 
 2.442000000000061e-07 -1.550953995116222e-02 
 2.443000000000061e-07 -1.274127733156627e-02 
 2.444000000000061e-07 -9.922698252183615e-03 
 2.445000000000061e-07 -7.064942489069193e-03 
 2.446000000000061e-07 -4.179306805748517e-03 
 2.447000000000061e-07 -1.277197221554172e-03 
 2.448000000000061e-07  1.629913186004472e-03 
 2.449000000000061e-07  4.530534054458801e-03 
 2.450000000000061e-07  7.413168373505918e-03 
 2.451000000000061e-07  1.026662973939141e-02 
 2.452000000000061e-07  1.307964594940980e-02 
 2.453000000000061e-07  1.584094190660856e-02 
 2.454000000000062e-07  1.853968442294551e-02 
 2.455000000000062e-07  2.116508008039242e-02 
 2.456000000000062e-07  2.370690179182655e-02 
 2.457000000000062e-07  2.615504017973325e-02 
 2.458000000000062e-07  2.849989719906354e-02 
 2.459000000000062e-07  3.073219774442681e-02 
 2.460000000000062e-07  3.284315969557472e-02 
 2.461000000000062e-07  3.482446248888937e-02 
 2.462000000000062e-07  3.666829580971265e-02 
 2.463000000000062e-07  3.836741167039648e-02 
 2.464000000000062e-07  3.991510202279791e-02 
 2.465000000000062e-07  4.130529696896801e-02 
 2.466000000000062e-07  4.253250012465504e-02 
 2.467000000000063e-07  4.359190861120621e-02 
 2.468000000000063e-07  4.447932617162831e-02 
 2.469000000000063e-07  4.519128765661984e-02 
 2.470000000000063e-07  4.572496386005453e-02 
 2.471000000000063e-07  4.607827874632786e-02 
 2.472000000000063e-07  4.624981505973147e-02 
 2.473000000000063e-07  4.623891708530214e-02 
 2.474000000000063e-07  4.604560215750042e-02 
 2.475000000000063e-07  4.567064522218534e-02 
 2.476000000000063e-07  4.511549854175989e-02 
 2.477000000000063e-07  4.438235677393365e-02 
 2.478000000000063e-07  4.347408528676611e-02 
 2.479000000000063e-07  4.239426603942031e-02 
 2.480000000000063e-07  4.114713380514767e-02 
 2.481000000000064e-07  3.973760411767580e-02 
 2.482000000000064e-07  3.817121609760887e-02 
 2.483000000000064e-07  3.645414423895410e-02 
 2.484000000000064e-07  3.459314636307442e-02 
 2.485000000000064e-07  3.259556123045515e-02 
 2.486000000000064e-07  3.046926018196561e-02 
 2.487000000000064e-07  2.822263262760938e-02 
 2.488000000000064e-07  2.586454012734785e-02 
 2.489000000000064e-07  2.340429174321979e-02 
 2.490000000000064e-07  2.085159962379990e-02 
 2.491000000000064e-07  1.821654607334056e-02 
 2.492000000000064e-07  1.550953997494986e-02 
 2.493000000000064e-07  1.274127735485786e-02 
 2.494000000000065e-07  9.922698276449538e-03 
 2.495000000000065e-07  7.064942513838268e-03 
 2.496000000000065e-07  4.179306827226004e-03 
 2.497000000000065e-07  1.277197242623540e-03 
 2.498000000000065e-07 -1.629913165037689e-03 
 2.499000000000065e-07 -4.530534035393163e-03 
 2.500000000000065e-07 -7.416064266270395e-03 
