 2.000000000000000e-09  1.068335760208474e-01 
 2.004000000000000e-09  9.167107503551764e-02 
 2.008000000000000e-09  7.604079610403813e-02 
 2.012000000000000e-09  6.019446059933653e-02 
 2.016000000000000e-09  4.409638901966106e-02 
 2.020000000000000e-09  2.781348932752703e-02 
 2.024000000000000e-09  1.141732856351574e-02 
 2.028000000000000e-09 -5.020634504453447e-03 
 2.032000000000000e-09 -2.143398797084872e-02 
 2.036000000000000e-09 -3.775481370066380e-02 
 2.040000000000000e-09 -5.391342554083067e-02 
 2.044000000000000e-09 -6.984074321250766e-02 
 2.048000000000000e-09 -8.546976477343504e-02 
 2.052000000000000e-09 -1.007358127119105e-01 
 2.056000000000000e-09 -1.155768182745742e-01 
 2.060000000000000e-09 -1.299334260139400e-01 
 2.064000000000000e-09 -1.437492244757199e-01 
 2.068000000000000e-09 -1.569708905392095e-01 
 2.072000000000000e-09 -1.695483770884381e-01 
 2.076000000000000e-09 -1.814350208711204e-01 
 2.080000000000000e-09 -1.925876497513033e-01 
 2.084000000000000e-09 -2.029666200434874e-01 
 2.088000000000000e-09 -2.125358389215710e-01 
 2.092000000000000e-09 -2.212627323214411e-01 
 2.096000000000000e-09 -2.291181992215625e-01 
 2.100000000000000e-09 -2.360765299836778e-01 
 2.104000000000000e-09 -2.421153205319799e-01 
 2.108000000000000e-09 -2.472153702114157e-01 
 2.112000000000000e-09 -2.513605883030086e-01 
 2.116000000000000e-09 -2.545379024810484e-01 
 2.120000000000000e-09 -2.567371881738414e-01 
 2.124000000000000e-09 -2.579512141558731e-01 
 2.128000000000000e-09 -2.581756174336849e-01 
 2.132000000000000e-09 -2.574089024212232e-01 
 2.136000000000000e-09 -2.556524716588193e-01 
 2.140000000000000e-09 -2.529106813905710e-01 
 2.144000000000000e-09 -2.491909239262815e-01 
 2.148000000000000e-09 -2.445037280963618e-01 
 2.152000000000000e-09 -2.388628754564355e-01 
 2.156000000000000e-09 -2.322855221000262e-01 
 2.160000000000000e-09 -2.247923210332079e-01 
 2.164000000000000e-09 -2.164075346748093e-01 
 2.168000000000000e-09 -2.071591314971750e-01 
 2.172000000000000e-09 -1.970788574945195e-01 
 2.176000000000000e-09 -1.862022771663996e-01 
 2.180000000000000e-09 -1.745687768082165e-01 
 2.183999999999999e-09 -1.622215267906961e-01 
 2.187999999999999e-09 -1.492073986158755e-01 
 2.191999999999999e-09 -1.355768357700842e-01 
 2.195999999999999e-09 -1.213836771304129e-01 
 2.199999999999999e-09 -1.066849344916232e-01 
 2.203999999999999e-09 -9.154052568359994e-02 
 2.207999999999999e-09 -7.601296695938986e-02 
 2.211999999999999e-09 -6.016702829207432e-02 
 2.215999999999999e-09 -4.406935675295598e-02 
 2.219999999999999e-09 -2.778686042257794e-02 
 2.223999999999999e-09 -1.139110593196113e-02 
 2.227999999999999e-09  5.046448449412377e-03 
 2.231999999999999e-09  2.145939083892712e-02 
 2.235999999999999e-09  3.777980326877906e-02 
 2.239999999999999e-09  5.393800008793637e-02 
 2.243999999999999e-09  6.986490173116300e-02 
 2.247999999999999e-09  8.549350705000913e-02 
 2.251999999999999e-09  1.007591393878253e-01 
 2.255999999999999e-09  1.155997308814172e-01 
 2.259999999999999e-09  1.299559270075035e-01 
 2.263999999999999e-09  1.437713172578015e-01 
 2.267999999999999e-09  1.569925794705904e-01 
 2.271999999999999e-09  1.695696674885538e-01 
 2.275999999999999e-09  1.814559190064879e-01 
 2.279999999999999e-09  1.926081628090726e-01 
 2.283999999999999e-09  2.029867560910028e-01 
 2.287999999999999e-09  2.125556068517240e-01 
 2.291999999999999e-09  2.212821417841719e-01 
 2.295999999999999e-09  2.291372605415183e-01 
 2.299999999999999e-09  2.360952540660510e-01 
 2.303999999999999e-09  2.421337187575952e-01 
 2.307999999999999e-09  2.472334543234018e-01 
 2.311999999999999e-09  2.513783702856340e-01 
 2.315999999999999e-09  2.545553944355294e-01 
 2.319999999999999e-09  2.567544021909793e-01 
 2.323999999999999e-09  2.579681621904821e-01 
 2.327999999999999e-09  2.581923111807991e-01 
 2.331999999999999e-09  2.574253532001498e-01 
 2.335999999999999e-09  2.556686903042884e-01 
 2.339999999999999e-09  2.529266781549051e-01 
 2.343999999999999e-09  2.492067083946989e-01 
 2.347999999999999e-09  2.445193091154381e-01 
 2.351999999999999e-09  2.388782610778462e-01 
 2.355999999999999e-09  2.323007195413953e-01 
 2.359999999999999e-09  2.248073366534400e-01 
 2.363999999999999e-09  2.164223739659690e-01 
 2.367999999999999e-09  2.071737990919036e-01 
 2.371999999999999e-09  1.970933571873257e-01 
 2.375999999999999e-09  1.862166119472435e-01 
 2.379999999999999e-09  1.745829489076871e-01 
 2.383999999999999e-09  1.622355377354197e-01 
 2.387999999999999e-09  1.492212492895431e-01 
 2.391999999999999e-09  1.355905264816037e-01 
 2.395999999999999e-09  1.213972076864462e-01 
 2.399999999999999e-09  1.066983042705205e-01 
 2.403999999999999e-09  9.155373371066489e-02 
 2.407999999999999e-09  7.602601198171799e-02 
 2.411999999999999e-09  6.017990885217639e-02 
 2.415999999999999e-09  4.408207125983932e-02 
 2.419999999999999e-09  2.779940716366003e-02 
 2.423999999999999e-09  1.140348333639940e-02 
 2.427999999999999e-09 -5.034241762503111e-03 
 2.431999999999999e-09 -2.144735630108707e-02 
 2.435999999999999e-09 -3.776794229476765e-02 
 2.439999999999999e-09 -5.392631391065805e-02 
 2.443999999999999e-09 -6.985339130038515e-02 
 2.447999999999999e-09 -8.548217299471883e-02 
 2.451999999999999e-09 -1.007479819902093e-01 
 2.455999999999999e-09 -1.155887500621748e-01 
 2.459999999999999e-09 -1.299451223138690e-01 
 2.463999999999999e-09 -1.437606878556763e-01 
 2.467999999999999e-09 -1.569821241413387e-01 
 2.471999999999998e-09 -1.695593846315311e-01 
 2.475999999999998e-09 -1.814458066463418e-01 
 2.479999999999998e-09 -1.925982186086426e-01 
 2.483999999999998e-09 -2.029769773708936e-01 
 2.487999999999998e-09 -2.125459906147726e-01 
 2.491999999999998e-09 -2.212726847453235e-01 
 2.495999999999998e-09 -2.291279591638520e-01 
 2.499999999999998e-09 -2.360861045998544e-01 
 2.503999999999998e-09 -2.421247172845997e-01 
 2.507999999999998e-09 -2.472245968020339e-01 
 2.511999999999998e-09 -2.513696526000879e-01 
 2.515999999999998e-09 -2.545468124441195e-01 
 2.519999999999998e-09 -2.567459517760369e-01 
 2.523999999999998e-09 -2.579598393064388e-01 
 2.527999999999998e-09 -2.581841118994745e-01 
 2.531999999999998e-09 -2.574172737534977e-01 
 2.535999999999998e-09 -2.556607271242148e-01 
 2.539999999999998e-09 -2.529188279058050e-01 
 2.543999999999998e-09 -2.491989680028128e-01 
 2.547999999999998e-09 -2.445116757911008e-01 
 2.551999999999998e-09 -2.388707323323622e-01 
 2.555999999999998e-09 -2.322932931979929e-01 
 2.559999999999998e-09 -2.248000108504393e-01 
 2.563999999999998e-09 -2.164151471566018e-01 
 2.567999999999998e-09 -2.071666700354040e-01 
 2.571999999999998e-09 -1.970863249383044e-01 
 2.575999999999998e-09 -1.862096758386746e-01 
 2.579999999999998e-09 -1.745761085301507e-01 
 2.583999999999998e-09 -1.622287929131057e-01 
 2.587999999999998e-09 -1.492146000553651e-01 
 2.591999999999998e-09 -1.355839730480746e-01 
 2.595999999999998e-09 -1.213907504171567e-01 
 2.599999999999998e-09 -1.066919436493219e-01 
 2.603999999999998e-09 -9.154747031202293e-02 
 2.607999999999998e-09 -7.601984643992976e-02 
 2.611999999999998e-09 -6.017384183186536e-02 
 2.615999999999998e-09 -4.407610342658064e-02 
 2.619999999999998e-09 -2.779353917652516e-02 
 2.623999999999998e-09 -1.139771573927328e-02 
 2.627999999999998e-09  5.039908557907147e-03 
 2.631999999999998e-09  2.145292191842163e-02 
 2.635999999999998e-09  3.777340642441462e-02 
 2.639999999999998e-09  5.393167638114171e-02 
 2.643999999999998e-09  6.985865212328957e-02 
 2.647999999999998e-09  8.548733238306117e-02 
 2.651999999999998e-09  1.007530403723127e-01 
 2.655999999999998e-09  1.155937080920499e-01 
 2.659999999999998e-09  1.299499808788664e-01 
 2.663999999999998e-09  1.437654480837143e-01 
 2.667999999999998e-09  1.569867874044166e-01 
 2.671999999999998e-09  1.695639525471293e-01 
 2.675999999999998e-09  1.814502810760388e-01 
 2.679999999999998e-09  1.926026016522218e-01 
 2.683999999999998e-09  2.029812713580719e-01 
 2.687999999999998e-09  2.125501980918143e-01 
 2.691999999999998e-09  2.212768084594459e-01 
 2.695999999999998e-09  2.291320020429288e-01 
 2.699999999999998e-09  2.360900697303736e-01 
 2.703999999999998e-09  2.421286078840361e-01 
 2.707999999999998e-09  2.472284161919103e-01 
 2.711999999999998e-09  2.513734041736879e-01 
 2.715999999999998e-09  2.545504996358654e-01 
 2.719999999999998e-09  2.567495780268920e-01 
 2.723999999999998e-09  2.579634080307114e-01 
 2.727999999999998e-09  2.581876264529486e-01 
 2.731999999999998e-09  2.574207374004456e-01 
 2.735999999999998e-09  2.556641430077555e-01 
 2.739999999999998e-09  2.529221990205157e-01 
 2.743999999999998e-09  2.492022971700742e-01 
 2.747999999999998e-09  2.445149656385095e-01 
 2.751999999999998e-09  2.388739852766273e-01 
 2.755999999999998e-09  2.322965114308209e-01 
 2.759999999999998e-09  2.248031963312820e-01 
 2.763999999999997e-09  2.164183016072752e-01 
 2.767999999999997e-09  2.071697949407532e-01 
 2.771999999999997e-09  1.970894215483443e-01 
 2.775999999999997e-09  1.862127451769786e-01 
 2.779999999999997e-09  1.745791514040826e-01 
 2.783999999999997e-09  1.622318099261641e-01 
 2.787999999999997e-09  1.492175916231204e-01 
 2.791999999999997e-09  1.355869394148379e-01 
 2.795999999999997e-09  1.213936916739757e-01 
 2.799999999999997e-09  1.066948597534365e-01 
 2.803999999999997e-09  9.155036110489645e-02 
 2.807999999999997e-09  7.602271166725405e-02 
 2.811999999999997e-09  6.017668116168817e-02 
 2.815999999999997e-09  4.407891646663753e-02 
 2.819999999999997e-09  2.779632547689292e-02 
 2.823999999999997e-09  1.140047485683837e-02 
 2.827999999999997e-09 -5.037177044329155e-03 
 2.831999999999997e-09 -2.145021847143624e-02 
 2.835999999999997e-09 -3.777073153122856e-02 
 2.839999999999997e-09 -5.392903051478104e-02 
 2.843999999999997e-09 -6.985603571851406e-02 
 2.847999999999997e-09 -8.548474582955023e-02 
 2.851999999999997e-09 -1.007504840079663e-01 
 2.855999999999997e-09 -1.155911822026332e-01 
 2.859999999999997e-09 -1.299474856963050e-01 
 2.863999999999997e-09 -1.437629837852992e-01 
 2.867999999999997e-09 -1.569843541141918e-01 
 2.871999999999997e-09 -1.695615503375958e-01 
 2.875999999999997e-09 -1.814479099689641e-01 
 2.879999999999997e-09 -1.926002616238507e-01 
 2.883999999999997e-09 -2.029789623424185e-01 
 2.887999999999997e-09 -2.125479199861517e-01 
 2.891999999999997e-09 -2.212745611299498e-01 
 2.895999999999997e-09 -2.291297853305776e-01 
 2.899999999999997e-09 -2.360878834581557e-01 
 2.903999999999997e-09 -2.421264518628745e-01 
 2.907999999999997e-09 -2.472262902277365e-01 
 2.911999999999997e-09 -2.513713080750546e-01 
 2.915999999999997e-09 -2.545484332192920e-01 
 2.919999999999997e-09 -2.567475411234237e-01 
 2.923999999999997e-09 -2.579614004906341e-01 
 2.927999999999997e-09 -2.581856481502014e-01 
 2.931999999999997e-09 -2.574187882373629e-01 
 2.935999999999997e-09 -2.556622229166259e-01 
 2.939999999999997e-09 -2.529203079660924e-01 
 2.943999999999997e-09 -2.492004351502322e-01 
 2.947999999999997e-09 -2.445131326843686e-01 
 2.951999999999997e-09 -2.388721814514703e-01 
 2.955999999999997e-09 -2.322947368285895e-01 
 2.959999999999997e-09 -2.248014510738141e-01 
 2.963999999999997e-09 -2.164165858417579e-01 
 2.967999999999997e-09 -2.071681088366422e-01 
 2.971999999999997e-09 -1.970877652936358e-01 
 2.975999999999997e-09 -1.862111189728997e-01 
 2.979999999999997e-09 -1.745775554623963e-01 
 2.983999999999997e-09 -1.622302444646806e-01 
 2.987999999999997e-09 -1.492160568607810e-01 
 2.991999999999997e-09 -1.355854355681960e-01 
 2.995999999999997e-09 -1.213922189523542e-01 
 2.999999999999997e-09 -1.066934183535606e-01 
 3.003999999999997e-09 -9.154895120938189e-02 
 3.007999999999997e-09 -7.602133343751305e-02 
 3.011999999999997e-09 -6.017533473465875e-02 
 3.015999999999997e-09 -4.407760195072363e-02 
 3.019999999999997e-09 -2.779504294827984e-02 
 3.023999999999997e-09 -1.139922434413876e-02 
 3.027999999999997e-09  5.038395562660725e-03 
 3.031999999999997e-09  2.145140505254250e-02 
 3.035999999999997e-09  3.777188627416805e-02 
 3.039999999999997e-09  5.393015357500097e-02 
 3.043999999999997e-09  6.985712731583238e-02 
 3.047999999999997e-09  8.548580625114965e-02 
 3.051999999999996e-09  1.007515136140213e-01 
 3.055999999999996e-09  1.155921814291929e-01 
 3.059999999999996e-09  1.299484550582428e-01 
 3.063999999999996e-09  1.437639238795696e-01 
 3.067999999999996e-09  1.569852656224393e-01 
 3.071999999999996e-09  1.695624340262656e-01 
 3.075999999999996e-09  1.814487666909148e-01 
 3.079999999999996e-09  1.926010923169286e-01 
 3.083999999999996e-09  2.029797680270340e-01 
 3.087999999999996e-09  2.125487017627172e-01 
 3.091999999999996e-09  2.212753201748916e-01 
 3.095999999999996e-09  2.291305228894169e-01 
 3.099999999999996e-09  2.360886008380316e-01 
 3.103999999999996e-09  2.421271504261076e-01 
 3.107999999999996e-09  2.472269713805313e-01 
 3.111999999999996e-09  2.513719732574473e-01 
 3.115999999999996e-09  2.545490838931987e-01 
 3.119999999999996e-09  2.567481787610155e-01 
 3.123999999999996e-09  2.579620265624047e-01 
 3.127999999999996e-09  2.581862641111203e-01 
 3.131999999999996e-09  2.574193955147241e-01 
 3.135999999999996e-09  2.556628228983699e-01 
 3.139999999999996e-09  2.529209019888010e-01 
 3.143999999999996e-09  2.492010244885039e-01 
 3.147999999999996e-09  2.445137185415038e-01 
 3.151999999999996e-09  2.388727649502829e-01 
 3.155999999999996e-09  2.322953190066637e-01 
 3.159999999999996e-09  2.248020328768006e-01 
 3.163999999999996e-09  2.164171681207536e-01 
 3.167999999999996e-09  2.071686923459022e-01 
 3.171999999999996e-09  1.970883506900893e-01 
 3.175999999999996e-09  1.862117068187166e-01 
 3.179999999999996e-09  1.745781462266769e-01 
 3.183999999999996e-09  1.622308385275093e-01 
 3.187999999999996e-09  1.492166545174705e-01 
 3.191999999999996e-09  1.355860370355533e-01 
 3.195999999999996e-09  1.213928243745048e-01 
 3.199999999999996e-09  1.066940278084525e-01 
 3.203999999999996e-09  9.154956471475817e-02 
 3.207999999999996e-09  7.602195095802067e-02 
 3.211999999999996e-09  6.017595618737559e-02 
 3.215999999999996e-09  4.407822721176746e-02 
 3.219999999999996e-09  2.779567185184550e-02 
 3.223999999999996e-09  1.139985670421328e-02 
 3.227999999999996e-09 -5.037759947863485e-03 
 3.231999999999996e-09 -2.145076641944232e-02 
 3.235999999999996e-09 -3.777124489262196e-02 
 3.239999999999996e-09 -5.392950973523725e-02 
 3.243999999999996e-09 -6.985648132162847e-02 
 3.247999999999996e-09 -8.548515842043436e-02 
 3.251999999999996e-09 -1.007508642770834e-01 
 3.255999999999996e-09 -1.155915309291897e-01 
 3.259999999999996e-09 -1.299478037534252e-01 
 3.263999999999996e-09 -1.437632721439925e-01 
 3.267999999999996e-09 -1.569846138471465e-01 
 3.271999999999996e-09 -1.695617826209879e-01 
 3.275999999999996e-09 -1.814481160846722e-01 
 3.279999999999996e-09 -1.926004429598089e-01 
 3.283999999999996e-09 -2.029791203916318e-01 
 3.287999999999996e-09 -2.125480563440330e-01 
 3.291999999999996e-09 -2.212746774902024e-01 
 3.295999999999996e-09 -2.291298834795581e-01 
 3.299999999999996e-09 -2.360879652665007e-01 
 3.303999999999996e-09 -2.421265192766102e-01 
 3.307999999999996e-09 -2.472263452574446e-01 
 3.311999999999996e-09 -2.513713527811217e-01 
 3.315999999999996e-09 -2.545484697005556e-01 
 3.319999999999996e-09 -2.567475714995897e-01 
 3.323999999999996e-09 -2.579614268871688e-01 
 3.327999999999996e-09 -2.581856726809242e-01 
 3.331999999999996e-09 -2.574188129875217e-01 
 3.335999999999996e-09 -2.556622499258594e-01 
 3.339999999999995e-09 -2.529203392118773e-01 
 3.343999999999995e-09 -2.492004725334667e-01 
 3.347999999999995e-09 -2.445131780134757e-01 
 3.351999999999995e-09 -2.388722364312317e-01 
 3.355999999999995e-09 -2.322948030483880e-01 
 3.359999999999995e-09 -2.248015299998638e-01 
 3.363999999999995e-09 -2.164166788104960e-01 
 3.367999999999995e-09 -2.071682170491318e-01 
 3.371999999999995e-09 -1.970878898155264e-01 
 3.375999999999995e-09 -1.862112607337401e-01 
 3.379999999999995e-09 -1.745777152577630e-01 
 3.383999999999995e-09 -1.622304229597038e-01 
 3.387999999999995e-09 -1.492162545955553e-01 
 3.391999999999995e-09 -1.355856529637123e-01 
 3.395999999999995e-09 -1.213924563179036e-01 
 3.399999999999995e-09 -1.066936758950421e-01 
 3.403999999999995e-09 -9.154922903536367e-02 
 3.407999999999995e-09 -7.602163156789032e-02 
 3.411999999999995e-09 -6.017565310860107e-02 
 3.415999999999995e-09 -4.407794043201640e-02 
 3.419999999999995e-09 -2.779540132375047e-02 
 3.423999999999995e-09 -1.139960234880277e-02 
 3.427999999999995e-09  5.037998238647923e-03 
 3.431999999999995e-09  2.145098878840912e-02 
 3.435999999999995e-09  3.777145151683303e-02 
 3.439999999999995e-09  5.392970082758897e-02 
 3.443999999999995e-09  6.985665713153555e-02 
 3.447999999999995e-09  8.548531923309799e-02 
 3.451999999999995e-09  1.007510104183380e-01 
 3.455999999999995e-09  1.155916627645173e-01 
 3.459999999999995e-09  1.299479216920245e-01 
 3.463999999999995e-09  1.437633766397362e-01 
 3.467999999999995e-09  1.569847054000970e-01 
 3.471999999999995e-09  1.695618617793491e-01 
 3.475999999999995e-09  1.814481834450077e-01 
 3.479999999999995e-09  1.926004991675567e-01 
 3.483999999999995e-09  2.029791661402851e-01 
 3.487999999999995e-09  2.125480923743210e-01 
 3.491999999999995e-09  2.212747045886676e-01 
 3.495999999999995e-09  2.291299024753553e-01 
 3.499999999999995e-09  2.360879770271600e-01 
 3.503999999999995e-09  2.421265247058024e-01 
 3.507999999999995e-09  2.472263452869907e-01 
 3.511999999999995e-09  2.513713483689728e-01 
 3.515999999999995e-09  2.545484618192297e-01 
 3.519999999999995e-09  2.567475611339205e-01 
 3.523999999999995e-09  2.579614150235463e-01 
 3.527999999999995e-09  2.581856603017159e-01 
 3.531999999999995e-09  2.574188010608567e-01 
 3.535999999999995e-09  2.556622394000192e-01 
 3.539999999999995e-09  2.529203310064232e-01 
 3.543999999999995e-09  2.492004675324551e-01 
 3.547999999999995e-09  2.445131770587725e-01 
 3.551999999999995e-09  2.388722403156567e-01 
 3.555999999999995e-09  2.322948125127899e-01 
 3.559999999999995e-09  2.248015457278978e-01 
 3.563999999999995e-09  2.164167014246985e-01 
 3.567999999999995e-09  2.071682471116638e-01 
 3.571999999999995e-09  1.970879278234170e-01 
 3.575999999999995e-09  1.862113071223419e-01 
 3.579999999999995e-09  1.745777703994147e-01 
 3.583999999999995e-09  1.622304871662283e-01 
 3.587999999999995e-09  1.492163281204926e-01 
 3.591999999999995e-09  1.355857360061368e-01 
 3.595999999999995e-09  1.213925490242129e-01 
 3.599999999999995e-09  1.066937783629562e-01 
 3.603999999999995e-09  9.154934131775505e-02 
 3.607999999999995e-09  7.602175367649355e-02 
 3.611999999999995e-09  6.017578501569432e-02 
 3.615999999999995e-09  4.407808207583841e-02 
 3.619999999999995e-09  2.779555260610245e-02 
 3.623999999999995e-09  1.139976314742519e-02 
 3.627999999999995e-09 -5.037828068899408e-03 
 3.631999999999994e-09 -2.145080942426336e-02 
 3.635999999999994e-09 -3.777126316756529e-02 
 3.639999999999994e-09 -5.392950372887206e-02 
 3.643999999999994e-09 -6.985645154343345e-02 
 3.647999999999994e-09 -8.548510544022037e-02 
 3.651999999999994e-09 -1.007507887289867e-01 
 3.655999999999994e-09 -1.155914335144184e-01 
 3.659999999999994e-09 -1.299476852439714e-01 
 3.663999999999994e-09 -1.437631333863276e-01 
 3.667999999999994e-09 -1.569844557642313e-01 
 3.671999999999994e-09 -1.695616062152894e-01 
 3.675999999999994e-09 -1.814479224401917e-01 
 3.679999999999994e-09 -1.926002332428780e-01 
 3.683999999999994e-09 -2.029788958504115e-01 
 3.687999999999994e-09 -2.125478183076135e-01 
 3.691999999999994e-09 -2.212744273654641e-01 
 3.695999999999994e-09 -2.291296227473731e-01 
 3.699999999999994e-09 -2.360876954763349e-01 
 3.703999999999994e-09 -2.421262420400661e-01 
 3.707999999999994e-09 -2.472260622382958e-01 
 3.711999999999994e-09 -2.513710656880874e-01 
 3.715999999999994e-09 -2.545481802735297e-01 
 3.719999999999994e-09 -2.567472814995018e-01 
 3.723999999999994e-09 -2.579611380823568e-01 
 3.727999999999995e-09 -2.581853868335233e-01 
 3.731999999999995e-09 -2.574185318401343e-01 
 3.735999999999995e-09 -2.556619751874758e-01 
 3.739999999999996e-09 -2.529200725443905e-01 
 3.743999999999996e-09 -2.492002155380282e-01 
 3.747999999999997e-09 -2.445129322201389e-01 
 3.751999999999997e-09 -2.388720032862208e-01 
 3.755999999999997e-09 -2.322945839061550e-01 
 3.759999999999998e-09 -2.248013261153745e-01 
 3.763999999999998e-09 -2.164164913322684e-01 
 3.767999999999999e-09 -2.071680470167339e-01 
 3.771999999999999e-09 -1.970877381559015e-01 
 3.775999999999999e-09 -1.862111282618395e-01 
 3.780000000000000e-09 -1.745776026766892e-01 
 3.784000000000000e-09 -1.622303308639772e-01 
 3.788000000000001e-09 -1.492161834740893e-01 
 3.792000000000001e-09 -1.355856032052989e-01 
 3.796000000000001e-09 -1.213924282157057e-01 
 3.800000000000002e-09 -1.066936696528051e-01 
 3.804000000000002e-09 -9.154924477281590e-02 
 3.808000000000003e-09 -7.602166932763943e-02 
 3.812000000000003e-09 -6.017571285920020e-02 
 3.816000000000003e-09 -4.407802207596934e-02 
 3.820000000000004e-09 -2.779550469328917e-02 
 3.824000000000004e-09 -1.139972722536431e-02 
 3.828000000000005e-09  5.037852119881947e-03 
 3.832000000000005e-09  2.145082175592083e-02 
 3.836000000000005e-09  3.777126396271058e-02 
 3.840000000000006e-09  5.392949319993345e-02 
 3.844000000000006e-09  6.985642993073515e-02 
 3.848000000000007e-09  8.548507301246300e-02 
 3.852000000000007e-09  1.007507457852670e-01 
 3.856000000000007e-09  1.155913803854283e-01 
 3.860000000000008e-09  1.299476222930860e-01 
 3.864000000000008e-09  1.437630610114544e-01 
 3.868000000000009e-09  1.569843743994657e-01 
 3.872000000000009e-09  1.695615163322657e-01 
 3.876000000000009e-09  1.814478245484459e-01 
 3.880000000000010e-09  1.926001278902358e-01 
 3.884000000000010e-09  2.029787836229140e-01 
 3.888000000000011e-09  2.125476998293587e-01 
 3.892000000000011e-09  2.212743032969899e-01 
 3.896000000000011e-09  2.291294937847073e-01 
 3.900000000000012e-09  2.360875623468064e-01 
 3.904000000000012e-09  2.421261054997998e-01 
 3.908000000000013e-09  2.472259230688569e-01 
 3.912000000000013e-09  2.513709246913540e-01 
 3.916000000000013e-09  2.545480382663761e-01 
 3.920000000000014e-09  2.567471393088006e-01 
 3.924000000000014e-09  2.579609965383929e-01 
 3.928000000000015e-09  2.581852467643935e-01 
 3.932000000000015e-09  2.574183940645747e-01 
 3.936000000000015e-09  2.556618405076019e-01 
 3.940000000000016e-09  2.529199417410046e-01 
 3.944000000000016e-09  2.492000893640092e-01 
 3.948000000000017e-09  2.445128113938375e-01 
 3.952000000000017e-09  2.388718884872605e-01 
 3.956000000000017e-09  2.322944757719485e-01 
 3.960000000000018e-09  2.248012252356060e-01 
 3.964000000000018e-09  2.164163982469227e-01 
 3.968000000000019e-09  2.071679622152005e-01 
 3.972000000000019e-09  1.970876620743320e-01 
 3.976000000000019e-09  1.862110612836743e-01 
 3.980000000000020e-09  1.745775451325882e-01 
 3.984000000000020e-09  1.622302830338160e-01 
 3.988000000000021e-09  1.492161455885617e-01 
 3.992000000000021e-09  1.355855754478217e-01 
 3.996000000000021e-09  1.213924107243258e-01 
 4.000000000000022e-09  1.066936625241803e-01 
 4.004000000000022e-09  9.154924806365727e-02 
 4.008000000000023e-09  7.602168305756063e-02 
 4.012000000000023e-09  6.017573701528445e-02 
 4.016000000000023e-09  4.407805661217168e-02 
 4.020000000000024e-09  2.779554953082020e-02 
 4.024000000000024e-09  1.139978226150085e-02 
 4.028000000000025e-09 -5.037787009527506e-03 
 4.032000000000025e-09 -2.145074672549629e-02 
 4.036000000000025e-09 -3.777117919735051e-02 
 4.040000000000026e-09 -5.392939891039195e-02 
 4.044000000000026e-09 -6.985632635266814e-02 
 4.048000000000027e-09 -8.548496040688480e-02 
 4.052000000000027e-09 -1.007506244386542e-01 
 4.056000000000027e-09 -1.155912506119403e-01 
 4.060000000000028e-09 -1.299474844358599e-01 
 4.064000000000028e-09 -1.437629154429674e-01 
 4.068000000000029e-09 -1.569842215241186e-01 
 4.072000000000029e-09 -1.695613565875576e-01 
 4.076000000000029e-09 -1.814476584053386e-01 
 4.080000000000030e-09 -1.925999558539884e-01 
 4.084000000000030e-09 -2.029786062322048e-01 
 4.088000000000031e-09 -2.125475176573186e-01 
 4.092000000000031e-09 -2.212741169491363e-01 
 4.096000000000031e-09 -2.291293038976003e-01 
 4.100000000000032e-09 -2.360873695861851e-01 
 4.104000000000032e-09 -2.421259105582048e-01 
 4.108000000000033e-09 -2.472257266616382e-01 
 4.112000000000033e-09 -2.513707275521495e-01 
 4.116000000000033e-09 -2.545478411437636e-01 
 4.120000000000034e-09 -2.567469429602383e-01 
 4.124000000000034e-09 -2.579608017257038e-01 
 4.128000000000035e-09 -2.581850542474879e-01 
 4.132000000000035e-09 -2.574182045952969e-01 
 4.136000000000035e-09 -2.556616548254953e-01 
 4.140000000000036e-09 -2.529197605651297e-01 
 4.144000000000036e-09 -2.491999133887026e-01 
 4.148000000000037e-09 -2.445126412833083e-01 
 4.152000000000037e-09 -2.388717248711032e-01 
 4.156000000000037e-09 -2.322943192407561e-01 
 4.160000000000038e-09 -2.248010763376751e-01 
 4.164000000000038e-09 -2.164162574861552e-01 
 4.168000000000039e-09 -2.071678300475304e-01 
 4.172000000000039e-09 -1.970875389083933e-01 
 4.176000000000039e-09 -1.862109474798501e-01 
 4.180000000000040e-09 -1.745774410036107e-01 
 4.184000000000040e-09 -1.622301888448456e-01 
 4.188000000000041e-09 -1.492160615592022e-01 
 4.192000000000041e-09 -1.355855017536944e-01 
 4.196000000000041e-09 -1.213923475003140e-01 
 4.200000000000042e-09 -1.066936098652773e-01 
 4.204000000000042e-09 -9.154920602821193e-02 
 4.208000000000043e-09 -7.602165166986374e-02 
 4.212000000000043e-09 -6.017571626620200e-02 
 4.216000000000043e-09 -4.407804646286095e-02 
 4.220000000000044e-09 -2.779554991187982e-02 
 4.224000000000044e-09 -1.139979307868355e-02 
 4.228000000000045e-09  5.037765871945155e-03 
 4.232000000000045e-09  2.145071541164345e-02 
 4.236000000000045e-09  3.777113788064312e-02 
 4.240000000000046e-09  5.392934779035130e-02 
 4.244000000000046e-09  6.985626565420500e-02 
 4.248000000000047e-09  8.548489037986862e-02 
 4.252000000000047e-09  1.007505453593796e-01 
 4.256000000000047e-09  1.155911627841526e-01 
 4.260000000000048e-09  1.299473881920168e-01 
 4.264000000000048e-09  1.437628111468117e-01 
 4.268000000000049e-09  1.569841095712885e-01 
 4.272000000000049e-09  1.695612374057180e-01 
 4.276000000000049e-09  1.814475324563505e-01 
 4.280000000000050e-09  1.925998236337856e-01 
 4.284000000000050e-09  2.029784682709623e-01 
 4.288000000000051e-09  2.125473745189641e-01 
 4.292000000000051e-09  2.212739692298777e-01 
 4.296000000000051e-09  2.291291522252084e-01 
 4.300000000000052e-09  2.360872146167692e-01 
 4.304000000000052e-09  2.421257529741725e-01 
 4.308000000000053e-09  2.472255671676766e-01 
 4.312000000000053e-09  2.513705668722055e-01 
 4.316000000000053e-09  2.545476800149302e-01 
 4.320000000000054e-09  2.567467821294769e-01 
 4.324000000000054e-09  2.579606419426053e-01 
 4.328000000000055e-09  2.581848962599895e-01 
 4.332000000000055e-09  2.574180491436049e-01 
 4.336000000000055e-09  2.556615026354550e-01 
 4.340000000000056e-09  2.529196123435771e-01 
 4.344000000000056e-09  2.491997698172983e-01 
 4.348000000000057e-09  2.445125030133166e-01 
 4.352000000000057e-09  2.388715925200913e-01 
 4.356000000000057e-09  2.322941933865126e-01 
 4.360000000000058e-09  2.248009575167229e-01 
 4.364000000000058e-09  2.164161461901131e-01 
 4.368000000000059e-09  2.071677267222451e-01 
 4.372000000000059e-09  1.970874439524852e-01 
 4.376000000000059e-09  1.862108612426940e-01 
 4.380000000000060e-09  1.745773637894503e-01 
 4.384000000000060e-09  1.622301209104098e-01 
 4.388000000000061e-09  1.492160031167362e-01 
 4.392000000000061e-09  1.355854529729541e-01 
 4.396000000000061e-09  1.213923085094031e-01 
 4.400000000000062e-09  1.066935807547953e-01 
 4.404000000000062e-09  9.154918685243807e-02 
 4.408000000000063e-09  7.602164244961429e-02 
 4.412000000000063e-09  6.017571699105062e-02 
 4.416000000000063e-09  4.407805709290802e-02 
 4.420000000000064e-09  2.779557037776126e-02 
 4.424000000000064e-09  1.139982328674183e-02 
 4.428000000000065e-09 -5.037726033563672e-03 
 4.432000000000065e-09 -2.145066608480040e-02 
 4.436000000000065e-09 -3.777107923363143e-02 
 4.440000000000066e-09 -5.392928001724329e-02 
 4.444000000000066e-09 -6.985618897153856e-02 
 4.448000000000067e-09 -8.548480502850619e-02 
 4.452000000000067e-09 -1.007504516049451e-01 
 4.456000000000067e-09 -1.155910609176543e-01 
 4.460000000000068e-09 -1.299472785322680e-01 
 4.464000000000068e-09 -1.437626940414258e-01 
 4.468000000000069e-09 -1.569839853975381e-01 
 4.472000000000069e-09 -1.695611065718525e-01 
 4.476000000000069e-09 -1.814473954023654e-01 
 4.480000000000070e-09 -1.925996808315817e-01 
 4.484000000000070e-09 -2.029783202251636e-01 
 4.488000000000071e-09 -2.125472217654152e-01 
 4.492000000000071e-09 -2.212738123356690e-01 
 4.496000000000071e-09 -2.291289917869190e-01 
 4.500000000000072e-09 -2.360870512584139e-01 
 4.504000000000072e-09 -2.421255873438801e-01 
 4.508000000000073e-09 -2.472253999353131e-01 
 4.512000000000073e-09 -2.513703987254381e-01 
 4.516000000000073e-09 -2.545475116549021e-01 
 4.520000000000074e-09 -2.567466142654091e-01 
 4.524000000000074e-09 -2.579604752877691e-01 
 4.528000000000075e-09 -2.581847315256867e-01 
 4.532000000000075e-09 -2.574178870338359e-01 
 4.536000000000075e-09 -2.556613438413951e-01 
 4.540000000000076e-09 -2.529194575381222e-01 
 4.544000000000076e-09 -2.491996196497972e-01 
 4.548000000000077e-09 -2.445123581048330e-01 
 4.552000000000077e-09 -2.388714534584548e-01 
 4.556000000000077e-09 -2.322940607231505e-01 
 4.560000000000078e-09 -2.248008317630674e-01 
 4.564000000000078e-09 -2.164160278157086e-01 
 4.568000000000079e-09 -2.071676161524056e-01 
 4.572000000000079e-09 -1.970873415674523e-01 
 4.576000000000079e-09 -1.862107673785109e-01 
 4.580000000000080e-09 -1.745772787355326e-01 
 4.584000000000080e-09 -1.622300449132270e-01 
 4.588000000000081e-09 -1.492159363805117e-01 
 4.592000000000081e-09 -1.355853956596782e-01 
 4.596000000000081e-09 -1.213922607441420e-01 
 4.600000000000082e-09 -1.066935426243303e-01 
 4.604000000000082e-09 -9.154915840984046e-02 
 4.608000000000083e-09 -7.602162371611509e-02 
 4.612000000000083e-09 -6.017570795783289e-02 
 4.616000000000083e-09 -4.407805772308215e-02 
 4.620000000000084e-09 -2.779558060461174e-02 
 4.624000000000084e-09 -1.139984302286035e-02 
 4.628000000000085e-09  5.037696896233790e-03 
 4.632000000000085e-09  2.145062768092920e-02 
 4.636000000000085e-09  3.777103172466934e-02 
 4.640000000000086e-09  5.392922358821828e-02 
 4.644000000000086e-09  6.985612383135287e-02 
 4.648000000000087e-09  8.548473140839707e-02 
 4.652000000000087e-09  1.007503697596546e-01 
 4.656000000000087e-09  1.155909711282170e-01 
 4.660000000000088e-09  1.299471811060195e-01 
 4.664000000000088e-09  1.437625893136270e-01 
 4.668000000000089e-09  1.569838737318783e-01 
 4.672000000000089e-09  1.695609883629414e-01 
 4.676000000000089e-09  1.814472710751689e-01 
 4.680000000000090e-09  1.925995508423526e-01 
 4.684000000000090e-09  2.029781850620287e-01 
 4.688000000000091e-09  2.125470819466919e-01 
 4.692000000000091e-09  2.212736684104706e-01 
 4.696000000000091e-09  2.291288443312327e-01 
 4.700000000000092e-09  2.360869008759545e-01 
 4.704000000000092e-09  2.421254346619719e-01 
 4.708000000000093e-09  2.472252456024759e-01 
 4.712000000000093e-09  2.513702434062970e-01 
 4.716000000000093e-09  2.545473560280624e-01 
 4.720000000000094e-09  2.567464590171498e-01 
 4.724000000000094e-09  2.579603211080932e-01 
 4.728000000000095e-09  2.581845791024959e-01 
 4.732000000000095e-09  2.574177370477861e-01 
 4.736000000000095e-09  2.556611969603280e-01 
 4.740000000000096e-09  2.529193144122728e-01 
 4.744000000000096e-09  2.491994809068674e-01 
 4.748000000000097e-09  2.445122243449314e-01 
 4.752000000000097e-09  2.388713252492192e-01 
 4.756000000000097e-09  2.322939385974654e-01 
 4.760000000000098e-09  2.248007162149444e-01 
 4.764000000000098e-09  2.164159192986341e-01 
 4.768000000000099e-09  2.071675150768737e-01 
 4.772000000000099e-09  1.970872483001225e-01 
 4.776000000000099e-09  1.862106822430611e-01 
 4.780000000000100e-09  1.745772020120375e-01 
 4.784000000000100e-09  1.622299768390718e-01 
 4.788000000000101e-09  1.492158771512475e-01 
 4.792000000000101e-09  1.355853454326290e-01 
 4.796000000000101e-09  1.213922196379498e-01 
 4.800000000000102e-09  1.066935107230913e-01 
 4.804000000000102e-09  9.154913576441270e-02 
 4.808000000000103e-09  7.602161034582711e-02 
 4.812000000000103e-09  6.017570385376914e-02 
 4.816000000000103e-09  4.407806284941351e-02 
 4.820000000000104e-09  2.779559489629158e-02 
 4.824000000000104e-09  1.139986639520529e-02 
 4.828000000000105e-09 -5.037664547428378e-03 
 4.832000000000105e-09 -2.145058648524056e-02 
 4.836000000000105e-09 -3.777098183784311e-02 
 4.840000000000106e-09 -5.392916518906965e-02 
 4.844000000000106e-09 -6.985605712054088e-02 
 4.848000000000107e-09 -8.548465660796900e-02 
 4.852000000000107e-09 -1.007502871160950e-01 
 4.856000000000107e-09 -1.155908809109958e-01 
 4.860000000000108e-09 -1.299470836101122e-01 
 4.864000000000108e-09 -1.437624848609875e-01 
 4.868000000000109e-09 -1.569837626721675e-01 
 4.872000000000109e-09 -1.695608710738794e-01 
 4.876000000000109e-09 -1.814471479653257e-01 
 4.880000000000110e-09 -1.925994223498684e-01 
 4.884000000000110e-09 -2.029780516539974e-01 
 4.888000000000111e-09 -2.125469441211241e-01 
 4.892000000000111e-09 -2.212735266935306e-01 
 4.896000000000111e-09 -2.291286992764383e-01 
 4.900000000000112e-09 -2.360867530622914e-01 
 4.904000000000112e-09 -2.421252846909194e-01 
 4.908000000000113e-09 -2.472250940955760e-01 
 4.912000000000113e-09 -2.513700910020569e-01 
 4.916000000000113e-09 -2.545472033760969e-01 
 4.920000000000114e-09 -2.567463067760312e-01 
 4.924000000000114e-09 -2.579601699391598e-01 
 4.928000000000115e-09 -2.581844296657096e-01 
 4.932000000000115e-09 -2.574175899957833e-01 
 4.936000000000115e-09 -2.556610529344523e-01 
 4.940000000000116e-09 -2.529191740365855e-01 
 4.944000000000116e-09 -2.491993447830001e-01 
 4.948000000000117e-09 -2.445120930482050e-01 
 4.952000000000117e-09 -2.388711993252906e-01 
 4.956000000000117e-09 -2.322938185575141e-01 
 4.960000000000118e-09 -2.248006025330844e-01 
 4.964000000000118e-09 -2.164158124096982e-01 
 4.968000000000119e-09 -2.071674153753129e-01 
 4.972000000000119e-09 -1.970871561388563e-01 
 4.976000000000119e-09 -1.862105979323907e-01 
 4.980000000000120e-09 -1.745771258207025e-01 
 4.984000000000120e-09 -1.622299089957897e-01 
 4.988000000000121e-09 -1.492158178444249e-01 
 4.992000000000121e-09 -1.355852948125671e-01 
 4.996000000000121e-09 -1.213921778193834e-01 
 5.000000000000122e-09 -1.066934777868909e-01 
 5.004000000000122e-09 -9.154911175958347e-02 
 5.008000000000122e-09 -7.602159529178465e-02 
 5.012000000000123e-09 -6.017569774162190e-02 
 5.016000000000123e-09 -4.407806564437244e-02 
 5.020000000000124e-09 -2.779560653766033e-02 
 5.024000000000124e-09 -1.139988680093751e-02 
 5.028000000000124e-09  5.037635477350477e-03 
 5.032000000000125e-09  2.145054887542308e-02 
 5.036000000000125e-09  3.777093583762259e-02 
 5.040000000000126e-09  5.392911097053954e-02 
 5.044000000000126e-09  6.985599487619609e-02 
 5.048000000000126e-09  8.548458655254443e-02 
 5.052000000000127e-09  1.007502094849171e-01 
 5.056000000000127e-09  1.155907959640476e-01 
 5.060000000000128e-09  1.299469916312361e-01 
 5.064000000000128e-09  1.437623861598301e-01 
 5.068000000000128e-09  1.569836575855481e-01 
 5.072000000000129e-09  1.695607599661084e-01 
 5.076000000000129e-09  1.814470312293412e-01 
 5.080000000000130e-09  1.925993004071440e-01 
 5.084000000000130e-09  2.029779249558166e-01 
 5.088000000000130e-09  2.125468131455834e-01 
 5.092000000000131e-09  2.212733919475172e-01 
 5.096000000000131e-09  2.291285612928697e-01 
 5.100000000000132e-09  2.360866123986547e-01 
 5.104000000000132e-09  2.421251419270618e-01 
 5.108000000000132e-09  2.472249498295647e-01 
 5.112000000000133e-09  2.513699458485024e-01 
 5.116000000000133e-09  2.545470579613138e-01 
 5.120000000000134e-09  2.567461617345652e-01 
 5.124000000000134e-09  2.579600259082300e-01 
 5.128000000000134e-09  2.581842872804978e-01 
 5.132000000000135e-09  2.574174498852837e-01 
 5.136000000000135e-09  2.556609157156373e-01 
 5.140000000000136e-09  2.529190403108972e-01 
 5.144000000000136e-09  2.491992151294560e-01 
 5.148000000000136e-09  2.445119680220040e-01 
 5.152000000000137e-09  2.388710794506417e-01 
 5.156000000000137e-09  2.322937043268580e-01 
 5.160000000000138e-09  2.248004944023383e-01 
 5.164000000000138e-09  2.164157107980733e-01 
 5.168000000000138e-09  2.071673206630607e-01 
 5.172000000000139e-09  1.970870686644277e-01 
 5.176000000000139e-09  1.862105179950406e-01 
 5.180000000000140e-09  1.745770536794753e-01 
 5.184000000000140e-09  1.622298448692918e-01 
 5.188000000000140e-09  1.492157619139123e-01 
 5.192000000000141e-09  1.355852472238812e-01 
 5.196000000000141e-09  1.213921386825110e-01 
 5.200000000000142e-09  1.066934471792234e-01 
 5.204000000000142e-09  9.154908972810105e-02 
 5.208000000000142e-09  7.602158185495611e-02 
 5.212000000000143e-09  6.017569289126001e-02 
 5.216000000000143e-09  4.407806934686676e-02 
 5.220000000000144e-09  2.779561873405711e-02 
 5.224000000000144e-09  1.139990741224040e-02 
 5.228000000000144e-09 -5.037606546935081e-03 
 5.232000000000145e-09 -2.145051174632151e-02 
 5.236000000000145e-09 -3.777089065371264e-02 
 5.240000000000146e-09 -5.392905789652147e-02 
 5.244000000000146e-09 -6.985593409780755e-02 
 5.248000000000146e-09 -8.548451827558701e-02 
 5.252000000000147e-09 -1.007501339371117e-01 
 5.256000000000147e-09 -1.155907133944662e-01 
 5.260000000000148e-09 -1.299469023132778e-01 
 5.264000000000148e-09 -1.437622903908844e-01 
 5.268000000000148e-09 -1.569835556889654e-01 
 5.272000000000149e-09 -1.695606522931978e-01 
 5.276000000000149e-09 -1.814469181569409e-01 
 5.280000000000150e-09 -1.925991823409934e-01 
 5.284000000000150e-09 -2.029778023286140e-01 
 5.288000000000150e-09 -2.125466864184089e-01 
 5.292000000000151e-09 -2.212732616069761e-01 
 5.296000000000151e-09 -2.291284278518297e-01 
 5.300000000000152e-09 -2.360864763921136e-01 
 5.304000000000152e-09 -2.421250039123617e-01 
 5.308000000000152e-09 -2.472248103819090e-01 
 5.312000000000153e-09 -2.513698055584792e-01 
 5.316000000000153e-09 -2.545469174309716e-01 
 5.320000000000154e-09 -2.567460215726498e-01 
 5.324000000000154e-09 -2.579598867273580e-01 
 5.328000000000154e-09 -2.581841496915955e-01 
 5.332000000000155e-09 -2.574173144936285e-01 
 5.336000000000155e-09 -2.556607831139515e-01 
 5.340000000000156e-09 -2.529189110763814e-01 
 5.344000000000156e-09 -2.491990898202230e-01 
 5.348000000000156e-09 -2.445118471697083e-01 
 5.352000000000157e-09 -2.388709635606205e-01 
 5.356000000000157e-09 -2.322935938717898e-01 
 5.360000000000158e-09 -2.248003898225539e-01 
 5.364000000000158e-09 -2.164156124952994e-01 
 5.368000000000158e-09 -2.071672290019055e-01 
 5.372000000000159e-09 -1.970869839715110e-01 
 5.376000000000159e-09 -1.862104405573373e-01 
 5.380000000000160e-09 -1.745769837459124e-01 
 5.384000000000160e-09 -1.622297826506749e-01 
 5.388000000000160e-09 -1.492157075859719e-01 
 5.392000000000161e-09 -1.355852009248295e-01 
 5.396000000000161e-09 -1.213921005185323e-01 
 5.400000000000162e-09 -1.066934172250331e-01 
 5.404000000000162e-09 -9.154906802922902e-02 
 5.408000000000162e-09 -7.602156842905039e-02 
 5.412000000000163e-09 -6.017568772996817e-02 
 5.416000000000163e-09 -4.407807241896577e-02 
 5.420000000000164e-09 -2.779562998184026e-02 
 5.424000000000164e-09 -1.139992676042745e-02 
 5.428000000000164e-09  5.037579190775077e-03 
 5.432000000000165e-09  2.145047649740839e-02 
 5.436000000000165e-09  3.777084765075678e-02 
 5.440000000000166e-09  5.392900729865246e-02 
 5.444000000000166e-09  6.985587608262911e-02 
 5.448000000000166e-09  8.548445304162655e-02 
 5.452000000000167e-09  1.007500617022412e-01 
 5.456000000000167e-09  1.155906343998154e-01 
 5.460000000000168e-09  1.299468168202118e-01 
 5.464000000000168e-09  1.437621986866908e-01 
 5.468000000000168e-09  1.569834580853335e-01 
 5.472000000000169e-09  1.695605491264631e-01 
 5.476000000000169e-09  1.814468097905495e-01 
 5.480000000000170e-09  1.925990691645971e-01 
 5.484000000000170e-09  2.029776847591300e-01 
 5.488000000000170e-09  2.125465648987888e-01 
 5.492000000000171e-09  2.212731366059213e-01 
 5.496000000000171e-09  2.291282998620066e-01 
 5.500000000000172e-09  2.360863459291282e-01 
 5.504000000000172e-09  2.421248715117073e-01 
 5.508000000000172e-09  2.472246765974266e-01 
 5.512000000000173e-09  2.513696709586357e-01 
 5.516000000000173e-09  2.545467825951440e-01 
 5.520000000000174e-09  2.567458870869923e-01 
 5.524000000000174e-09  2.579597531811482e-01 
 5.528000000000174e-09  2.581840176727854e-01 
 5.532000000000175e-09  2.574171845826554e-01 
 5.536000000000175e-09  2.556606558830505e-01 
 5.540000000000176e-09  2.529187870805645e-01 
 5.544000000000176e-09  2.491989695953354e-01 
 5.548000000000176e-09  2.445117312288900e-01 
 5.552000000000177e-09  2.388708523890100e-01 
 5.556000000000177e-09  2.322934879247236e-01 
 5.560000000000178e-09  2.248002895219035e-01 
 5.564000000000178e-09  2.164155182288434e-01 
 5.568000000000178e-09  2.071671411200686e-01 
 5.572000000000179e-09  1.970869027884294e-01 
 5.576000000000179e-09  1.862103663501991e-01 
 5.580000000000180e-09  1.745769167532503e-01 
 5.584000000000180e-09  1.622297230762522e-01 
 5.588000000000180e-09  1.492156555964446e-01 
 5.592000000000181e-09  1.355851566546686e-01 
 5.596000000000181e-09  1.213920640699389e-01 
 5.600000000000182e-09  1.066933886697310e-01 
 5.604000000000182e-09  9.154904741065373e-02 
 5.608000000000182e-09  7.602155576422476e-02 
 5.612000000000183e-09  6.017568301148302e-02 
 5.616000000000183e-09  4.407807561477206e-02 
 5.620000000000184e-09  2.779564103902388e-02 
 5.624000000000184e-09  1.139994560529978e-02 
 5.628000000000184e-09 -5.037552646996346e-03 
 5.632000000000185e-09 -2.145044236545068e-02 
 5.636000000000185e-09 -3.777080606431404e-02 
 5.640000000000186e-09 -5.392895841068324e-02 
 5.644000000000186e-09 -6.985582006424451e-02 
 5.648000000000186e-09 -8.548439008374231e-02 
 5.652000000000187e-09 -1.007499920146060e-01 
 5.656000000000187e-09 -1.155905582130750e-01 
 5.660000000000188e-09 -1.299467343878131e-01 
 5.664000000000188e-09 -1.437621102835251e-01 
 5.668000000000188e-09 -1.569833640108707e-01 
 5.672000000000189e-09 -1.695604497051386e-01 
 5.676000000000189e-09 -1.814467053713740e-01 
 5.680000000000190e-09 -1.925989601228126e-01 
 5.684000000000190e-09 -2.029775714952420e-01 
 5.688000000000190e-09 -2.125464478393235e-01 
 5.692000000000191e-09 -2.212730162009757e-01 
 5.696000000000191e-09 -2.291281765846236e-01 
 5.700000000000192e-09 -2.360862202761451e-01 
 5.704000000000192e-09 -2.421247439985108e-01 
 5.708000000000192e-09 -2.472245477565336e-01 
 5.712000000000193e-09 -2.513695413359280e-01 
 5.716000000000193e-09 -2.545466527476874e-01 
 5.720000000000194e-09 -2.567457575787837e-01 
 5.724000000000194e-09 -2.579596245788680e-01 
 5.728000000000194e-09 -2.581838905411680e-01 
 5.732000000000195e-09 -2.574170594810146e-01 
 5.736000000000195e-09 -2.556605333603474e-01 
 5.740000000000196e-09 -2.529186676714150e-01 
 5.744000000000196e-09 -2.491988538153058e-01 
 5.748000000000196e-09 -2.445116195704204e-01 
 5.752000000000197e-09 -2.388707453195891e-01 
 5.756000000000197e-09 -2.322933858810021e-01 
 5.760000000000198e-09 -2.248001929103634e-01 
 5.764000000000198e-09 -2.164154274218841e-01 
 5.768000000000198e-09 -2.071670564554688e-01 
 5.772000000000199e-09 -1.970868245685571e-01 
 5.776000000000199e-09 -1.862102948397295e-01 
 5.780000000000200e-09 -1.745768521834368e-01 
 5.784000000000200e-09 -1.622296656422373e-01 
 5.788000000000200e-09 -1.492156054593856e-01 
 5.792000000000201e-09 -1.355851139431756e-01 
 5.796000000000201e-09 -1.213920288829016e-01 
 5.800000000000202e-09 -1.066933610751200e-01 
 5.804000000000202e-09 -9.154902745109617e-02 
 5.808000000000202e-09 -7.602154345587842e-02 
 5.812000000000203e-09 -6.017567834745741e-02 
 5.816000000000203e-09 -4.407807856551571e-02 
 5.820000000000204e-09 -2.779565155141306e-02 
 5.824000000000204e-09 -1.139996360902629e-02 
 5.828000000000204e-09  5.037527237265138e-03 
 5.832000000000205e-09  2.145040965666745e-02 
 5.836000000000205e-09  3.777076618314723e-02 
 5.840000000000206e-09  5.392891150506429e-02 
 5.844000000000206e-09  6.985576629945989e-02 
 5.848000000000206e-09  8.548432964250097e-02 
 5.852000000000207e-09  1.007499250990342e-01 
 5.856000000000207e-09  1.155904850452760e-01 
 5.860000000000208e-09  1.299466552107802e-01 
 5.864000000000208e-09  1.437620253622836e-01 
 5.868000000000208e-09  1.569832736334043e-01 
 5.872000000000209e-09  1.695603541829600e-01 
 5.876000000000209e-09  1.814466050416588e-01 
 5.880000000000210e-09  1.925988553451825e-01 
 5.884000000000210e-09  2.029774626553209e-01 
 5.888000000000210e-09  2.125463353462589e-01 
 5.892000000000211e-09  2.212729004886329e-01 
 5.896000000000211e-09  2.291280581096542e-01 
 5.900000000000212e-09  2.360860995144787e-01 
 5.904000000000212e-09  2.421246214461044e-01 
 5.908000000000212e-09  2.472244239258723e-01 
 5.912000000000213e-09  2.513694167520899e-01 
 5.916000000000213e-09  2.545465279458834e-01 
 5.920000000000214e-09  2.567456331025506e-01 
 5.924000000000214e-09  2.579595009721765e-01 
 5.928000000000214e-09  2.581837683483696e-01 
 5.932000000000215e-09  2.574169392396155e-01 
 5.936000000000215e-09  2.556604155982531e-01 
 5.940000000000216e-09  2.529185529021989e-01 
 5.944000000000216e-09  2.491987425352682e-01 
 5.948000000000216e-09  2.445115122546242e-01 
 5.952000000000217e-09  2.388706424155163e-01 
 5.956000000000217e-09  2.322932878114354e-01 
 5.960000000000218e-09  2.248001000652309e-01 
 5.964000000000218e-09  2.164153401590534e-01 
 5.968000000000218e-09  2.071669751002858e-01 
 5.972000000000219e-09  1.970867494110564e-01 
 5.976000000000219e-09  1.862102261357830e-01 
 5.980000000000220e-09  1.745767901539210e-01 
 5.984000000000220e-09  1.622296104749399e-01 
 5.988000000000220e-09  1.492155573096685e-01 
 5.992000000000221e-09  1.355850729350578e-01 
 5.996000000000221e-09  1.213919951102298e-01 
 6.000000000000222e-09  1.066933346058754e-01 
 6.004000000000222e-09  9.154900832373869e-02 
 6.008000000000222e-09  7.602153168724790e-02 
 6.012000000000223e-09  6.017567393007361e-02 
 6.016000000000223e-09  4.407808147083614e-02 
 6.020000000000224e-09  2.779566172830705e-02 
 6.024000000000224e-09  1.139998099143469e-02 
 6.028000000000224e-09 -5.037502732799126e-03 
 6.032000000000225e-09 -2.145037813231276e-02 
 6.036000000000225e-09 -3.777072776258983e-02 
 6.040000000000226e-09 -5.392886632874472e-02 
 6.044000000000226e-09 -6.985571452653616e-02 
 6.048000000000226e-09 -8.548427144974369e-02 
 6.052000000000227e-09 -1.007498606800379e-01 
 6.056000000000227e-09 -1.155904146137328e-01 
 6.060000000000228e-09 -1.299465790006025e-01 
 6.064000000000228e-09 -1.437619436287836e-01 
 6.068000000000228e-09 -1.569831866529388e-01 
 6.072000000000229e-09 -1.695602622552554e-01 
 6.076000000000229e-09 -1.814465084894854e-01 
 6.080000000000230e-09 -1.925987545165189e-01 
 6.084000000000230e-09 -2.029773579201972e-01 
 6.088000000000230e-09 -2.125462270988603e-01 
 6.092000000000231e-09 -2.212727891457167e-01 
 6.096000000000231e-09 -2.291279441095826e-01 
 6.100000000000232e-09 -2.360859833161668e-01 
 6.104000000000232e-09 -2.421245035252508e-01 
 6.108000000000232e-09 -2.472243047758611e-01 
 6.112000000000233e-09 -2.513692968775534e-01 
 6.116000000000233e-09 -2.545464078631532e-01 
 6.120000000000234e-09 -2.567455133325633e-01 
 6.124000000000234e-09 -2.579593820400194e-01 
 6.128000000000234e-09 -2.581836507759356e-01 
 6.132000000000235e-09 -2.574168235454000e-01 
 6.136000000000235e-09 -2.556603022882824e-01 
 6.140000000000236e-09 -2.529184424723752e-01 
 6.144000000000236e-09 -2.491986354623488e-01 
 6.148000000000236e-09 -2.445114089931724e-01 
 6.152000000000237e-09 -2.388705433993668e-01 
 6.156000000000237e-09 -2.322931934443879e-01 
 6.160000000000238e-09 -2.248000107234365e-01 
 6.164000000000238e-09 -2.164152561871662e-01 
 6.168000000000238e-09 -2.071668968093636e-01 
 6.172000000000239e-09 -1.970866770815451e-01 
 6.176000000000239e-09 -1.862101600132293e-01 
 6.180000000000240e-09 -1.745767304512507e-01 
 6.184000000000240e-09 -1.622295573727044e-01 
 6.188000000000240e-09 -1.492155109570064e-01 
 6.192000000000241e-09 -1.355850334516919e-01 
 6.196000000000241e-09 -1.213919625865003e-01 
 6.200000000000242e-09 -1.066933091054505e-01 
 6.204000000000242e-09 -9.154898988605531e-02 
 6.208000000000242e-09 -7.602152032721143e-02 
 6.212000000000243e-09 -6.017566964004750e-02 
 6.216000000000243e-09 -4.407808422402759e-02 
 6.220000000000244e-09 -2.779567147658213e-02 
 6.224000000000244e-09 -1.139999766931687e-02 
 6.228000000000244e-09  5.037479203739537e-03 
 6.232000000000245e-09  2.145034785142208e-02 
 6.236000000000245e-09  3.777069084852869e-02 
 6.240000000000246e-09  5.392882291714507e-02 
 6.244000000000246e-09  6.985566476972238e-02 
 6.248000000000246e-09  8.548421551688534e-02 
 6.252000000000247e-09  1.007497987592476e-01 
 6.256000000000247e-09  1.155903469098334e-01 
 6.260000000000248e-09  1.299465057386762e-01 
 6.264000000000248e-09  1.437618650531967e-01 
 6.268000000000248e-09  1.569831030310436e-01 
 6.272000000000249e-09  1.695601738743520e-01 
 6.276000000000249e-09  1.814464156610622e-01 
 6.280000000000250e-09  1.925986575739307e-01 
 6.284000000000250e-09  2.029772572200779e-01 
 6.288000000000250e-09  2.125461230204584e-01 
 6.292000000000251e-09  2.212726820892881e-01 
 6.296000000000251e-09  2.291278344975183e-01 
 6.300000000000252e-09  2.360858715892955e-01 
 6.304000000000252e-09  2.421243901432777e-01 
 6.308000000000252e-09  2.472241902102503e-01 
 6.312000000000253e-09  2.513691816161627e-01 
 6.316000000000253e-09  2.545462924014694e-01 
 6.320000000000254e-09  2.567453981713330e-01 
 6.324000000000254e-09  2.579592676837468e-01 
 6.328000000000254e-09  2.581835377275798e-01 
 6.332000000000255e-09  2.574167123017941e-01 
 6.336000000000255e-09  2.556601933401261e-01 
 6.340000000000256e-09  2.529183362926526e-01 
 6.344000000000256e-09  2.491985325107589e-01 
 6.348000000000256e-09  2.445113097083911e-01 
 6.352000000000257e-09  2.388704481963919e-01 
 6.356000000000257e-09  2.322931027122328e-01 
 6.360000000000258e-09  2.247999248236647e-01 
 6.364000000000258e-09  2.164151754518349e-01 
 6.368000000000258e-09  2.071668215389710e-01 
 6.372000000000259e-09  1.970866075443887e-01 
 6.376000000000259e-09  1.862100964457349e-01 
 6.380000000000260e-09  1.745766730587306e-01 
 6.384000000000260e-09  1.622295063281545e-01 
 6.388000000000260e-09  1.492154664042289e-01 
 6.392000000000261e-09  1.355849955056776e-01 
 6.396000000000261e-09  1.213919313343084e-01 
 6.400000000000262e-09  1.066932846084203e-01 
 6.404000000000262e-09  9.154897218175151e-02 
 6.408000000000262e-09  7.602150942967612e-02 
 6.412000000000263e-09  6.017566554265841e-02 
 6.416000000000263e-09  4.407808690129933e-02 
 6.420000000000264e-09  2.779568088103090e-02 
 6.424000000000264e-09  1.140001373863164e-02 
 6.428000000000264e-09 -5.037456545169405e-03 
 6.432000000000265e-09 -2.145031869928715e-02 
 6.436000000000265e-09 -3.777065531583901e-02 
 6.440000000000266e-09 -5.392878113529243e-02 
 6.444000000000266e-09 -6.985561688591169e-02 
 6.448000000000266e-09 -8.548416169341699e-02 
 6.452000000000267e-09 -1.007497391760079e-01 
 6.456000000000267e-09 -1.155902817646606e-01 
 6.460000000000268e-09 -1.299464352472981e-01 
 6.464000000000268e-09 -1.437617894517835e-01 
 6.468000000000268e-09 -1.569830225752558e-01 
 6.472000000000269e-09 -1.695600888429496e-01 
 6.476000000000269e-09 -1.814463263510202e-01 
 6.480000000000270e-09 -1.925985643072838e-01 
 6.484000000000270e-09 -2.029771603402484e-01 
 6.488000000000270e-09 -2.125460228912006e-01 
 6.492000000000271e-09 -2.212725790963583e-01 
 6.496000000000271e-09 -2.291277290466196e-01 
 6.500000000000272e-09 -2.360857641048240e-01 
 6.504000000000272e-09 -2.421242810655340e-01 
 6.508000000000272e-09 -2.472240799952981e-01 
 6.512000000000273e-09 -2.513690707326004e-01 
 6.516000000000273e-09 -2.545461813240451e-01 
 6.520000000000274e-09 -2.567452873838585e-01 
 6.524000000000274e-09 -2.579591576711409e-01 
 6.528000000000274e-09 -2.581834289727036e-01 
 6.532000000000275e-09 -2.574166052841425e-01 
 6.536000000000275e-09 -2.556600885283700e-01 
 6.540000000000276e-09 -2.529182341457668e-01 
 6.544000000000276e-09 -2.491984334680244e-01 
 6.548000000000276e-09 -2.445112141930275e-01 
 6.552000000000277e-09 -2.388703566076811e-01 
 6.556000000000277e-09 -2.322930154240623e-01 
 6.560000000000278e-09 -2.247998421838329e-01 
 6.564000000000278e-09 -2.164150977781807e-01 
 6.568000000000278e-09 -2.071667491218490e-01 
 6.572000000000279e-09 -1.970865406403250e-01 
 6.576000000000279e-09 -1.862100352842404e-01 
 6.580000000000280e-09 -1.745766178347399e-01 
 6.584000000000280e-09 -1.622294572101346e-01 
 6.588000000000280e-09 -1.492154235302436e-01 
 6.592000000000281e-09 -1.355849589850848e-01 
 6.596000000000281e-09 -1.213919012525349e-01 
 6.600000000000282e-09 -1.066932610237465e-01 
 6.604000000000282e-09 -9.154895513015582e-02 
 6.608000000000282e-09 -7.602149892500343e-02 
 6.612000000000283e-09 -6.017566157875720e-02 
 6.616000000000283e-09 -4.407808945254388e-02 
 6.620000000000284e-09 -2.779568990271031e-02 
 6.624000000000284e-09 -1.140002917115446e-02 
 6.628000000000284e-09  5.037434775944760e-03 
 6.632000000000285e-09  2.145029068419646e-02 
 6.636000000000285e-09  3.777062116425789e-02 
 6.640000000000286e-09  5.392874097256595e-02 
 6.644000000000286e-09  6.985557085418570e-02 
 6.648000000000286e-09  8.548410994898425e-02 
 6.652000000000287e-09  1.007496818928253e-01 
 6.656000000000287e-09  1.155902191311604e-01 
 6.660000000000288e-09  1.299463674723160e-01 
 6.664000000000288e-09  1.437617167622953e-01 
 6.668000000000288e-09  1.569829452168676e-01 
 6.672000000000289e-09  1.695600070823335e-01 
 6.676000000000289e-09  1.814462404775288e-01 
 6.680000000000290e-09  1.925984746280358e-01 
 6.684000000000290e-09  2.029770671848441e-01 
 6.688000000000290e-09  2.125459266104350e-01 
 6.692000000000291e-09  2.212724800619874e-01 
 6.696000000000291e-09  2.291276276475775e-01 
 6.700000000000292e-09  2.360856607494535e-01 
 6.704000000000292e-09  2.421241761778026e-01 
 6.708000000000292e-09  2.472239740141884e-01 
 6.712000000000293e-09  2.513689641064172e-01 
 6.716000000000293e-09  2.545460745127013e-01 
 6.720000000000294e-09  2.567451808508083e-01 
 6.724000000000294e-09  2.579590518823187e-01 
 6.728000000000294e-09  2.581833243939147e-01 
 6.732000000000295e-09  2.574165023753281e-01 
 6.736000000000295e-09  2.556599877410441e-01 
 6.740000000000296e-09  2.529181359202108e-01 
 6.744000000000296e-09  2.491983382294340e-01 
 6.748000000000296e-09  2.445111223458696e-01 
 6.752000000000297e-09  2.388702685361377e-01 
 6.756000000000297e-09  2.322929314900817e-01 
 6.760000000000298e-09  2.247997627208171e-01 
 6.764000000000298e-09  2.164150230930035e-01 
 6.768000000000298e-09  2.071666794911593e-01 
 6.772000000000299e-09  1.970864763136051e-01 
 6.776000000000299e-09  1.862099764788496e-01 
 6.780000000000300e-09  1.745765647420612e-01 
 6.784000000000300e-09  1.622294099898234e-01 
 6.788000000000300e-09  1.492153823148872e-01 
 6.792000000000301e-09  1.355849238816358e-01 
 6.796000000000301e-09  1.213918723408671e-01 
 6.800000000000302e-09  1.066932383613395e-01 
 6.804000000000302e-09  9.154893875040315e-02 
 6.808000000000302e-09  7.602148884201476e-02 
 6.812000000000303e-09  6.017565778727452e-02 
 6.816000000000303e-09  4.407809192742640e-02 
 6.820000000000304e-09  2.779569860056519e-02 
 6.824000000000304e-09  1.140004403380779e-02 
 6.828000000000304e-09 -5.037413817445824e-03 
 6.832000000000305e-09 -2.145026371792369e-02 
 6.836000000000305e-09 -3.777058829698632e-02 
 6.840000000000306e-09 -5.392870232456382e-02 
 6.844000000000306e-09 -6.985552656074390e-02 
 6.848000000000306e-09 -8.548406016186938e-02 
 6.852000000000307e-09 -1.007496267769135e-01 
 6.856000000000307e-09 -1.155901588702442e-01 
 6.860000000000308e-09 -1.299463022662479e-01 
 6.864000000000308e-09 -1.437616468286986e-01 
 6.868000000000308e-09 -1.569828707936818e-01 
 6.872000000000309e-09 -1.695599284253060e-01 
 6.876000000000309e-09 -1.814461578628190e-01 
 6.880000000000310e-09 -1.925983883533338e-01 
 6.884000000000310e-09 -2.029769775671815e-01 
 6.888000000000310e-09 -2.125458339871900e-01 
 6.892000000000311e-09 -2.212723847894953e-01 
 6.896000000000311e-09 -2.291275301022067e-01 
 6.900000000000312e-09 -2.360855613218540e-01 
 6.904000000000312e-09 -2.421240752771494e-01 
 6.908000000000312e-09 -2.472238720610456e-01 
 6.912000000000313e-09 -2.513688615338756e-01 
 6.916000000000313e-09 -2.545459717619198e-01 
 6.920000000000314e-09 -2.567450783677516e-01 
 6.924000000000314e-09 -2.579589501155790e-01 
 6.928000000000314e-09 -2.581832237910666e-01 
 6.932000000000315e-09 -2.574164033784336e-01 
 6.936000000000315e-09 -2.556598907857821e-01 
 6.940000000000316e-09 -2.529180414278707e-01 
 6.944000000000316e-09 -2.491982466085254e-01 
 6.948000000000316e-09 -2.445110339877905e-01 
 6.952000000000317e-09 -2.388701838093796e-01 
 6.956000000000317e-09 -2.322928507412367e-01 
 6.960000000000318e-09 -2.247996862716297e-01 
 6.964000000000318e-09 -2.164149512388835e-01 
 6.968000000000318e-09 -2.071666124986518e-01 
 6.972000000000319e-09 -1.970864144219870e-01 
 6.976000000000319e-09 -1.862099198995963e-01 
 6.980000000000320e-09 -1.745765136561559e-01 
 6.984000000000320e-09 -1.622293645518500e-01 
 6.988000000000320e-09 -1.492153426529885e-01 
 6.992000000000321e-09 -1.355848900975278e-01 
 6.996000000000321e-09 -1.213918445122992e-01 
 7.000000000000322e-09 -1.066932165423236e-01 
 7.004000000000322e-09 -9.154892297554262e-02 
 7.008000000000322e-09 -7.602147912375656e-02 
 7.012000000000323e-09 -6.017565411945469e-02 
 7.016000000000323e-09 -4.407809428633946e-02 
 7.020000000000324e-09 -2.779570694452893e-02 
 7.024000000000324e-09 -1.140005830843904e-02 
 7.028000000000324e-09  5.037393680547453e-03 
 7.032000000000325e-09  2.145023780375865e-02 
 7.036000000000325e-09  3.777055670563101e-02 
 7.040000000000326e-09  5.392866517369832e-02 
 7.044000000000326e-09  6.985548398020924e-02 
 7.048000000000326e-09  8.548401229621838e-02 
 7.052000000000327e-09  1.007495737877697e-01 
 7.056000000000327e-09  1.155901009322040e-01 
 7.060000000000328e-09  1.299462395720692e-01 
 7.064000000000328e-09  1.437615795883875e-01 
 7.068000000000328e-09  1.569827992343900e-01 
 7.072000000000329e-09  1.695598527945421e-01 
 7.076000000000329e-09  1.814460784257967e-01 
 7.080000000000330e-09  1.925983053961264e-01 
 7.084000000000330e-09  2.029768913952408e-01 
 7.088000000000330e-09  2.125457449241015e-01 
 7.092000000000331e-09  2.212722931784956e-01 
 7.096000000000331e-09  2.291274363036777e-01 
 7.100000000000332e-09  2.360854657144627e-01 
 7.104000000000332e-09  2.421239782520974e-01 
 7.108000000000332e-09  2.472237740243983e-01 
 7.112000000000333e-09  2.513687629016501e-01 
 7.116000000000333e-09  2.545458729572641e-01 
 7.120000000000334e-09  2.567449798209638e-01 
 7.124000000000334e-09  2.579588522577621e-01 
 7.128000000000334e-09  2.581831270525605e-01 
 7.132000000000335e-09  2.574163081854219e-01 
 7.136000000000335e-09  2.556597975552710e-01 
 7.140000000000336e-09  2.529179505681014e-01 
 7.144000000000336e-09  2.491981585110148e-01 
 7.148000000000336e-09  2.445109490274211e-01 
 7.152000000000337e-09  2.388701023429034e-01 
 7.156000000000337e-09  2.322927731003981e-01 
 7.160000000000338e-09  2.247996127666330e-01 
 7.164000000000338e-09  2.164148821527982e-01 
 7.168000000000338e-09  2.071665480892664e-01 
 7.172000000000339e-09  1.970863549184898e-01 
 7.176000000000339e-09  1.862098655037805e-01 
 7.180000000000340e-09  1.745764645442147e-01 
 7.184000000000340e-09  1.622293208718926e-01 
 7.188000000000340e-09  1.492153045283153e-01 
 7.192000000000341e-09  1.355848576259966e-01 
 7.196000000000341e-09  1.213918177684263e-01 
 7.200000000000342e-09  1.066931955799575e-01 
 7.204000000000342e-09  9.154890782516745e-02 
 7.208000000000342e-09  7.602146979851021e-02 
 7.212000000000343e-09  6.017565061326380e-02 
 7.216000000000343e-09  4.407809657686101e-02 
 7.220000000000344e-09  2.779571499185529e-02 
 7.224000000000344e-09  1.140007205963478e-02 
 7.228000000000344e-09 -5.037374292044206e-03 
 7.232000000000345e-09 -2.145021285837956e-02 
 7.236000000000345e-09 -3.777052630013777e-02 
 7.240000000000346e-09 -5.392862942076526e-02 
 7.244000000000346e-09 -6.985544300501090e-02 
 7.248000000000346e-09 -8.548396623850252e-02 
 7.252000000000347e-09 -1.007495228010953e-01 
 7.256000000000347e-09 -1.155900451863285e-01 
 7.260000000000348e-09 -1.299461792508616e-01 
 7.264000000000348e-09 -1.437615148938249e-01 
 7.268000000000348e-09 -1.569827303869200e-01 
 7.272000000000349e-09 -1.695597800309532e-01 
 7.276000000000349e-09 -1.814460020019268e-01 
 7.280000000000350e-09 -1.925982255853267e-01 
 7.284000000000350e-09 -2.029768084915631e-01 
 7.288000000000350e-09 -2.125456592403401e-01 
 7.292000000000351e-09 -2.212722050441185e-01 
 7.296000000000351e-09 -2.291273460657832e-01 
 7.300000000000352e-09 -2.360853737359774e-01 
 7.304000000000352e-09 -2.421238849105363e-01 
 7.308000000000352e-09 -2.472236797092329e-01 
 7.312000000000353e-09 -2.513686680130949e-01 
 7.316000000000353e-09 -2.545457779043869e-01 
 7.320000000000354e-09 -2.567448850148686e-01 
 7.324000000000354e-09 -2.579587581148548e-01 
 7.328000000000354e-09 -2.581830339857942e-01 
 7.332000000000355e-09 -2.574162166054170e-01 
 7.336000000000355e-09 -2.556597078636378e-01 
 7.340000000000356e-09 -2.529178631552660e-01 
 7.344000000000356e-09 -2.491980737550348e-01 
 7.348000000000356e-09 -2.445108672892227e-01 
 7.352000000000357e-09 -2.388700239641475e-01 
 7.356000000000357e-09 -2.322926984026239e-01 
 7.360000000000358e-09 -2.247995420461546e-01 
 7.364000000000358e-09 -2.164148156826782e-01 
 7.368000000000358e-09 -2.071664861169396e-01 
 7.372000000000359e-09 -1.970862976646846e-01 
 7.376000000000359e-09 -1.862098131635435e-01 
 7.380000000000360e-09 -1.745764172858415e-01 
 7.384000000000360e-09 -1.622292788393462e-01 
 7.388000000000360e-09 -1.492152678385636e-01 
 7.392000000000361e-09 -1.355848263739396e-01 
 7.396000000000361e-09 -1.213917920254417e-01 
 7.400000000000362e-09 -1.066931753962717e-01 
 7.404000000000362e-09 -9.154889323243687e-02 
 7.408000000000362e-09 -7.602146080755823e-02 
 7.412000000000363e-09 -6.017564721961932e-02 
 7.416000000000363e-09 -4.407809875876545e-02 
 7.420000000000364e-09 -2.779572271058228e-02 
 7.424000000000364e-09 -1.140008526313174e-02 
 7.428000000000364e-09  5.037355664628151e-03 
 7.432000000000365e-09  2.145018888613492e-02 
 7.436000000000365e-09  3.777049707753299e-02 
 7.440000000000366e-09  5.392859505389502e-02 
 7.444000000000366e-09  6.985540361591625e-02 
 7.448000000000366e-09  8.548392196140853e-02 
 7.452000000000367e-09  1.007494737830470e-01 
 7.456000000000366e-09  1.155899915909302e-01 
 7.460000000000366e-09  1.299461212557489e-01 
 7.464000000000365e-09  1.437614526932389e-01 
 7.468000000000365e-09  1.569826641913945e-01 
 7.472000000000365e-09  1.695597100679986e-01 
 7.476000000000364e-09  1.814459285181496e-01 
 7.480000000000364e-09  1.925981488459190e-01 
 7.484000000000363e-09  2.029767287778874e-01 
 7.488000000000363e-09  2.125455768525866e-01 
 7.492000000000362e-09  2.212721202994627e-01 
 7.496000000000362e-09  2.291272592981306e-01 
 7.500000000000362e-09  2.360852852946618e-01 
 7.504000000000361e-09  2.421237951584079e-01 
 7.508000000000361e-09  2.472235890215719e-01 
 7.512000000000360e-09  2.513685767746989e-01 
 7.516000000000360e-09  2.545456865060576e-01 
 7.520000000000359e-09  2.567447938554692e-01 
 7.524000000000359e-09  2.579586675927650e-01 
 7.528000000000359e-09  2.581829444994781e-01 
 7.532000000000358e-09  2.574161285477394e-01 
 7.536000000000358e-09  2.556596216212537e-01 
 7.540000000000357e-09  2.529177791054722e-01 
 7.544000000000357e-09  2.491979922609060e-01 
 7.548000000000357e-09  2.445107886980753e-01 
 7.552000000000356e-09  2.388699486035204e-01 
 7.556000000000356e-09  2.322926265819767e-01 
 7.560000000000355e-09  2.247994740506014e-01 
 7.564000000000355e-09  2.164147517752824e-01 
 7.568000000000354e-09  2.071664265348021e-01 
 7.572000000000354e-09  1.970862426215518e-01 
 7.576000000000354e-09  1.862097628455501e-01 
 7.580000000000353e-09  1.745763718556432e-01 
 7.584000000000353e-09  1.622292384331434e-01 
 7.588000000000352e-09  1.492152325716010e-01 
 7.592000000000352e-09  1.355847963365395e-01 
 7.596000000000351e-09  1.213917672868590e-01 
 7.600000000000351e-09  1.066931560047770e-01 
 7.604000000000351e-09  9.154887921792287e-02 
 7.608000000000350e-09  7.602145218221423e-02 
 7.612000000000350e-09  6.017564397646602e-02 
 7.616000000000349e-09  4.407810087809771e-02 
 7.620000000000349e-09  2.779573015553005e-02 
 7.624000000000348e-09  1.140009798419506e-02 
 7.628000000000348e-09 -5.037337727898716e-03 
 7.632000000000348e-09 -2.145016580932158e-02 
 7.636000000000347e-09 -3.777046895044656e-02 
 7.640000000000347e-09 -5.392856198018592e-02 
 7.644000000000346e-09 -6.985536571190565e-02 
 7.648000000000346e-09 -8.548387935544000e-02 
 7.652000000000345e-09 -1.007494266183055e-01 
 7.656000000000345e-09 -1.155899400227351e-01 
 7.660000000000345e-09 -1.299460654564282e-01 
 7.664000000000344e-09 -1.437613928483010e-01 
 7.668000000000344e-09 -1.569826005035111e-01 
 7.672000000000343e-09 -1.695596427581076e-01 
 7.676000000000343e-09 -1.814458578222222e-01 
 7.680000000000342e-09 -1.925980750180276e-01 
 7.684000000000342e-09 -2.029766520889478e-01 
 7.688000000000342e-09 -2.125454975914352e-01 
 7.692000000000341e-09 -2.212720387716614e-01 
 7.696000000000341e-09 -2.291271758251758e-01 
 7.700000000000340e-09 -2.360852002111153e-01 
 7.704000000000340e-09 -2.421237088134447e-01 
 7.708000000000339e-09 -2.472235017766589e-01 
 7.712000000000339e-09 -2.513684889986307e-01 
 7.716000000000339e-09 -2.545455985781830e-01 
 7.720000000000338e-09 -2.567447061566139e-01 
 7.724000000000338e-09 -2.579585805060620e-01 
 7.728000000000337e-09 -2.581828584082815e-01 
 7.732000000000337e-09 -2.574160438317075e-01 
 7.736000000000336e-09 -2.556595386520359e-01 
 7.740000000000336e-09 -2.529176982444676e-01 
 7.744000000000336e-09 -2.491979138569684e-01 
 7.748000000000335e-09 -2.445107130857647e-01 
 7.752000000000335e-09 -2.388698760993346e-01 
 7.756000000000334e-09 -2.322925574817667e-01 
 7.760000000000334e-09 -2.247994086302505e-01 
 7.764000000000333e-09 -2.164146902863608e-01 
 7.768000000000333e-09 -2.071663692069592e-01 
 7.772000000000333e-09 -1.970861896579965e-01 
 7.776000000000332e-09 -1.862097144270329e-01 
 7.780000000000332e-09 -1.745763281380235e-01 
 7.784000000000331e-09 -1.622291995491718e-01 
 7.788000000000331e-09 -1.492151986298058e-01 
 7.792000000000330e-09 -1.355847674249056e-01 
 7.796000000000330e-09 -1.213917434718965e-01 
 7.800000000000330e-09 -1.066931373333802e-01 
 7.804000000000329e-09 -9.154886571719167e-02 
 7.808000000000329e-09 -7.602144386378029e-02 
 7.812000000000328e-09 -6.017564083634674e-02 
 7.816000000000328e-09 -4.407810289502656e-02 
 7.820000000000327e-09 -2.779573729390883e-02 
 7.824000000000327e-09 -1.140011019713683e-02 
 7.828000000000327e-09  5.037320499313935e-03 
 7.832000000000326e-09  2.145014363567377e-02 
 7.836000000000326e-09  3.777044191955348e-02 
 7.840000000000325e-09  5.392853019137434e-02 
 7.844000000000325e-09  6.985532927665083e-02 
 7.848000000000324e-09  8.548383839832496e-02 
 7.852000000000324e-09  1.007493812762323e-01 
 7.856000000000324e-09  1.155898904456354e-01 
 7.860000000000323e-09  1.299460118093645e-01 
 7.864000000000323e-09  1.437613353110017e-01 
 7.868000000000322e-09  1.569825392711426e-01 
 7.872000000000322e-09  1.695595780405750e-01 
 7.876000000000321e-09  1.814457898486612e-01 
 7.880000000000321e-09  1.925980040317210e-01 
 7.884000000000321e-09  2.029765783512048e-01 
 7.888000000000320e-09  2.125454213795352e-01 
 7.892000000000320e-09  2.212719603794131e-01 
 7.896000000000319e-09  2.291270955605595e-01 
 7.900000000000319e-09  2.360851183985684e-01 
 7.904000000000318e-09  2.421236257882073e-01 
 7.908000000000318e-09  2.472234178852726e-01 
 7.912000000000318e-09  2.513684045978364e-01 
 7.916000000000317e-09  2.545455140297335e-01 
 7.920000000000317e-09  2.567446218290586e-01 
 7.924000000000316e-09  2.579584967680459e-01 
 7.928000000000316e-09  2.581827756279722e-01 
 7.932000000000315e-09  2.574159623730790e-01 
 7.936000000000315e-09  2.556594588731289e-01 
 7.940000000000315e-09  2.529176204937733e-01 
 7.944000000000314e-09  2.491978384708609e-01 
 7.948000000000314e-09  2.445106403839894e-01 
 7.952000000000313e-09  2.388698063872905e-01 
 7.956000000000313e-09  2.322924910445181e-01 
 7.960000000000312e-09  2.247993457316229e-01 
 7.964000000000312e-09  2.164146311695623e-01 
 7.968000000000312e-09  2.071663140912801e-01 
 7.972000000000311e-09  1.970861387406391e-01 
 7.976000000000311e-09  1.862096678818297e-01 
 7.980000000000310e-09  1.745762861133429e-01 
 7.984000000000310e-09  1.622291621732312e-01 
 7.988000000000309e-09  1.492151660077639e-01 
 7.992000000000309e-09  1.355847396402208e-01 
 7.996000000000309e-09  1.213917205885409e-01 
 8.000000000000308e-09  1.066931193962581e-01 
 8.004000000000308e-09  9.154885275463798e-02 
 8.008000000000307e-09  7.602143588538546e-02 
 8.012000000000307e-09  6.017563783792923e-02 
 8.016000000000306e-09  4.407810485745323e-02 
 8.020000000000306e-09  2.779574418304875e-02 
 8.024000000000306e-09  1.140012196617590e-02 
 8.028000000000305e-09 -5.037303904780188e-03 
 8.032000000000305e-09 -2.145012228640653e-02 
 8.036000000000304e-09 -3.777041589771635e-02 
 8.040000000000304e-09 -5.392849959418555e-02 
 8.044000000000304e-09 -6.985529421072201e-02 
 8.048000000000303e-09 -8.548379898335767e-02 
 8.052000000000303e-09 -1.007493376435438e-01 
 8.056000000000302e-09 -1.155898427407802e-01 
 8.060000000000302e-09 -1.299459601892217e-01 
 8.064000000000301e-09 -1.437612799488743e-01 
 8.068000000000301e-09 -1.569824803539444e-01 
 8.072000000000301e-09 -1.695595157729386e-01 
 8.076000000000300e-09 -1.814457244482757e-01 
 8.080000000000300e-09 -1.925979357344332e-01 
 8.084000000000299e-09 -2.029765074076639e-01 
 8.088000000000299e-09 -2.125453480569934e-01 
 8.092000000000298e-09 -2.212718849595232e-01 
 8.096000000000298e-09 -2.291270183407850e-01 
 8.100000000000298e-09 -2.360850396893595e-01 
 8.104000000000297e-09 -2.421235459131257e-01 
 8.108000000000297e-09 -2.472233371767829e-01 
 8.112000000000296e-09 -2.513683233994266e-01 
 8.116000000000296e-09 -2.545454326901562e-01 
 8.120000000000295e-09 -2.567445407009465e-01 
 8.124000000000295e-09 -2.579584162074122e-01 
 8.128000000000295e-09 -2.581826959890581e-01 
 8.132000000000294e-09 -2.574158840054290e-01 
 8.136000000000294e-09 -2.556593821210333e-01 
 8.140000000000293e-09 -2.529175456918846e-01 
 8.144000000000293e-09 -2.491977659415610e-01 
 8.148000000000292e-09 -2.445105704378951e-01 
 8.152000000000292e-09 -2.388697393162493e-01 
 8.156000000000292e-09 -2.322924271225837e-01 
 8.160000000000291e-09 -2.247992852132326e-01 
 8.164000000000291e-09 -2.164145742888355e-01 
 8.168000000000290e-09 -2.071662610589406e-01 
 8.172000000000290e-09 -1.970860897462465e-01 
 8.176000000000289e-09 -1.862096230918180e-01 
 8.180000000000289e-09 -1.745762456724815e-01 
 8.184000000000289e-09 -1.622291262033855e-01 
 8.188000000000288e-09 -1.492151346090740e-01 
 8.192000000000288e-09 -1.355847128946905e-01 
 8.196000000000287e-09 -1.213916985576446e-01 
 8.200000000000287e-09 -1.066931021238577e-01 
 8.204000000000286e-09 -9.154884026536259e-02 
 8.208000000000286e-09 -7.602142819045987e-02 
 8.212000000000286e-09 -6.017563493197287e-02 
 8.216000000000285e-09 -4.407810672286949e-02 
 8.220000000000285e-09 -2.779575078601759e-02 
 8.224000000000284e-09 -1.140013326379652e-02 
 8.228000000000284e-09  5.037287967304849e-03 
 8.232000000000283e-09  2.145010177490825e-02 
 8.236000000000283e-09  3.777039089330003e-02 
 8.240000000000283e-09  5.392847018889846e-02 
 8.244000000000282e-09  6.985526050725888e-02 
 8.248000000000282e-09  8.548376109656708e-02 
 8.252000000000281e-09  1.007492957002736e-01 
 8.256000000000281e-09  1.155897968805224e-01 
 8.260000000000280e-09  1.299459105637233e-01 
 8.264000000000280e-09  1.437612267243544e-01 
 8.268000000000280e-09  1.569824237112076e-01 
 8.272000000000279e-09  1.695594559063966e-01 
 8.276000000000279e-09  1.814456615685067e-01 
 8.280000000000278e-09  1.925978700677273e-01 
 8.284000000000278e-09  2.029764391961706e-01 
 8.288000000000277e-09  2.125452775572629e-01 
 8.292000000000277e-09  2.212718124432040e-01 
 8.296000000000277e-09  2.291269440933394e-01 
 8.300000000000276e-09  2.360849640095619e-01 
 8.304000000000276e-09  2.421234691103828e-01 
 8.308000000000275e-09  2.472232595738775e-01 
 8.312000000000275e-09  2.513682453242234e-01 
 8.316000000000274e-09  2.545453544783010e-01 
 8.320000000000274e-09  2.567444626929172e-01 
 8.324000000000274e-09  2.579583387444231e-01 
 8.328000000000273e-09  2.581826194121064e-01 
 8.332000000000273e-09  2.574158086513685e-01 
 8.336000000000272e-09  2.556593083218586e-01 
 8.340000000000272e-09  2.529174737681497e-01 
 8.344000000000271e-09  2.491976962048748e-01 
 8.348000000000271e-09  2.445105031850900e-01 
 8.352000000000271e-09  2.388696748278383e-01 
 8.356000000000270e-09  2.322923656629081e-01 
 8.360000000000270e-09  2.247992270277210e-01 
 8.364000000000269e-09  2.164145196008311e-01 
 8.368000000000269e-09  2.071662100729590e-01 
 8.372000000000268e-09  1.970860426438517e-01 
 8.376000000000268e-09  1.862095800329122e-01 
 8.380000000000268e-09  1.745762067961127e-01 
 8.384000000000267e-09  1.622290916273741e-01 
 8.388000000000267e-09  1.492151044311480e-01 
 8.392000000000266e-09  1.355846871913151e-01 
 8.396000000000266e-09  1.213916773884360e-01 
 8.400000000000265e-09  1.066930855300647e-01 
 8.404000000000265e-09  9.154882827322375e-02 
 8.408000000000265e-09  7.602142080897778e-02 
 8.412000000000264e-09  6.017563215761257e-02 
 8.416000000000264e-09  4.407810853636462e-02 
 8.420000000000263e-09  2.779575715639204e-02 
 8.424000000000263e-09  1.140014414887958e-02 
 8.428000000000262e-09 -5.037272618686472e-03 
 8.432000000000262e-09 -2.145008202760224e-02 
 8.436000000000262e-09 -3.777036682464718e-02 
 8.440000000000261e-09 -5.392844188645896e-02 
 8.444000000000261e-09 -6.985522807114108e-02 
 8.448000000000260e-09 -8.548372463710940e-02 
 8.452000000000260e-09 -1.007492553394869e-01 
 8.456000000000259e-09 -1.155897527514735e-01 
 8.460000000000259e-09 -1.299458628141021e-01 
 8.464000000000259e-09 -1.437611755130241e-01 
 8.468000000000258e-09 -1.569823692123578e-01 
 8.472000000000258e-09 -1.695593983074328e-01 
 8.476000000000257e-09 -1.814456010722179e-01 
 8.480000000000257e-09 -1.925978068910066e-01 
 8.484000000000256e-09 -2.029763735717598e-01 
 8.488000000000256e-09 -2.125452097314238e-01 
 8.492000000000256e-09 -2.212717426778656e-01 
 8.496000000000255e-09 -2.291268726631586e-01 
 8.500000000000255e-09 -2.360848912007141e-01 
 8.504000000000254e-09 -2.421233952235440e-01 
 8.508000000000254e-09 -2.472231849164102e-01 
 8.512000000000254e-09 -2.513681702131390e-01 
 8.516000000000253e-09 -2.545452792367764e-01 
 8.520000000000253e-09 -2.567443876477504e-01 
 8.524000000000252e-09 -2.579582642243337e-01 
 8.528000000000252e-09 -2.581825457437141e-01 
 8.532000000000251e-09 -2.574157361592284e-01 
 8.536000000000251e-09 -2.556592373240654e-01 
 8.540000000000251e-09 -2.529174045743887e-01 
 8.544000000000250e-09 -2.491976291146623e-01 
 8.548000000000250e-09 -2.445104384832879e-01 
 8.552000000000249e-09 -2.388696127858179e-01 
 8.556000000000249e-09 -2.322923065345019e-01 
 8.560000000000248e-09 -2.247991710477928e-01 
 8.564000000000248e-09 -2.164144669848262e-01 
 8.568000000000248e-09 -2.071661610178293e-01 
 8.572000000000247e-09 -1.970859973239936e-01 
 8.576000000000247e-09 -1.862095386018847e-01 
 8.580000000000246e-09 -1.745761693881960e-01 
 8.584000000000246e-09 -1.622290583544164e-01 
 8.588000000000245e-09 -1.492150753877439e-01 
 8.592000000000245e-09 -1.355846624529633e-01 
 8.596000000000245e-09 -1.213916570108484e-01 
 8.600000000000244e-09 -1.066930695532804e-01 
 8.604000000000244e-09 -9.154881672168003e-02 
 8.608000000000243e-09 -7.602141369258142e-02 
 8.612000000000243e-09 -6.017562947144839e-02 
 8.616000000000242e-09 -4.407811026399067e-02 
 8.620000000000242e-09 -2.779576326672561e-02 
 8.624000000000242e-09 -1.140015460155119e-02 
 8.628000000000241e-09  5.037257872935186e-03 
 8.632000000000241e-09  2.145006305066133e-02 
 8.636000000000240e-09  3.777034369137944e-02 
 8.640000000000240e-09  5.392841468177778e-02 
 8.644000000000239e-09  6.985519689064645e-02 
 8.648000000000239e-09  8.548368958725483e-02 
 8.652000000000239e-09  1.007492165372472e-01 
 8.656000000000238e-09  1.155897103251480e-01 
 8.660000000000238e-09  1.299458169049714e-01 
 8.664000000000237e-09  1.437611262746792e-01 
 8.668000000000237e-09  1.569823168115949e-01 
 8.672000000000236e-09  1.695593429257478e-01 
 8.676000000000236e-09  1.814455429036705e-01 
 8.680000000000236e-09  1.925977461446937e-01 
 8.684000000000235e-09  2.029763104707580e-01 
 8.688000000000235e-09  2.125451445137454e-01 
 8.692000000000234e-09  2.212716755945667e-01 
 8.696000000000234e-09  2.291268039777181e-01 
 8.700000000000233e-09  2.360848211910795e-01 
 8.704000000000233e-09  2.421233241759575e-01 
 8.708000000000233e-09  2.472231131273599e-01 
 8.712000000000232e-09  2.513680979876920e-01 
 8.716000000000232e-09  2.545452068856693e-01 
 8.720000000000231e-09  2.567443154850415e-01 
 8.724000000000231e-09  2.579581925660468e-01 
 8.728000000000230e-09  2.581824749052419e-01 
 8.732000000000230e-09  2.574156664527183e-01 
 8.736000000000230e-09  2.556591690547585e-01 
 8.740000000000229e-09  2.529173380411378e-01 
 8.744000000000229e-09  2.491975646037963e-01 
 8.748000000000228e-09  2.445103762696350e-01 
 8.752000000000228e-09  2.388695531305318e-01 
 8.756000000000227e-09  2.322922496810014e-01 
 8.760000000000227e-09  2.247991172219814e-01 
 8.764000000000227e-09  2.164144163954269e-01 
 8.768000000000226e-09  2.071661138524199e-01 
 8.772000000000226e-09  1.970859537504115e-01 
 8.776000000000225e-09  1.862094987703031e-01 
 8.780000000000225e-09  1.745761334255018e-01 
 8.784000000000224e-09  1.622290263699853e-01 
 8.788000000000224e-09  1.492150474712055e-01 
 8.792000000000224e-09  1.355846386751747e-01 
 8.796000000000223e-09  1.213916374276689e-01 
 8.800000000000223e-09  1.066930542029834e-01 
 8.804000000000222e-09  9.154880562850032e-02 
 8.808000000000222e-09  7.602140686389092e-02 
 8.812000000000221e-09  6.017562690393419e-02 
 8.816000000000221e-09  4.407811194170819e-02 
 8.820000000000221e-09  2.779576915962778e-02 
 8.824000000000220e-09  1.140016467051908e-02 
 8.828000000000220e-09 -5.037243675388936e-03 
 8.832000000000219e-09 -2.145004478454382e-02 
 8.836000000000219e-09 -3.777032142692960e-02 
 8.840000000000218e-09 -5.392838850155002e-02 
 8.844000000000218e-09 -6.985516688662408e-02 
 8.848000000000218e-09 -8.548365586150375e-02 
 8.852000000000217e-09 -1.007491792022890e-01 
 8.856000000000217e-09 -1.155896695056278e-01 
 8.860000000000216e-09 -1.299457727353222e-01 
 8.864000000000216e-09 -1.437610789033101e-01 
 8.868000000000215e-09 -1.569822663979377e-01 
 8.872000000000215e-09 -1.695592896442850e-01 
 8.876000000000215e-09 -1.814454869420956e-01 
 8.880000000000214e-09 -1.925976877035325e-01 
 8.884000000000214e-09 -2.029762497651753e-01 
 8.888000000000213e-09 -2.125450817721397e-01 
 8.892000000000213e-09 -2.212716110584676e-01 
 8.896000000000212e-09 -2.291267379017201e-01 
 8.900000000000212e-09 -2.360847538395197e-01 
 8.904000000000212e-09 -2.421232558263515e-01 
 8.908000000000211e-09 -2.472230440650103e-01 
 8.912000000000211e-09 -2.513680285056266e-01 
 8.916000000000210e-09 -2.545451372827823e-01 
 8.920000000000210e-09 -2.567442460634679e-01 
 8.924000000000209e-09 -2.579581236293815e-01 
 8.928000000000209e-09 -2.581824067567842e-01 
 8.932000000000209e-09 -2.574155993924265e-01 
 8.936000000000208e-09 -2.556591033768754e-01 
 8.940000000000208e-09 -2.529172740324563e-01 
 8.944000000000207e-09 -2.491975025405506e-01 
 8.948000000000207e-09 -2.445103164169229e-01 
 8.952000000000206e-09 -2.388694957376920e-01 
 8.956000000000206e-09 -2.322921949823868e-01 
 8.960000000000206e-09 -2.247990654366978e-01 
 8.964000000000205e-09 -2.164143677229902e-01 
 8.968000000000205e-09 -2.071660684727856e-01 
 8.972000000000204e-09 -1.970859118261838e-01 
 8.976000000000204e-09 -1.862094604432389e-01 
 8.980000000000203e-09 -1.745760988197365e-01 
 8.984000000000203e-09 -1.622289955900467e-01 
 8.988000000000203e-09 -1.492150206033180e-01 
 8.992000000000202e-09 -1.355846157891296e-01 
 8.996000000000202e-09 -1.213916185760464e-01 
 9.000000000000201e-09 -1.066930394230550e-01 
 9.004000000000201e-09 -9.154879494082913e-02 
 9.008000000000201e-09 -7.602140027948323e-02 
 9.012000000000200e-09 -6.017562441779845e-02 
 9.016000000000200e-09 -4.407811353805258e-02 
 9.020000000000199e-09 -2.779577481002704e-02 
 9.024000000000199e-09 -1.140017433765550e-02 
 9.028000000000198e-09  5.037230036780471e-03 
 9.032000000000198e-09  2.145002723235478e-02 
 9.036000000000198e-09  3.777030002979131e-02 
 9.040000000000197e-09  5.392836333809115e-02 
 9.044000000000197e-09  6.985513804529120e-02 
 9.048000000000196e-09  8.548362344109428e-02 
 9.052000000000196e-09  1.007491433106438e-01 
 9.056000000000195e-09  1.155896302618071e-01 
 9.060000000000195e-09  1.299457302696272e-01 
 9.064000000000195e-09  1.437610333579649e-01 
 9.068000000000194e-09  1.569822179273377e-01 
 9.072000000000194e-09  1.695592384152320e-01 
 9.076000000000193e-09  1.814454331347601e-01 
 9.080000000000193e-09  1.925976315114912e-01 
 9.084000000000192e-09  2.029761913947556e-01 
 9.088000000000192e-09  2.125450214439617e-01 
 9.092000000000192e-09  2.212715490037311e-01 
 9.096000000000191e-09  2.291266743662987e-01 
 9.100000000000191e-09  2.360846890789317e-01 
 9.104000000000190e-09  2.421231901060557e-01 
 9.108000000000190e-09  2.472229776592707e-01 
 9.112000000000189e-09  2.513679616965034e-01 
 9.116000000000189e-09  2.545450703574450e-01 
 9.120000000000189e-09  2.567441793120175e-01 
 9.124000000000188e-09  2.579580573448703e-01 
 9.128000000000188e-09  2.581823412306177e-01 
 9.132000000000187e-09  2.574155349127281e-01 
 9.136000000000187e-09  2.556590402263568e-01 
 9.140000000000186e-09  2.529172124870316e-01 
 9.144000000000186e-09  2.491974428666666e-01 
 9.148000000000186e-09  2.445102588684058e-01 
 9.152000000000185e-09  2.388694405551055e-01 
 9.156000000000185e-09  2.322921423925086e-01 
 9.160000000000184e-09  2.247990156474788e-01 
 9.164000000000184e-09  2.164143209273384e-01 
 9.168000000000183e-09  2.071660248448275e-01 
 9.172000000000183e-09  1.970858715218267e-01 
 9.176000000000183e-09  1.862094235994665e-01 
 9.180000000000182e-09  1.745760655546427e-01 
 9.184000000000182e-09  1.622289660051912e-01 
 9.188000000000181e-09  1.492149947813708e-01 
 9.192000000000181e-09  1.355845937969118e-01 
 9.196000000000180e-09  1.213916004634470e-01 
 9.200000000000180e-09  1.066930252260008e-01 
 9.204000000000180e-09  9.154878468120486e-02 
 9.208000000000179e-09  7.602139396563956e-02 
 9.212000000000179e-09  6.017562204597127e-02 
 9.216000000000178e-09  4.407811509251047e-02 
 9.220000000000178e-09  2.779578026455809e-02 
 9.224000000000177e-09  1.140018365554951e-02 
 9.228000000000177e-09 -5.037216899971497e-03 
 9.232000000000177e-09 -2.145001033125382e-02 
 9.236000000000176e-09 -3.777027943042555e-02 
 9.240000000000176e-09 -5.392833911598061e-02 
 9.244000000000175e-09 -6.985511028635116e-02 
 9.248000000000175e-09 -8.548359223891921e-02 
 9.252000000000174e-09 -1.007491087708559e-01 
 9.256000000000174e-09 -1.155895924971322e-01 
 9.260000000000174e-09 -1.299456894059059e-01 
 9.264000000000173e-09 -1.437609895322627e-01 
 9.268000000000173e-09 -1.569821712885169e-01 
 9.272000000000172e-09 -1.695591891235342e-01 
 9.276000000000172e-09 -1.814453813636305e-01 
 9.280000000000171e-09 -1.925975774475734e-01 
 9.284000000000171e-09 -2.029761352359003e-01 
 9.288000000000171e-09 -2.125449634013208e-01 
 9.292000000000170e-09 -2.212714893015555e-01 
 9.296000000000170e-09 -2.291266132390444e-01 
 9.300000000000169e-09 -2.360846267722492e-01 
 9.304000000000169e-09 -2.421231268764190e-01 
 9.308000000000168e-09 -2.472229137702913e-01 
 9.312000000000168e-09 -2.513678974194185e-01 
 9.316000000000168e-09 -2.545450059676639e-01 
 9.320000000000167e-09 -2.567441150907803e-01 
 9.324000000000167e-09 -2.579579935721548e-01 
 9.328000000000166e-09 -2.581822781869823e-01 
 9.332000000000166e-09 -2.574154728759728e-01 
 9.336000000000165e-09 -2.556589794686166e-01 
 9.340000000000165e-09 -2.529171532736005e-01 
 9.344000000000165e-09 -2.491973854521006e-01 
 9.348000000000164e-09 -2.445102034979332e-01 
 9.352000000000164e-09 -2.388693874605607e-01 
 9.356000000000163e-09 -2.322920917901588e-01 
 9.360000000000163e-09 -2.247989677405222e-01 
 9.364000000000162e-09 -2.164142758985363e-01 
 9.368000000000162e-09 -2.071659828628025e-01 
 9.372000000000162e-09 -1.970858327364180e-01 
 9.376000000000161e-09 -1.862093881412878e-01 
 9.380000000000161e-09 -1.745760335394468e-01 
 9.384000000000160e-09 -1.622289375291448e-01 
 9.388000000000160e-09 -1.492149699243530e-01 
 9.392000000000159e-09 -1.355845726225144e-01 
 9.396000000000159e-09 -1.213915830212802e-01 
 9.400000000000159e-09 -1.066930115498526e-01 
 9.404000000000158e-09 -9.154877479236845e-02 
 9.408000000000158e-09 -7.602138787062529e-02 
 9.412000000000157e-09 -6.017561974327990e-02 
 9.416000000000157e-09 -4.407811656535188e-02 
 9.420000000000156e-09 -2.779578548812012e-02 
 9.424000000000156e-09 -1.140019259494096e-02 
 9.428000000000156e-09  5.037204287155816e-03 
 9.432000000000155e-09  2.144999409833304e-02 
 9.436000000000155e-09  3.777025964035730e-02 
 9.440000000000154e-09  5.392831584163815e-02 
 9.444000000000154e-09  6.985508361041681e-02 
 9.448000000000153e-09  8.548356225079345e-02 
 9.452000000000153e-09  1.007490755712226e-01 
 9.456000000000153e-09  1.155895561969569e-01 
 9.460000000000152e-09  1.299456501259062e-01 
 9.464000000000152e-09  1.437609474027610e-01 
 9.468000000000151e-09  1.569821264524300e-01 
 9.472000000000151e-09  1.695591417357782e-01 
 9.476000000000150e-09  1.814453315911759e-01 
 9.480000000000150e-09  1.925975254692709e-01 
 9.484000000000150e-09  2.029760812430688e-01 
 9.488000000000149e-09  2.125449075968593e-01 
 9.492000000000149e-09  2.212714319005222e-01 
 9.496000000000148e-09  2.291265544677046e-01 
 9.500000000000148e-09  2.360845668673264e-01 
 9.504000000000148e-09  2.421230660831180e-01 
 9.508000000000147e-09  2.472228523426674e-01 
 9.512000000000147e-09  2.513678356184665e-01 
 9.516000000000146e-09  2.545449440593823e-01 
 9.520000000000146e-09  2.567440533440521e-01 
 9.524000000000145e-09  2.579579322576415e-01 
 9.528000000000145e-09  2.581822175739932e-01 
 9.532000000000145e-09  2.574154132302802e-01 
 9.536000000000144e-09  2.556589210533813e-01 
 9.540000000000144e-09  2.529170963429426e-01 
 9.544000000000143e-09  2.491973302536428e-01 
 9.548000000000143e-09  2.445101502651612e-01 
 9.552000000000142e-09  2.388693364170482e-01 
 9.556000000000142e-09  2.322920431441622e-01 
 9.560000000000142e-09  2.247989216859185e-01 
 9.564000000000141e-09  2.164142326134098e-01 
 9.568000000000141e-09  2.071659425076469e-01 
 9.572000000000140e-09  1.970857954550542e-01 
 9.576000000000140e-09  1.862093540613738e-01 
 9.580000000000139e-09  1.745760027702623e-01 
 9.584000000000139e-09  1.622289101633552e-01 
 9.588000000000139e-09  1.492149460399972e-01 
 9.592000000000138e-09  1.355845522815518e-01 
 9.596000000000138e-09  1.213915662688887e-01 
 9.600000000000137e-09  1.066929984195326e-01 
 9.604000000000137e-09  9.154876530408274e-02 
 9.608000000000136e-09  7.602138203337105e-02 
 9.612000000000136e-09  6.017561755120937e-02 
 9.616000000000136e-09  4.407811800639294e-02 
 9.620000000000135e-09  2.779579053661152e-02 
 9.624000000000135e-09  1.140020121705376e-02 
 9.628000000000134e-09 -5.037192132132162e-03 
 9.632000000000134e-09 -2.144997846060193e-02 
 9.636000000000133e-09 -3.777024058188871e-02 
 9.640000000000133e-09 -5.392829343272965e-02 
 9.644000000000133e-09 -6.985505792930624e-02 
 9.648000000000132e-09 -8.548353338541403e-02 
 9.652000000000132e-09 -1.007490436169931e-01 
 9.656000000000131e-09 -1.155895212608655e-01 
 9.660000000000131e-09 -1.299456123227714e-01 
 9.664000000000130e-09 -1.437609068598213e-01 
 9.668000000000130e-09 -1.569820833077760e-01 
 9.672000000000130e-09 -1.695590961371760e-01 
 9.676000000000129e-09 -1.814452836988991e-01 
 9.680000000000129e-09 -1.925974754547077e-01 
 9.684000000000128e-09 -2.029760292914009e-01 
 9.688000000000128e-09 -2.125448539026493e-01 
 9.692000000000127e-09 -2.212713766708632e-01 
 9.696000000000127e-09 -2.291264979199061e-01 
 9.700000000000127e-09 -2.360845092292259e-01 
 9.704000000000126e-09 -2.421230075904868e-01 
 9.708000000000126e-09 -2.472227932405904e-01 
 9.712000000000125e-09 -2.513677761572932e-01 
 9.716000000000125e-09 -2.545448844951643e-01 
 9.720000000000124e-09 -2.567439939350640e-01 
 9.724000000000124e-09 -2.579578732630705e-01 
 9.728000000000124e-09 -2.581821592536460e-01 
 9.732000000000123e-09 -2.574153558415033e-01 
 9.736000000000123e-09 -2.556588648476492e-01 
 9.740000000000122e-09 -2.529170415650581e-01 
 9.744000000000122e-09 -2.491972771403583e-01 
 9.748000000000121e-09 -2.445100990430582e-01 
 9.752000000000121e-09 -2.388692872997114e-01 
 9.756000000000121e-09 -2.322919963328856e-01 
 9.760000000000120e-09 -2.247988773670500e-01 
 9.764000000000120e-09 -2.164141909585613e-01 
 9.768000000000119e-09 -2.071659036710205e-01 
 9.772000000000119e-09 -1.970857595749287e-01 
 9.776000000000118e-09 -1.862093212600318e-01 
 9.780000000000118e-09 -1.745759731531393e-01 
 9.784000000000118e-09 -1.622288838205499e-01 
 9.788000000000117e-09 -1.492149230449655e-01 
 9.792000000000117e-09 -1.355845326932243e-01 
 9.796000000000116e-09 -1.213915501330405e-01 
 9.800000000000116e-09 -1.066929857675092e-01 
 9.804000000000115e-09 -9.154875615512026e-02 
 9.808000000000115e-09 -7.602137639471707e-02 
 9.812000000000115e-09 -6.017561542010696e-02 
 9.816000000000114e-09 -4.407811936880535e-02 
 9.820000000000114e-09 -2.779579536831633e-02 
 9.824000000000113e-09 -1.140020948599130e-02 
 9.828000000000113e-09  5.037180465091495e-03 
 9.832000000000112e-09  2.144996344448202e-02 
 9.836000000000112e-09  3.777022227516369e-02 
 9.840000000000112e-09  5.392827190369331e-02 
 9.844000000000111e-09  6.985503325233466e-02 
 9.848000000000111e-09  8.548350564564444e-02 
 9.852000000000110e-09  1.007490129072117e-01 
 9.856000000000110e-09  1.155894876820156e-01 
 9.860000000000109e-09  1.299455759873975e-01 
 9.864000000000109e-09  1.437608678888047e-01 
 9.868000000000109e-09  1.569820418327534e-01 
 9.872000000000108e-09  1.695590523013877e-01 
 9.876000000000108e-09  1.814452376574955e-01 
 9.880000000000107e-09  1.925974273730677e-01 
 9.884000000000107e-09  2.029759793456201e-01 
 9.888000000000106e-09  2.125448022813714e-01 
 9.892000000000106e-09  2.212713235728003e-01 
 9.896000000000106e-09  2.291264435534881e-01 
 9.900000000000105e-09  2.360844538140840e-01 
 9.904000000000105e-09  2.421229513539673e-01 
 9.908000000000104e-09  2.472227364179593e-01 
 9.912000000000104e-09  2.513677189888548e-01 
 9.916000000000103e-09  2.545448272271642e-01 
 9.920000000000103e-09  2.567439368160567e-01 
 9.924000000000103e-09  2.579578165432921e-01 
 9.928000000000102e-09  2.581821031830862e-01 
 9.932000000000102e-09  2.574153006667033e-01 
 9.936000000000101e-09  2.556588108105589e-01 
 9.940000000000101e-09  2.529169889021090e-01 
 9.944000000000100e-09  2.491972260783042e-01 
 9.948000000000100e-09  2.445100498000476e-01 
 9.952000000000100e-09  2.388692400813985e-01 
 9.956000000000099e-09  2.322919513328046e-01 
 9.960000000000099e-09  2.247988347636003e-01 
 9.964000000000098e-09  2.164141509162540e-01 
 9.968000000000098e-09  2.071658663397109e-01 
 9.972000000000097e-09  1.970857250875948e-01 
 9.976000000000097e-09  1.862092897339576e-01 
 9.980000000000097e-09  1.745759446897850e-01 
 9.984000000000096e-09  1.622288585058289e-01 
 9.988000000000096e-09  1.492149009508701e-01 
 9.992000000000095e-09  1.355845138753313e-01 
 9.996000000000095e-09  1.213915346354781e-01 
 1.000000000000009e-08  1.067370267006860e-01 
