 1.000000000000000e+06 -2.222170545004551e+00 
 1.047128548050900e+06 -2.222169559512288e+00 
 1.096478196143185e+06 -2.222168478953248e+00 
 1.148153621496883e+06 -2.222167294126484e+00 
 1.202264434617413e+06 -2.222165995004568e+00 
 1.258925411794168e+06 -2.222164570502263e+00 
 1.318256738556408e+06 -2.222163008616459e+00 
 1.380384264602886e+06 -2.222161296031664e+00 
 1.445439770745928e+06 -2.222159418182583e+00 
 1.513561248436209e+06 -2.222157359189137e+00 
 1.584893192461115e+06 -2.222155101575188e+00 
 1.659586907437562e+06 -2.222152626120236e+00 
 1.737800828749377e+06 -2.222149911871903e+00 
 1.819700858609986e+06 -2.222146935734108e+00 
 1.905460717963250e+06 -2.222143672446582e+00 
 1.995262314968882e+06 -2.222140094399727e+00 
 2.089296130854042e+06 -2.222136171107668e+00 
 2.187761623949556e+06 -2.222131869300684e+00 
 2.290867652767777e+06 -2.222127152525917e+00 
 2.398832919019494e+06 -2.222121980662358e+00 
 2.511886431509584e+06 -2.222116309843731e+00 
 2.630267991895386e+06 -2.222110091910926e+00 
 2.754228703338171e+06 -2.222103274120258e+00 
 2.884031503126611e+06 -2.222095798608064e+00 
 3.019951720402022e+06 -2.222087601841395e+00 
 3.162277660168386e+06 -2.222078614342175e+00 
 3.311311214825918e+06 -2.222068759805258e+00 
 3.467368504525324e+06 -2.222057954509507e+00 
 3.630780547701022e+06 -2.222046106812546e+00 
 3.801893963205622e+06 -2.222033116168507e+00 
 3.981071705534983e+06 -2.222018872304261e+00 
 4.168693834703365e+06 -2.222003254284233e+00 
 4.365158322401672e+06 -2.221986129572694e+00 
 4.570881896148764e+06 -2.221967352909565e+00 
 4.786300923226397e+06 -2.221946764844716e+00 
 5.011872336272738e+06 -2.221924190707682e+00 
 5.248074602497743e+06 -2.221899438893042e+00 
 5.495408738576263e+06 -2.221872299411446e+00 
 5.754399373371588e+06 -2.221842541905173e+00 
 6.025595860743597e+06 -2.221809913871291e+00 
 6.309573444801954e+06 -2.221774138551388e+00 
 6.606934480075982e+06 -2.221734912265036e+00 
 6.918309709189389e+06 -2.221691902305396e+00 
 7.244359600749927e+06 -2.221644743683149e+00 
 7.585775750291865e+06 -2.221593036503668e+00 
 7.943282347242844e+06 -2.221536342026235e+00 
 8.317637711026741e+06 -2.221474179360449e+00 
 8.709635899560839e+06 -2.221406021281043e+00 
 9.120108393559132e+06 -2.221331289797764e+00 
 9.549925860214395e+06 -2.221249351122396e+00 
 1.000000000000004e+07 -2.221159510575296e+00 
 1.047128548050904e+07 -2.221061006365840e+00 
 1.096478196143189e+07 -2.220953003568922e+00 
 1.148153621496888e+07 -2.220834586668884e+00 
 1.202264434617418e+07 -2.220704752216598e+00 
 1.258925411794173e+07 -2.220562400019240e+00 
 1.318256738556413e+07 -2.220406324134271e+00 
 1.380384264602891e+07 -2.220235202541632e+00 
 1.445439770745934e+07 -2.220047586139800e+00 
 1.513561248436215e+07 -2.219841886595309e+00 
 1.584893192461121e+07 -2.219616362713862e+00 
 1.659586907437568e+07 -2.219369106244279e+00 
 1.737800828749384e+07 -2.219098025715053e+00 
 1.819700858609992e+07 -2.218800828670486e+00 
 1.905460717963257e+07 -2.218475002981839e+00 
 1.995262314968890e+07 -2.218117795595309e+00 
 2.089296130854050e+07 -2.217726189571017e+00 
 2.187761623949564e+07 -2.217296879203359e+00 
 2.290867652767785e+07 -2.216826242329138e+00 
 2.398832919019503e+07 -2.216310310571994e+00 
 2.511886431509594e+07 -2.215744736392132e+00 
 2.630267991895396e+07 -2.215124757478660e+00 
 2.754228703338182e+07 -2.214445157316134e+00 
 2.884031503126622e+07 -2.213700222712369e+00 
 3.019951720402033e+07 -2.212883697163669e+00 
 3.162277660168397e+07 -2.211988729899406e+00 
 3.311311214825930e+07 -2.211007820656114e+00 
 3.467368504525337e+07 -2.209932758901417e+00 
 3.630780547701035e+07 -2.208754558466456e+00 
 3.801893963205635e+07 -2.207463385707893e+00 
 3.981071705534997e+07 -2.206048481703692e+00 
 4.168693834703380e+07 -2.204498077774556e+00 
 4.365158322401687e+07 -2.202799303574445e+00 
 4.570881896148779e+07 -2.200938087495538e+00 
 4.786300923226414e+07 -2.198899048972891e+00 
 5.011872336272755e+07 -2.196665381831906e+00 
 5.248074602497760e+07 -2.194218728252658e+00 
 5.495408738576282e+07 -2.191539042700972e+00 
 5.754399373371608e+07 -2.188604445995195e+00 
 6.025595860743618e+07 -2.185391067930305e+00 
 6.309573444801975e+07 -2.181872878510727e+00 
 6.606934480076005e+07 -2.178021508133733e+00 
 6.918309709189413e+07 -2.173806055107423e+00 
 7.244359600749952e+07 -2.169192881242985e+00 
 7.585775750291891e+07 -2.164145395590682e+00 
 7.943282347242872e+07 -2.158623825949937e+00 
 8.317637711026771e+07 -2.152584979009151e+00 
 8.709635899560872e+07 -2.145981990255552e+00 
 9.120108393559167e+07 -2.138764063955366e+00 
 9.549925860214433e+07 -2.130876205662236e+00 
 1.000000000000008e+08 -2.122258949507178e+00 
 1.047128548050908e+08 -2.112848082287149e+00 
 1.096478196143194e+08 -2.102574369085205e+00 
 1.148153621496892e+08 -2.091363284424910e+00 
 1.202264434617423e+08 -2.079134754773467e+00 
 1.258925411794178e+08 -2.065802918819217e+00 
 1.318256738556418e+08 -2.051275914550532e+00 
 1.380384264602897e+08 -2.035455701557230e+00 
 1.445439770745940e+08 -2.018237930413829e+00 
 1.513561248436221e+08 -1.999511872083666e+00 
 1.584893192461127e+08 -1.979160421380671e+00 
 1.659586907437575e+08 -1.957060191376308e+00 
 1.737800828749391e+08 -1.933081716696916e+00 
 1.819700858610000e+08 -1.907089785420932e+00 
 1.905460717963264e+08 -1.878943920641411e+00 
 1.995262314968898e+08 -1.848499033932328e+00 
 2.089296130854059e+08 -1.815606272974382e+00 
 2.187761623949573e+08 -1.780114085394273e+00 
 2.290867652767794e+08 -1.741869519972397e+00 
 2.398832919019513e+08 -1.700719782947985e+00 
 2.511886431509604e+08 -1.656514064875401e+00 
 2.630267991895407e+08 -1.609105645896130e+00 
 2.754228703338193e+08 -1.558354282093979e+00 
 2.884031503126634e+08 -1.504128865591223e+00 
 3.019951720402046e+08 -1.446310339660991e+00 
 3.162277660168411e+08 -1.384794839367275e+00 
 3.311311214825944e+08 -1.319497012054524e+00 
 3.467368504525352e+08 -1.250353459425594e+00 
 3.630780547701051e+08 -1.177326225726594e+00 
 3.801893963205651e+08 -1.100406243956150e+00 
 3.981071705535014e+08 -1.019616638091355e+00 
 4.168693834703397e+08 -9.350157688803833e-01 
 4.365158322401705e+08 -8.466999053619441e-01 
 4.570881896148798e+08 -7.548054014233657e-01 
 4.786300923226434e+08 -6.595102614319115e-01 
 5.011872336272776e+08 -5.610349892593726e-01 
 5.248074602497782e+08 -4.596426314711630e-01 
 5.495408738576305e+08 -3.556379487832045e-01 
 5.754399373371632e+08 -2.493656785731874e-01 
 6.025595860743644e+08 -1.412078839116007e-01 
 6.309573444802003e+08 -3.158042093399992e-02 
 6.606934480076034e+08  7.907140749056452e-02 
 6.918309709189442e+08  1.902779077476752e-01 
 7.244359600749983e+08  3.015506252349506e-01 
 7.585775750291924e+08  4.123883848901148e-01 
 7.943282347242906e+08  5.222835595563737e-01 
 8.317637711026806e+08  6.307283716710193e-01 
 8.709635899560907e+08  7.372210310603521e-01 
 9.120108393559203e+08  8.412715183363301e-01 
 9.549925860214471e+08  9.424068387179297e-01 
 1.000000000000012e+09  1.040175594534994e+00 
 1.047128548050912e+09  1.134151754276369e+00 
 1.096478196143198e+09  1.223937530369756e+00 
 1.148153621496897e+09  1.309165314947111e+00 
 1.202264434617427e+09  1.389498659784187e+00 
 1.258925411794183e+09  1.464632322809396e+00 
 1.318256738556423e+09  1.534291435591868e+00 
 1.380384264602902e+09  1.598229874220862e+00 
 1.445439770745945e+09  1.656227937620176e+00 
 1.513561248436227e+09  1.708089453240353e+00 
 1.584893192461133e+09  1.753638439372398e+00 
 1.659586907437582e+09  1.792715456922762e+00 
 1.737800828749398e+09  1.825173781751175e+00 
 1.819700858610007e+09  1.850875522662231e+00 
 1.905460717963272e+09  1.869687801051779e+00 
 1.995262314968905e+09  1.881479096566134e+00 
 2.089296130854067e+09  1.886115850545303e+00 
 2.187761623949581e+09  1.883459405937527e+00 
 2.290867652767803e+09  1.873363349231203e+00 
 2.398832919019522e+09  1.855671307741951e+00 
 2.511886431509614e+09  1.830215244045392e+00 
 2.630267991895417e+09  1.796814278518756e+00 
 2.754228703338203e+09  1.755274061158214e+00 
 2.884031503126645e+09  1.705386704120762e+00 
 3.019951720402058e+09  1.646931277366074e+00 
 3.162277660168423e+09  1.579674860127991e+00 
 3.311311214825957e+09  1.503374131404412e+00 
 3.467368504525365e+09  1.417777472215262e+00 
 3.630780547701065e+09  1.322627541677055e+00 
 3.801893963205667e+09  1.217664277655269e+00 
 3.981071705535030e+09  1.102628261443466e+00 
 4.168693834703414e+09  9.772643749070099e-01 
 4.365158322401723e+09  8.413256685423460e-01 
 4.570881896148817e+09  6.945773505377004e-01 
 4.786300923226454e+09  5.368008010200221e-01 
 5.011872336272797e+09  3.677975128394232e-01 
 5.248074602497804e+09  1.873928611448982e-01 
 5.495408738576327e+09 -4.560391196503368e-03 
 5.754399373371655e+09 -2.081789363872674e-01 
 6.025595860743669e+09 -4.235461841497241e-01 
 6.309573444802029e+09 -6.507099996294229e-01 
 6.606934480076061e+09 -8.896809547268837e-01 
 6.918309709189471e+09 -1.140431112036653e+00 
 7.244359600750012e+09 -1.402893342050846e+00 
 7.585775750291955e+09 -1.676961157267800e+00 
 7.943282347242938e+09 -1.962489032401582e+00 
 8.317637711026839e+09 -2.259293168738110e+00 
 8.709635899560942e+09 -2.567152653304369e+00 
 9.120108393559240e+09 -2.885810959826457e+00 
 9.549925860214510e+09 -3.214977738151986e+00 
 1.000000000000016e+10 -3.554330841173156e+00 
 1.047128548050916e+10 -3.903518542494585e+00 
 1.096478196143202e+10 -4.262161903227874e+00 
 1.148153621496901e+10 -4.629857251560073e+00 
 1.202264434617432e+10 -5.006178743560610e+00 
 1.258925411794188e+10 -5.390680977730353e+00 
 1.318256738556429e+10 -5.782901639075294e+00 
 1.380384264602907e+10 -6.182364151237845e+00 
 1.445439770745951e+10 -6.588580317870195e+00 
 1.513561248436233e+10 -7.001052937431115e+00 
 1.584893192461140e+10 -7.419278379267483e+00 
 1.659586907437588e+10 -7.842749113311386e+00 
 1.737800828749405e+10 -8.270956190790590e+00 
 1.819700858610014e+10 -8.703391678468698e+00 
 1.905460717963279e+10 -9.139551053355030e+00 
 1.995262314968913e+10 -9.578935567611204e+00 
 2.089296130854075e+10 -1.002105459370033e+01 
 2.187761623949590e+10 -1.046542795703543e+01 
 2.290867652767812e+10 -1.091158825727101e+01 
 2.398832919019532e+10 -1.135908317022617e+01 
 2.511886431509623e+10 -1.180747771103688e+01 
 2.630267991895427e+10 -1.225635642677035e+01 
 2.754228703338214e+10 -1.270532547495284e+01 
 2.884031503126656e+10 -1.315401453489770e+01 
 3.019951720402069e+10 -1.360207849284354e+01 
 3.162277660168435e+10 -1.404919884081278e+01 
 3.311311214825969e+10 -1.449508473331317e+01 
 3.467368504525378e+10 -1.493947365544423e+01 
 3.630780547701078e+10 -1.538213166993161e+01 
 3.801893963205680e+10 -1.582285322789066e+01 
 3.981071705535044e+10 -1.626146054717812e+01 
 4.168693834703429e+10 -1.669780258136711e+01 
 4.365158322401739e+10 -1.713175362010531e+01 
 4.570881896148833e+10 -1.756321157658261e+01 
 4.786300923226471e+10 -1.799209602912237e+01 
 5.011872336272815e+10 -1.841834609104020e+01 
 5.248074602497823e+10 -1.884191818583410e+01 
 5.495408738576347e+10 -1.926278380379487e+01 
 5.754399373371677e+10 -1.968092731183336e+01 
 6.025595860743690e+10 -2.009634388144082e+01 
 6.309573444802052e+10 -2.050903759100103e+01 
 6.606934480076085e+10 -2.091901974887490e+01 
 6.918309709189496e+10 -2.132630747338482e+01 
 7.244359600750038e+10 -2.173092255548617e+01 
 7.585775750291982e+10 -2.213289061981979e+01 
 7.943282347242966e+10 -2.253224059013792e+01 
 8.317637711026869e+10 -2.292900445581871e+01 
 8.709635899560974e+10 -2.332321732728998e+01 
 9.120108393559274e+10 -2.371491775959996e+01 
 9.549925860214545e+10 -2.410414831504575e+01 
 1.000000000000020e+11 -2.449095632769765e+01 
