 1.000000000000000e+06 -4.018522892682348e+00 
 1.047128548050900e+06 -4.018521947170489e+00 
 1.096478196143185e+06 -4.018520910408536e+00 
 1.148153621496883e+06 -4.018519773624398e+00 
 1.202264434617413e+06 -4.018518527142090e+00 
 1.258925411794168e+06 -4.018517160395985e+00 
 1.318256738556408e+06 -4.018515661827297e+00 
 1.380384264602886e+06 -4.018514018703164e+00 
 1.445439770745928e+06 -4.018512217008659e+00 
 1.513561248436209e+06 -4.018510241520843e+00 
 1.584893192461115e+06 -4.018508075431576e+00 
 1.659586907437562e+06 -4.018505700342630e+00 
 1.737800828749377e+06 -4.018503096123391e+00 
 1.819700858609986e+06 -4.018500240657328e+00 
 1.905460717963250e+06 -4.018497109723046e+00 
 1.995262314968882e+06 -4.018493676706186e+00 
 2.089296130854042e+06 -4.018489912497544e+00 
 2.187761623949556e+06 -4.018485785135868e+00 
 2.290867652767777e+06 -4.018481259564163e+00 
 2.398832919019494e+06 -4.018476297401160e+00 
 2.511886431509584e+06 -4.018470856505359e+00 
 2.630267991895386e+06 -4.018464890713892e+00 
 2.754228703338171e+06 -4.018458349368128e+00 
 2.884031503126611e+06 -4.018451176925312e+00 
 3.019951720402022e+06 -4.018443312514958e+00 
 3.162277660168386e+06 -4.018434689436064e+00 
 3.311311214825918e+06 -4.018425234398424e+00 
 3.467368504525324e+06 -4.018414867259045e+00 
 3.630780547701022e+06 -4.018403499956598e+00 
 3.801893963205622e+06 -4.018391036012367e+00 
 3.981071705534983e+06 -4.018377369725752e+00 
 4.168693834703365e+06 -4.018362384974638e+00 
 4.365158322401672e+06 -4.018345954657861e+00 
 4.570881896148764e+06 -4.018327939328085e+00 
 4.786300923226397e+06 -4.018308186023305e+00 
 5.011872336272738e+06 -4.018286527272837e+00 
 5.248074602497743e+06 -4.018262779071610e+00 
 5.495408738576263e+06 -4.018236740091773e+00 
 5.754399373371588e+06 -4.018208189191380e+00 
 6.025595860743597e+06 -4.018176884256612e+00 
 6.309573444801954e+06 -4.018142559571951e+00 
 6.606934480075982e+06 -4.018104923968536e+00 
 6.918309709189389e+06 -4.018063658096475e+00 
 7.244359600749927e+06 -4.018018411927073e+00 
 7.585775750291865e+06 -4.017968801541593e+00 
 7.943282347242844e+06 -4.017914406171157e+00 
 8.317637711026741e+06 -4.017854764470894e+00 
 8.709635899560839e+06 -4.017789370534631e+00 
 9.120108393559132e+06 -4.017717669837165e+00 
 9.549925860214395e+06 -4.017639054339982e+00 
 1.000000000000004e+07 -4.017552857518560e+00 
 1.047128548050904e+07 -4.017458348608420e+00 
 1.096478196143189e+07 -4.017354726449465e+00 
 1.148153621496888e+07 -4.017241112821932e+00 
 1.202264434617418e+07 -4.017116544929917e+00 
 1.258925411794173e+07 -4.016979967355235e+00 
 1.318256738556413e+07 -4.016830223071995e+00 
 1.380384264602891e+07 -4.016666043860106e+00 
 1.445439770745934e+07 -4.016486039488955e+00 
 1.513561248436215e+07 -4.016288686133280e+00 
 1.584893192461121e+07 -4.016072313514036e+00 
 1.659586907437568e+07 -4.015835090962793e+00 
 1.737800828749384e+07 -4.015575012021868e+00 
 1.819700858609992e+07 -4.015289877649440e+00 
 1.905460717963257e+07 -4.014977277991293e+00 
 1.995262314968890e+07 -4.014634572093550e+00 
 2.089296130854050e+07 -4.014258866028696e+00 
 2.187761623949564e+07 -4.013846988782911e+00 
 2.290867652767785e+07 -4.013395466060714e+00 
 2.398832919019503e+07 -4.012900491434703e+00 
 2.511886431509594e+07 -4.012357895005177e+00 
 2.630267991895396e+07 -4.011763109004472e+00 
 2.754228703338182e+07 -4.011111130419357e+00 
 2.884031503126622e+07 -4.010396479946292e+00 
 3.019951720402033e+07 -4.009613157463077e+00 
 3.162277660168397e+07 -4.008754593262398e+00 
 3.311311214825930e+07 -4.007813595036987e+00 
 3.467368504525337e+07 -4.006782290063564e+00 
 3.630780547701035e+07 -4.005652062065744e+00 
 3.801893963205635e+07 -4.004413482949800e+00 
 3.981071705534997e+07 -4.003056238207133e+00 
 4.168693834703380e+07 -4.001569046161970e+00 
 4.365158322401687e+07 -3.999939569997484e+00 
 4.570881896148779e+07 -3.998154322892499e+00 
 4.786300923226414e+07 -3.996198564821635e+00 
 5.011872336272755e+07 -3.994056191331371e+00 
 5.248074602497760e+07 -3.991709613287143e+00 
 5.495408738576282e+07 -3.989139627126603e+00 
 5.754399373371608e+07 -3.986325275833607e+00 
 6.025595860743618e+07 -3.983243698871515e+00 
 6.309573444801975e+07 -3.979869971944509e+00 
 6.606934480076005e+07 -3.976176935718432e+00 
 6.918309709189413e+07 -3.972135013272951e+00 
 7.244359600749952e+07 -3.967712016307026e+00 
 7.585775750291891e+07 -3.962872940178301e+00 
 7.943282347242872e+07 -3.957579747869223e+00 
 8.317637711026771e+07 -3.951791143950607e+00 
 8.709635899560872e+07 -3.945462338688980e+00 
 9.120108393559167e+07 -3.938544804096138e+00 
 9.549925860214433e+07 -3.930986023628239e+00 
 1.000000000000008e+08 -3.922729237581512e+00 
 1.047128548050908e+08 -3.913713187158875e+00 
 1.096478196143194e+08 -3.903871861334181e+00 
 1.148153621496892e+08 -3.893134250436976e+00 
 1.202264434617423e+08 -3.881424113053487e+00 
 1.258925411794178e+08 -3.868659761796307e+00 
 1.318256738556418e+08 -3.854753877296226e+00 
 1.380384264602897e+08 -3.839613358829071e+00 
 1.445439770745940e+08 -3.823139223477014e+00 
 1.513561248436221e+08 -3.805226565595921e+00 
 1.584893192461127e+08 -3.785764591756871e+00 
 1.659586907437575e+08 -3.764636746426160e+00 
 1.737800828749391e+08 -3.741720946349854e+00 
 1.819700858610000e+08 -3.716889942948513e+00 
 1.905460717963264e+08 -3.690011832129325e+00 
 1.995262314968898e+08 -3.660950733678167e+00 
 2.089296130854059e+08 -3.629567660217052e+00 
 2.187761623949573e+08 -3.595721597183706e+00 
 2.290867652767794e+08 -3.559270812647583e+00 
 2.398832919019513e+08 -3.520074412485568e+00 
 2.511886431509604e+08 -3.477994154308496e+00 
 2.630267991895407e+08 -3.432896524924549e+00 
 2.754228703338193e+08 -3.384655081251160e+00 
 2.884031503126634e+08 -3.333153043588130e+00 
 3.019951720402046e+08 -3.278286119764246e+00 
 3.162277660168411e+08 -3.219965526238265e+00 
 3.311311214825944e+08 -3.158121157976139e+00 
 3.467368504525352e+08 -3.092704844470418e+00 
 3.630780547701051e+08 -3.023693615123385e+00 
 3.801893963205651e+08 -2.951092882885318e+00 
 3.981071705535014e+08 -2.874939443765484e+00 
 4.168693834703397e+08 -2.795304180634889e+00 
 4.365158322401705e+08 -2.712294355417347e+00 
 4.570881896148798e+08 -2.626055373764115e+00 
 4.786300923226434e+08 -2.536771913219344e+00 
 5.011872336272776e+08 -2.444668317930613e+00 
 5.248074602497782e+08 -2.350008183115572e+00 
 5.495408738576305e+08 -2.253093077175604e+00 
 5.754399373371632e+08 -2.154260380537572e+00 
 6.025595860743644e+08 -2.053880254546636e+00 
 6.309573444802003e+08 -1.952351790319590e+00 
 6.606934480076034e+08 -1.850098424012741e+00 
 6.918309709189442e+08 -1.747562739073805e+00 
 7.244359600749983e+08 -1.645200805717319e+00 
 7.585775750291924e+08 -1.543476231064731e+00 
 7.943282347242906e+08 -1.442854108496661e+00 
 8.317637711026806e+08 -1.343795060746648e+00 
 8.709635899560907e+08 -1.246749567696914e+00 
 9.120108393559203e+08 -1.152152756982678e+00 
 9.549925860214471e+08 -1.060419814198258e+00 
 1.000000000000012e+09 -9.719421411401794e-01 
 1.047128548050912e+09 -8.870843571963705e-01 
 1.096478196143198e+09 -8.061822024682028e-01 
 1.148153621496897e+09 -7.295413641270418e-01 
 1.202264434617427e+09 -6.574372117993414e-01 
 1.258925411794183e+09 -5.901153951218109e-01 
 1.318256738556423e+09 -5.277932291226667e-01 
 1.380384264602902e+09 -4.706617710566509e-01 
 1.445439770745945e+09 -4.188884766378719e-01 
 1.513561248436227e+09 -3.726203145026135e-01 
 1.584893192461133e+09 -3.319872141796200e-01 
 1.659586907437582e+09 -2.971057248331023e-01 
 1.737800828749398e+09 -2.680827679401717e-01 
 1.819700858610007e+09 -2.450193763269055e-01 
 1.905460717963272e+09 -2.280143231062986e-01 
 1.995262314968905e+09 -2.171675563959293e-01 
 2.089296130854067e+09 -2.125833680241284e-01 
 2.187761623949581e+09 -2.143732363567908e-01 
 2.290867652767803e+09 -2.226582943555339e-01 
 2.398832919019522e+09 -2.375713836524105e-01 
 2.511886431509614e+09 -2.592586638600404e-01 
 2.630267991895417e+09 -2.878807536810974e-01 
 2.754228703338203e+09 -3.236133865987004e-01 
 2.884031503126645e+09 -3.666475697911850e-01 
 3.019951720402058e+09 -4.171892403565914e-01 
 3.162277660168423e+09 -4.754584187259855e-01 
 3.311311214825957e+09 -5.416878654595324e-01 
 3.467368504525365e+09 -6.161212548034035e-01 
 3.630780547701065e+09 -6.990108867287377e-01 
 3.801893963205667e+09 -7.906149686286733e-01 
 3.981071705535030e+09 -8.911945084609170e-01 
 4.168693834703414e+09 -1.001009872458643e+00 
 4.365158322401723e+09 -1.120317072285917e+00 
 4.570881896148817e+09 -1.249363857972549e+00 
 4.786300923226454e+09 -1.388385703369655e+00 
 5.011872336272797e+09 -1.537601779397282e+00 
 5.248074602497804e+09 -1.697211016111307e+00 
 5.495408738576327e+09 -1.867388356826624e+00 
 5.754399373371655e+09 -2.048281305530017e+00 
 6.025595860743669e+09 -2.240006862239956e+00 
 6.309573444802029e+09 -2.442648929715024e+00 
 6.606934480076061e+09 -2.656256259260786e+00 
 6.918309709189471e+09 -2.880840983976199e+00 
 7.244359600750012e+09 -3.116377765597877e+00 
 7.585775750291955e+09 -3.362803557326897e+00 
 7.943282347242938e+09 -3.620017961119886e+00 
 8.317637711026839e+09 -3.887884135294391e+00 
 8.709635899560942e+09 -4.166230188349115e+00 
 9.120108393559240e+09 -4.454850978839501e+00 
 9.549925860214510e+09 -4.753510229949351e+00 
 1.000000000000016e+10 -5.061942861675510e+00 
 1.047128548050916e+10 -5.379857443591956e+00 
 1.096478196143202e+10 -5.706938676899501e+00 
 1.148153621496901e+10 -6.042849825443342e+00 
 1.202264434617432e+10 -6.387235030842019e+00 
 1.258925411794188e+10 -6.739721465758816e+00 
 1.318256738556429e+10 -7.099921300372922e+00 
 1.380384264602907e+10 -7.467433478810474e+00 
 1.445439770745951e+10 -7.841845323134277e+00 
 1.513561248436233e+10 -8.222734000911153e+00 
 1.584893192461140e+10 -8.609667906949788e+00 
 1.659586907437588e+10 -9.002208019317475e+00 
 1.737800828749405e+10 -9.399909293345289e+00 
 1.819700858610014e+10 -9.802322154590499e+00 
 1.905460717963279e+10 -1.020899414275019e+01 
 1.995262314968913e+10 -1.061947174395707e+01 
 2.089296130854075e+10 -1.103330242991620e+01 
 2.187761623949590e+10 -1.145003690058001e+01 
 2.290867652767812e+10 -1.186923150444248e+01 
 2.398832919019532e+10 -1.229045078910906e+01 
 2.511886431509623e+10 -1.271327011654086e+01 
 2.630267991895427e+10 -1.313727826395453e+01 
 2.754228703338214e+10 -1.356207992399257e+01 
 2.884031503126656e+10 -1.398729801707974e+01 
 3.019951720402069e+10 -1.441257573481824e+01 
 3.162277660168435e+10 -1.483757824520043e+01 
 3.311311214825969e+10 -1.526199400716080e+01 
 3.467368504525378e+10 -1.568553566201036e+01 
 3.630780547701078e+10 -1.610794049087611e+01 
 3.801893963205680e+10 -1.652897044869311e+01 
 3.981071705535044e+10 -1.694841180502917e+01 
 4.168693834703429e+10 -1.736607443883257e+01 
 4.365158322401739e+10 -1.778179084722431e+01 
 4.570881896148833e+10 -1.819541493726000e+01 
 4.786300923226471e+10 -1.860682067407893e+01 
 5.011872336272815e+10 -1.901590065927535e+01 
 5.248074602497823e+10 -1.942256471012359e+01 
 5.495408738576347e+10 -1.982673850406244e+01 
 5.754399373371677e+10 -2.022836234423826e+01 
 6.025595860743690e+10 -2.062739009155170e+01 
 6.309573444802052e+10 -2.102378829711348e+01 
 6.606934480076085e+10 -2.141753555676783e+01 
 6.918309709189496e+10 -2.180862209677300e+01 
 7.244359600750038e+10 -2.219704958714724e+01 
 7.585775750291982e+10 -2.258283116686000e+01 
 7.943282347242966e+10 -2.296599165322458e+01 
 8.317637711026869e+10 -2.334656789680764e+01 
 8.709635899560974e+10 -2.372460923324667e+01 
 9.120108393559274e+10 -2.410017797496439e+01 
 9.549925860214545e+10 -2.447334987936642e+01 
 1.000000000000020e+11 -2.484421452623653e+01 
