 1.000000000000000e+06 -1.336337184574150e-01 -3.253018777654259e-04  1.336337677643489e-01  3.366182247032710e-04  1.000000000000000e+00  0.000000000000000e+00 -1.799150546612529e-01 -6.897176263141124e-04  1.799150546624662e-01  6.897176263109585e-04  1.000000000000000e+00  0.000000000000000e+00 
 1.047128548050900e+06 -1.336337576679774e-01 -3.406329670195149e-04  1.336338116304608e-01  3.524823777732878e-04  1.000000000000000e+00  0.000000000000000e+00 -1.799152166031033e-01 -7.222226587244247e-04  1.799152166032780e-01  7.222226587241198e-04  1.000000000000000e+00  0.000000000000000e+00 
 1.096478196143185e+06 -1.336338006672491e-01 -3.566865960541736e-04  1.336338597229001e-01  3.690941640554487e-04  1.000000000000000e+00  0.000000000000000e+00 -1.799153941676955e-01 -7.562595530945617e-04  1.799153941726881e-01  7.562595530796815e-04  1.000000000000000e+00  0.000000000000000e+00 
 1.148153621496883e+06 -1.336338478212246e-01 -3.734968177836608e-04  1.336339124489395e-01  3.864888157569321e-04  1.000000000000000e+00  0.000000000000000e+00 -1.799155888633839e-01 -7.919004960000562e-04  1.799155888725705e-01  7.919004959712013e-04  1.000000000000000e+00  0.000000000000000e+00 
 1.202264434617413e+06 -1.336338995312292e-01 -3.910992900661506e-04  1.336339702551189e-01  4.047032251524660e-04  1.000000000000000e+00  0.000000000000000e+00 -1.799158023440815e-01 -8.292210749014110e-04  1.799158023494699e-01  8.292210748837832e-04  1.000000000000000e+00  0.000000000000000e+00 
 1.258925411794168e+06 -1.336339562373386e-01 -4.095313513579716e-04  1.336340336310299e-01  4.237760227615634e-04  1.000000000000000e+00  0.000000000000000e+00 -1.799160364197208e-01 -8.683004382473980e-04  1.799160364272649e-01  8.683004382214608e-04  1.000000000000000e+00  0.000000000000000e+00 
 1.318256738556408e+06 -1.336340184221207e-01 -4.288320999357679e-04  1.336341031134600e-01  4.437476592012187e-04  1.000000000000000e+00  0.000000000000000e+00 -1.799162930784347e-01 -9.092214631069540e-04  1.799162930870343e-01  9.092214630759591e-04  1.000000000000000e+00  0.000000000000000e+00 
 1.380384264602886e+06 -1.336340866147410e-01 -4.490424768548489e-04  1.336341792909387e-01  4.646604908862202e-04  1.000000000000000e+00  0.000000000000000e+00 -1.799165744989241e-01 -9.520709306626220e-04  1.799165745074154e-01  9.520709306305791e-04  1.000000000000000e+00  0.000000000000000e+00 
 1.445439770745928e+06 -1.336341613954787e-01 -4.702053528198695e-04  1.336342628087147e-01  4.865588697572211e-04  1.000000000000000e+00  0.000000000000000e+00 -1.799168830700995e-01 -9.969397099457856e-04  1.799168830770828e-01  9.969397099182410e-04  1.000000000000000e+00  0.000000000000000e+00 
 1.513561248436209e+06 -1.336342434006685e-01 -4.923656191523515e-04  1.336343543742121e-01  5.094892372250379e-04  1.000000000000000e+00  0.000000000000000e+00 -1.799172214112738e-01 -1.043922950191360e-03  1.799172214154611e-01  1.043922950174181e-03  1.000000000000000e+00  0.000000000000000e+00 
 1.584893192461115e+06 -1.336343333281252e-01 -5.155702830481682e-04  1.336344547630090e-01  5.335002225283899e-04  1.000000000000000e+00  0.000000000000000e+00 -1.799175923934805e-01 -1.093120282212580e-03  1.799175923997191e-01  1.093120282185633e-03  1.000000000000000e+00  0.000000000000000e+00 
 1.659586907437562e+06 -1.336344319431079e-01 -5.398685673271652e-04  1.336345648253852e-01  5.586427457113783e-04  1.000000000000000e+00  0.000000000000000e+00 -1.799179991679097e-01 -1.144636029220802e-03  1.799179991679382e-01  1.144636029220987e-03  1.000000000000000e+00  0.000000000000000e+00 
 1.737800828749377e+06 -1.336345400848504e-01 -5.653120148867326e-04  1.336346854935009e-01  5.849701254364939e-04  1.000000000000000e+00  0.000000000000000e+00 -1.799184451853102e-01 -1.198579427509820e-03  1.799184451840802e-01  1.198579427516042e-03  1.000000000000000e+00  0.000000000000000e+00 
 1.819700858609986e+06 -1.336346586737381e-01 -5.919545980809327e-04  1.336348177892556e-01  6.125381918588902e-04  1.000000000000000e+00  0.000000000000000e+00 -1.799189342317578e-01 -1.255064857488906e-03  1.799189342335386e-01  1.255064857480323e-03  1.000000000000000e+00  0.000000000000000e+00 
 1.905460717963250e+06 -1.336347887191769e-01 -6.198528332573077e-04  1.336349628329028e-01  6.414054047979847e-04  1.000000000000000e+00  0.000000000000000e+00 -1.799194704583486e-01 -1.314212085517052e-03  1.799194704679797e-01  1.314212085466846e-03  1.000000000000000e+00  0.000000000000000e+00 
 1.995262314968882e+06 -1.336349313282353e-01 -6.490659006943048e-04  1.336351218524845e-01  6.716329774532917e-04  1.000000000000000e+00  0.000000000000000e+00 -1.799200584201009e-01 -1.376146517053706e-03  1.799200584213932e-01  1.376146517046982e-03  1.000000000000000e+00  0.000000000000000e+00 
 2.089296130854042e+06 -1.336350877151271e-01 -6.796557701936458e-04  1.336352961941664e-01  7.032850059227145e-04  1.000000000000000e+00  0.000000000000000e+00 -1.799207031033815e-01 -1.440999461618154e-03  1.799207031071812e-01  1.440999461596679e-03  1.000000000000000e+00  0.000000000000000e+00 
 2.187761623949556e+06 -1.336352592116209e-01 -7.116873325937933e-04  1.336354873335613e-01  7.364286047932940e-04  1.000000000000000e+00  0.000000000000000e+00 -1.799214099825707e-01 -1.508908410154281e-03  1.799214099857692e-01  1.508908410135417e-03  1.000000000000000e+00  0.000000000000000e+00 
 2.290867652767777e+06 -1.336354472784636e-01 -7.452285374830406e-04  1.336356968881255e-01  7.711340490868242e-04  1.000000000000000e+00  0.000000000000000e+00 -1.799221850565811e-01 -1.580017325299536e-03  1.799221850627860e-01  1.580017325260811e-03  1.000000000000000e+00  0.000000000000000e+00 
 2.398832919019494e+06 -1.336356535179253e-01 -7.803505374036500e-04  1.336359266307454e-01  8.074749228556258e-04  1.000000000000000e+00  0.000000000000000e+00 -1.799230349064554e-01 -1.654476945204149e-03  1.799230349050716e-01  1.654476945213751e-03  1.000000000000000e+00  0.000000000000000e+00 
 2.511886431509584e+06 -1.336358796875682e-01 -8.171278388517695e-04  1.336361785046061e-01  8.455282747373275e-04  1.000000000000000e+00  0.000000000000000e+00 -1.799239667412023e-01 -1.732445101465673e-03  1.799239667485911e-01  1.732445101415024e-03  1.000000000000000e+00  0.000000000000000e+00 
 2.630267991895386e+06 -1.336361277153619e-01 -8.556384603919488e-04  1.336364546394837e-01  8.853747807916270e-04  1.000000000000000e+00  0.000000000000000e+00 -1.799249884754438e-01 -1.814087051888889e-03  1.799249884737652e-01  1.814087051901551e-03  1.000000000000000e+00  0.000000000000000e+00 
 2.754228703338171e+06 -1.336363997162846e-01 -8.959640982193352e-04  1.336367573695793e-01  9.270989149568621e-04  1.000000000000000e+00  0.000000000000000e+00 -1.799261087758423e-01 -1.899575828631102e-03  1.799261087804814e-01  1.899575828596434e-03  1.000000000000000e+00  0.000000000000000e+00 
 2.884031503126611e+06 -1.336366980105494e-01 -9.381902995177891e-04  1.336370892530478e-01  9.707891274797401e-04  1.000000000000000e+00  0.000000000000000e+00 -1.799273371541596e-01 -1.989092602559385e-03  1.799273371598924e-01  1.989092602514400e-03  1.000000000000000e+00  0.000000000000000e+00 
 3.019951720402022e+06 -1.336370251436138e-01 -9.824066439776446e-04  1.336374530933817e-01  1.016538031687842e-03  1.000000000000000e+00  0.000000000000000e+00 -1.799286840349384e-01 -2.082827064413111e-03  1.799286840427919e-01  2.082827064348376e-03  1.000000000000000e+00  0.000000000000000e+00 
 3.162277660168386e+06 -1.336373839081648e-01 -1.028706933852724e-03  1.336378519628180e-01  1.064442599491627e-03  1.000000000000000e+00  0.000000000000000e+00 -1.799301608504346e-01 -2.180977823614587e-03  1.799301608541037e-01  2.180977823583240e-03  1.000000000000000e+00  0.000000000000000e+00 
 3.311311214825918e+06 -1.336377773682524e-01 -1.077189392953069e-03  1.336382892279651e-01  1.114604366020574e-03  1.000000000000000e+00  0.000000000000000e+00 -1.799317801321363e-01 -2.283752825446273e-03  1.799317801381559e-01  2.283752825392025e-03  1.000000000000000e+00  0.000000000000000e+00 
 3.467368504525324e+06 -1.336382088858024e-01 -1.127956874986564e-03  1.336387685778549e-01  1.167129643816881e-03  1.000000000000000e+00  0.000000000000000e+00 -1.799335556246253e-01 -2.391369787453181e-03  1.799335556254624e-01  2.391369787445849e-03  1.000000000000000e+00  0.000000000000000e+00 
 3.630780547701022e+06 -1.336386821497321e-01 -1.181117081680390e-03  1.336392940546495e-01  1.222129747029939e-03  1.000000000000000e+00  0.000000000000000e+00 -1.799355023934806e-01 -2.504056655842233e-03  1.799355023942636e-01  2.504056655835099e-03  1.000000000000000e+00  0.000000000000000e+00 
 3.801893963205622e+06 -1.336392012079305e-01 -1.236782791131034e-03  1.336398700872536e-01  1.279721226075483e-03  1.000000000000000e+00  0.000000000000000e+00 -1.799376369594526e-01 -2.622052082814117e-03  1.799376369647727e-01  2.622052082759179e-03  1.000000000000000e+00  0.000000000000000e+00 
 3.981071705534983e+06 -1.336397705023837e-01 -1.295072096850080e-03  1.336405015281019e-01  1.340026113245192e-03  1.000000000000000e+00  0.000000000000000e+00 -1.799399774376274e-01 -2.745605925671961e-03  1.799399774438750e-01  2.745605925604285e-03  1.000000000000000e+00  0.000000000000000e+00 
 4.168693834703365e+06 -1.336403949077541e-01 -1.356108657991702e-03  1.336411936934324e-01  1.403172179775221e-03  1.000000000000000e+00  0.000000000000000e+00 -1.799425436884756e-01 -2.874979768640440e-03  1.799425436917019e-01  2.874979768604231e-03  1.000000000000000e+00  0.000000000000000e+00 
 4.365158322401672e+06 -1.336410797737475e-01 -1.420021961267026e-03  1.336419524073644e-01  1.469293204906213e-03  1.000000000000000e+00  0.000000000000000e+00 -1.799453574865224e-01 -3.010447468358540e-03  1.799453574881402e-01  3.010447468339943e-03  1.000000000000000e+00  0.000000000000000e+00 
 4.570881896148764e+06 -1.336418309716478e-01 -1.486947595069915e-03  1.336427840501527e-01  1.538529257492338e-03  1.000000000000000e+00  0.000000000000000e+00 -1.799484427057460e-01 -3.152295724019520e-03  1.799484427128064e-01  3.152295723931648e-03  1.000000000000000e+00  0.000000000000000e+00 
 4.786300923226397e+06 -1.336426549454099e-01 -1.557027536358844e-03  1.336436956110109e-01  1.611026990742987e-03  1.000000000000000e+00  0.000000000000000e+00 -1.799518255251834e-01 -3.300824673169494e-03  1.799518255299650e-01  3.300824673107487e-03  1.000000000000000e+00  0.000000000000000e+00 
 5.011872336272738e+06 -1.336435587677654e-01 -1.630410450859625e-03  1.336446947459491e-01  1.686939950708021e-03  1.000000000000000e+00  0.000000000000000e+00 -1.799555346430583e-01 -3.456348514147956e-03  1.799555346500377e-01  3.456348514052771e-03  1.000000000000000e+00  0.000000000000000e+00 
 5.248074602497743e+06 -1.336445502018099e-01 -1.707252007174627e-03  1.336457898411043e-01  1.766428899145427e-03  1.000000000000000e+00  0.000000000000000e+00 -1.799596015275233e-01 -3.619196156306065e-03  1.799596015326073e-01  3.619196156233750e-03  1.000000000000000e+00  0.000000000000000e+00 
 5.495408738576263e+06 -1.336456377686057e-01 -1.787715205405351e-03  1.336469900820999e-01  1.849662151439264e-03  1.000000000000000e+00  0.000000000000000e+00 -1.799640606774827e-01 -3.789711898977269e-03  1.799640606821886e-01  3.789711898907277e-03  1.000000000000000e+00  0.000000000000000e+00 
 5.754399373371588e+06 -1.336468308213705e-01 -1.871970720917095e-03  1.336483055300225e-01  1.936815930265148e-03  1.000000000000000e+00  0.000000000000000e+00 -1.799689499182078e-01 -3.968256140361044e-03  1.799689499216580e-01  3.968256140307618e-03  1.000000000000000e+00  0.000000000000000e+00 
 6.025595860743597e+06 -1.336481396268686e-01 -1.960197263897329e-03  1.336497472046674e-01  2.028074735730317e-03  1.000000000000000e+00  0.000000000000000e+00 -1.799743107200286e-01 -4.155206117365076e-03  1.799743107197842e-01  4.155206117370250e-03  1.000000000000000e+00  0.000000000000000e+00 
 6.309573444801954e+06 -1.336495754546843e-01 -2.052581955382898e-03  1.336513271757644e-01  2.123631732745064e-03  1.000000000000000e+00  0.000000000000000e+00 -1.799801885473123e-01 -4.350956677520113e-03  1.799801885518758e-01  4.350956677442310e-03  1.000000000000000e+00  0.000000000000000e+00 
 6.606934480075982e+06 -1.336511506751186e-01 -2.149320720456327e-03  1.336530586629852e-01  2.223689156411621e-03  1.000000000000000e+00  0.000000000000000e+00 -1.799866332492944e-01 -4.555921084107661e-03  1.799866332514641e-01  4.555921084069593e-03  1.000000000000000e+00  0.000000000000000e+00 
 6.918309709189389e+06 -1.336528788665007e-01 -2.250618699337844e-03  1.336549561455982e-01  2.328458736244786e-03  1.000000000000000e+00  0.000000000000000e+00 -1.799936994740830e-01 -4.770531855492446e-03  1.799936994705622e-01  4.770531855560489e-03  1.000000000000000e+00  0.000000000000000e+00 
 7.244359600749927e+06 -1.336547749327914e-01 -2.356690677128024e-03  1.336570354827441e-01  2.438162140065650e-03  1.000000000000000e+00  0.000000000000000e+00 -1.800014471314851e-01 -4.995241639826754e-03  1.800014471364451e-01  4.995241639729685e-03  1.000000000000000e+00  0.000000000000000e+00 
 7.585775750291865e+06 -1.336568552324264e-01 -2.467761532985956e-03  1.336593140453879e-01  2.553031438434500e-03  1.000000000000000e+00  0.000000000000000e+00 -1.800099419078979e-01 -5.230524126180256e-03  1.800099419120108e-01  5.230524126096260e-03  1.000000000000000e+00  0.000000000000000e+00 
 7.943282347242844e+06 -1.336591377194340e-01 -2.584066709560041e-03  1.336618108611255e-01  2.673309590511464e-03  1.000000000000000e+00  0.000000000000000e+00 -1.800192558089400e-01 -5.476874992940331e-03  1.800192558129026e-01  5.476874992855697e-03  1.000000000000000e+00  0.000000000000000e+00 
 8.317637711026741e+06 -1.336616420979608e-01 -2.705852703522828e-03  1.336645467731269e-01  2.799250952252964e-03  1.000000000000000e+00  0.000000000000000e+00 -1.800294677747565e-01 -5.734812894635862e-03  1.800294677755026e-01  5.734812894620441e-03  1.000000000000000e+00  0.000000000000000e+00 
 8.709635899560839e+06 -1.336643899914290e-01 -2.833377578097182e-03  1.336675446146341e-01  2.931121807868060e-03  1.000000000000000e+00  0.000000000000000e+00 -1.800406643415602e-01 -6.004880487882180e-03  1.800406643450732e-01  6.004880487800214e-03  1.000000000000000e+00  0.000000000000000e+00 
 9.120108393559132e+06 -1.336674051277061e-01 -2.966911498498266e-03  1.336708294005506e-01  3.069200925472013e-03  1.000000000000000e+00  0.000000000000000e+00 -1.800529403763642e-01 -6.287645497338760e-03  1.800529403776647e-01  6.287645497308069e-03  1.000000000000000e+00  0.000000000000000e+00 
 9.549925860214395e+06 -1.336707135417534e-01 -3.106737291253786e-03  1.336744285378227e-01  3.213780137883482e-03  1.000000000000000e+00  0.000000000000000e+00 -1.800663998698239e-01 -6.583701822191713e-03  1.800663998719113e-01  6.583701822139111e-03  1.000000000000000e+00  0.000000000000000e+00 
 1.000000000000004e+07 -1.336743437974053e-01 -3.253151028402019e-03  1.336783720564507e-01  3.365164949518584e-03  1.000000000000000e+00  0.000000000000000e+00 -1.800811568156493e-01 -6.893670683796932e-03  1.800811568230349e-01  6.893670683597561e-03  1.000000000000000e+00  0.000000000000000e+00 
 1.047128548050904e+07 -1.336783272300921e-01 -3.406462637601700e-03  1.336826928631332e-01  3.523675170339016e-03  1.000000000000000e+00  0.000000000000000e+00 -1.800973361706091e-01 -7.218201814712645e-03  1.800973361748771e-01  7.218201814592942e-03  1.000000000000000e+00  0.000000000000000e+00 
 1.096478196143189e+07 -1.336826982124962e-01 -3.566996539219180e-03  1.336874270197330e-01  3.689645577813545e-03  1.000000000000000e+00  0.000000000000000e+00 -1.801150748979167e-01 -7.557974689154333e-03  1.801150749042363e-01  7.557974688967978e-03  1.000000000000000e+00  0.000000000000000e+00 
 1.148153621496888e+07 -1.336874944453519e-01 -3.735092311482781e-03  1.336926140489293e-01  3.863426607853095e-03  1.000000000000000e+00  0.000000000000000e+00 -1.801345231246100e-01 -7.913699794869382e-03  1.801345231307022e-01  7.913699794681553e-03  1.000000000000000e+00  0.000000000000000e+00 
 1.202264434617418e+07 -1.336927572758299e-01 -3.911105384810732e-03  1.336982972696333e-01  4.045385075680300e-03  1.000000000000000e+00  0.000000000000000e+00 -1.801558453959961e-01 -8.286119945714912e-03  1.801558453985351e-01  8.286119945634319e-03  1.000000000000000e+00  0.000000000000000e+00 
 1.258925411794173e+07 -1.336985320461927e-01 -4.095407766425325e-03  1.337045241649630e-01  4.235904927594221e-03  1.000000000000000e+00  0.000000000000000e+00 -1.801792220538879e-01 -8.676011634183833e-03  1.801792220541354e-01  8.676011634177637e-03  1.000000000000000e+00  0.000000000000000e+00 
 1.318256738556413e+07 -1.337048684756900e-01 -4.288388796359402e-03  1.337113467858125e-01  4.435388024590582e-03  1.000000000000000e+00  0.000000000000000e+00 -1.802048507471473e-01 -9.084186422530140e-03  1.802048507434983e-01  9.084186422662514e-03  1.000000000000000e+00  0.000000000000000e+00 
 1.380384264602891e+07 -1.337118210789561e-01 -4.490455935941299e-03  1.337188221933356e-01  4.644254958795931e-03  1.000000000000000e+00  0.000000000000000e+00 -1.802329480793057e-01 -9.511492370546770e-03  1.802329480797659e-01  9.511492370532077e-03  1.000000000000000e+00  0.000000000000000e+00 
 1.445439770745934e+07 -1.337194496245041e-01 -4.702035589808342e-03  1.337270129439486e-01  4.862945903668571e-03  1.000000000000000e+00  0.000000000000000e+00 -1.802637514202443e-01 -9.958815497656886e-03  1.802637514213637e-01  9.958815497615830e-03  1.000000000000000e+00  0.000000000000000e+00 
 1.513561248436215e+07 -1.337278196372295e-01 -4.923573962448411e-03  1.337359876207953e-01  5.091921498907935e-03  1.000000000000000e+00  0.000000000000000e+00 -1.802975208758347e-01 -1.042708127586343e-02  1.802975208812974e-01  1.042708127564373e-02  1.000000000000000e+00  0.000000000000000e+00 
 1.584893192461121e+07 -1.337370029492347e-01 -5.155537950201051e-03  1.337458214160056e-01  5.331663770992246e-03  1.000000000000000e+00  0.000000000000000e+00 -1.803345414543238e-01 -1.091725614976006e-02  1.803345414611420e-01  1.091725614947280e-02  1.000000000000000e+00  0.000000000000000e+00 
 1.659586907437568e+07 -1.337470783036616e-01 -5.398416069566233e-03  1.337565967684696e-01  5.582677090228581e-03  1.000000000000000e+00  0.000000000000000e+00 -1.803751254275724e-01 -1.143034907831851e-02  1.803751254239989e-01  1.143034907848017e-02  1.000000000000000e+00  0.000000000000000e+00 
 1.737800828749384e+07 -1.337581320166251e-01 -5.652719422570169e-03  1.337684040623441e-01  5.845489165142848e-03  1.000000000000000e+00  0.000000000000000e+00 -1.804196149087319e-01 -1.196741309225186e-02  1.804196149067416e-01  1.196741309234724e-02  1.000000000000000e+00  0.000000000000000e+00 
 1.819700858609992e+07 -1.337702587028273e-01 -5.918982699820246e-03  1.337813423919925e-01  6.120652074955308e-03  1.000000000000000e+00  0.000000000000000e+00 -1.804683846850436e-01 -1.252954685971975e-02  1.804683846917085e-01  1.252954685939953e-02  1.000000000000000e+00  0.000000000000000e+00 
 1.905460717963257e+07 -1.337835620708910e-01 -6.197765221749509e-03  1.337955203996400e-01  6.408743340772961e-03  1.000000000000000e+00  0.000000000000000e+00 -1.805218452996739e-01 -1.311789625088887e-02  1.805218453019160e-01  1.311789625077846e-02  1.000000000000000e+00  0.000000000000000e+00 
 1.995262314968890e+07 -1.337981557949759e-01 -6.489652018398217e-03  1.338110571926360e-01  6.710367035976735e-03  1.000000000000000e+00  0.000000000000000e+00 -1.805804464109644e-01 -1.373365589050460e-02  1.805804464140525e-01  1.373365589034450e-02  1.000000000000000e+00  0.000000000000000e+00 
 2.089296130854050e+07 -1.338141644698580e-01 -6.795254947904198e-03  1.338280833478802e-01  7.026154936085474e-03  1.000000000000000e+00  0.000000000000000e+00 -1.806446804786020e-01 -1.437807068604479e-02  1.806446804841434e-01  1.437807068574203e-02  1.000000000000000e+00  0.000000000000000e+00 
 2.187761623949564e+07 -1.338317246572248e-01 -7.115213853672978e-03  1.338467420117012e-01  7.356767708130084e-03  1.000000000000000e+00  0.000000000000000e+00 -1.807150867720736e-01 -1.505243731563644e-02  1.807150867750966e-01  1.505243731546557e-02  1.000000000000000e+00  0.000000000000000e+00 
 2.290867652767785e+07 -1.338509860316804e-01 -7.450197759959865e-03  1.338671901042423e-01  7.702896139269406e-03  1.000000000000000e+00  0.000000000000000e+00 -1.807922557433990e-01 -1.575810565798529e-02  1.807922557435429e-01  1.575810565798029e-02  1.000000000000000e+00  0.000000000000000e+00 
 2.398832919019503e+07 -1.338721126357074e-01 -7.800906105316904e-03  1.338895996382523e-01  8.065262404014943e-03  1.000000000000000e+00  0.000000000000000e+00 -1.808768337971826e-01 -1.649648014333111e-02  1.808768338024986e-01  1.649648014300066e-02  1.000000000000000e+00  0.000000000000000e+00 
 2.511886431509594e+07 -1.338952842536459e-01 -8.168070013025270e-03  1.339141591630714e-01  8.444621369000425e-03  1.000000000000000e+00  0.000000000000000e+00 -1.809695284900006e-01 -1.726902100085361e-02  1.809695284941381e-01  1.726902100058601e-02  1.000000000000000e+00  0.000000000000000e+00 
 2.630267991895396e+07 -1.339206979157060e-01 -8.552453597233514e-03  1.339410753455547e-01  8.841761933728459e-03  1.000000000000000e+00  0.000000000000000e+00 -1.810711141798709e-01 -1.807724537349965e-02  1.810711141783836e-01  1.807724537360559e-02  1.000000000000000e+00  0.000000000000000e+00 
 2.754228703338182e+07 -1.339485695440110e-01 -8.954855303046143e-03  1.339705747007057e-01  9.257508405141286e-03  1.000000000000000e+00  0.000000000000000e+00 -1.811824381800803e-01 -1.892272826741634e-02  1.811824381803943e-01  1.892272826739809e-02  1.000000000000000e+00  0.000000000000000e+00 
 2.884031503126622e+07 -1.339791357537687e-01 -9.376109278235409e-03  1.340029054858855e-01  9.692721903187967e-03  1.000000000000000e+00  0.000000000000000e+00 -1.813044274518298e-01 -1.980710329744727e-02  1.813044274556432e-01  1.980710329716716e-02  1.000000000000000e+00  0.000000000000000e+00 
 3.019951720402033e+07 -1.340126558238646e-01 -9.817086773568566e-03  1.340383397736418e-01  1.014830179378370e-02  1.000000000000000e+00  0.000000000000000e+00 -1.814380958647696e-01 -2.073206318386664e-02  1.814380958705520e-01  2.073206318342109e-02  1.000000000000000e+00  0.000000000000000e+00 
 3.162277660168397e+07 -1.340494138524372e-01 -1.027869756793538e-02  1.340771757194654e-01  1.062518714466579e-02  1.000000000000000e+00  0.000000000000000e+00 -1.815845520782672e-01 -2.169935994946607e-02  1.815845520829362e-01  2.169935994909151e-02  1.000000000000000e+00  0.000000000000000e+00 
 3.311311214825930e+07 -1.340897211143847e-01 -1.076189141350945e-02  1.341197400421438e-01  1.112435819862499e-02  1.000000000000000e+00  0.000000000000000e+00 -1.817450080820395e-01 -2.271080475801589e-02  1.817450080891374e-01  2.271080475741922e-02  1.000000000000000e+00  0.000000000000000e+00 
 3.467368504525337e+07 -1.341339186392054e-01 -1.126765949505922e-02  1.341663907358301e-01  1.164683785741311e-02  1.000000000000000e+00  0.000000000000000e+00 -1.819207884470200e-01 -2.376826732695551e-02  1.819207884474143e-01  2.376826732692554e-02  1.000000000000000e+00  0.000000000000000e+00 
 3.630780547701035e+07 -1.341823800291592e-01 -1.179703589622341e-02  1.342175200345248e-01  1.219369316826937e-02  1.000000000000000e+00  0.000000000000000e+00 -1.821133403137185e-01 -2.487367483645768e-02  1.821133403127204e-01  2.487367483655481e-02  1.000000000000000e+00  0.000000000000000e+00 
 3.801893963205635e+07 -1.342355145393777e-01 -1.235109906405653e-02  1.342735576513314e-01  1.276603680344275e-02  1.000000000000000e+00  0.000000000000000e+00 -1.823242441886858e-01 -2.602901024805294e-02  1.823242441924397e-01  2.602901024769685e-02  1.000000000000000e+00  0.000000000000000e+00 
 3.981071705534997e+07 -1.342937704433096e-01 -1.293097326140481e-02  1.343349743166454e-01  1.336502852128061e-02  1.000000000000000e+00  0.000000000000000e+00 -1.825552255721799e-01 -2.723630993191660e-02  1.825552255731315e-01  2.723630993182642e-02  1.000000000000000e+00  0.000000000000000e+00 
 4.168693834703380e+07 -1.343576387087229e-01 -1.353782999466763e-02  1.344022856413266e-01  1.399187659536909e-02  1.000000000000000e+00  0.000000000000000e+00 -1.828081674584390e-01 -2.849766048913777e-02  1.828081674605236e-01  2.849766048892485e-02  1.000000000000000e+00  0.000000000000000e+00 
 4.365158322401687e+07 -1.344276570114328e-01 -1.417288940219497e-02  1.344760563329118e-01  1.464783919580513e-02  1.000000000000000e+00  0.000000000000000e+00 -1.830851237665694e-01 -2.981519464158803e-02  1.830851237692455e-01  2.981519464130111e-02  1.000000000000000e+00  0.000000000000000e+00 
 4.570881896148779e+07 -1.345044141159034e-01 -1.483742158593649e-02  1.345569047950372e-01  1.533422570390801e-02  1.000000000000000e+00  0.000000000000000e+00 -1.833883337113672e-01 -3.119108604313979e-02  1.833883337194207e-01  3.119108604222668e-02  1.000000000000000e+00  0.000000000000000e+00 
 4.786300923226414e+07 -1.345885546539989e-01 -1.553274786594060e-02  1.346455081424017e-01  1.605239793849058e-02  1.000000000000000e+00  0.000000000000000e+00 -1.837202371599342e-01 -3.262754285030091e-02  1.837202371662812e-01  3.262754284955106e-02  1.000000000000000e+00  0.000000000000000e+00 
 5.011872336272755e+07 -1.346807843352787e-01 -1.626024193386133e-02  1.347426076658815e-01  1.680377126814716e-02  1.000000000000000e+00  0.000000000000000e+00 -1.840834909719372e-01 -3.412679986827734e-02  1.840834909779535e-01  3.412679986753566e-02  1.000000000000000e+00  0.000000000000000e+00 
 5.248074602497760e+07 -1.347818756244472e-01 -1.702133087770262e-02  1.348490147846665e-01  1.758981557982151e-02  1.000000000000000e+00  0.000000000000000e+00 -1.844809863503256e-01 -3.569110906980960e-02  1.844809863534783e-01  3.569110906940686e-02  1.000000000000000e+00  0.000000000000000e+00 
 5.495408738576282e+07 -1.348926739237836e-01 -1.781749604555451e-02  1.349656175246070e-01  1.841205606912202e-02  1.000000000000000e+00  0.000000000000000e+00 -1.849158671707233e-01 -3.732272825833864e-02  1.849158671759832e-01  3.732272825763262e-02  1.000000000000000e+00  0.000000000000000e+00 
 5.754399373371608e+07 -1.350141043005921e-01 -1.865027371098166e-02  1.350933875641965e-01  1.927207381238276e-02  1.000000000000000e+00  0.000000000000000e+00 -1.853915492762651e-01 -3.902390762544333e-02  1.853915492805071e-01  3.902390762484999e-02  1.000000000000000e+00  0.000000000000000e+00 
 6.025595860743618e+07 -1.351471788018694e-01 -1.952125549693026e-02  1.352333878918159e-01  2.017150607424691e-02  1.000000000000000e+00  0.000000000000000e+00 -1.859117406652555e-01 -4.079687392437590e-02  1.859117406663872e-01  4.079687392421580e-02  1.000000000000000e+00  0.000000000000000e+00 
 6.309573444801975e+07 -1.352930044004300e-01 -2.043208850844248e-02  1.353867811198511e-01  2.111204629748656e-02  1.000000000000000e+00  0.000000000000000e+00 -1.864804624996090e-01 -4.264381195763971e-02  1.864804624971675e-01  4.264381195802379e-02  1.000000000000000e+00  0.000000000000000e+00 
 6.606934480076005e+07 -1.354527916186138e-01 -2.138447511701082e-02  1.355548385031199e-01  2.209544371377705e-02  1.000000000000000e+00  0.000000000000000e+00 -1.871020708031296e-01 -4.456684304822252e-02  1.871020708039495e-01  4.456684304809790e-02  1.000000000000000e+00  0.000000000000000e+00 
 6.918309709189413e+07 -1.356278638772854e-01 -2.238017233096830e-02  1.357389497104727e-01  2.312350250510881e-02  1.000000000000000e+00  0.000000000000000e+00 -1.877812786886958e-01 -4.656800013921849e-02  1.877812786906264e-01  4.656800013890110e-02  1.000000000000000e+00  0.000000000000000e+00 
 7.244359600749952e+07 -1.358196676190647e-01 -2.342099067678670e-02  1.359406333994543e-01  2.419808043534247e-02  1.000000000000000e+00  0.000000000000000e+00 -1.885231788808830e-01 -4.864919913992342e-02  1.885231788809272e-01  4.864919913992373e-02  1.000000000000000e+00  0.000000000000000e+00 
 7.585775750291891e+07 -1.360297832554200e-01 -2.450879250543404e-02  1.361615486443118e-01  2.532108685997387e-02  1.000000000000000e+00  0.000000000000000e+00 -1.893332662613313e-01 -5.081220611668104e-02  1.893332662672919e-01  5.081220611559300e-02  1.000000000000000e+00  0.000000000000000e+00 
 7.943282347242872e+07 -1.362599369873023e-01 -2.564548962589849e-02  1.364035072672636e-01  2.649448000936026e-02  1.000000000000000e+00  0.000000000000000e+00 -1.902174600835365e-01 -5.305859990850091e-02  1.902174600844495e-01  5.305859990833400e-02  1.000000000000000e+00  0.000000000000000e+00 
 8.317637711026771e+07 -1.365120135481146e-01 -2.683304015450990e-02  1.366684871215634e-01  2.772026342634409e-02  1.000000000000000e+00  0.000000000000000e+00 -1.911821253870314e-01 -5.538972973227957e-02  1.911821253921854e-01  5.538972973125249e-02  1.000000000000000e+00  0.000000000000000e+00 
 8.709635899560872e+07 -1.367880699158438e-01 -2.807344445366039e-02  1.369586463722749e-01  2.900048142328216e-02  1.000000000000000e+00  0.000000000000000e+00 -1.922340931126081e-01 -5.780666734766491e-02  1.922340931222129e-01  5.780666734565552e-02  1.000000000000000e+00  0.000000000000000e+00 
 9.120108393559167e+07 -1.370903500378168e-01 -2.936874001682030e-02  1.372763388164690e-01  3.033721340583184e-02  1.000000000000000e+00  0.000000000000000e+00 -1.933806782250682e-01 -6.031015335121136e-02  1.933806782307136e-01  6.031015334998018e-02  1.000000000000000e+00  0.000000000000000e+00 
 9.549925860214433e+07 -1.374213006063905e-01 -3.072099513827940e-02  1.376241302784227e-01  3.173256689136717e-02  1.000000000000000e+00  0.000000000000000e+00 -1.946296950843628e-01 -6.290053720068187e-02  1.946296950900920e-01  6.290053719937486e-02  1.000000000000000e+00  0.000000000000000e+00 
 1.000000000000008e+08 -1.377835879166339e-01 -3.213230118571669e-02  1.380048161068984e-01  3.318866902852391e-02  1.000000000000000e+00  0.000000000000000e+00 -1.959894691592485e-01 -6.557771061398876e-02  1.959894691616114e-01  6.557771061343103e-02  1.000000000000000e+00  0.000000000000000e+00 
 1.047128548050908e+08 -1.381801158271722e-01 -3.360476327146759e-02  1.384214397902051e-01  3.470765640105605e-02  1.000000000000000e+00  0.000000000000000e+00 -1.974688439918358e-01 -6.834103405144944e-02  1.974688439986461e-01  6.834103404974683e-02  1.000000000000000e+00  0.000000000000000e+00 
 1.096478196143194e+08 -1.386140448323294e-01 -3.514048909419579e-02  1.388773126898967e-01  3.629166287394567e-02  1.000000000000000e+00  0.000000000000000e+00 -1.990771822169603e-01 -7.118925609615658e-02  1.990771822183279e-01  7.118925609580784e-02  1.000000000000000e+00  0.000000000000000e+00 
 1.148153621496892e+08 -1.390888122368784e-01 -3.674157569663142e-02  1.393760348749821e-01  3.794280521260486e-02  1.000000000000000e+00  0.000000000000000e+00 -2.008243592047706e-01 -7.412042567322338e-02  2.008243592130096e-01  7.412042567096511e-02  1.000000000000000e+00  0.000000000000000e+00 
 1.202264434617423e+08 -1.396081534033753e-01 -3.841009385722476e-02  1.399215170146189e-01  3.966316617720721e-02  1.000000000000000e+00  0.000000000000000e+00 -2.027207478149282e-01 -7.713179723799145e-02  2.027207478187309e-01  7.713179723690702e-02  1.000000000000000e+00  0.000000000000000e+00 
 1.258925411794178e+08 -1.401761240154016e-01 -4.014806980419790e-02  1.405180032575644e-01  4.145477476396955e-02  1.000000000000000e+00  0.000000000000000e+00 -2.047771924732938e-01 -8.021972927407482e-02  2.047771924776261e-01  8.021972927277965e-02  1.000000000000000e+00  0.000000000000000e+00 
 1.318256738556418e+08 -1.407971232671122e-01 -4.195746390991524e-02  1.411700949901954e-01  4.331958323397918e-02  1.000000000000000e+00  0.000000000000000e+00 -2.070049707573724e-01 -8.337957674032952e-02  2.070049707555839e-01  8.337957674090821e-02  1.000000000000000e+00  0.000000000000000e+00 
 1.380384264602897e+08 -1.414759178493267e-01 -4.384014599223170e-02  1.418827753205839e-01  4.525944053855473e-02  1.000000000000000e+00  0.000000000000000e+00 -2.094157404357485e-01 -8.660557843100987e-02  2.094157404416687e-01  8.660557842906412e-02  1.000000000000000e+00  0.000000000000000e+00 
 1.445439770745940e+08 -1.422176665538046e-01 -4.579786681826508e-02  1.426614340827634e-01  4.727606171896967e-02  1.000000000000000e+00  0.000000000000000e+00 -2.120214699329810e-01 -8.989074063327843e-02  2.120214699370875e-01  8.989074063186926e-02  1.000000000000000e+00  0.000000000000000e+00 
 1.513561248436221e+08 -1.430279452591759e-01 -4.783222537582378e-02  1.435118930916954e-01  4.937099282879076e-02  1.000000000000000e+00  0.000000000000000e+00 -2.148343500547899e-01 -9.322671892062767e-02  2.148343500635236e-01  9.322671891747104e-02  1.000000000000000e+00  0.000000000000000e+00 
 1.584893192461127e+08 -1.439127719929740e-01 -4.994463144982935e-02  1.444404313042350e-01  5.154557090056746e-02  1.000000000000000e+00  0.000000000000000e+00 -2.178666849929025e-01 -9.660370046996525e-02  2.178666849917552e-01  9.660370047041753e-02  1.000000000000000e+00  0.000000000000000e+00 
 1.659586907437575e+08 -1.448786316830252e-01 -5.213626301714841e-02  1.454538094533096e-01  5.380087845703718e-02  1.000000000000000e+00  0.000000000000000e+00 -2.211307606544115e-01 -1.000102898586382e-01  2.211307606556305e-01  1.000102898581687e-01  1.000000000000000e+00  0.000000000000000e+00 
 1.737800828749391e+08 -1.459325001168504e-01 -5.440801795544198e-02  1.465592936203287e-01  5.613769205277019e-02  1.000000000000000e+00  0.000000000000000e+00 -2.246386887914196e-01 -1.034334019426024e-01  2.246386887935218e-01  1.034334019417412e-01  1.000000000000000e+00  0.000000000000000e+00 
 1.819700858610000e+08 -1.470818665185977e-01 -5.676045955256189e-02  1.477646770934266e-01  5.855642432821002e-02  1.000000000000000e+00  0.000000000000000e+00 -2.284022257066996e-01 -1.068581660437719e-01  2.284022257067457e-01  1.068581660437698e-01  1.000000000000000e+00  0.000000000000000e+00 
 1.905460717963264e+08 -1.483347540283450e-01 -5.919375530593718e-02  1.490782997257186e-01  6.105705906793810e-02  1.000000000000000e+00  0.000000000000000e+00 -2.324325650444913e-01 -1.102678463205959e-01  2.324325650480669e-01  1.102678463189727e-01  1.000000000000000e+00  0.000000000000000e+00 
 1.995262314968898e+08 -1.496997372278749e-01 -6.170760852018359e-02  1.505090638578936e-01  6.363907878301486e-02  1.000000000000000e+00  0.000000000000000e+00 -2.367401049437549e-01 -1.136437837666433e-01  2.367401049487384e-01  1.136437837642628e-01  1.000000000000000e+00  0.000000000000000e+00 
 2.089296130854059e+08 -1.511859557000697e-01 -6.430118225046368e-02  1.520664457034411e-01  6.630138438842134e-02  1.000000000000000e+00  0.000000000000000e+00 -2.413341908429968e-01 -1.169653657524831e-01  2.413341908478659e-01  1.169653657500439e-01  1.000000000000000e+00  0.000000000000000e+00 
 2.187761623949573e+08 -1.528031224366315e-01 -6.697301520430324e-02  1.537605009136847e-01  6.904220662680027e-02  1.000000000000000e+00  0.000000000000000e+00 -2.462228364968344e-01 -1.202100293336353e-01  2.462228365027470e-01  1.202100293305228e-01  1.000000000000000e+00  0.000000000000000e+00 
 2.290867652767794e+08 -1.545615257225655e-01 -6.972092931173886e-02  1.556018628458579e-01  7.185900900537967e-02  1.000000000000000e+00  0.000000000000000e+00 -2.514124271621005e-01 -1.233533046120677e-01  2.514124271624105e-01  1.233533046119179e-01  1.000000000000000e+00  0.000000000000000e+00 
 2.398832919019513e+08 -1.564720229287487e-01 -7.254192880967721e-02  1.576017318544976e-01  7.474838217141334e-02  1.000000000000000e+00  0.000000000000000e+00 -2.569074104770780e-01 -1.263689041980552e-01  2.569074104804195e-01  1.263689041961277e-01  1.000000000000000e+00  0.000000000000000e+00 
 2.511886431509604e+08 -1.585460244406564e-01 -7.543209086852135e-02  1.597718537200793e-01  7.770592986031863e-02  1.000000000000000e+00  0.000000000000000e+00 -2.627099822777260e-01 -1.292288642013806e-01  2.627099822784863e-01  1.292288642009392e-01  1.000000000000000e+00  0.000000000000000e+00 
 2.630267991895407e+08 -1.607954657487909e-01 -7.838644802515607e-02  1.621244851272044e-01  8.072614681782427e-02  1.000000000000000e+00  0.000000000000000e+00 -2.688197761708223e-01 -1.319037411189077e-01  2.688197761748812e-01  1.319037411163190e-01  1.000000000000000e+00  0.000000000000000e+00 
 2.754228703338193e+08 -1.632327655337162e-01 -8.139886298388582e-02  1.646723439184226e-01  8.380228943035899e-02  1.000000000000000e+00  0.000000000000000e+00 -2.752335673610627e-01 -1.343628674494744e-01  2.752335673659209e-01  1.343628674462130e-01  1.000000000000000e+00  0.000000000000000e+00 
 2.884031503126634e+08 -1.658707674083253e-01 -8.446189671283236e-02  1.674285416930341e-01  8.692624020325415e-02  1.000000000000000e+00  0.000000000000000e+00 -2.819450024267916e-01 -1.365746668338803e-01  2.819450024267952e-01  1.365746668339067e-01  1.000000000000000e+00  0.000000000000000e+00 
 3.019951720402046e+08 -1.687226628473851e-01 -8.756667120328594e-02  1.704064962103720e-01  9.008836770887034e-02  1.000000000000000e+00  0.000000000000000e+00 -2.889443677261477e-01 -1.385070270241112e-01  2.889443677263740e-01  1.385070270239723e-01  1.000000000000000e+00  0.000000000000000e+00 
 3.162277660168411e+08 -1.718018927588342e-01 -9.070272877676704e-02  1.736198210153222e-01  9.327738418838445e-02  1.000000000000000e+00  0.000000000000000e+00 -2.962184094506427e-01 -1.401277261006541e-01  2.962184094556379e-01  1.401277260967516e-01  1.000000000000000e+00  0.000000000000000e+00 
 3.311311214825944e+08 -1.751220251552831e-01 -9.385789041886385e-02  1.770821897550011e-01  9.648020362930242e-02  1.000000000000000e+00  0.000000000000000e+00 -3.037502179661467e-01 -1.414049042180946e-01  3.037502179704831e-01  1.414049042145322e-01  1.000000000000000e+00  0.000000000000000e+00 
 3.467368504525352e+08 -1.786966064938740e-01 -9.701811628494468e-02  1.808071728275555e-01  9.968180384757216e-02  1.000000000000000e+00  0.000000000000000e+00 -3.115191879395340e-01 -1.423075699425934e-01  3.115191879376641e-01  1.423075699442623e-01  1.000000000000000e+00  0.000000000000000e+00 
 3.630780547701051e+08 -1.825389844966930e-01 -1.001673722487366e-01  1.848080443272418e-01  1.028650968627062e-01  1.000000000000000e+00  0.000000000000000e+00 -3.195010637188973e-01 -1.428061271776906e-01  3.195010637194454e-01  1.428061271772229e-01  1.000000000000000e+00  0.000000000000000e+00 
 3.801893963205651e+08 -1.866621006724910e-01 -1.032875071302982e-01  1.890975577552049e-01  1.060108126414399e-01  1.000000000000000e+00  0.000000000000000e+00 -3.276680765247844e-01 -1.428729060170724e-01  3.276680765282094e-01  1.428729060137842e-01  1.000000000000000e+00  0.000000000000000e+00 
 3.981071705535014e+08 -1.910782513631272e-01 -1.063581460148936e-01  1.936876896820239e-01  1.090974020641205e-01  1.000000000000000e+00  0.000000000000000e+00 -3.359891762617750e-01 -1.424826788964732e-01  3.359891762596097e-01  1.424826788987353e-01  1.000000000000000e+00  0.000000000000000e+00 
 4.168693834703397e+08 -1.957988169612946e-01 -1.093566058171799e-01  1.985893515005719e-01  1.121009656899950e-01  1.000000000000000e+00  0.000000000000000e+00 -3.444303565169990e-01 -1.416131423525779e-01  3.444303565220261e-01  1.416131423471732e-01  1.000000000000000e+00  0.000000000000000e+00 
 4.365158322401705e+08 -2.008339600094009e-01 -1.122578399022209e-01  2.038120706117068e-01  1.149952155020020e-01  1.000000000000000e+00  0.000000000000000e+00 -3.529550667044238e-01 -1.402453447354196e-01  3.529550667059527e-01  1.402453447337128e-01  1.000000000000000e+00  0.000000000000000e+00 
 4.570881896148798e+08 -2.061922942013040e-01 -1.150344190805338e-01  2.093636438426207e-01  1.177514772258096e-01  1.000000000000000e+00  0.000000000000000e+00 -3.615247004629118e-01 -1.383640415600896e-01  3.615247004651095e-01  1.383640415574705e-01  1.000000000000000e+00  0.000000000000000e+00 
 4.786300923226434e+08 -2.118805278615954e-01 -1.176565565723947e-01  2.152497675913539e-01  1.203387409593134e-01  1.000000000000000e+00  0.000000000000000e+00 -3.700991453414458e-01 -1.359579626211939e-01  3.700991453445416e-01  1.359579626172607e-01  1.000000000000000e+00  0.000000000000000e+00 
 5.011872336272776e+08 -2.179030872422504e-01 -1.200921845037110e-01  2.214736510795612e-01  1.227237676299592e-01  1.000000000000000e+00  0.000000000000000e+00 -3.786373749180292e-01 -1.330199787115363e-01  3.786373749207432e-01  1.330199787078823e-01  1.000000000000000e+00  0.000000000000000e+00 
 5.248074602497782e+08 -2.242617268990650e-01 -1.223070890666904e-01  2.280356211089062e-01  1.248712581318525e-01  1.000000000000000e+00  0.000000000000000e+00 -3.870980620137091e-01 -1.295471602873011e-01  3.870980620166171e-01  1.295471602831327e-01  1.000000000000000e+00  0.000000000000000e+00 
 5.495408738576305e+08 -2.309551364056286e-01 -1.242651105740483e-01  2.349327287520544e-01  1.267440908068178e-01  1.000000000000000e+00  0.000000000000000e+00 -3.954401902237221e-01 -1.255407255722263e-01  3.954401902263306e-01  1.255407255682495e-01  1.000000000000000e+00  0.000000000000000e+00 
 5.754399373371632e+08 -2.379785546147907e-01 -1.259284131921015e-01  2.421583703326839e-01  1.283036311691867e-01  1.000000000000000e+00  0.000000000000000e+00 -4.036236409696905e-01 -1.210058809422343e-01  4.036236409707393e-01  1.210058809405669e-01  1.000000000000000e+00  0.000000000000000e+00 
 6.025595860743644e+08 -2.453234044410203e-01 -1.272578271196195e-01  2.497019366968390e-01  1.295101154131230e-01  1.000000000000000e+00  0.000000000000000e+00 -4.116097346527144e-01 -1.159515615770736e-01  4.116097346545202e-01  1.159515615739497e-01  1.000000000000000e+00  0.000000000000000e+00 
 6.309573444802003e+08 -2.529769625422605e-01 -1.282132633890805e-01  2.575485059664787e-01  1.303231063105775e-01  1.000000000000000e+00  0.000000000000000e+00 -4.193617071094403e-01 -1.103900849344114e-01  4.193617071092044e-01  1.103900849349354e-01  1.000000000000000e+00  0.000000000000000e+00 
 6.606934480076034e+08 -2.609220791441322e-01 -1.287541983593708e-01  2.656785955045559e-01  1.307020166921341e-01  1.000000000000000e+00  0.000000000000000e+00 -4.268451061625400e-01 -1.043367333175336e-01  4.268451061626761e-01  1.043367333173370e-01  1.000000000000000e+00  0.000000000000000e+00 
 6.918309709189442e+08 -2.691369633924900e-01 -1.288402214577608e-01  2.740679885304754e-01  1.306066919514565e-01  1.000000000000000e+00  0.000000000000000e+00 -4.340280974700684e-01 -9.780928432233646e-02  4.340280974702958e-01  9.780928432192321e-02  1.000000000000000e+00  0.000000000000000e+00 
 7.244359600749983e+08 -2.775950488848442e-01 -1.284316359912621e-01  2.826876495611204e-01  1.299980391415823e-01  1.000000000000000e+00  0.000000000000000e+00 -4.408816734740897e-01 -9.082750935669598e-02  4.408816734748146e-01  9.082750935505628e-02  1.000000000000000e+00  0.000000000000000e+00 
 7.585775750291924e+08 -2.862649523049856e-01 -1.274900991198077e-01  2.915037405307427e-01  1.288386865103830e-01  1.000000000000000e+00  0.000000000000000e+00 -4.473797639972410e-01 -8.341266049058436e-02  4.473797639974019e-01  8.341266049026827e-02  1.000000000000000e+00  0.000000000000000e+00 
 7.943282347242906e+08 -2.951105353246810e-01 -1.259792836502561e-01  3.004777460600105e-01  1.270936540659457e-01  1.000000000000000e+00  0.000000000000000e+00 -4.534992513259673e-01 -7.558696494606723e-02  4.534992513266074e-01  7.558696494434961e-02  1.000000000000000e+00  0.000000000000000e+00 
 8.317637711026806e+08 -3.040910761859298e-01 -1.238655414812854e-01  3.095667119974420e-01  1.247310132966191e-01  1.000000000000000e+00  0.000000000000000e+00 -4.592198964052471e-01 -6.737314459064862e-02  4.592198964067650e-01  6.737314458597538e-02  1.000000000000000e+00  0.000000000000000e+00 
 8.709635899560907e+08 -3.131615527817197e-01 -1.211185466116695e-01  3.187235962502214e-01  1.217225128002564e-01  1.000000000000000e+00  0.000000000000000e+00 -4.645241857183158e-01 -5.879397524187840e-02  4.645241857192010e-01  5.879397523890025e-02  1.000000000000000e+00  0.000000000000000e+00 
 9.120108393559203e+08 -3.222730338591767e-01 -1.177118948867073e-01  3.278977253639221e-01  1.180441465484084e-01  1.000000000000000e+00  0.000000000000000e+00 -4.693971105668205e-01 -4.987189757675310e-02  4.693971105668613e-01  4.987189757675006e-02  1.000000000000000e+00  0.000000000000000e+00 
 9.549925860214471e+08 -3.313731695133488e-01 -1.136236382934692e-01  3.370353446932495e-01  1.136766429730371e-01  1.000000000000000e+00  0.000000000000000e+00 -4.738258917361383e-01 -4.062868827203868e-02  4.738258917363921e-01  4.062868827106814e-02  1.000000000000000e+00  0.000000000000000e+00 
 1.000000000000012e+09 -3.404067668242964e-01 -1.088367337120062e-01  3.460802447693758e-01  1.086058560385773e-01  1.000000000000000e+00  0.000000000000000e+00 -4.777996629783102e-01 -3.108519693937919e-02  4.777996629787606e-01  3.108519693721319e-02  1.000000000000000e+00  0.000000000000000e+00 
 1.047128548050912e+09 -3.493164317436672e-01 -1.033393895446324e-01  3.549744420592019e-01  1.028230438310582e-01  1.000000000000000e+00  0.000000000000000e+00 -4.813091265270855e-01 -2.126115159523470e-02  4.813091265272556e-01  2.126115159441436e-02  1.000000000000000e+00  0.000000000000000e+00 
 1.096478196143198e+09 -3.580432545702084e-01 -9.712529839980016e-02  3.636588891277412e-01  9.632502569701976e-02  1.000000000000000e+00  0.000000000000000e+00 -4.843461931153933e-01 -1.117503294123154e-02  4.843461931155050e-01  1.117503294067107e-02  1.000000000000000e+00  0.000000000000000e+00 
 1.148153621496897e+09 -3.665275139123350e-01 -9.019374969461666e-02  3.720741875627132e-01  8.911421521499915e-02  1.000000000000000e+00  0.000000000000000e+00 -4.869036178266697e-01 -8.440157447249241e-04  4.869036178268276e-01  8.440157435197493e-04  1.000000000000000e+00  0.000000000000000e+00 
 1.202264434617427e+09 -3.747093731583631e-01 -8.254962225379833e-02  3.801612770738349e-01  8.119853281412867e-02  1.000000000000000e+00  0.000000000000000e+00 -4.889746417489022e-01  9.716025883252738e-03  4.889746417490873e-01 -9.716025885394747e-03  1.000000000000000e+00  0.000000000000000e+00 
 1.258925411794183e+09 -3.825295442629904e-01 -7.420326325653551e-02  3.878620759567353e-01  7.259120816622200e-02  1.000000000000000e+00  0.000000000000000e+00 -4.905526479741362e-01  2.049045358219641e-02  4.905526479741197e-01 -2.049045358072440e-02  1.000000000000000e+00  0.000000000000000e+00 
 1.318256738556423e+09 -3.899298960641873e-01 -6.517026574026541e-02  3.951200514740733e-01  6.331048808862713e-02  1.000000000000000e+00  0.000000000000000e+00 -4.916308390771564e-01  3.146574508686767e-02  4.916308390771995e-01 -3.146574508735174e-02  1.000000000000000e+00  0.000000000000000e+00 
 1.380384264602902e+09 -3.968539881763952e-01 -5.547116187679813e-02  4.018807033759979e-01  5.337927019637115e-02  1.000000000000000e+00  0.000000000000000e+00 -4.922019419466951e-01  4.262932503091865e-02  4.922019419467257e-01 -4.262932503130919e-02  1.000000000000000e+00  0.000000000000000e+00 
 1.445439770745945e+09 -4.032475164533383e-01 -4.513105304228926e-02  4.080919493760603e-01  4.282468563808353e-02  1.000000000000000e+00  0.000000000000000e+00 -4.922579447326124e-01  5.396935135078937e-02  4.922579447325993e-01 -5.396935135177361e-02  1.000000000000000e+00  0.000000000000000e+00 
 1.513561248436227e+09 -4.090586616847839e-01 -3.417920007660524e-02  4.137044074766966e-01  3.167765578237322e-02  1.000000000000000e+00  0.000000000000000e+00 -4.917898698417668e-01  6.547446236059819e-02  4.917898698416830e-01 -6.547446236205839e-02  1.000000000000000e+00  0.000000000000000e+00 
 1.584893192461133e+09 -4.142383391585268e-01 -2.264859797093288e-02  4.186715761525351e-01  1.997244767366455e-02  1.000000000000000e+00  0.000000000000000e+00 -4.907875862758827e-01  7.713348923009244e-02  4.907875862758805e-01 -7.713348923044973e-02  1.000000000000000e+00  0.000000000000000e+00 
 1.659586907437582e+09 -4.187403525636862e-01 -1.057555856721226e-02  4.229499191404162e-01  7.746251562204237e-03  1.000000000000000e+00  0.000000000000000e+00 -4.892396642319383e-01  8.893513834021925e-02  4.892396642319786e-01 -8.893513834020986e-02  1.000000000000000e+00  0.000000000000000e+00 
 1.737800828749398e+09 -4.225214610657558e-01  2.000677155553271e-03  4.264988666170527e-01 -4.961198952607049e-03  1.000000000000000e+00  0.000000000000000e+00 -4.871332747160101e-01  1.008676477444212e-01  4.871332747158432e-01 -1.008676477455636e-01  1.000000000000000e+00  0.000000000000000e+00 
 1.819700858610007e+09 -4.255413729576527e-01  1.503827876513572e-02  4.292807486299353e-01 -1.810794736161825e-02  1.000000000000000e+00  0.000000000000000e+00 -4.844541369352824e-01  1.129184218116597e-01  4.844541369351925e-01 -1.129184218122613e-01  1.000000000000000e+00  0.000000000000000e+00 
 1.905460717963272e+09 -4.277626828874954e-01  2.849310356321799e-02  4.312606796487243e-01 -3.165006285936917e-02  1.000000000000000e+00  0.000000000000000e+00 -4.811865163892385e-01  1.250736481419523e-01  4.811865163893386e-01 -1.250736481417054e-01  1.000000000000000e+00  0.000000000000000e+00 
 1.995262314968905e+09 -4.291507721812938e-01  4.231890133442881e-02  4.324064149838567e-01 -4.554180947539355e-02  1.000000000000000e+00  0.000000000000000e+00 -4.773132768235762e-01  1.373179010671228e-01  4.773132768234013e-01 -1.373179010678759e-01  1.000000000000000e+00  0.000000000000000e+00 
 2.089296130854067e+09 -4.296736932003068e-01  5.646744151075642e-02  4.326882006162390e-01 -5.973573290829509e-02  1.000000000000000e+00  0.000000000000000e+00 -4.728159894822767e-01  1.496337364624111e-01  4.728159894822273e-01 -1.496337364626859e-01  1.000000000000000e+00  0.000000000000000e+00 
 2.187761623949581e+09 -4.293020590482880e-01  7.088856242588124e-02  4.320786377924273e-01 -7.418266695997700e-02  1.000000000000000e+00  0.000000000000000e+00 -4.676751033339255e-01  1.620012832590308e-01  4.676751033337920e-01 -1.620012832595106e-01  1.000000000000000e+00  0.000000000000000e+00 
 2.290867652767803e+09 -4.280089593673138e-01  8.553014698718700e-02  4.305525826897693e-01 -8.883166589236507e-02  1.000000000000000e+00  0.000000000000000e+00 -4.618701800770425e-01  1.743978379930228e-01  4.618701800774532e-01 -1.743978379920872e-01  1.000000000000000e+00  0.000000000000000e+00 
 2.398832919019522e+09 -4.257699215476655e-01  1.003380334366816e-01  4.280870996788132e-01 -1.036298730633071e-01  1.000000000000000e+00  0.000000000000000e+00 -4.553801976842909e-01  1.867974698422109e-01  4.553801976846371e-01 -1.867974698415112e-01  1.000000000000000e+00  0.000000000000000e+00 
 2.511886431509614e+09 -4.225629345441519e-01  1.152558738108057e-01  4.246614843276182e-01 -1.185223397849029e-01  1.000000000000000e+00  0.000000000000000e+00 -4.481839259266577e-01  1.991706450137460e-01  4.481839259263594e-01 -1.991706450144395e-01  1.000000000000000e+00  0.000000000000000e+00 
 2.630267991895417e+09 -4.183685497415983e-01  1.302249561838578e-01  4.202573694020106e-01 -1.334518114602914e-01  1.000000000000000e+00  0.000000000000000e+00 -4.402603766672258e-01  2.114838808517158e-01  4.402603766668134e-01 -2.114838808525633e-01  1.000000000000000e+00  0.000000000000000e+00 
 2.754228703338203e+09 -4.131700700273319e-01  1.451840097521813e-01  4.148589237855654e-01 -1.483585006822300e-01  1.000000000000000e+00  0.000000000000000e+00 -4.315893306270007e-01  2.236994417007103e-01  4.315893306270873e-01 -2.236994417006258e-01  1.000000000000000e+00  0.000000000000000e+00 
 2.884031503126645e+09 -4.069538344661161e-01  1.600690142530607e-01  4.084531505132842e-01 -1.631798691045523e-01  1.000000000000000e+00  0.000000000000000e+00 -4.221519407386037e-01  2.357750902196940e-01  4.221519407379266e-01 -2.357750902208216e-01  1.000000000000000e+00  0.000000000000000e+00 
 3.019951720402058e+09 -3.997096017720383e-01  1.748130370707693e-01  4.010302860031861e-01 -1.778504414950095e-01  1.000000000000000e+00  0.000000000000000e+00 -4.119314100540599e-01  2.476639093924708e-01  4.119314100543252e-01 -2.476639093921411e-01  1.000000000000000e+00  0.000000000000000e+00 
 3.162277660168423e+09 -3.914310311626641e-01  1.893461225988677e-01  3.925842980917512e-01 -1.923016763871037e-01  1.000000000000000e+00  0.000000000000000e+00 -4.009137394374771e-01  2.593142117496784e-01  4.009137394373890e-01 -2.593142117498446e-01  1.000000000000000e+00  0.000000000000000e+00 
 3.311311214825957e+09 -3.821162541996431e-01  2.035952589119631e-01  3.831134756516044e-01 -2.064619180789364e-01  1.000000000000000e+00  0.000000000000000e+00 -3.890885368940941e-01  2.706695532299417e-01  3.890885368942134e-01 -2.706695532298418e-01  1.000000000000000e+00  0.000000000000000e+00 
 3.467368504525365e+09 -3.717685259260325e-01  2.174844464333491e-01  3.726210974378769e-01 -2.202564542571982e-01  1.000000000000000e+00  0.000000000000000e+00 -3.764498765006109e-01  2.816688692707925e-01  3.764498765006167e-01 -2.816688692708272e-01  1.000000000000000e+00  0.000000000000000e+00 
 3.630780547701065e+09 -3.603969381035803e-01  2.309348919280763e-01  3.611161624617182e-01 -2.336077021092071e-01  1.000000000000000e+00  0.000000000000000e+00 -3.629971904887497e-01  2.922467501625411e-01  3.629971904888795e-01 -2.922467501624465e-01  1.000000000000000e+00  0.000000000000000e+00 
 3.801893963205667e+09 -3.480171717886136e-01  2.438653486577690e-01  3.486141587727777e-01 -2.464355432720572e-01  1.000000000000000e+00  0.000000000000000e+00 -3.487361733685709e-01  3.023338710038559e-01  3.487361733684753e-01 -3.023338710039798e-01  1.000000000000000e+00  0.000000000000000e+00 
 3.981071705535030e+09 -3.346522610858790e-01  2.561926197718058e-01  3.351378422643979e-01 -2.586578242158309e-01  1.000000000000000e+00  0.000000000000000e+00 -3.336796722190646e-01  3.118575887372272e-01  3.336796722191321e-01 -3.118575887372015e-01  1.000000000000000e+00  0.000000000000000e+00 
 4.168693834703414e+09 -3.203333349794825e-01  2.678322368879418e-01  3.207179922862716e-01 -2.701910335687526e-01  1.000000000000000e+00  0.000000000000000e+00 -3.178485327899251e-01  3.207427144957772e-01  3.178485327900692e-01 -3.207427144956950e-01  1.000000000000000e+00  0.000000000000000e+00 
 4.365158322401723e+09 -3.051003000178644e-01  2.786993193141952e-01  3.053941068167692e-01 -2.809511614393957e-01  1.000000000000000e+00  0.000000000000000e+00 -3.012723671899963e-01  3.289124638696888e-01  3.012723671901014e-01 -3.289124638696423e-01  1.000000000000000e+00  0.000000000000000e+00 
 4.570881896148817e+09 -2.890024237314663e-01  2.887096115649095e-01  2.892149971168629e-01 -2.908547380505955e-01  1.000000000000000e+00  0.000000000000000e+00 -2.839902061442438e-01  3.362895807177718e-01  2.839902061442581e-01 -3.362895807177871e-01  1.000000000000000e+00  0.000000000000000e+00 
 4.786300923226454e+09 -2.720987774093898e-01  2.977806879378377e-01  2.722392405824287e-01 -2.998200401767038e-01  1.000000000000000e+00  0.000000000000000e+00 -2.660509974976754e-01  3.427976220306148e-01  2.660509974975812e-01 -3.427976220306894e-01  1.000000000000000e+00  0.000000000000000e+00 
 5.011872336272797e+09 -2.544584976498886e-01  3.058333033013260e-01  2.545354513283111e-01 -3.077684443212059e-01  1.000000000000000e+00  0.000000000000000e+00 -2.475139132604326e-01  3.483623824172804e-01  2.475139132602543e-01 -3.483623824173885e-01  1.000000000000000e+00  0.000000000000000e+00 
 5.248074602497804e+09 -2.361608292445450e-01  3.127928593931970e-01  2.361823311937582e-01 -3.146258957836842e-01  1.000000000000000e+00  0.000000000000000e+00 -2.284484303521647e-01  3.529134275320485e-01  2.284484303519392e-01 -3.529134275321635e-01  1.000000000000000e+00  0.000000000000000e+00 
 5.495408738576327e+09 -2.172949176376110e-01  3.185909464859475e-01  2.172684695374333e-01 -3.203244533708371e-01  1.000000000000000e+00  0.000000000000000e+00 -2.089341555167101e-01  3.563856967973473e-01  2.089341555170377e-01 -3.563856967972457e-01  1.000000000000000e+00  0.000000000000000e+00 
 5.754399373371655e+09 -1.979593274130868e-01  3.231669119444716e-01  1.978918683871763e-01 -3.248038612215256e-01  1.000000000000000e+00  0.000000000000000e+00 -1.890603726585765e-01  3.587211278191949e-01  1.890603726587290e-01 -3.587211278191649e-01  1.000000000000000e+00  0.000000000000000e+00 
 6.025595860743669e+09 -1.782612737694913e-01  3.264694007365636e-01  1.781591799950597e-01 -3.280130927830036e-01  1.000000000000000e+00  0.000000000000000e+00 -1.689253008821296e-01  3.598702486731774e-01  1.689253008822094e-01 -3.598702486731731e-01  1.000000000000000e+00  0.000000000000000e+00 
 6.309573444802029e+09 -1.583155662707492e-01  3.284578090442577e-01  1.581846561502957e-01 -3.299118080851801e-01  1.000000000000000e+00  0.000000000000000e+00 -1.486350633711193e-01  3.597936804388878e-01  1.486350633712107e-01 -3.597936804388852e-01  1.000000000000000e+00  0.000000000000000e+00 
 6.606934480076061e+09 -1.382432776076483e-01  3.291035913175590e-01  1.380888220209975e-01 -3.304716646640838e-01  1.000000000000000e+00  0.000000000000000e+00 -1.283023802159970e-01  3.584634915520275e-01  1.283023802160822e-01 -3.584634915520304e-01  1.000000000000000e+00  0.000000000000000e+00 
 6.918309709189471e+09 -1.181701637832940e-01  3.283913637424499e-01  1.179969009490992e-01 -3.296774251167590e-01  1.000000000000000e+00  0.000000000000000e+00 -1.080450115651100e-01  3.558643480484193e-01  1.080450115652666e-01 -3.558643480484227e-01  1.000000000000000e+00  0.000000000000000e+00 
 7.244359600750012e+09 -9.822487506078062e-02  3.263197532086329e-01  9.803702952637627e-02 -3.275278103757369e-01  1.000000000000000e+00  0.000000000000000e+00 -8.798399005420887e-02  3.519944096707333e-01  8.798399005451484e-02 -3.519944096707463e-01  1.000000000000000e+00  0.000000000000000e+00 
 7.585775750291955e+09 -7.853700819442669e-02  3.229019501887657e-01  7.833831344784330e-02 -3.240360571037906e-01  1.000000000000000e+00  0.000000000000000e+00 -6.824169240065427e-02  3.468659308452816e-01  6.824169240094489e-02 -3.468659308453125e-01  1.000000000000000e+00  0.000000000000000e+00 
 7.943282347242938e+09 -5.923505903154024e-02  3.181659359001866e-01  5.902878319709403e-02 -3.192301495517546e-01  1.000000000000000e+00  0.000000000000000e+00 -4.893980847039286e-02  3.405055371637319e-01  4.893980847062118e-02 -3.405055371637732e-01  1.000000000000000e+00  0.000000000000000e+00 
 8.317637711026839e+09 -4.044433986082292e-02  3.121543678734829e-01  4.023331390757541e-02 -3.131527099576281e-01  1.000000000000000e+00  0.000000000000000e+00 -3.019727138284375e-02  3.329541614169400e-01  3.019727138294738e-02 -3.329541614169721e-01  1.000000000000000e+00  0.000000000000000e+00 
 8.709635899560942e+09 -2.228492753504693e-02  3.049241225905269e-01  2.207157540255352e-02 -3.058605460873540e-01  1.000000000000000e+00  0.000000000000000e+00 -1.212821394013423e-02  3.242666374475715e-01  1.212821394052700e-02 -3.242666374476866e-01  1.000000000000000e+00  0.000000000000000e+00 
 9.120108393559240e+09 -4.869706388988111e-03  2.965455081119846e-01  4.656076422708839e-03 -2.974238687627120e-01  1.000000000000000e+00  0.000000000000000e+00  5.159985174533479e-03  3.145109640773731e-01 -5.159985174313349e-03 -3.145109640774592e-01  1.000000000000000e+00  0.000000000000000e+00 
 9.549925860214510e+09  1.169743537463354e-02  2.871011725914285e-01 -1.190963828138064e-02 -2.879252051917752e-01  1.000000000000000e+00  0.000000000000000e+00  2.156850710754080e-02  3.037672641447480e-01 -2.156850710732222e-02 -3.037672641448508e-01  1.000000000000000e+00  0.000000000000000e+00 
 1.000000000000016e+10  2.732320524391584e-02  2.766847454487465e-01 -2.753258738186871e-02 -2.774580447916437e-01  1.000000000000000e+00  0.000000000000000e+00  3.700869993723314e-02  2.921264744548834e-01 -3.700869993700522e-02 -2.921264744550087e-01  1.000000000000000e+00  0.000000000000000e+00 
 1.047128548050916e+10  4.192626133162480e-02  2.653992561902136e-01 -4.213170832123427e-02 -2.661252624122670e-01  1.000000000000000e+00  0.000000000000000e+00  5.140344639142409e-02  2.796888106372400e-01 -5.140344639107335e-02 -2.796888106374553e-01  1.000000000000000e+00  0.000000000000000e+00 
 1.096478196143202e+10  5.543829316866686e-02  2.533553811621176e-01 -5.563893900316406e-02 -2.540373691791408e-01  1.000000000000000e+00  0.000000000000000e+00  6.468826217835212e-02  2.665620562724156e-01 -6.468826217809667e-02 -2.665620562726014e-01  1.000000000000000e+00  0.000000000000000e+00 
 1.148153621496901e+10  6.780481006035030e-02  2.406695709580659e-01 -6.800000746144207e-02 -2.413106436191737e-01  1.000000000000000e+00  0.000000000000000e+00  7.681210591687096e-02  2.528597282234161e-01 -7.681210591665261e-02 -2.528597282236006e-01  1.000000000000000e+00  0.000000000000000e+00 
 1.202264434617432e+10  7.898562934448057e-02  2.274621110749254e-01 -7.917492176943355e-02 -2.280651956245204e-01  1.000000000000000e+00  0.000000000000000e+00  8.773789210352886e-02  2.386991701820596e-01 -8.773789210332852e-02 -2.386991701822543e-01  1.000000000000000e+00  0.000000000000000e+00 
 1.258925411794188e+10  8.895506639361250e-02  2.138551662196975e-01 -8.913816195248062e-02 -2.144230136331523e-01  1.000000000000000e+00  0.000000000000000e+00  9.744270794702034e-02  2.241996244837826e-01 -9.744270794678600e-02 -2.241996244840372e-01  1.000000000000000e+00  0.000000000000000e+00 
 1.318256738556429e+10  9.770183625768436e-02  1.999708549904241e-01 -9.787858372012043e-02 -2.005060417419254e-01  1.000000000000000e+00  0.000000000000000e+00  1.059177429092326e-01  2.094803288194655e-01 -1.059177429090155e-01 -2.094803288197352e-01  1.000000000000000e+00  0.000000000000000e+00 
 1.380384264602907e+10  1.052286833607043e-01  1.859293970651717e-01 -1.053990503568288e-01 -1.864343288935539e-01  1.000000000000000e+00  0.000000000000000e+00  1.131679463383280e-01  1.946586801316431e-01 -1.131679463381406e-01 -1.946586801319119e-01  1.000000000000000e+00  0.000000000000000e+00 
 1.445439770745951e+10  1.115517607511401e-01  1.718473700270012e-01 -1.117158142031534e-01 -1.723242872851802e-01  1.000000000000000e+00  0.000000000000000e+00  1.192114337546323e-01  1.798485032029692e-01 -1.192114337544979e-01 -1.798485032031986e-01  1.000000000000000e+00  0.000000000000000e+00 
 1.513561248436233e+10  1.166997842949894e-01  1.578361078834351e-01 -1.168576730575382e-01 -1.582870920865249e-01  1.000000000000000e+00  0.000000000000000e+00  1.240786663826817e-01  1.651584565625573e-01 -1.240786663825515e-01 -1.651584565628126e-01  1.000000000000000e+00  0.000000000000000e+00 
 1.584893192461140e+10  1.207129901838836e-01  1.440002683979490e-01 -1.208649298226707e-01 -1.444272496214653e-01  1.000000000000000e+00  0.000000000000000e+00  1.278114316858623e-01  1.506906035348639e-01 -1.278114316857468e-01 -1.506906035351300e-01  1.000000000000000e+00  0.000000000000000e+00 
 1.659586907437588e+10  1.236419264823744e-01  1.304365915761126e-01 -1.237881860823590e-01 -1.308413563961023e-01  1.000000000000000e+00  0.000000000000000e+00  1.304616552153801e-01  1.365391715642152e-01 -1.304616552152922e-01 -1.365391715644631e-01  1.000000000000000e+00  0.000000000000000e+00 
 1.737800828749405e+10  1.255461113582700e-01  1.172328669592125e-01 -1.256870022246560e-01 -1.176170666682547e-01  1.000000000000000e+00  0.000000000000000e+00  1.320900762134105e-01  1.227895182866950e-01 -1.320900762133430e-01 -1.227895182869337e-01  1.000000000000000e+00  0.000000000000000e+00 
 1.819700858610014e+10  1.264925922161838e-01  1.044671226272557e-01 -1.266284583123432e-01 -1.048322815020563e-01  1.000000000000000e+00  0.000000000000000e+00  1.327648211869887e-01  1.095173180430893e-01 -1.327648211869309e-01 -1.095173180433450e-01  1.000000000000000e+00  0.000000000000000e+00 
 1.905460717963279e+10  1.265544411557311e-01  9.220704385025789e-02 -1.266856511110760e-01 -9.255456728641892e-02  1.000000000000000e+00  0.000000000000000e+00  1.325599110477623e-01  9.678797748947852e-02 -1.325599110477250e-01 -9.678797748971393e-02  1.000000000000000e+00  0.000000000000000e+00 
 1.995262314968913e+10  1.258092228673305e-01  8.050962405212850e-02 -1.259361633835969e-01 -8.084080641852992e-02  1.000000000000000e+00  0.000000000000000e+00  1.315537382482235e-01  8.465628357536809e-02 -1.315537382481995e-01 -8.465628357560315e-02  1.000000000000000e+00  0.000000000000000e+00 
 2.089296130854075e+10  1.243374710606577e-01  6.942104515878073e-02 -1.244605415457142e-01 -6.973707725715939e-02  1.000000000000000e+00  0.000000000000000e+00  1.298275504302457e-01  7.316628142908288e-02 -1.298275504302390e-01 -7.316628142928371e-02  1.000000000000000e+00  0.000000000000000e+00 
 2.187761623949590e+10  1.222212085800130e-01  5.897677859808828e-02 -1.223408168428479e-01 -5.927875464252713e-02  1.000000000000000e+00  0.000000000000000e+00  1.274639762202784e-01  6.235137373461604e-02 -1.274639762202825e-01 -6.235137373481064e-02  1.000000000000000e+00  0.000000000000000e+00 
 2.290867652767812e+10  1.195425443235861e-01  4.920189242022771e-02 -1.196591031713752e-01 -4.949081647633303e-02  1.000000000000000e+00  0.000000000000000e+00  1.245456267835050e-01  5.223462723527466e-02 -1.245456267835187e-01 -5.223462723546422e-02  1.000000000000000e+00  0.000000000000000e+00 
 2.398832919019532e+10  1.163823768621176e-01  4.011154451238572e-02 -1.164963014491847e-01 -4.038833635713472e-02  1.000000000000000e+00  0.000000000000000e+00  1.211538035039626e-01  4.282926636532088e-02 -1.211538035039849e-01 -4.282926636548993e-02  1.000000000000000e+00  0.000000000000000e+00 
 2.511886431509623e+10  1.128192302749605e-01  3.171163703227831e-02 -1.129309360631877e-01 -3.197713741322258e-02  1.000000000000000e+00  0.000000000000000e+00  1.173673377236893e-01  3.413932904426716e-02 -1.173673377237185e-01 -3.413932904442829e-02  1.000000000000000e+00  0.000000000000000e+00 
 2.630267991895427e+10  1.089282423415754e-01  2.399960331137251e-02 -1.090381435417177e-01 -2.425457859855591e-02  1.000000000000000e+00  0.000000000000000e+00  1.132615830145113e-01  2.616045570493830e-02 -1.132615830145453e-01 -2.616045570507966e-02  1.000000000000000e+00  0.000000000000000e+00 
 2.754228703338214e+10  1.047803191108172e-01  1.696529585365236e-02 -1.048888274837539e-01 -1.721044208978074e-02  1.000000000000000e+00  0.000000000000000e+00  1.089075742476604e-01  1.888077994215359e-02 -1.089075742477005e-01 -1.888077994229628e-02  1.000000000000000e+00  0.000000000000000e+00 
 2.884031503126656e+10  1.004414633688728e-01  1.059194285438205e-02 -1.005489872747746e-01 -1.082788921902934e-02  1.000000000000000e+00  0.000000000000000e+00  1.043713611287572e-01  1.228188793965069e-02 -1.043713611288013e-01 -1.228188793978432e-02  1.000000000000000e+00  0.000000000000000e+00 
 3.019951720402069e+10  9.597227803035986e-02  4.857140940396309e-03 -9.607922162190721e-02 -5.084452652904247e-03  1.000000000000000e+00  0.000000000000000e+00  9.971351727833842e-02  6.339814109227623e-03 -9.971351727838312e-02 -6.339814109342734e-03  1.000000000000000e+00  0.000000000000000e+00 
 3.162277660168435e+10  9.142763937201832e-02 -2.661464811209366e-04 -9.153440183516656e-02  4.696578736847982e-05  1.000000000000000e+00  0.000000000000000e+00  9.498881975396356e-02  1.026042084647732e-03 -9.498881975401043e-02 -1.026042084755327e-03  1.000000000000000e+00  0.000000000000000e+00 
 3.311311214825969e+10  8.685652965357799e-02 -4.808612966728765e-03 -8.696350440604642e-02  4.597119358325864e-03  1.000000000000000e+00  0.000000000000000e+00  9.024608847236519e-02 -3.691516835995926e-03 -9.024608847241143e-02  3.691516835901864e-03  1.000000000000000e+00  0.000000000000000e+00 
 3.467368504525378e+10  8.230201428505296e-02 -8.803678704657236e-03 -8.240958804894571e-02  8.599486502484138e-03  1.000000000000000e+00  0.000000000000000e+00  8.552817056058008e-02 -7.847591785375200e-03 -8.552817056062710e-02  7.847591785288063e-03  1.000000000000000e+00  0.000000000000000e+00 
 3.630780547701078e+10  7.780134546436220e-02 -1.228662542688126e-02 -7.790989713544139e-02  1.208940614468236e-02  1.000000000000000e+00  0.000000000000000e+00  8.087205140418922e-02 -1.147868638032481e-02 -8.087205140423727e-02  1.147868638024253e-02  1.000000000000000e+00  0.000000000000000e+00 
 3.801893963205680e+10  7.338617218060653e-02 -1.529381106757652e-02 -7.349607142312831e-02  1.510329267023867e-02  1.000000000000000e+00  0.000000000000000e+00  7.630907212374446e-02 -1.462229328344135e-02 -7.630907212379112e-02  1.462229328336803e-02  1.000000000000000e+00  0.000000000000000e+00 
 3.981071705535044e+10  6.908283561752378e-02 -1.786197385885292e-02 -6.919444112068640e-02  1.767794026664609e-02  1.000000000000000e+00  0.000000000000000e+00  7.186523235560956e-02 -1.731619896351495e-02 -7.186523235565398e-02  1.731619896345055e-02  1.000000000000000e+00  0.000000000000000e+00 
 4.168693834703429e+10  6.491272918117275e-02 -2.002763101964999e-02 -6.502638652159939e-02  1.984992177496289e-02  1.000000000000000e+00  0.000000000000000e+00  6.756155741987710e-02 -1.959788377069091e-02 -6.756155741991959e-02  1.959788377063358e-02  1.000000000000000e+00  0.000000000000000e+00 
 4.365158322401739e+10  6.089270344282541e-02 -2.182657314341876e-02 -6.100874250761600e-02  2.165508314644228e-02  1.000000000000000e+00  0.000000000000000e+00  6.341451004926436e-02 -2.150401836186685e-02 -6.341451004930750e-02  2.150401836181185e-02  1.000000000000000e+00  0.000000000000000e+00 
 4.570881896148833e+10  5.703549802840018e-02 -2.329345196482552e-02 -5.715422996560518e-02  2.312813117457348e-02  1.000000000000000e+00  0.000000000000000e+00  5.943642862161819e-02 -2.307005406623076e-02 -5.943642862165809e-02  2.307005406618321e-02  1.000000000000000e+00  0.000000000000000e+00 
 4.786300923226471e+10  5.335018468727970e-02 -2.446145645818939e-02 -5.347189836557693e-02  2.430230944572902e-02  1.000000000000000e+00  0.000000000000000e+00  5.563597606957098e-02 -2.432990204271111e-02 -5.563597606960927e-02  2.432990204266797e-02  1.000000000000000e+00  0.000000000000000e+00 
 5.011872336272815e+10  4.984260823422648e-02 -2.536207020409724e-02 -4.996756621141345e-02  2.520915543658068e-02  1.000000000000000e+00  0.000000000000000e+00  5.201858612991732e-02 -2.531569406252233e-02 -5.201858612995324e-02  2.531569406248405e-02  1.000000000000000e+00  0.000000000000000e+00 
 5.248074602497823e+10  4.651581460060386e-02 -2.602490162088420e-02 -4.664424862138322e-02  2.587833034875967e-02  1.000000000000000e+00  0.000000000000000e+00  4.858689616270250e-02 -2.605761641503814e-02 -4.858689616273770e-02  2.605761641500248e-02  1.000000000000000e+00  0.000000000000000e+00 
 5.495408738576347e+10  4.337045770979740e-02 -2.647757792479823e-02 -4.350256377715570e-02  2.633751254138543e-02  1.000000000000000e+00  0.000000000000000e+00  4.534115826947042e-02 -2.658380771223222e-02 -4.534115826950341e-02  2.658380771220036e-02  1.000000000000000e+00  0.000000000000000e+00 
 5.754399373371677e+10  4.040517919684555e-02 -2.674569346529439e-02 -4.054111228776722e-02  2.661234520875504e-02  1.000000000000000e+00  0.000000000000000e+00  4.227962276096436e-02 -2.692031116316917e-02 -4.227962276099551e-02  2.692031116314050e-02  1.000000000000000e+00  0.000000000000000e+00 
 6.025595860743690e+10  3.761695704920269e-02 -2.685280327861197e-02 -3.775682557387892e-02  2.672642915226283e-02  1.000000000000000e+00  0.000000000000000e+00  3.939889009219562e-02 -2.709107210222754e-02 -3.939889009222502e-02  2.709107210220169e-02  1.000000000000000e+00  0.000000000000000e+00 
 6.309573444802052e+10  3.500142101142487e-02 -2.682045321168993e-02 -3.514528114453554e-02  2.670135201054787e-02  1.000000000000000e+00  0.000000000000000e+00  3.669422915438408e-02 -2.711797207978899e-02 -3.669422915441146e-02  2.711797207976593e-02  1.000000000000000e+00  0.000000000000000e+00 
 6.606934480076085e+10  3.255313405531652e-02 -2.666823869427777e-02 -3.270098409705934e-02  2.655674604447117e-02  1.000000000000000e+00  0.000000000000000e+00  3.415986127334340e-02 -2.702089156540968e-02 -3.415986127336872e-02  2.702089156538920e-02  1.000000000000000e+00  0.000000000000000e+00 
 6.918309709189496e+10  3.026584037358747e-02 -2.641388509575782e-02 -3.041761532526248e-02  2.631036743947204e-02  1.000000000000000e+00  0.000000000000000e+00  3.178921041791680e-02 -2.681779418610729e-02 -3.178921041794096e-02  2.681779418608852e-02  1.000000000000000e+00  0.000000000000000e+00 
 7.244359600750038e+10  2.813268122940400e-02 -2.607334352442352e-02 -2.828824779162672e-02  2.597819101644029e-02  1.000000000000000e+00  0.000000000000000e+00  2.957512099094085e-02 -2.652482635535309e-02 -2.957512099096281e-02  2.652482635533657e-02  1.000000000000000e+00  0.000000000000000e+00 
 7.585775750291982e+10  2.614638061627065e-02 -2.566089685500308e-02 -2.630553283522713e-02  2.557451517719606e-02  1.000000000000000e+00  0.000000000000000e+00  2.751004518964449e-02 -2.615642708549610e-02 -2.751004518966496e-02  2.615642708548126e-02  1.000000000000000e+00  0.000000000000000e+00 
 7.943282347242966e+10  2.429940308767258e-02 -2.518927166335662e-02 -2.446185888417995e-02  2.511207280966064e-02  1.000000000000000e+00  0.000000000000000e+00  2.558620231845948e-02 -2.572544367573234e-02 -2.558620231847894e-02  2.572544367571879e-02  1.000000000000000e+00  0.000000000000000e+00 
 8.317637711026869e+10  2.258408634078262e-02 -2.466975257645292e-02 -2.274948515640372e-02  2.460214471113534e-02  1.000000000000000e+00  0.000000000000000e+00  2.379571265257252e-02 -2.524324980037232e-02 -2.379571265259047e-02  2.524324980036020e-02  1.000000000000000e+00  0.000000000000000e+00 
 8.709635899560974e+10  2.099275121930005e-02 -2.411229629270118e-02 -2.116065300189713e-02  2.405467283691767e-02  1.000000000000000e+00  0.000000000000000e+00  2.213070852192471e-02 -2.471986326994213e-02 -2.213070852194168e-02  2.471986326993111e-02  1.000000000000000e+00  0.000000000000000e+00 
 9.120108393559274e+10  1.951779177041567e-02 -2.352564318299930e-02 -1.968767749744890e-02  2.347837133579000e-02  1.000000000000000e+00  0.000000000000000e+00  2.058342524653215e-02 -2.416406139143117e-02 -2.058342524654780e-02  2.416406139142132e-02  1.000000000000000e+00  0.000000000000000e+00 
 9.549925860214545e+10  1.815174787948700e-02 -2.291742494373854e-02 -1.832302178098529e-02  2.288083389065965e-02  1.000000000000000e+00  0.000000000000000e+00  1.914627443484790e-02 -2.358349241141209e-02 -1.914627443486252e-02  2.358349241140319e-02  1.000000000000000e+00  0.000000000000000e+00 
 1.000000000000020e+11  1.688736283849755e-02 -2.229426724167636e-02 -1.705935643378938e-02  2.226863634393401e-02  1.000000000000000e+00  0.000000000000000e+00  1.781190198294921e-02 -2.298478198937647e-02 -1.781190198296274e-02  2.298478198936847e-02  1.000000000000000e+00  0.000000000000000e+00 
