 1.000000000000000e+06 -3.131787315596554e-01 -1.125607582084201e-04  3.131788009051817e-01  1.229797982219851e-04  1.000000000000000e+00  0.000000000000000e+00 -1.799150546612529e-01 -6.897176263141124e-04  1.799150546624662e-01  6.897176263109585e-04  1.000000000000000e+00  0.000000000000000e+00 
 1.047128548050900e+06 -3.131787496398902e-01 -1.178657752625313e-04  3.131788254354210e-01  1.287753712018721e-04  1.000000000000000e+00  0.000000000000000e+00 -1.799152166031033e-01 -7.222226587244247e-04  1.799152166032780e-01  7.222226587241198e-04  1.000000000000000e+00  0.000000000000000e+00 
 1.096478196143185e+06 -3.131787694751610e-01 -1.234208275234662e-04  3.131788523208970e-01  1.348440497341973e-04  1.000000000000000e+00  0.000000000000000e+00 -1.799153941676955e-01 -7.562595530945617e-04  1.799153941726881e-01  7.562595530796815e-04  1.000000000000000e+00  0.000000000000000e+00 
 1.148153621496883e+06 -3.131787912353446e-01 -1.292377005584651e-04  3.131788817881438e-01  1.411987010659241e-04  1.000000000000000e+00  0.000000000000000e+00 -1.799155888633839e-01 -7.919004960000562e-04  1.799155888725705e-01  7.919004959712013e-04  1.000000000000000e+00  0.000000000000000e+00 
 1.202264434617413e+06 -3.131788151067197e-01 -1.353287356452886e-04  3.131789140855065e-01  1.478527982846232e-04  1.000000000000000e+00  0.000000000000000e+00 -1.799158023440815e-01 -8.292210749014110e-04  1.799158023494699e-01  8.292210748837832e-04  1.000000000000000e+00  0.000000000000000e+00 
 1.258925411794168e+06 -3.131788412935668e-01 -1.417068560098678e-04  3.131789494852315e-01  1.548204487794597e-04  1.000000000000000e+00  0.000000000000000e+00 -1.799160364197208e-01 -8.683004382473980e-04  1.799160364272649e-01  8.683004382214608e-04  1.000000000000000e+00  0.000000000000000e+00 
 1.318256738556408e+06 -3.131788700199148e-01 -1.483855943065349e-04  3.131789882857469e-01  1.621164240312413e-04  1.000000000000000e+00  0.000000000000000e+00 -1.799162930784347e-01 -9.092214631069540e-04  1.799162930870343e-01  9.092214630759591e-04  1.000000000000000e+00  0.000000000000000e+00 
 1.380384264602886e+06 -3.131789015314680e-01 -1.553791213998745e-04  3.131790308141629e-01  1.697561907928177e-04  1.000000000000000e+00  0.000000000000000e+00 -1.799165744989241e-01 -9.520709306626220e-04  1.799165745074154e-01  9.520709306305791e-04  1.000000000000000e+00  0.000000000000000e+00 
 1.445439770745928e+06 -3.131789360977230e-01 -1.627022765101323e-04  3.131790774290046e-01  1.777559437237754e-04  1.000000000000000e+00  0.000000000000000e+00 -1.799168830700995e-01 -9.969397099457856e-04  1.799168830770828e-01  9.969397099182410e-04  1.000000000000000e+00  0.000000000000000e+00 
 1.513561248436209e+06 -3.131789740142928e-01 -1.703705987871201e-04  3.131791285232014e-01  1.861326395461951e-04  1.000000000000000e+00  0.000000000000000e+00 -1.799172214112738e-01 -1.043922950191360e-03  1.799172214154611e-01  1.043922950174181e-03  1.000000000000000e+00  0.000000000000000e+00 
 1.584893192461115e+06 -3.131790156054618e-01 -1.784003603807323e-04  3.131791845273572e-01  1.949040327911007e-04  1.000000000000000e+00  0.000000000000000e+00 -1.799175923934805e-01 -1.093120282212580e-03  1.799175923997191e-01  1.093120282185633e-03  1.000000000000000e+00  0.000000000000000e+00 
 1.659586907437562e+06 -3.131790612269949e-01 -1.868086010794703e-04  3.131792459133259e-01  2.040887132083008e-04  1.000000000000000e+00  0.000000000000000e+00 -1.799179991679097e-01 -1.144636029220802e-03  1.799179991679382e-01  1.144636029220987e-03  1.000000000000000e+00  0.000000000000000e+00 
 1.737800828749377e+06 -3.131791112692264e-01 -1.956131645918962e-04  3.131793131981211e-01  2.137061449154013e-04  1.000000000000000e+00  0.000000000000000e+00 -1.799184451853102e-01 -1.198579427509820e-03  1.799184451840802e-01  1.198579427516042e-03  1.000000000000000e+00  0.000000000000000e+00 
 1.819700858609986e+06 -3.131791661604542e-01 -2.048327365495195e-04  3.131793869481917e-01  2.237767073651044e-04  1.000000000000000e+00  0.000000000000000e+00 -1.799189342317578e-01 -1.255064857488906e-03  1.799189342335386e-01  1.255064857480323e-03  1.000000000000000e+00  0.000000000000000e+00 
 1.905460717963250e+06 -3.131792263706720e-01 -2.144868843134374e-04  3.131794677840938e-01  2.343217382132862e-04  1.000000000000000e+00  0.000000000000000e+00 -1.799194704583486e-01 -1.314212085517052e-03  1.799194704679797e-01  1.314212085466846e-03  1.000000000000000e+00  0.000000000000000e+00 
 1.995262314968882e+06 -3.131792924156737e-01 -2.245960986709639e-04  3.131795563855957e-01  2.453635781739848e-04  1.000000000000000e+00  0.000000000000000e+00 -1.799200584201009e-01 -1.376146517053706e-03  1.799200584213932e-01  1.376146517046982e-03  1.000000000000000e+00  0.000000000000000e+00 
 2.089296130854042e+06 -3.131793648615679e-01 -2.351818375126125e-04  3.131796534972583e-01  2.569256179511515e-04  1.000000000000000e+00  0.000000000000000e+00 -1.799207031033815e-01 -1.440999461618154e-03  1.799207031071812e-01  1.440999461596679e-03  1.000000000000000e+00  0.000000000000000e+00 
 2.187761623949556e+06 -3.131794443297473e-01 -2.462665715840008e-04  3.131797599345294e-01  2.690323473410249e-04  1.000000000000000e+00  0.000000000000000e+00 -1.799214099825707e-01 -1.508908410154281e-03  1.799214099857692e-01  1.508908410135417e-03  1.000000000000000e+00  0.000000000000000e+00 
 2.290867652767777e+06 -3.131795315023482e-01 -2.578738324116778e-04  3.131798765903941e-01  2.817094066031481e-04  1.000000000000000e+00  0.000000000000000e+00 -1.799221850565811e-01 -1.580017325299536e-03  1.799221850627860e-01  1.580017325260811e-03  1.000000000000000e+00  0.000000000000000e+00 
 2.398832919019494e+06 -3.131796271282709e-01 -2.700282625063860e-04  3.131800044426452e-01  2.949836402024878e-04  1.000000000000000e+00  0.000000000000000e+00 -1.799230349064554e-01 -1.654476945204149e-03  1.799230349050716e-01  1.654476945213751e-03  1.000000000000000e+00  0.000000000000000e+00 
 2.511886431509584e+06 -3.131797320297951e-01 -2.827556679519150e-04  3.131801445618079e-01  3.088831530298084e-04  1.000000000000000e+00  0.000000000000000e+00 -1.799239667412023e-01 -1.732445101465673e-03  1.799239667485911e-01  1.732445101415024e-03  1.000000000000000e+00  0.000000000000000e+00 
 2.630267991895386e+06 -3.131798471098735e-01 -2.960830734924921e-04  3.131802981197929e-01  3.234373692124842e-04  1.000000000000000e+00  0.000000000000000e+00 -1.799249884754438e-01 -1.814087051888889e-03  1.799249884737652e-01  1.814087051901551e-03  1.000000000000000e+00  0.000000000000000e+00 
 2.754228703338171e+06 -3.131799733601542e-01 -3.100387802364854e-04  3.131804663993299e-01  3.386770936332875e-04  1.000000000000000e+00  0.000000000000000e+00 -1.799261087758423e-01 -1.899575828631102e-03  1.799261087804814e-01  1.899575828596434e-03  1.000000000000000e+00  0.000000000000000e+00 
 2.884031503126611e+06 -3.131801118698280e-01 -3.246524260991321e-04  3.131806508042601e-01  3.546345762804239e-04  1.000000000000000e+00  0.000000000000000e+00 -1.799273371541596e-01 -1.989092602559385e-03  1.799273371598924e-01  1.989092602514400e-03  1.000000000000000e+00  0.000000000000000e+00 
 3.019951720402022e+06 -3.131802638353648e-01 -3.399550491119406e-04  3.131808528707511e-01  3.713435795583864e-04  1.000000000000000e+00  0.000000000000000e+00 -1.799286840349384e-01 -2.082827064413111e-03  1.799286840427919e-01  2.082827064348376e-03  1.000000000000000e+00  0.000000000000000e+00 
 3.162277660168386e+06 -3.131804305712482e-01 -3.559791537313498e-04  3.131810742795210e-01  3.888394486958121e-04  1.000000000000000e+00  0.000000000000000e+00 -1.799301608504346e-01 -2.180977823614587e-03  1.799301608541037e-01  2.180977823583240e-03  1.000000000000000e+00  0.000000000000000e+00 
 3.311311214825918e+06 -3.131806135218049e-01 -3.727587802841477e-04  3.131813168691583e-01  4.071591853939743e-04  1.000000000000000e+00  0.000000000000000e+00 -1.799317801321363e-01 -2.283752825446273e-03  1.799317801381559e-01  2.283752825392025e-03  1.000000000000000e+00  0.000000000000000e+00 
 3.467368504525324e+06 -3.131808142742374e-01 -3.903295776919386e-04  3.131815826506337e-01  4.263415248673998e-04  1.000000000000000e+00  0.000000000000000e+00 -1.799335556246253e-01 -2.391369787453181e-03  1.799335556254624e-01  2.391369787445849e-03  1.000000000000000e+00  0.000000000000000e+00 
 3.630780547701022e+06 -3.131810345729929e-01 -4.087288796215519e-04  3.131818738231019e-01  4.464270164369125e-04  1.000000000000000e+00  0.000000000000000e+00 -1.799355023934806e-01 -2.504056655842233e-03  1.799355023942636e-01  2.504056655835099e-03  1.000000000000000e+00  0.000000000000000e+00 
 3.801893963205622e+06 -3.131812763356008e-01 -4.279957842127932e-04  3.131821927911149e-01  4.674581078448577e-04  1.000000000000000e+00  0.000000000000000e+00 -1.799376369594526e-01 -2.622052082814117e-03  1.799376369647727e-01  2.622052082759179e-03  1.000000000000000e+00  0.000000000000000e+00 
 3.981071705534983e+06 -3.131815416701248e-01 -4.481712375390594e-04  3.131825421833678e-01  4.894792334726742e-04  1.000000000000000e+00  0.000000000000000e+00 -1.799399774376274e-01 -2.745605925671961e-03  1.799399774438750e-01  2.745605925604285e-03  1.000000000000000e+00  0.000000000000000e+00 
 4.168693834703365e+06 -3.131818328943984e-01 -4.692981209602776e-04  3.131829248731124e-01  5.125369066523234e-04  1.000000000000000e+00  0.000000000000000e+00 -1.799425436884756e-01 -2.874979768640440e-03  1.799425436917019e-01  2.874979768604231e-03  1.000000000000000e+00  0.000000000000000e+00 
 4.365158322401672e+06 -3.131821525572189e-01 -4.914213425311185e-04  3.131833440003997e-01  5.366798162753219e-04  1.000000000000000e+00  0.000000000000000e+00 -1.799453574865224e-01 -3.010447468358540e-03  1.799453574881402e-01  3.010447468339943e-03  1.000000000000000e+00  0.000000000000000e+00 
 4.570881896148764e+06 -3.131825034616974e-01 -5.145879326306550e-04  3.131838029963076e-01  5.619589279164221e-04  1.000000000000000e+00  0.000000000000000e+00 -1.799484427057460e-01 -3.152295724019520e-03  1.799484427128064e-01  3.152295723931648e-03  1.000000000000000e+00  0.000000000000000e+00 
 4.786300923226397e+06 -3.131828886909638e-01 -5.388471439825699e-04  3.131843056093541e-01  5.884275897029859e-04  1.000000000000000e+00  0.000000000000000e+00 -1.799518255251834e-01 -3.300824673169494e-03  1.799518255299650e-01  3.300824673107487e-03  1.000000000000000e+00  0.000000000000000e+00 
 5.011872336272738e+06 -3.131833116364745e-01 -5.642505562374582e-04  3.131848559343015e-01  6.161416431761661e-04  1.000000000000000e+00  0.000000000000000e+00 -1.799555346430583e-01 -3.456348514147956e-03  1.799555346500377e-01  3.456348514052771e-03  1.000000000000000e+00  0.000000000000000e+00 
 5.248074602497743e+06 -3.131837760291449e-01 -5.908521852914436e-04  3.131854584435889e-01  6.451595394052071e-04  1.000000000000000e+00  0.000000000000000e+00 -1.799596015275233e-01 -3.619196156306065e-03  1.799596015326073e-01  3.619196156233750e-03  1.000000000000000e+00  0.000000000000000e+00 
 5.495408738576263e+06 -3.131842859735874e-01 -6.187085975175238e-04  3.131861180216632e-01  6.755424606320855e-04  1.000000000000000e+00  0.000000000000000e+00 -1.799640606774827e-01 -3.789711898977269e-03  1.799640606821886e-01  3.789711898907277e-03  1.000000000000000e+00  0.000000000000000e+00 
 5.754399373371588e+06 -3.131848459857322e-01 -6.478790290889679e-04  3.131868400025075e-01  7.073544477390404e-04  1.000000000000000e+00  0.000000000000000e+00 -1.799689499182078e-01 -3.968256140361044e-03  1.799689499216580e-01  3.968256140307618e-03  1.000000000000000e+00  0.000000000000000e+00 
 6.025595860743597e+06 -3.131854610341333e-01 -6.784255105772726e-04  3.131876302107111e-01  7.406625338463355e-04  1.000000000000000e+00  0.000000000000000e+00 -1.799743107200286e-01 -4.155206117365076e-03  1.799743107197842e-01  4.155206117370250e-03  1.000000000000000e+00  0.000000000000000e+00 
 6.309573444801954e+06 -3.131861365852822e-01 -7.104129970114638e-04  3.131884950064637e-01  7.755368843608547e-04  1.000000000000000e+00  0.000000000000000e+00 -1.799801885473123e-01 -4.350956677520113e-03  1.799801885518758e-01  4.350956677442310e-03  1.000000000000000e+00  0.000000000000000e+00 
 6.606934480075982e+06 -3.131868786532835e-01 -7.439095035911861e-04  3.131894413349172e-01  8.120509438072840e-04  1.000000000000000e+00  0.000000000000000e+00 -1.799866332492944e-01 -4.555921084107661e-03  1.799866332514641e-01  4.555921084069593e-03  1.000000000000000e+00  0.000000000000000e+00 
 6.918309709189389e+06 -3.131876938542497e-01 -7.789862472537124e-04  3.131904767803955e-01  8.502815897813740e-04  1.000000000000000e+00  0.000000000000000e+00 -1.799936994740830e-01 -4.770531855492446e-03  1.799936994705622e-01  4.770531855560489e-03  1.000000000000000e+00  0.000000000000000e+00 
 7.244359600749927e+06 -3.131885894658218e-01 -8.157177943049007e-04  3.131916096260177e-01  8.903092943688953e-04  1.000000000000000e+00  0.000000000000000e+00 -1.800014471314851e-01 -4.995241639826754e-03  1.800014471364451e-01  4.995241639729685e-03  1.000000000000000e+00  0.000000000000000e+00 
 7.585775750291865e+06 -3.131895734922333e-01 -8.541822143372751e-04  3.131928489193473e-01  9.322182933725801e-04  1.000000000000000e+00  0.000000000000000e+00 -1.800099419078979e-01 -5.230524126180256e-03  1.800099419120108e-01  5.230524126096260e-03  1.000000000000000e+00  0.000000000000000e+00 
 7.943282347242844e+06 -3.131906547353795e-01 -8.944612406742323e-04  3.131942045447520e-01  9.760967636827902e-04  1.000000000000000e+00  0.000000000000000e+00 -1.800192558089400e-01 -5.476874992940331e-03  1.800192558129026e-01  5.476874992855697e-03  1.000000000000000e+00  0.000000000000000e+00 
 8.317637711026741e+06 -3.131918428723913e-01 -9.366404375991067e-04  3.131956873032472e-01  1.022037009114580e-03  1.000000000000000e+00  0.000000000000000e+00 -1.800294677747565e-01 -5.734812894635862e-03  1.800294677755026e-01  5.734812894620441e-03  1.000000000000000e+00  0.000000000000000e+00 
 8.709635899560839e+06 -3.131931485402471e-01 -9.808093746502620e-04  3.131973090006445e-01  1.070135655014468e-03  1.000000000000000e+00  0.000000000000000e+00 -1.800406643415602e-01 -6.004880487882180e-03  1.800406643450732e-01  6.004880487800214e-03  1.000000000000000e+00  0.000000000000000e+00 
 9.120108393559132e+06 -3.131945834280359e-01 -1.027061808288572e-03  3.131990825449299e-01  1.120493851914971e-03  1.000000000000000e+00  0.000000000000000e+00 -1.800529403763642e-01 -6.287645497338760e-03  1.800529403776647e-01  6.287645497308069e-03  1.000000000000000e+00  0.000000000000000e+00 
 9.549925860214395e+06 -3.131961603775243e-01 -1.075495871270511e-03  3.132010220538500e-01  1.173217488484357e-03  1.000000000000000e+00  0.000000000000000e+00 -1.800663998698239e-01 -6.583701822191713e-03  1.800663998719113e-01  6.583701822139111e-03  1.000000000000000e+00  0.000000000000000e+00 
 1.000000000000004e+07 -3.131978934927783e-01 -1.126214270086931e-03  3.132031429737704e-01  1.228417413984902e-03  1.000000000000000e+00  0.000000000000000e+00 -1.800811568156493e-01 -6.893670683796932e-03  1.800811568230349e-01  6.893670683597561e-03  1.000000000000000e+00  0.000000000000000e+00 
 1.047128548050904e+07 -3.131997982596689e-01 -1.179324490852707e-03  3.132054622109308e-01  1.286209670417125e-03  1.000000000000000e+00  0.000000000000000e+00 -1.800973361706091e-01 -7.218201814712645e-03  1.800973361748771e-01  7.218201814592942e-03  1.000000000000000e+00  0.000000000000000e+00 
 1.096478196143189e+07 -3.132018916762079e-01 -1.234939014053474e-03  3.132079982763043e-01  1.346715734492446e-03  1.000000000000000e+00  0.000000000000000e+00 -1.801150748979167e-01 -7.557974689154333e-03  1.801150749042363e-01  7.557974688967978e-03  1.000000000000000e+00  0.000000000000000e+00 
 1.148153621496888e+07 -3.132041923947668e-01 -1.293175538570073e-03  3.132107714453228e-01  1.410062769545031e-03  1.000000000000000e+00  0.000000000000000e+00 -1.801345231246100e-01 -7.913699794869382e-03  1.801345231307022e-01  7.913699794681553e-03  1.000000000000000e+00  0.000000000000000e+00 
 1.202264434617418e+07 -3.132067208773871e-01 -1.354157215406456e-03  3.132138039338113e-01  1.476383887468249e-03  1.000000000000000e+00  0.000000000000000e+00 -1.801558453959961e-01 -8.286119945714912e-03  1.801558453985351e-01  8.286119945634319e-03  1.000000000000000e+00  0.000000000000000e+00 
 1.258925411794173e+07 -3.132094995655209e-01 -1.418012891540669e-03  3.132171200915458e-01  1.545818420743462e-03  1.000000000000000e+00  0.000000000000000e+00 -1.801792220538879e-01 -8.676011634183833e-03  1.801792220541354e-01  8.676011634177637e-03  1.000000000000000e+00  0.000000000000000e+00 
 1.318256738556413e+07 -3.132125530657022e-01 -1.484877364298874e-03  3.132207466149305e-01  1.618512204620743e-03  1.000000000000000e+00  0.000000000000000e+00 -1.802048507471473e-01 -9.084186422530140e-03  1.802048507434983e-01  9.084186422662514e-03  1.000000000000000e+00  0.000000000000000e+00 
 1.380384264602891e+07 -3.132159083528401e-01 -1.554891646618462e-03  3.132247127804070e-01  1.694617869512269e-03  1.000000000000000e+00  0.000000000000000e+00 -1.802329480793057e-01 -9.511492370546770e-03  1.802329480797659e-01  9.511492370532077e-03  1.000000000000000e+00  0.000000000000000e+00 
 1.445439770745934e+07 -3.132195949929736e-01 -1.628203243517647e-03  3.132290507003017e-01  1.774295143667641e-03  1.000000000000000e+00  0.000000000000000e+00 -1.802637514202443e-01 -9.958815497656886e-03  1.802637514213637e-01  9.958815497615830e-03  1.000000000000000e+00  0.000000000000000e+00 
 1.513561248436215e+07 -3.132236453875322e-01 -1.704966440026498e-03  3.132337956029932e-01  1.857711166214185e-03  1.000000000000000e+00  0.000000000000000e+00 -1.802975208758347e-01 -1.042708127586343e-02  1.802975208812974e-01  1.042708127564373e-02  1.000000000000000e+00  0.000000000000000e+00 
 1.584893192461121e+07 -3.132280950413269e-01 -1.785342600759330e-03  3.132389861394382e-01  1.945040810658339e-03  1.000000000000000e+00  0.000000000000000e+00 -1.803345414543238e-01 -1.091725614976006e-02  1.803345414611420e-01  1.091725614947280e-02  1.000000000000000e+00  0.000000000000000e+00 
 1.659586907437568e+07 -3.132329828566930e-01 -1.869500481223081e-03  3.132446647183128e-01  2.036467018952394e-03  1.000000000000000e+00  0.000000000000000e+00 -1.803751254275724e-01 -1.143034907831851e-02  1.803751254239989e-01  1.143034907848017e-02  1.000000000000000e+00  0.000000000000000e+00 
 1.737800828749384e+07 -3.132383514563954e-01 -1.957616550863618e-03  3.132508778722805e-01  2.132181146225555e-03  1.000000000000000e+00  0.000000000000000e+00 -1.804196149087319e-01 -1.196741309225186e-02  1.804196149067416e-01  1.196741309234724e-02  1.000000000000000e+00  0.000000000000000e+00 
 1.819700858609992e+07 -3.132442475381270e-01 -2.049875327752292e-03  3.132576766581646e-01  2.232383316254723e-03  1.000000000000000e+00  0.000000000000000e+00 -1.804683846850436e-01 -1.252954685971975e-02  1.804683846917085e-01  1.252954685939953e-02  1.000000000000000e+00  0.000000000000000e+00 
 1.905460717963257e+07 -3.132507222636357e-01 -2.146469724713404e-03  3.132651170941509e-01  2.337282787699426e-03  1.000000000000000e+00  0.000000000000000e+00 -1.805218452996739e-01 -1.311789625088887e-02  1.805218453019160e-01  1.311789625077846e-02  1.000000000000000e+00  0.000000000000000e+00 
 1.995262314968890e+07 -3.132578316857513e-01 -2.247601406585882e-03  3.132732606374696e-01  2.447098331043428e-03  1.000000000000000e+00  0.000000000000000e+00 -1.805804464109644e-01 -1.373365589050460e-02  1.805804464140525e-01  1.373365589034450e-02  1.000000000000000e+00  0.000000000000000e+00 
 2.089296130854050e+07 -3.132656372168512e-01 -2.353481158202487e-03  3.132821747064214e-01  2.562058616065929e-03  1.000000000000000e+00  0.000000000000000e+00 -1.806446804786020e-01 -1.437807068604479e-02  1.806446804841434e-01  1.437807068574203e-02  1.000000000000000e+00  0.000000000000000e+00 
 2.187761623949564e+07 -3.132742061425638e-01 -2.464329262552682e-03  3.132919332510088e-01  2.682402609504941e-03  1.000000000000000e+00  0.000000000000000e+00 -1.807150867720736e-01 -1.505243731563644e-02  1.807150867750966e-01  1.505243731546557e-02  1.000000000000000e+00  0.000000000000000e+00 
 2.290867652767785e+07 -3.132836121848407e-01 -2.580375888466580e-03  3.133026173768696e-01  2.808379982373119e-03  1.000000000000000e+00  0.000000000000000e+00 -1.807922557433990e-01 -1.575810565798529e-02  1.807922557435429e-01  1.575810565798029e-02  1.000000000000000e+00  0.000000000000000e+00 
 2.398832919019503e+07 -3.132939361188849e-01 -2.701861487013449e-03  3.133143160276884e-01  2.940251526138242e-03  1.000000000000000e+00  0.000000000000000e+00 -1.808768337971826e-01 -1.649648014333111e-02  1.808768338024986e-01  1.649648014300066e-02  1.000000000000000e+00  0.000000000000000e+00 
 2.511886431509594e+07 -3.133052664488045e-01 -2.829037195639940e-03  3.133271267317225e-01  3.078289576688578e-03  1.000000000000000e+00  0.000000000000000e+00 -1.809695284900006e-01 -1.726902100085361e-02  1.809695284941381e-01  1.726902100058601e-02  1.000000000000000e+00  0.000000000000000e+00 
 2.630267991895396e+07 -3.133177001473265e-01 -2.962165248872834e-03  3.133411564185929e-01  3.222778444665115e-03  1.000000000000000e+00  0.000000000000000e+00 -1.810711141798709e-01 -1.807724537349965e-02  1.810711141783836e-01  1.807724537360559e-02  1.000000000000000e+00  0.000000000000000e+00 
 2.754228703338182e+07 -3.133313434653824e-01 -3.101519394170732e-03  3.133565223130201e-01  3.374014850356996e-03  1.000000000000000e+00  0.000000000000000e+00 -1.811824381800803e-01 -1.892272826741634e-02  1.811824381803943e-01  1.892272826739809e-02  1.000000000000000e+00  0.000000000000000e+00 
 2.884031503126622e+07 -3.133463128179346e-01 -3.247385311217190e-03  3.133733529127228e-01  3.532308360922683e-03  1.000000000000000e+00  0.000000000000000e+00 -1.813044274518298e-01 -1.980710329744727e-02  1.813044274556432e-01  1.980710329716716e-02  1.000000000000000e+00  0.000000000000000e+00 
 3.019951720402033e+07 -3.133627357530041e-01 -3.400061032595848e-03  3.133917890582998e-01  3.697981827211001e-03  1.000000000000000e+00  0.000000000000000e+00 -1.814380958647696e-01 -2.073206318386664e-02  1.814380958705520e-01  2.073206318342109e-02  1.000000000000000e+00  0.000000000000000e+00 
 3.162277660168397e+07 -3.133807520115005e-01 -3.559857363365794e-03  3.134119851035161e-01  3.871371816909614e-03  1.000000000000000e+00  0.000000000000000e+00 -1.815845520782672e-01 -2.169935994946607e-02  1.815845520829362e-01  2.169935994909151e-02  1.000000000000000e+00  0.000000000000000e+00 
 3.311311214825930e+07 -3.134005146861630e-01 -3.727098296552929e-03  3.134341101950948e-01  4.052829040133180e-03  1.000000000000000e+00  0.000000000000000e+00 -1.817450080820395e-01 -2.271080475801589e-02  1.817450080891374e-01  2.271080475741922e-02  1.000000000000000e+00  0.000000000000000e+00 
 3.467368504525337e+07 -3.134221914886425e-01 -3.902121420979364e-03  3.134583496718005e-01  4.242718762869769e-03  1.000000000000000e+00  0.000000000000000e+00 -1.819207884470200e-01 -2.376826732695551e-02  1.819207884474143e-01  2.376826732692554e-02  1.000000000000000e+00  0.000000000000000e+00 
 3.630780547701035e+07 -3.134459661345538e-01 -4.085278317160164e-03  3.134849065933786e-01  4.441421202916502e-03  1.000000000000000e+00  0.000000000000000e+00 -1.821133403137185e-01 -2.487367483645768e-02  1.821133403127204e-01  2.487367483655481e-02  1.000000000000000e+00  0.000000000000000e+00 
 3.801893963205635e+07 -3.134720398571545e-01 -4.276934936191061e-03  3.135140034107187e-01  4.649331902038829e-03  1.000000000000000e+00  0.000000000000000e+00 -1.823242441886858e-01 -2.602901024805294e-02  1.823242441924397e-01  2.602901024769685e-02  1.000000000000000e+00  0.000000000000000e+00 
 3.981071705534997e+07 -3.135006330611629e-01 -4.477471955623184e-03  3.135458837894748e-01  4.866862067060451e-03  1.000000000000000e+00  0.000000000000000e+00 -1.825552255721799e-01 -2.723630993191660e-02  1.825552255731315e-01  2.723630993182642e-02  1.000000000000000e+00  0.000000000000000e+00 
 4.168693834703380e+07 -3.135319871291433e-01 -4.687285105256186e-03  3.135808146003010e-01  5.094438871413683e-03  1.000000000000000e+00  0.000000000000000e+00 -1.828081674584390e-01 -2.849766048913777e-02  1.828081674605236e-01  2.849766048892485e-02  1.000000000000000e+00  0.000000000000000e+00 
 4.365158322401687e+07 -3.135663663938406e-01 -4.906785454563364e-03  3.136190880898254e-01  5.332505707326757e-03  1.000000000000000e+00  0.000000000000000e+00 -1.830851237665694e-01 -2.981519464158803e-02  1.830851237692455e-01  2.981519464130111e-02  1.000000000000000e+00  0.000000000000000e+00 
 4.570881896148779e+07 -3.136040602908061e-01 -5.136399652077267e-03  3.136610242475070e-01  5.581522377268246e-03  1.000000000000000e+00  0.000000000000000e+00 -1.833883337113672e-01 -3.119108604313979e-02  1.833883337194207e-01  3.119108604222668e-02  1.000000000000000e+00  0.000000000000000e+00 
 4.786300923226414e+07 -3.136453857066942e-01 -5.376570105483146e-03  3.137069733845538e-01  5.841965211484333e-03  1.000000000000000e+00  0.000000000000000e+00 -1.837202371599342e-01 -3.262754285030091e-02  1.837202371662812e-01  3.262754284955106e-02  1.000000000000000e+00  0.000000000000000e+00 
 5.011872336272755e+07 -3.136906895396303e-01 -5.627755089374549e-03  3.137573189421555e-01  6.114327096416118e-03  1.000000000000000e+00  0.000000000000000e+00 -1.840834909719372e-01 -3.412679986827734e-02  1.840834909779535e-01  3.412679986753566e-02  1.000000000000000e+00  0.000000000000000e+00 
 5.248074602497760e+07 -3.137403514891235e-01 -5.890428765582731e-03  3.138124805473436e-01  6.399117396444499e-03  1.000000000000000e+00  0.000000000000000e+00 -1.844809863503256e-01 -3.569110906980960e-02  1.844809863534783e-01  3.569110906940686e-02  1.000000000000000e+00  0.000000000000000e+00 
 5.495408738576282e+07 -3.137947870940641e-01 -6.165081098673373e-03  3.138729173358369e-01  6.696861748738264e-03  1.000000000000000e+00  0.000000000000000e+00 -1.849158671707233e-01 -3.732272825833864e-02  1.849158671759832e-01  3.732272825763262e-02  1.000000000000000e+00  0.000000000000000e+00 
 5.754399373371608e+07 -3.138544510384056e-01 -6.452217646568899e-03  3.139391315622420e-01  7.008101707942678e-03  1.000000000000000e+00  0.000000000000000e+00 -1.853915492762651e-01 -3.902390762544333e-02  1.853915492805071e-01  3.902390762484999e-02  1.000000000000000e+00  0.000000000000000e+00 
 6.025595860743618e+07 -3.139198407451735e-01 -6.752359203262837e-03  3.140116725188719e-01  7.333394213997852e-03  1.000000000000000e+00  0.000000000000000e+00 -1.859117406652555e-01 -4.079687392437590e-02  1.859117406663872e-01  4.079687392421580e-02  1.000000000000000e+00  0.000000000000000e+00 
 6.309573444801975e+07 -3.139915002803993e-01 -7.066041267198659e-03  3.140911407852714e-01  7.673310852473350e-03  1.000000000000000e+00  0.000000000000000e+00 -1.864804624996090e-01 -4.264381195763971e-02  1.864804624971675e-01  4.264381195802379e-02  1.000000000000000e+00  0.000000000000000e+00 
 6.606934480076005e+07 -3.140700245895004e-01 -7.393813305039186e-03  3.141781928311583e-01  8.028436872401941e-03  1.000000000000000e+00  0.000000000000000e+00 -1.871020708031296e-01 -4.456684304822252e-02  1.871020708039495e-01  4.456684304809790e-02  1.000000000000000e+00  0.000000000000000e+00 
 6.918309709189413e+07 -3.141560640893281e-01 -7.736237776201345e-03  3.142735459958894e-01  8.399369921636883e-03  1.000000000000000e+00  0.000000000000000e+00 -1.877812786886958e-01 -4.656800013921849e-02  1.877812786906264e-01  4.656800013890110e-02  1.000000000000000e+00  0.000000000000000e+00 
 7.244359600749952e+07 -3.142503296396988e-01 -8.093888878615318e-03  3.143779838676639e-01  8.786718454193786e-03  1.000000000000000e+00  0.000000000000000e+00 -1.885231788808830e-01 -4.864919913992342e-02  1.885231788809272e-01  4.864919913992373e-02  1.000000000000000e+00  0.000000000000000e+00 
 7.585775750291891e+07 -3.143535979184773e-01 -8.467350970632693e-03  3.144923620854067e-01  9.191099757809100e-03  1.000000000000000e+00  0.000000000000000e+00 -1.893332662613313e-01 -5.081220611668104e-02  1.893332662672919e-01  5.081220611559300e-02  1.000000000000000e+00  0.000000000000000e+00 
 7.943282347242872e+07 -3.144667172242475e-01 -8.857216617783294e-03  3.146176145854879e-01  9.613137543001013e-03  1.000000000000000e+00  0.000000000000000e+00 -1.902174600835365e-01 -5.305859990850091e-02  1.902174600844495e-01  5.305859990833400e-02  1.000000000000000e+00  0.000000000000000e+00 
 8.317637711026771e+07 -3.145906137300637e-01 -9.264084206109441e-03  3.147547603140453e-01  1.005345902719527e-02  1.000000000000000e+00  0.000000000000000e+00 -1.911821253870314e-01 -5.538972973227957e-02  1.911821253921854e-01  5.538972973125249e-02  1.000000000000000e+00  0.000000000000000e+00 
 8.709635899560872e+07 -3.147262982107079e-01 -9.688555056020705e-03  3.149049104235322e-01  1.051269143892923e-02  1.000000000000000e+00  0.000000000000000e+00 -1.922340931126081e-01 -5.780666734766491e-02  1.922340931222129e-01  5.780666734565552e-02  1.000000000000000e+00  0.000000000000000e+00 
 9.120108393559167e+07 -3.148748732640482e-01 -1.013122996194855e-02  3.150692759690072e-01  1.099145785772314e-02  1.000000000000000e+00  0.000000000000000e+00 -1.933806782250682e-01 -6.031015335121136e-02  1.933806782307136e-01  6.031015334998018e-02  1.000000000000000e+00  0.000000000000000e+00 
 9.549925860214433e+07 -3.150375410443887e-01 -1.059270507348303e-02  3.152491761154381e-01  1.149037229487877e-02  1.000000000000000e+00  0.000000000000000e+00 -1.946296950843628e-01 -6.290053720068187e-02  1.946296950900920e-01  6.290053719937486e-02  1.000000000000000e+00  0.000000000000000e+00 
 1.000000000000008e+08 -3.152156115218837e-01 -1.107356702309314e-02  3.154460468616541e-01  1.201003390920653e-02  1.000000000000000e+00  0.000000000000000e+00 -1.959894691592485e-01 -6.557771061398876e-02  1.959894691616114e-01  6.557771061343103e-02  1.000000000000000e+00  0.000000000000000e+00 
 1.047128548050908e+08 -3.154105112768985e-01 -1.157438719392836e-02  3.156614502792652e-01  1.255102023950420e-02  1.000000000000000e+00  0.000000000000000e+00 -1.974688439918358e-01 -6.834103405144944e-02  1.974688439986461e-01  6.834103404974683e-02  1.000000000000000e+00  0.000000000000000e+00 
 1.096478196143194e+08 -3.156237928314233e-01 -1.209571500855873e-02  3.158970842555606e-01  1.311387932254481e-02  1.000000000000000e+00  0.000000000000000e+00 -1.990771822169603e-01 -7.118925609615658e-02  1.990771822183279e-01  7.118925609580784e-02  1.000000000000000e+00  0.000000000000000e+00 
 1.148153621496892e+08 -3.158571445108467e-01 -1.263807010584016e-02  3.161547927177126e-01  1.369912055145796e-02  1.000000000000000e+00  0.000000000000000e+00 -2.008243592047706e-01 -7.412042567322338e-02  2.008243592130096e-01  7.412042567096511e-02  1.000000000000000e+00  0.000000000000000e+00 
 1.202264434617423e+08 -3.161124008182752e-01 -1.320193325844291e-02  3.164365763011563e-01  1.430720411483705e-02  1.000000000000000e+00  0.000000000000000e+00 -2.027207478149282e-01 -7.713179723799145e-02  2.027207478187309e-01  7.713179723690702e-02  1.000000000000000e+00  0.000000000000000e+00 
 1.258925411794178e+08 -3.163915532896938e-01 -1.378773586804375e-02  3.167446034072947e-01  1.493852884188446e-02  1.000000000000000e+00  0.000000000000000e+00 -2.047771924732938e-01 -8.021972927407482e-02  2.047771924776261e-01  8.021972927277965e-02  1.000000000000000e+00  0.000000000000000e+00 
 1.318256738556418e+08 -3.166967617810432e-01 -1.439584785893436e-02  3.170812215742205e-01  1.559341826369290e-02  1.000000000000000e+00  0.000000000000000e+00 -2.070049707573724e-01 -8.337957674032952e-02  2.070049707555839e-01  8.337957674090821e-02  1.000000000000000e+00  0.000000000000000e+00 
 1.380384264602897e+08 -3.170303661173023e-01 -1.502656377406476e-02  3.174489690583213e-01  1.627210468578007e-02  1.000000000000000e+00  0.000000000000000e+00 -2.094157404357485e-01 -8.660557843100987e-02  2.094157404416687e-01  8.660557842906412e-02  1.000000000000000e+00  0.000000000000000e+00 
 1.445439770745940e+08 -3.173948980081674e-01 -1.568008686071122e-02  3.178505864939796e-01  1.697471105274252e-02  1.000000000000000e+00  0.000000000000000e+00 -2.120214699329810e-01 -8.989074063327843e-02  2.120214699370875e-01  8.989074063186926e-02  1.000000000000000e+00  0.000000000000000e+00 
 1.513561248436221e+08 -3.177930931043730e-01 -1.635651091648038e-02  3.182890284623084e-01  1.770123037311534e-02  1.000000000000000e+00  0.000000000000000e+00 -2.148343500547899e-01 -9.322671892062767e-02  2.148343500635236e-01  9.322671891747104e-02  1.000000000000000e+00  0.000000000000000e+00 
 1.584893192461127e+08 -3.182279030322960e-01 -1.705579965093858e-02  3.187674747575664e-01  1.845150246206365e-02  1.000000000000000e+00  0.000000000000000e+00 -2.178666849929025e-01 -9.660370046996525e-02  2.178666849917552e-01  9.660370047041753e-02  1.000000000000000e+00  0.000000000000000e+00 
 1.659586907437575e+08 -3.187025072015665e-01 -1.777776330460162e-02  3.192893410907974e-01  1.922518775254092e-02  1.000000000000000e+00  0.000000000000000e+00 -2.211307606544115e-01 -1.000102898586382e-01  2.211307606556305e-01  1.000102898581687e-01  1.000000000000000e+00  0.000000000000000e+00 
 1.737800828749391e+08 -3.192203241301810e-01 -1.852203225647558e-02  3.198582889140035e-01  2.002173792337743e-02  1.000000000000000e+00  0.000000000000000e+00 -2.246386887914196e-01 -1.034334019426024e-01  2.246386887935218e-01  1.034334019417412e-01  1.000000000000000e+00  0.000000000000000e+00 
 1.819700858610000e+08 -3.197850219734402e-01 -1.928802734515557e-02  3.204782339842701e-01  2.084036309710366e-02  1.000000000000000e+00  0.000000000000000e+00 -2.284022257066996e-01 -1.068581660437719e-01  2.284022257067457e-01  1.068581660437698e-01  1.000000000000000e+00  0.000000000000000e+00 
 1.905460717963264e+08 -3.204005278762516e-01 -2.007492662841010e-02  3.211533532156283e-01  2.167999537312922e-02  1.000000000000000e+00  0.000000000000000e+00 -2.324325650444913e-01 -1.102678463205959e-01  2.324325650480669e-01  1.102678463189727e-01  1.000000000000000e+00  0.000000000000000e+00 
 1.995262314968898e+08 -3.210710356925672e-01 -2.088162831427569e-02  3.218880892871263e-01  2.253924848555134e-02  1.000000000000000e+00  0.000000000000000e+00 -2.367401049437549e-01 -1.136437837666433e-01  2.367401049487384e-01  1.136437837642628e-01  1.000000000000000e+00  0.000000000000000e+00 
 2.089296130854059e+08 -3.218010115307281e-01 -2.170670961547930e-02  3.226871523890944e-01  2.341637341200800e-02  1.000000000000000e+00  0.000000000000000e+00 -2.413341908429968e-01 -1.169653657524831e-01  2.413341908478659e-01  1.169653657500439e-01  1.000000000000000e+00  0.000000000000000e+00 
 2.187761623949573e+08 -3.225951964895005e-01 -2.254838131143279e-02  3.235555183969926e-01  2.430920981365342e-02  1.000000000000000e+00  0.000000000000000e+00 -2.462228364968344e-01 -1.202100293336353e-01  2.462228365027470e-01  1.202100293305228e-01  1.000000000000000e+00  0.000000000000000e+00 
 2.290867652767794e+08 -3.234586058473156e-01 -2.340443785151407e-02  3.244984226652053e-01  2.521513325980973e-02  1.000000000000000e+00  0.000000000000000e+00 -2.514124271621005e-01 -1.233533046120677e-01  2.514124271624105e-01  1.233533046119179e-01  1.000000000000000e+00  0.000000000000000e+00 
 2.398832919019513e+08 -3.243965238581150e-01 -2.427220290369693e-02  3.255213485343386e-01  2.613099828764787e-02  1.000000000000000e+00  0.000000000000000e+00 -2.569074104770780e-01 -1.263689041980552e-01  2.569074104804195e-01  1.263689041961277e-01  1.000000000000000e+00  0.000000000000000e+00 
 2.511886431509604e+08 -3.254144931935872e-01 -2.514847034803105e-02  3.266300095485115e-01  2.705307747093957e-02  1.000000000000000e+00  0.000000000000000e+00 -2.627099822777260e-01 -1.292288642013806e-01  2.627099822784863e-01  1.292288642009392e-01  1.000000000000000e+00  0.000000000000000e+00 
 2.630267991895407e+08 -3.265182979570533e-01 -2.602944083945829e-02  3.278303242887930e-01  2.797699682594718e-02  1.000000000000000e+00  0.000000000000000e+00 -2.688197761708223e-01 -1.319037411189077e-01  2.688197761748812e-01  1.319037411163190e-01  1.000000000000000e+00  0.000000000000000e+00 
 2.754228703338193e+08 -3.277139390836692e-01 -2.691065422351797e-02  3.291283826514420e-01  2.889766806987021e-02  1.000000000000000e+00  0.000000000000000e+00 -2.752335673610627e-01 -1.343628674494744e-01  2.752335673659209e-01  1.343628674462130e-01  1.000000000000000e+00  0.000000000000000e+00 
 2.884031503126634e+08 -3.290076008417256e-01 -2.778691828588738e-02  3.305304023428697e-01  2.980921847018022e-02  1.000000000000000e+00  0.000000000000000e+00 -2.819450024267916e-01 -1.365746668338803e-01  2.819450024267952e-01  1.365746668339067e-01  1.000000000000000e+00  0.000000000000000e+00 
 3.019951720402046e+08 -3.304056070691276e-01 -2.865223455606295e-02  3.320426743366136e-01  3.070491928256870e-02  1.000000000000000e+00  0.000000000000000e+00 -2.889443677261477e-01 -1.385070270241112e-01  2.889443677263740e-01  1.385070270239723e-01  1.000000000000000e+00  0.000000000000000e+00 
 3.162277660168411e+08 -3.319143657284038e-01 -2.949972216915381e-02  3.336714960520926e-01  3.157711407022213e-02  1.000000000000000e+00  0.000000000000000e+00 -2.962184094506427e-01 -1.401277261006541e-01  2.962184094556379e-01  1.401277260967516e-01  1.000000000000000e+00  0.000000000000000e+00 
 3.311311214825944e+08 -3.335403003556860e-01 -3.032154111820835e-02  3.354230910829010e-01  3.241714852427846e-02  1.000000000000000e+00  0.000000000000000e+00 -3.037502179661467e-01 -1.414049042180946e-01  3.037502179704831e-01  1.414049042145322e-01  1.000000000000000e+00  0.000000000000000e+00 
 3.467368504525352e+08 -3.352897670290127e-01 -3.110881660031752e-02  3.373035144372174e-01  3.321530375799768e-02  1.000000000000000e+00  0.000000000000000e+00 -3.115191879395340e-01 -1.423075699425934e-01  3.115191879376641e-01  1.423075699442623e-01  1.000000000000000e+00  0.000000000000000e+00 
 3.630780547701051e+08 -3.371689556058177e-01 -3.185156656679568e-02  3.393185424683727e-01  3.396073541474180e-02  1.000000000000000e+00  0.000000000000000e+00 -3.195010637188973e-01 -1.428061271776906e-01  3.195010637194454e-01  1.428061271772229e-01  1.000000000000000e+00  0.000000000000000e+00 
 3.801893963205651e+08 -3.391837741962659e-01 -3.253863501996422e-02  3.414735469827264e-01  3.464142129706308e-02  1.000000000000000e+00  0.000000000000000e+00 -3.276680765247844e-01 -1.428729060170724e-01  3.276680765282094e-01  1.428729060137842e-01  1.000000000000000e+00  0.000000000000000e+00 
 3.981071705535014e+08 -3.413397161659049e-01 -3.315763403951010e-02  3.437733534260634e-01  3.524412057059245e-02  1.000000000000000e+00  0.000000000000000e+00 -3.359891762617750e-01 -1.424826788964732e-01  3.359891762596097e-01  1.424826788987353e-01  1.000000000000000e+00  0.000000000000000e+00 
 4.168693834703397e+08 -3.436417094138551e-01 -3.369489794624578e-02  3.462220835763136e-01  3.575434789620577e-02  1.000000000000000e+00  0.000000000000000e+00 -3.444303565169990e-01 -1.416131423525779e-01  3.444303565220261e-01  1.416131423471732e-01  1.000000000000000e+00  0.000000000000000e+00 
 4.365158322401705e+08 -3.460939482634732e-01 -3.413545338925821e-02  3.488229838117026e-01  3.615636606612002e-02  1.000000000000000e+00  0.000000000000000e+00 -3.529550667044238e-01 -1.402453447354196e-01  3.529550667059527e-01  1.402453447337128e-01  1.000000000000000e+00  0.000000000000000e+00 
 4.570881896148798e+08 -3.486997090365564e-01 -3.446300943541579e-02  3.515782407739325e-01  3.643320082887103e-02  1.000000000000000e+00  0.000000000000000e+00 -3.615247004629118e-01 -1.383640415600896e-01  3.615247004651095e-01  1.383640415574705e-01  1.000000000000000e+00  0.000000000000000e+00 
 4.786300923226434e+08 -3.514611512554975e-01 -3.465997190318094e-02  3.544887870902485e-01  3.656668154656820e-02  1.000000000000000e+00  0.000000000000000e+00 -3.700991453414458e-01 -1.359579626211939e-01  3.700991453445416e-01  1.359579626172607e-01  1.000000000000000e+00  0.000000000000000e+00 
 5.011872336272776e+08 -3.543791074132295e-01 -3.470748616650607e-02  3.575541007290043e-01  3.653751109726876e-02  1.000000000000000e+00  0.000000000000000e+00 -3.786373749180292e-01 -1.330199787115363e-01  3.786373749207432e-01  1.330199787078823e-01  1.000000000000000e+00  0.000000000000000e+00 
 5.248074602497782e+08 -3.574528653354113e-01 -3.458551240916132e-02  3.607720025000407e-01  3.632536798100775e-02  1.000000000000000e+00  0.000000000000000e+00 -3.870980620137091e-01 -1.295471602873011e-01  3.870980620166171e-01  1.295471602831327e-01  1.000000000000000e+00  0.000000000000000e+00 
 5.495408738576305e+08 -3.606799482820091e-01 -3.427293678908874e-02  3.641384571193701e-01  3.590904288285110e-02  1.000000000000000e+00  0.000000000000000e+00 -3.954401902237221e-01 -1.255407255722263e-01  3.954401902263306e-01  1.255407255682495e-01  1.000000000000000e+00  0.000000000000000e+00 
 5.754399373371632e+08 -3.640558990265250e-01 -3.374772114033606e-02  3.676473840701570e-01  3.526661097604183e-02  1.000000000000000e+00  0.000000000000000e+00 -4.036236409696905e-01 -1.210058809422343e-01  4.036236409707393e-01  1.210058809405669e-01  1.000000000000000e+00  0.000000000000000e+00 
 6.025595860743644e+08 -3.675740751231872e-01 -3.298709267831115e-02  3.712904851311896e-01  3.437564001660492e-02  1.000000000000000e+00  0.000000000000000e+00 -4.116097346527144e-01 -1.159515615770736e-01  4.116097346545202e-01  1.159515615739497e-01  1.000000000000000e+00  0.000000000000000e+00 
 6.309573444802003e+08 -3.712254633248689e-01 -3.196777368885281e-02  3.750570958272106e-01  3.321343281436784e-02  1.000000000000000e+00  0.000000000000000e+00 -4.193617071094403e-01 -1.103900849344114e-01  4.193617071092044e-01  1.103900849349354e-01  1.000000000000000e+00  0.000000000000000e+00 
 6.606934480076034e+08 -3.749985215403452e-01 -3.066624941081858e-02  3.789340681010972e-01  3.175730101759471e-02  1.000000000000000e+00  0.000000000000000e+00 -4.268451061625400e-01 -1.043367333175336e-01  4.268451061626761e-01  1.043367333173370e-01  1.000000000000000e+00  0.000000000000000e+00 
 6.918309709189442e+08 -3.788790567158339e-01 -2.905907033968322e-02  3.829056911449433e-01  2.998486540086924e-02  1.000000000000000e+00  0.000000000000000e+00 -4.340280974700684e-01 -9.780928432233646e-02  4.340280974702958e-01  9.780928432192321e-02  1.000000000000000e+00  0.000000000000000e+00 
 7.244359600749983e+08 -3.828501465064770e-01 -2.712318309738838e-02  3.869536565048424e-01  2.787437610685821e-02  1.000000000000000e+00  0.000000000000000e+00 -4.408816734740897e-01 -9.082750935669598e-02  4.408816734748146e-01  9.082750935505628e-02  1.000000000000000e+00  0.000000000000000e+00 
 7.585775750291924e+08 -3.868921115129691e-01 -2.483628197661292e-02  3.910570722722945e-01  2.540504469211909e-02  1.000000000000000e+00  0.000000000000000e+00 -4.473797639972410e-01 -8.341266049058436e-02  4.473797639974019e-01  8.341266049026827e-02  1.000000000000000e+00  0.000000000000000e+00 
 7.943282347242906e+08 -3.909825431856598e-01 -2.217717144561834e-02  3.951925294129141e-01  2.255737850765240e-02  1.000000000000000e+00  0.000000000000000e+00 -4.534992513259673e-01 -7.558696494606723e-02  4.534992513266074e-01  7.558696494434961e-02  1.000000000000000e+00  0.000000000000000e+00 
 8.317637711026806e+08 -3.950963902862635e-01 -1.912612847298782e-02  3.993342211249189e-01  1.931350704853736e-02  1.000000000000000e+00  0.000000000000000e+00 -4.592198964052471e-01 -6.737314459064862e-02  4.592198964067650e-01  6.737314458597538e-02  1.000000000000000e+00  0.000000000000000e+00 
 8.709635899560907e+08 -3.992061041489303e-01 -1.566525267123525e-02  4.034541136770473e-01  1.565748955993869e-02  1.000000000000000e+00  0.000000000000000e+00 -4.645241857183158e-01 -5.879397524187840e-02  4.645241857192010e-01  5.879397523890025e-02  1.000000000000000e+00  0.000000000000000e+00 
 9.120108393559203e+08 -4.032818400587758e-01 -1.177879210555631e-02  4.075221646017311e-01  1.157559348289251e-02  1.000000000000000e+00  0.000000000000000e+00 -4.693971105668205e-01 -4.987189757675310e-02  4.693971105668613e-01  4.987189757675006e-02  1.000000000000000e+00  0.000000000000000e+00 
 9.549925860214471e+08 -4.072917090757500e-01 -7.453433259075423e-03  4.115065816000675e-01  7.056534309009904e-03  1.000000000000000e+00  0.000000000000000e+00 -4.738258917361383e-01 -4.062868827203868e-02  4.738258917363921e-01  4.062868827106814e-02  1.000000000000000e+00  0.000000000000000e+00 
 1.000000000000012e+09 -4.112020718133760e-01 -2.678545111069700e-03  4.153741132515515e-01  2.091669076403652e-03  1.000000000000000e+00  0.000000000000000e+00 -4.777996629783102e-01 -3.108519693937919e-02  4.777996629787606e-01  3.108519693721319e-02  1.000000000000000e+00  0.000000000000000e+00 
 1.047128548050912e+09 -4.149778632790498e-01  2.553630485492231e-03  4.190903608100794e-01 -3.324861996089820e-03  1.000000000000000e+00  0.000000000000000e+00 -4.813091265270855e-01 -2.126115159523470e-02  4.813091265272556e-01  2.126115159441436e-02  1.000000000000000e+00  0.000000000000000e+00 
 1.096478196143198e+09 -4.185829361169346e-01  8.247847079273826e-03  4.226200991783171e-01 -9.196048509704569e-03  1.000000000000000e+00  0.000000000000000e+00 -4.843461931153933e-01 -1.117503294123154e-02  4.843461931155050e-01  1.117503294067107e-02  1.000000000000000e+00  0.000000000000000e+00 
 1.148153621496897e+09 -4.219804086390588e-01  1.440578220842866e-02  4.259275947083220e-01 -1.552197728741053e-02  1.000000000000000e+00  0.000000000000000e+00 -4.869036178266697e-01 -8.440157447249241e-04  4.869036178268276e-01  8.440157435197493e-04  1.000000000000000e+00  0.000000000000000e+00 
 1.202264434617427e+09 -4.251330039882848e-01  2.102602448563079e-02  4.289769078384791e-01 -2.229985087639595e-02  1.000000000000000e+00  0.000000000000000e+00 -4.889746417489022e-01  9.716025883252738e-03  4.889746417490873e-01 -9.716025885394747e-03  1.000000000000000e+00  0.000000000000000e+00 
 1.258925411794183e+09 -4.280033676688607e-01  2.810411397709327e-02  4.317321697364057e-01 -2.952405095622522e-02  1.000000000000000e+00  0.000000000000000e+00 -4.905526479741362e-01  2.049045358219641e-02  4.905526479741197e-01 -2.049045358072440e-02  1.000000000000000e+00  0.000000000000000e+00 
 1.318256738556423e+09 -4.305543524423555e-01  3.563262763350075e-02  4.341578239964624e-01 -3.718623794844081e-02  1.000000000000000e+00  0.000000000000000e+00 -4.916308390771564e-01  3.146574508686767e-02  4.916308390771995e-01 -3.146574508735174e-02  1.000000000000000e+00  0.000000000000000e+00 
 1.380384264602902e+09 -4.327492620790054e-01  4.360129906663851e-02  4.362188269008589e-01 -4.527547617934005e-02  1.000000000000000e+00  0.000000000000000e+00 -4.922019419466951e-01  4.262932503091865e-02  4.922019419467257e-01 -4.262932503130919e-02  1.000000000000000e+00  0.000000000000000e+00 
 1.445439770745945e+09 -4.345520484796227e-01  5.199716024404775e-02  4.378808026140349e-01 -5.377837269507621e-02  1.000000000000000e+00  0.000000000000000e+00 -4.922579447326124e-01  5.396935135078937e-02  4.922579447325993e-01 -5.396935135177361e-02  1.000000000000000e+00  0.000000000000000e+00 
 1.513561248436227e+09 -4.359274600104224e-01  6.080469179200357e-02  4.391101527374385e-01 -6.267921733154053e-02  1.000000000000000e+00  0.000000000000000e+00 -4.917898698417668e-01  6.547446236059819e-02  4.917898698416830e-01 -6.547446236205839e-02  1.000000000000000e+00  0.000000000000000e+00 
 1.584893192461133e+09 -4.368411422846578e-01  7.000596857665473e-02  4.398741227021072e-01 -7.196011190241840e-02  1.000000000000000e+00  0.000000000000000e+00 -4.907875862758827e-01  7.713348923009244e-02  4.907875862758805e-01 -7.713348923044973e-02  1.000000000000000e+00  0.000000000000000e+00 
 1.659586907437582e+09 -4.372596958601162e-01  7.958078802821536e-02  4.401408303348361e-01 -8.160107733319390e-02  1.000000000000000e+00  0.000000000000000e+00 -4.892396642319383e-01  8.893513834021925e-02  4.892396642319786e-01 -8.893513834020986e-02  1.000000000000000e+00  0.000000000000000e+00 
 1.737800828749398e+09 -4.371506982158244e-01  8.950677018306663e-02  4.398792644494616e-01 -9.158012913944534e-02  1.000000000000000e+00  0.000000000000000e+00 -4.871332747160101e-01  1.008676477444212e-01  4.871332747158432e-01 -1.008676477455636e-01  1.000000000000000e+00  0.000000000000000e+00 
 1.819700858610007e+09 -4.364826997881190e-01  9.975942050688044e-02  4.390592633797998e-01 -1.018733137004110e-01  1.000000000000000e+00  0.000000000000000e+00 -4.844541369352824e-01  1.129184218116597e-01  4.844541369351925e-01 -1.129184218122613e-01  1.000000000000000e+00  0.000000000000000e+00 
 1.905460717963272e+09 -4.352252057004138e-01  1.103121490754374e-01  4.376514849211298e-01 -1.124547001791587e-01  1.000000000000000e+00  0.000000000000000e+00 -4.811865163892385e-01  1.250736481419523e-01  4.811865163893386e-01 -1.250736481417054e-01  1.000000000000000e+00  0.000000000000000e+00 
 1.995262314968905e+09 -4.333486560757132e-01  1.211362424772468e-01  4.356273801591106e-01 -1.232963255593090e-01  1.000000000000000e+00  0.000000000000000e+00 -4.773132768235762e-01  1.373179010671228e-01  4.773132768234013e-01 -1.373179010678759e-01  1.000000000000000e+00  0.000000000000000e+00 
 2.089296130854067e+09 -4.308244184783052e-01  1.322007877276091e-01  4.329591841463641e-01 -1.343680929914997e-01  1.000000000000000e+00  0.000000000000000e+00 -4.728159894822767e-01  1.496337364624111e-01  4.728159894822273e-01 -1.496337364626859e-01  1.000000000000000e+00  0.000000000000000e+00 
 2.187761623949581e+09 -4.276248061202964e-01  1.434725504357916e-01  4.296199363655970e-01 -1.456376263794733e-01  1.000000000000000e+00  0.000000000000000e+00 -4.676751033339255e-01  1.620012832590308e-01  4.676751033337920e-01 -1.620012832595106e-01  1.000000000000000e+00  0.000000000000000e+00 
 2.290867652767803e+09 -4.237231350323639e-01  1.549158123612500e-01  4.255835434307950e-01 -1.570700868185403e-01  1.000000000000000e+00  0.000000000000000e+00 -4.618701800770425e-01  1.743978379930228e-01  4.618701800774532e-01 -1.743978379920872e-01  1.000000000000000e+00  0.000000000000000e+00 
 2.398832919019522e+09 -4.190938324803157e-01  1.664921762720802e-01  4.208248955592296e-01 -1.686279590818738e-01  1.000000000000000e+00  0.000000000000000e+00 -4.553801976842909e-01  1.867974698422109e-01  4.553801976846371e-01 -1.867974698415112e-01  1.000000000000000e+00  0.000000000000000e+00 
 2.511886431509614e+09 -4.137126075455351e-01  1.781603486387294e-01  4.153200470216842e-01 -1.802708188008383e-01  1.000000000000000e+00  0.000000000000000e+00 -4.481839259266577e-01  1.991706450137460e-01  4.481839259263594e-01 -1.991706450144395e-01  1.000000000000000e+00  0.000000000000000e+00 
 2.630267991895417e+09 -4.075566929996384e-01  1.898759131276629e-01  4.090464690566412e-01 -1.919550932782244e-01  1.000000000000000e+00  0.000000000000000e+00 -4.402603766672258e-01  2.114838808517158e-01  4.402603766668134e-01 -2.114838808525633e-01  1.000000000000000e+00  0.000000000000000e+00 
 2.754228703338203e+09 -4.006051653972977e-01  2.015911100716498e-01  4.019833816113371e-01 -2.036338309776781e-01  1.000000000000000e+00  0.000000000000000e+00 -4.315893306270007e-01  2.236994417007103e-01  4.315893306270873e-01 -2.236994417006258e-01  1.000000000000000e+00  0.000000000000000e+00 
 2.884031503126645e+09 -3.928393476782626e-01  2.132546390429458e-01  3.941121677316500e-01 -2.152564966049103e-01  1.000000000000000e+00  0.000000000000000e+00 -4.221519407386037e-01  2.357750902196940e-01  4.221519407379266e-01 -2.357750902208216e-01  1.000000000000000e+00  0.000000000000000e+00 
 3.019951720402058e+09 -3.842432954955007e-01  2.248115032802031e-01  3.854168714418251e-01 -2.267688102707928e-01  1.000000000000000e+00  0.000000000000000e+00 -4.119314100540599e-01  2.476639093924708e-01  4.119314100543252e-01 -2.476639093921411e-01  1.000000000000000e+00  0.000000000000000e+00 
 3.162277660168423e+09 -3.748043649595973e-01  2.362029159303846e-01  3.758847765171307e-01 -2.381126504101448e-01  1.000000000000000e+00  0.000000000000000e+00 -4.009137394374771e-01  2.593142117496784e-01  4.009137394373890e-01 -2.593142117498446e-01  1.000000000000000e+00  0.000000000000000e+00 
 3.311311214825957e+09 -3.645138555147328e-01  2.473662887453107e-01  3.655070596587123e-01 -2.492260408005394e-01  1.000000000000000e+00  0.000000000000000e+00 -3.890885368940941e-01  2.706695532299417e-01  3.890885368942134e-01 -2.706695532298418e-01  1.000000000000000e+00  0.000000000000000e+00 
 3.467368504525365e+09 -3.533677172738618e-01  2.582353238740125e-01  3.542795072630484e-01 -2.600432420336503e-01  1.000000000000000e+00  0.000000000000000e+00 -3.764498765006109e-01  2.816688692707925e-01  3.764498765006167e-01 -2.816688692708272e-01  1.000000000000000e+00  0.000000000000000e+00 
 3.630780547701065e+09 -3.413673074205643e-01  2.687402285529785e-01  3.422032803180540e-01 -2.704949669697121e-01  1.000000000000000e+00  0.000000000000000e+00 -3.629971904887497e-01  2.922467501625411e-01  3.629971904888795e-01 -2.922467501624465e-01  1.000000000000000e+00  0.000000000000000e+00 
 3.801893963205667e+09 -3.285201753711345e-01  2.788080706473193e-01  3.292857070926538e-01 -2.805087378806861e-01  1.000000000000000e+00  0.000000000000000e+00 -3.487361733685709e-01  3.023338710038559e-01  3.487361733684753e-01 -3.023338710039798e-01  1.000000000000000e+00  0.000000000000000e+00 
 3.981071705535030e+09 -3.148408514894371e-01  2.883632899817671e-01  3.155410784237720e-01 -2.900094000017253e-01  1.000000000000000e+00  0.000000000000000e+00 -3.336796722190646e-01  3.118575887372272e-01  3.336796722191321e-01 -3.118575887372015e-01  1.000000000000000e+00  0.000000000000000e+00 
 4.168693834703414e+09 -3.003516095363482e-01  2.973283761050021e-01  3.009914158226431e-01 -2.989198019449742e-01  1.000000000000000e+00  0.000000000000000e+00 -3.178485327899251e-01  3.207427144957772e-01  3.178485327900692e-01 -3.207427144956950e-01  1.000000000000000e+00  0.000000000000000e+00 
 4.365158322401723e+09 -2.850831690584317e-01  3.056247175051980e-01  2.856671786655180e-01 -3.071616478340055e-01  1.000000000000000e+00  0.000000000000000e+00 -3.012723671899963e-01  3.289124638696888e-01  3.012723671901014e-01 -3.289124638696423e-01  1.000000000000000e+00  0.000000000000000e+00 
 4.570881896148817e+09 -2.690753009694884e-01  3.131736203861050e-01  2.696078737961667e-01 -3.146565191372820e-01  1.000000000000000e+00  0.000000000000000e+00 -2.839902061442438e-01  3.362895807177718e-01  2.839902061442581e-01 -3.362895807177871e-01  1.000000000000000e+00  0.000000000000000e+00 
 4.786300923226454e+09 -2.523772980679572e-01  3.198974870902929e-01  2.528625293644225e-01 -3.213270561829659e-01  1.000000000000000e+00  0.000000000000000e+00 -2.660509974976754e-01  3.427976220306148e-01  2.660509974975812e-01 -3.427976220306894e-01  1.000000000000000e+00  0.000000000000000e+00 
 5.011872336272797e+09 -2.350482725589392e-01  3.257211354271625e-01  2.354899950536753e-01 -3.270982805324753e-01  1.000000000000000e+00  0.000000000000000e+00 -2.475139132604326e-01  3.483623824172804e-01  2.475139132602543e-01 -3.483623824173885e-01  1.000000000000000e+00  0.000000000000000e+00 
 5.248074602497804e+09 -2.171572451411754e-01  3.305732309783983e-01  2.175590333409607e-01 -3.318990302265580e-01  1.000000000000000e+00  0.000000000000000e+00 -2.284484303521647e-01  3.529134275320485e-01  2.284484303519392e-01 -3.529134275321635e-01  1.000000000000000e+00  0.000000000000000e+00 
 5.495408738576327e+09 -1.987829950859344e-01  3.343877954917751e-01  1.991481712963420e-01 -3.356634709743124e-01  1.000000000000000e+00  0.000000000000000e+00 -2.089341555167101e-01  3.563856967973473e-01  2.089341555170377e-01 -3.563856967972457e-01  1.000000000000000e+00  0.000000000000000e+00 
 5.754399373371655e+09 -1.800136480149648e-01  3.371057464083305e-01  1.803452897028156e-01 -3.383326383052445e-01  1.000000000000000e+00  0.000000000000000e+00 -1.890603726585765e-01  3.587211278191949e-01  1.890603726587290e-01 -3.587211278191649e-01  1.000000000000000e+00  0.000000000000000e+00 
 6.025595860743669e+09 -1.609459876064958e-01  3.386764161087052e-01  1.612469357927511e-01 -3.398559592580391e-01  1.000000000000000e+00  0.000000000000000e+00 -1.689253008821296e-01  3.598702486731774e-01  1.689253008822094e-01 -3.598702486731731e-01  1.000000000000000e+00  0.000000000000000e+00 
 6.309573444802029e+09 -1.416844888194422e-01  3.390589952883839e-01  1.419573572500711e-01 -3.401926980138369e-01  1.000000000000000e+00  0.000000000000000e+00 -1.486350633711193e-01  3.597936804388878e-01  1.486350633712107e-01 -3.597936804388852e-01  1.000000000000000e+00  0.000000000000000e+00 
 6.606934480076061e+09 -1.223400828013483e-01  3.382238435388631e-01  1.225872676943597e-01 -3.393132685568440e-01  1.000000000000000e+00  0.000000000000000e+00 -1.283023802159970e-01  3.584634915520275e-01  1.283023802160822e-01 -3.584634915520304e-01  1.000000000000000e+00  0.000000000000000e+00 
 6.918309709189471e+09 -1.030286766260655e-01  3.361536120869680e-01  1.032523668350907e-01 -3.372003593258155e-01  1.000000000000000e+00  0.000000000000000e+00 -1.080450115651100e-01  3.558643480484193e-01  1.080450115652666e-01 -3.558643480484227e-01  1.000000000000000e+00  0.000000000000000e+00 
 7.244359600750012e+09 -8.386946346914007e-02  3.328441288315523e-01  8.407165093796343e-02 -3.338498200104804e-01  1.000000000000000e+00  0.000000000000000e+00 -8.798399005420887e-02  3.519944096707333e-01  8.798399005451484e-02 -3.519944096707463e-01  1.000000000000000e+00  0.000000000000000e+00 
 7.585775750291955e+09 -6.498306982797869e-02  3.283050041218659e-01  6.516556023680922e-02 -3.292712689538059e-01  1.000000000000000e+00  0.000000000000000e+00 -6.824169240065427e-02  3.468659308452816e-01  6.824169240094489e-02 -3.468659308453125e-01  1.000000000000000e+00  0.000000000000000e+00 
 7.943282347242938e+09 -4.648959507059380e-02  3.225599266531907e-01  4.665401859440264e-02 -3.234883905526392e-01  1.000000000000000e+00  0.000000000000000e+00 -4.893980847039286e-02  3.405055371637319e-01  4.893980847062118e-02 -3.405055371637732e-01  1.000000000000000e+00  0.000000000000000e+00 
 8.317637711026839e+09 -2.850660427884733e-02  3.156466316632766e-01  2.865442639171154e-02 -3.165389048563271e-01  1.000000000000000e+00  0.000000000000000e+00 -3.019727138284375e-02  3.329541614169400e-01  3.019727138294738e-02 -3.329541614169721e-01  1.000000000000000e+00  0.000000000000000e+00 
 8.709635899560942e+09 -1.114713763686106e-02  3.076165373680830e-01  1.127966990495557e-02 -3.084742053161804e-01  1.000000000000000e+00  0.000000000000000e+00 -1.212821394013423e-02  3.242666374475715e-01  1.212821394052700e-02 -3.242666374476866e-01  1.000000000000000e+00  0.000000000000000e+00 
 9.120108393559240e+09  5.482201582633893e-03  2.985340592722634e-01 -5.363790771900122e-03 -2.993586743332519e-01  1.000000000000000e+00  0.000000000000000e+00  5.159985174533479e-03  3.145109640773731e-01 -5.159985174313349e-03 -3.145109640774592e-01  1.000000000000000e+00  0.000000000000000e+00 
 9.549925860214510e+09  2.128302282447886e-02  2.884756246644435e-01 -2.117769764767323e-02 -2.892686989238743e-01  1.000000000000000e+00  0.000000000000000e+00  2.156850710754080e-02  3.037672641447480e-01 -2.156850710732222e-02 -3.037672641448508e-01  1.000000000000000e+00  0.000000000000000e+00 
 1.000000000000016e+10  3.616673740816458e-02  2.775284204450039e-01 -3.607358415576111e-02 -2.782914196573070e-01  1.000000000000000e+00  0.000000000000000e+00  3.700869993723314e-02  2.921264744548834e-01 -3.700869993700522e-02 -2.921264744550087e-01  1.000000000000000e+00  0.000000000000000e+00 
 1.047128548050916e+10  5.005591975951980e-02  2.657889158550026e-01 -4.997413660186589e-02 -2.665232544380913e-01  1.000000000000000e+00  0.000000000000000e+00  5.140344639142409e-02  2.796888106372400e-01 -5.140344639107335e-02 -2.796888106374553e-01  1.000000000000000e+00  0.000000000000000e+00 
 1.096478196143202e+10  6.288540977108824e-02  2.533612073821068e-01 -6.281429679302424e-02 -2.540682444104536e-01  1.000000000000000e+00  0.000000000000000e+00  6.468826217835212e-02  2.665620562724156e-01 -6.468826217809667e-02 -2.665620562726014e-01  1.000000000000000e+00  0.000000000000000e+00 
 1.148153621496901e+10  7.460313601173055e-02  2.403552361043587e-01 -7.454208556955919e-02 -2.410362722448489e-01  1.000000000000000e+00  0.000000000000000e+00  7.681210591687096e-02  2.528597282234161e-01 -7.681210591665261e-02 -2.528597282236006e-01  1.000000000000000e+00  0.000000000000000e+00 
 1.202264434617432e+10  8.517064978170932e-02  2.268849282394565e-01 -8.511913723659512e-02 -2.275412035717181e-01  1.000000000000000e+00  0.000000000000000e+00  8.773789210352886e-02  2.386991701820596e-01 -8.773789210332852e-02 -2.386991701822543e-01  1.000000000000000e+00  0.000000000000000e+00 
 1.258925411794188e+10  9.456336934342767e-02  2.130663081252703e-01 -9.452094422461838e-02 -2.136990007840356e-01  1.000000000000000e+00  0.000000000000000e+00  9.744270794702034e-02  2.241996244837826e-01 -9.744270794678600e-02 -2.241996244840372e-01  1.000000000000000e+00  0.000000000000000e+00 
 1.318256738556429e+10  1.027705417140636e-01  1.990156297943647e-01 -1.027368193632703e-01 -1.996258553661357e-01  1.000000000000000e+00  0.000000000000000e+00  1.059177429092326e-01  2.094803288194655e-01 -1.059177429090155e-01 -2.094803288197352e-01  1.000000000000000e+00  0.000000000000000e+00 
 1.380384264602907e+10  1.097949360656450e-01  1.848475692581678e-01 -1.097695898102316e-01 -1.854363808584055e-01  1.000000000000000e+00  0.000000000000000e+00  1.131679463383280e-01  1.946586801316431e-01 -1.131679463381406e-01 -1.946586801319119e-01  1.000000000000000e+00  0.000000000000000e+00 
 1.445439770745951e+10  1.156522881071144e-01  1.706735150528504e-01 -1.156350420042632e-01 -1.712419040035343e-01  1.000000000000000e+00  0.000000000000000e+00  1.192114337546323e-01  1.798485032029692e-01 -1.192114337544979e-01 -1.798485032031986e-01  1.000000000000000e+00  0.000000000000000e+00 
 1.513561248436233e+10  1.203705190169780e-01  1.565999898624614e-01 -1.203611412035774e-01 -1.571488868836274e-01  1.000000000000000e+00  0.000000000000000e+00  1.240786663826817e-01  1.651584565625573e-01 -1.240786663825515e-01 -1.651584565628126e-01  1.000000000000000e+00  0.000000000000000e+00 
 1.584893192461140e+10  1.239887558090104e-01  1.427272313192478e-01 -1.239870524826277e-01 -1.432575081425201e-01  1.000000000000000e+00  0.000000000000000e+00  1.278114316858623e-01  1.506906035348639e-01 -1.278114316857468e-01 -1.506906035351300e-01  1.000000000000000e+00  0.000000000000000e+00 
 1.659586907437588e+10  1.265561826923228e-01  1.291479554354763e-01 -1.265619927373549e-01 -1.296604267432121e-01  1.000000000000000e+00  0.000000000000000e+00  1.304616552153801e-01  1.365391715642152e-01 -1.304616552152922e-01 -1.365391715644631e-01  1.000000000000000e+00  0.000000000000000e+00 
 1.737800828749405e+10  1.281307552094223e-01  1.159463214816621e-01 -1.281439454695714e-01 -1.164417470726567e-01  1.000000000000000e+00  0.000000000000000e+00  1.320900762134105e-01  1.227895182866950e-01 -1.320900762133430e-01 -1.227895182869337e-01  1.000000000000000e+00  0.000000000000000e+00 
 1.819700858610014e+10  1.287778107776819e-01  1.031971123660396e-01 -1.287982719616429e-01 -1.036761994483195e-01  1.000000000000000e+00  0.000000000000000e+00  1.327648211869887e-01  1.095173180430893e-01 -1.327648211869309e-01 -1.095173180433450e-01  1.000000000000000e+00  0.000000000000000e+00 
 1.905460717963279e+10  1.285686106840896e-01  9.096513955725494e-02 -1.285962538762733e-01 -9.142854507073102e-02  1.000000000000000e+00  0.000000000000000e+00  1.325599110477623e-01  9.678797748947852e-02 -1.325599110477250e-01 -9.678797748971393e-02  1.000000000000000e+00  0.000000000000000e+00 
 1.995262314968913e+10  1.275788494560717e-01  7.930487624333024e-02 -1.276136031889541e-01 -7.975320912028760e-02  1.000000000000000e+00  0.000000000000000e+00  1.315537382482235e-01  8.465628357536809e-02 -1.315537382481995e-01 -8.465628357560315e-02  1.000000000000000e+00  0.000000000000000e+00 
 2.089296130854075e+10  1.258871676572889e-01  6.826031674090635e-02 -1.259289754872922e-01 -6.869414002059936e-02  1.000000000000000e+00  0.000000000000000e+00  1.298275504302457e-01  7.316628142908288e-02 -1.298275504302390e-01 -7.316628142928371e-02  1.000000000000000e+00  0.000000000000000e+00 
 2.187761623949590e+10  1.235737033294682e-01  5.786505427493251e-02 -1.236225218448950e-01 -5.828488699983570e-02  1.000000000000000e+00  0.000000000000000e+00  1.274639762202784e-01  6.235137373461604e-02 -1.274639762202825e-01 -6.235137373481064e-02  1.000000000000000e+00  0.000000000000000e+00 
 2.290867652767812e+10  1.207187153526205e-01  4.814256336138168e-02 -1.207745125307819e-01 -4.854888219665532e-02  1.000000000000000e+00  0.000000000000000e+00  1.245456267835050e-01  5.223462723527466e-02 -1.245456267835187e-01 -5.223462723546422e-02  1.000000000000000e+00  0.000000000000000e+00 
 2.398832919019532e+10  1.174013088445341e-01  3.910666744585294e-02 -1.174640626664665e-01 -3.949990797983695e-02  1.000000000000000e+00  0.000000000000000e+00  1.211538035039626e-01  4.282926636532088e-02 -1.211538035039849e-01 -4.282926636548993e-02  1.000000000000000e+00  0.000000000000000e+00 
 2.511886431509623e+10  1.136982883988636e-01  3.076216751964176e-02 -1.137679856243788e-01 -3.114272522109925e-02  1.000000000000000e+00  0.000000000000000e+00  1.173673377236893e-01  3.413932904426716e-02 -1.173673377237185e-01 -3.413932904442829e-02  1.000000000000000e+00  0.000000000000000e+00 
 2.630267991895427e+10  1.096831596257454e-01  2.310560348216054e-02 -1.097597946293053e-01 -2.347383430885087e-02  1.000000000000000e+00  0.000000000000000e+00  1.132615830145113e-01  2.616045570493830e-02 -1.132615830145453e-01 -2.616045570507966e-02  1.000000000000000e+00  0.000000000000000e+00 
 2.754228703338214e+10  1.054252933777772e-01  1.612611731603800e-02 -1.055088669469441e-01 -1.648233798829334e-02  1.000000000000000e+00  0.000000000000000e+00  1.089075742476604e-01  1.888077994215359e-02 -1.089075742477005e-01 -1.888077994229628e-02  1.000000000000000e+00  0.000000000000000e+00 
 2.884031503126656e+10  1.009892605675741e-01  9.806385863461945e-03 -1.010797785704946e-01 -1.015087383507651e-02  1.000000000000000e+00  0.000000000000000e+00  1.043713611287572e-01  1.228188793965069e-02 -1.043713611288013e-01 -1.228188793978432e-02  1.000000000000000e+00  0.000000000000000e+00 
 3.019951720402069e+10  9.643433900168963e-02  4.123591194325210e-03 -9.653181083803303e-02 -4.456584370615357e-03  1.000000000000000e+00  0.000000000000000e+00  9.971351727833842e-02  6.339814109227623e-03 -9.971351727838312e-02 -6.339814109342734e-03  1.000000000000000e+00  0.000000000000000e+00 
 3.162277660168435e+10  9.181418755529568e-02 -9.496018307564164e-04 -9.191862431598499e-02  6.279055619239724e-04  1.000000000000000e+00  0.000000000000000e+00  9.498881975396356e-02  1.026042084647732e-03 -9.498881975401043e-02 -1.026042084755327e-03  1.000000000000000e+00  0.000000000000000e+00 
 3.311311214825969e+10  8.717667763164071e-02 -5.444088357142696e-03 -8.728808990622211e-02  5.133531701661620e-03  1.000000000000000e+00  0.000000000000000e+00  9.024608847236519e-02 -3.691516835995926e-03 -9.024608847241143e-02  3.691516835901864e-03  1.000000000000000e+00  0.000000000000000e+00 
 3.467368504525378e+10  8.256386744976339e-02 -9.393410440875223e-03 -8.268226273598908e-02  9.093877290836378e-03  1.000000000000000e+00  0.000000000000000e+00  8.552817056058008e-02 -7.847591785375200e-03 -8.552817056062710e-02  7.847591785288063e-03  1.000000000000000e+00  0.000000000000000e+00 
 3.630780547701078e+10  7.801210144484683e-02 -1.283290735623886e-02 -7.813748113259805e-02  1.254432329840264e-02  1.000000000000000e+00  0.000000000000000e+00  8.087205140418922e-02 -1.147868638032481e-02 -8.087205140423727e-02  1.147868638024253e-02  1.000000000000000e+00  0.000000000000000e+00 
 3.801893963205680e+10  7.355221500636595e-02 -1.579894383193284e-02 -7.368457092706017e-02  1.552127646613158e-02  1.000000000000000e+00  0.000000000000000e+00  7.630907212374446e-02 -1.462229328344135e-02 -7.630907212379112e-02  1.462229328336803e-02  1.000000000000000e+00  0.000000000000000e+00 
 3.981071705535044e+10  6.920982388279250e-02 -1.832822597014427e-02 -6.934913443551947e-02  1.806148492855514e-02  1.000000000000000e+00  0.000000000000000e+00  7.186523235560956e-02 -1.731619896351495e-02 -7.186523235565398e-02  1.731619896345055e-02  1.000000000000000e+00  0.000000000000000e+00 
 4.168693834703429e+10  6.500567773277142e-02 -2.045721009826017e-02 -6.515190361921303e-02  2.020144665678783e-02  1.000000000000000e+00  0.000000000000000e+00  6.756155741987710e-02 -1.959788377069091e-02 -6.756155741991959e-02  1.959788377063358e-02  1.000000000000000e+00  0.000000000000000e+00 
 4.365158322401739e+10  6.095605833052553e-02 -2.222160577397297e-02 -6.110913795180697e-02  2.197691195072120e-02  1.000000000000000e+00  0.000000000000000e+00  6.341451004926436e-02 -2.150401836186685e-02 -6.341451004930750e-02  2.150401836181185e-02  1.000000000000000e+00  0.000000000000000e+00 
 4.570881896148833e+10  5.707320463567001e-02 -2.365597075197594e-02 -5.723304922518756e-02  2.342247779514316e-02  1.000000000000000e+00  0.000000000000000e+00  5.943642862161819e-02 -2.307005406623076e-02 -5.943642862165809e-02  2.307005406618321e-02  1.000000000000000e+00  0.000000000000000e+00 
 4.786300923226471e+10  5.336574910389001e-02 -2.479339299842502e-02 -5.353223769029530e-02  2.457126917706259e-02  1.000000000000000e+00  0.000000000000000e+00  5.563597606957098e-02 -2.432990204271111e-02 -5.563597606960927e-02  2.432990204266797e-02  1.000000000000000e+00  0.000000000000000e+00 
 5.011872336272815e+10  4.983915204437875e-02 -2.566525282261648e-02 -5.001212635762423e-02  2.545470044860087e-02  1.000000000000000e+00  0.000000000000000e+00  5.201858612991732e-02 -2.531569406252233e-02 -5.201858612995324e-02  2.531569406248405e-02  1.000000000000000e+00  0.000000000000000e+00 
 5.248074602497823e+10  4.649612334551626e-02 -2.630105685064396e-02 -4.667538279543992e-02  2.610230847887541e-02  1.000000000000000e+00  0.000000000000000e+00  4.858689616270250e-02 -2.605761641503814e-02 -4.858689616273770e-02  2.605761641500248e-02  1.000000000000000e+00  0.000000000000000e+00 
 5.495408738576347e+10  4.333702334683493e-02 -2.672833482501585e-02 -4.352232021739784e-02  2.654164860104907e-02  1.000000000000000e+00  0.000000000000000e+00  4.534115826947042e-02 -2.658380771223222e-02 -4.534115826950341e-02  2.658380771220036e-02  1.000000000000000e+00  0.000000000000000e+00 
 5.754399373371677e+10  4.036023692301703e-02 -2.697258998733848e-02 -4.055127193519143e-02  2.679824413696697e-02  1.000000000000000e+00  0.000000000000000e+00  4.227962276096436e-02 -2.692031116316917e-02 -4.227962276099551e-02  2.692031116314050e-02  1.000000000000000e+00  0.000000000000000e+00 
 6.025595860743690e+10  3.756251688946437e-02 -2.705729398800739e-02 -3.775893529113733e-02  2.689558047113591e-02  1.000000000000000e+00  0.000000000000000e+00  3.939889009219562e-02 -2.709107210222754e-02 -3.939889009222502e-02  2.709107210220169e-02  1.000000000000000e+00  0.000000000000000e+00 
 6.309573444802052e+10  3.493929459537910e-02 -2.700391776649343e-02 -3.514068293682168e-02  2.685513514710410e-02  1.000000000000000e+00  0.000000000000000e+00  3.669422915438408e-02 -2.711797207978899e-02 -3.669422915441146e-02  2.711797207976593e-02  1.000000000000000e+00  0.000000000000000e+00 
 6.606934480076085e+10  3.248495702239761e-02 -2.683199056368323e-02 -3.269084077036494e-02  2.669643617779272e-02  1.000000000000000e+00  0.000000000000000e+00  3.415986127334340e-02 -2.702089156540968e-02 -3.415986127336872e-02  2.702089156538920e-02  1.000000000000000e+00  0.000000000000000e+00 
 6.918309709189496e+10  3.019309085859910e-02 -2.655918008021113e-02 -3.040293299072006e-02  2.643714161324254e-02  1.000000000000000e+00  0.000000000000000e+00  3.178921041791680e-02 -2.681779418610729e-02 -3.178921041794096e-02  2.681779418608852e-02  1.000000000000000e+00  0.000000000000000e+00 
 7.244359600750038e+10  2.805669488829618e-02 -2.620138771163170e-02 -2.826989559211515e-02  2.609313432431076e-02  1.000000000000000e+00  0.000000000000000e+00  2.957512099094085e-02 -2.652482635535309e-02 -2.957512099096281e-02  2.652482635533657e-02  1.000000000000000e+00  0.000000000000000e+00 
 7.585775750291982e+10  2.606836265644562e-02 -2.577285371671199e-02 -2.628426023463837e-02  2.567862688315952e-02  1.000000000000000e+00  0.000000000000000e+00  2.751004518964449e-02 -2.615642708549610e-02 -2.751004518966496e-02  2.615642708548126e-02  1.000000000000000e+00  0.000000000000000e+00 
 7.943282347242966e+10  2.422043776729848e-02 -2.528626806692874e-02 -2.443831082286085e-02  2.520627230886200e-02  1.000000000000000e+00  0.000000000000000e+00  2.558620231845948e-02 -2.572544367573234e-02 -2.558620231847894e-02  2.572544367571879e-02  1.000000000000000e+00  0.000000000000000e+00 
 8.317637711026869e+10  2.250514439648332e-02 -2.475288355377155e-02 -2.272421534003254e-02  2.468727726960720e-02  1.000000000000000e+00  0.000000000000000e+00  2.379571265257252e-02 -2.524324980037232e-02 -2.379571265259047e-02  2.524324980036020e-02  1.000000000000000e+00  0.000000000000000e+00 
 8.709635899560974e+10  2.091469566985152e-02 -2.418262847669699e-02 -2.113413555677552e-02  2.413151507308149e-02  1.000000000000000e+00  0.000000000000000e+00  2.213070852192471e-02 -2.471986326994213e-02 -2.213070852194168e-02  2.471986326993111e-02  1.000000000000000e+00  0.000000000000000e+00 
 9.120108393559274e+10  1.944138252444234e-02 -2.358421688831843e-02 -1.966031719383788e-02  2.354763642370359e-02  1.000000000000000e+00  0.000000000000000e+00  2.058342524653215e-02 -2.416406139143117e-02 -2.058342524654780e-02  2.416406139142132e-02  1.000000000000000e+00  0.000000000000000e+00 
 9.549925860214545e+10  1.807764554668183e-02 -2.296525493124009e-02 -1.829516299827541e-02  2.294317647642164e-02  1.000000000000000e+00  0.000000000000000e+00  1.914627443484790e-02 -2.358349241141209e-02 -1.914627443486252e-02  2.358349241140319e-02  1.000000000000000e+00  0.000000000000000e+00 
 1.000000000000020e+11  1.681613210624018e-02 -2.233234226453575e-02 -1.703129101721729e-02  2.232465717377581e-02  1.000000000000000e+00  0.000000000000000e+00  1.781190198294921e-02 -2.298478198937647e-02 -1.781190198296274e-02  2.298478198936847e-02  1.000000000000000e+00  0.000000000000000e+00 
