 1.000000000000000e+06 -3.345504121096298e-01 -1.101867689541554e-04  3.345504892384232e-01  1.206356250127624e-04  1.000000000000000e+00  0.000000000000000e+00 -1.799150546612529e-01 -6.897176263141124e-04  1.799150546624662e-01  6.897176263109585e-04  1.000000000000000e+00  0.000000000000000e+00 
 1.047128548050900e+06 -3.345504319923579e-01 -1.153799318693232e-04  3.345505162370993e-01  1.263206713158139e-04  1.000000000000000e+00  0.000000000000000e+00 -1.799152166031033e-01 -7.222226587244247e-04  1.799152166032780e-01  7.222226587241198e-04  1.000000000000000e+00  0.000000000000000e+00 
 1.096478196143185e+06 -3.345504538060878e-01 -1.208178589405783e-04  3.345505458269309e-01  1.322736106876359e-04  1.000000000000000e+00  0.000000000000000e+00 -1.799153941676955e-01 -7.562595530945617e-04  1.799153941726881e-01  7.562595530796815e-04  1.000000000000000e+00  0.000000000000000e+00 
 1.148153621496883e+06 -3.345504777375969e-01 -1.265120873263274e-04  3.345505782572549e-01  1.385070642617636e-04  1.000000000000000e+00  0.000000000000000e+00 -1.799155888633839e-01 -7.919004960000562e-04  1.799155888725705e-01  7.919004959712013e-04  1.000000000000000e+00  0.000000000000000e+00 
 1.202264434617413e+06 -3.345505039916910e-01 -1.324746982155661e-04  3.345506138014173e-01  1.450342473205441e-04  1.000000000000000e+00  0.000000000000000e+00 -1.799158023440815e-01 -8.292210749014110e-04  1.799158023494699e-01  8.292210748837832e-04  1.000000000000000e+00  0.000000000000000e+00 
 1.258925411794168e+06 -3.345505327929631e-01 -1.387183425186818e-04  3.345506527590717e-01  1.518689971919911e-04  1.000000000000000e+00  0.000000000000000e+00 -1.799160364197208e-01 -8.683004382473980e-04  1.799160364272649e-01  8.683004382214608e-04  1.000000000000000e+00  0.000000000000000e+00 
 1.318256738556408e+06 -3.345505643877174e-01 -1.452562677748564e-04  3.345506954586849e-01  1.590258024479640e-04  1.000000000000000e+00  0.000000000000000e+00 -1.799162930784347e-01 -9.092214631069540e-04  1.799162930870343e-01  9.092214630759591e-04  1.000000000000000e+00  0.000000000000000e+00 
 1.380384264602886e+06 -3.345505990460896e-01 -1.521023463339524e-04  3.345507422602850e-01  1.665198334634043e-04  1.000000000000000e+00  0.000000000000000e+00 -1.799165744989241e-01 -9.520709306626220e-04  1.799165745074154e-01  9.520709306305791e-04  1.000000000000000e+00  0.000000000000000e+00 
 1.445439770745928e+06 -3.345506370643768e-01 -1.592711048735765e-04  3.345507935584655e-01  1.743669743989485e-04  1.000000000000000e+00  0.000000000000000e+00 -1.799168830700995e-01 -9.969397099457856e-04  1.799168830770828e-01  9.969397099182410e-04  1.000000000000000e+00  0.000000000000000e+00 
 1.513561248436209e+06 -3.345506787675945e-01 -1.667777553150277e-04  3.345508497856710e-01  1.825838566718670e-04  1.000000000000000e+00  0.000000000000000e+00 -1.799172214112738e-01 -1.043922950191360e-03  1.799172214154611e-01  1.043922950174181e-03  1.000000000000000e+00  0.000000000000000e+00 
 1.584893192461115e+06 -3.345507245122877e-01 -1.746382272049204e-04  3.345509114157919e-01  1.911878939831030e-04  1.000000000000000e+00  0.000000000000000e+00 -1.799175923934805e-01 -1.093120282212580e-03  1.799175923997191e-01  1.093120282185633e-03  1.000000000000000e+00  0.000000000000000e+00 
 1.659586907437562e+06 -3.345507746896211e-01 -1.828692016325459e-04  3.345509789680944e-01  2.001973189710215e-04  1.000000000000000e+00  0.000000000000000e+00 -1.799179991679097e-01 -1.144636029220802e-03  1.799179991679382e-01  1.144636029220987e-03  1.000000000000000e+00  0.000000000000000e+00 
 1.737800828749377e+06 -3.345508297287750e-01 -1.914881467564620e-04  3.345510530115205e-01  2.096312215655192e-04  1.000000000000000e+00  0.000000000000000e+00 -1.799184451853102e-01 -1.198579427509820e-03  1.799184451840802e-01  1.198579427516042e-03  1.000000000000000e+00  0.000000000000000e+00 
 1.819700858609986e+06 -3.345508901006792e-01 -2.005133550173164e-04  3.345511341693851e-01  2.195095891192833e-04  1.000000000000000e+00  0.000000000000000e+00 -1.799189342317578e-01 -1.255064857488906e-03  1.799189342335386e-01  1.255064857480323e-03  1.000000000000000e+00  0.000000000000000e+00 
 1.905460717963250e+06 -3.345509563221153e-01 -2.099639821176693e-04  3.345512231245145e-01  2.298533483962495e-04  1.000000000000000e+00  0.000000000000000e+00 -1.799194704583486e-01 -1.314212085517052e-03  1.799194704679797e-01  1.314212085466846e-03  1.000000000000000e+00  0.000000000000000e+00 
 1.995262314968882e+06 -3.345510289602295e-01 -2.198600878533483e-04  3.345513206248559e-01  2.406844095008070e-04  1.000000000000000e+00  0.000000000000000e+00 -1.799200584201009e-01 -1.376146517053706e-03  1.799200584213932e-01  1.376146517046982e-03  1.000000000000000e+00  0.000000000000000e+00 
 2.089296130854042e+06 -3.345511086374962e-01 -2.302226788849576e-04  3.345514274896138e-01  2.520257118348457e-04  1.000000000000000e+00  0.000000000000000e+00 -1.799207031033815e-01 -1.440999461618154e-03  1.799207031071812e-01  1.440999461596679e-03  1.000000000000000e+00  0.000000000000000e+00 
 2.187761623949556e+06 -3.345511960371783e-01 -2.410737535421962e-04  3.345515446159445e-01  2.639012721736374e-04  1.000000000000000e+00  0.000000000000000e+00 -1.799214099825707e-01 -1.508908410154281e-03  1.799214099857692e-01  1.508908410135417e-03  1.000000000000000e+00  0.000000000000000e+00 
 2.290867652767777e+06 -3.345512919093302e-01 -2.524363487580007e-04  3.345516729862691e-01  2.763362349554592e-04  1.000000000000000e+00  0.000000000000000e+00 -1.799221850565811e-01 -1.580017325299536e-03  1.799221850627860e-01  1.580017325260811e-03  1.000000000000000e+00  0.000000000000000e+00 
 2.398832919019494e+06 -3.345513970774118e-01 -2.643345892338346e-04  3.345518136762607e-01  2.893569248842651e-04  1.000000000000000e+00  0.000000000000000e+00 -1.799230349064554e-01 -1.654476945204149e-03  1.799230349050716e-01  1.654476945213751e-03  1.000000000000000e+00  0.000000000000000e+00 
 2.511886431509584e+06 -3.345515124455626e-01 -2.767937389419999e-04  3.345519678635493e-01  3.029909019491106e-04  1.000000000000000e+00  0.000000000000000e+00 -1.799239667412023e-01 -1.732445101465673e-03  1.799239667485911e-01  1.732445101415024e-03  1.000000000000000e+00  0.000000000000000e+00 
 2.630267991895386e+06 -3.345516390066117e-01 -2.898402550754419e-04  3.345521368372326e-01  3.172670189689656e-04  1.000000000000000e+00  0.000000000000000e+00 -1.799249884754438e-01 -1.814087051888889e-03  1.799249884737652e-01  1.814087051901551e-03  1.000000000000000e+00  0.000000000000000e+00 
 2.754228703338171e+06 -3.345517778508984e-01 -3.035018445601033e-04  3.345523220082349e-01  3.322154817767616e-04  1.000000000000000e+00  0.000000000000000e+00 -1.799261087758423e-01 -1.899575828631102e-03  1.799261087804814e-01  1.899575828596434e-03  1.000000000000000e+00  0.000000000000000e+00 
 2.884031503126611e+06 -3.345519301759899e-01 -3.178075232496745e-04  3.345525249206108e-01  3.478679121620478e-04  1.000000000000000e+00  0.000000000000000e+00 -1.799273371541596e-01 -1.989092602559385e-03  1.799273371598924e-01  1.989092602514400e-03  1.000000000000000e+00  0.000000000000000e+00 
 3.019951720402022e+06 -3.345520972973807e-01 -3.327876779272291e-04  3.345527472638616e-01  3.642574136977812e-04  1.000000000000000e+00  0.000000000000000e+00 -1.799286840349384e-01 -2.082827064413111e-03  1.799286840427919e-01  2.082827064348376e-03  1.000000000000000e+00  0.000000000000000e+00 
 3.162277660168386e+06 -3.345522806602858e-01 -3.484741312428429e-04  3.345529908863548e-01  3.814186405833635e-04  1.000000000000000e+00  0.000000000000000e+00 -1.799301608504346e-01 -2.180977823614587e-03  1.799301608541037e-01  2.180977823583240e-03  1.000000000000000e+00  0.000000000000000e+00 
 3.311311214825918e+06 -3.345524818526351e-01 -3.649002097209482e-04  3.345532578099458e-01  3.993878696432453e-04  1.000000000000000e+00  0.000000000000000e+00 -1.799317801321363e-01 -2.283752825446273e-03  1.799317801381559e-01  2.283752825392025e-03  1.000000000000000e+00  0.000000000000000e+00 
 3.467368504525324e+06 -3.345527026193927e-01 -3.821008149755086e-04  3.345535502459041e-01  4.182030756283169e-04  1.000000000000000e+00  0.000000000000000e+00 -1.799335556246253e-01 -2.391369787453181e-03  1.799335556254624e-01  2.391369787445849e-03  1.000000000000000e+00  0.000000000000000e+00 
 3.630780547701022e+06 -3.345529448783369e-01 -4.001124982752911e-04  3.345538706122525e-01  4.379040099760447e-04  1.000000000000000e+00  0.000000000000000e+00 -1.799355023934806e-01 -2.504056655842233e-03  1.799355023942636e-01  2.504056655835099e-03  1.000000000000000e+00  0.000000000000000e+00 
 3.801893963205622e+06 -3.345532107374555e-01 -4.189735386054780e-04  3.345542215526530e-01  4.585322831947707e-04  1.000000000000000e+00  0.000000000000000e+00 -1.799376369594526e-01 -2.622052082814117e-03  1.799376369647727e-01  2.622052082759179e-03  1.000000000000000e+00  0.000000000000000e+00 
 3.981071705534983e+06 -3.345535025141137e-01 -4.387240243754375e-04  3.345546059569670e-01  4.801314510480849e-04  1.000000000000000e+00  0.000000000000000e+00 -1.799399774376274e-01 -2.745605925671961e-03  1.799399774438750e-01  2.745605925604285e-03  1.000000000000000e+00  0.000000000000000e+00 
 4.168693834703365e+06 -3.345538227561762e-01 -4.594059389256602e-04  3.345550269836450e-01  5.027471047266130e-04  1.000000000000000e+00  0.000000000000000e+00 -1.799425436884756e-01 -2.874979768640440e-03  1.799425436917019e-01  2.874979768604231e-03  1.000000000000000e+00  0.000000000000000e+00 
 4.365158322401672e+06 -3.345541742652791e-01 -4.810632499897102e-04  3.345554880841156e-01  5.264269652069709e-04  1.000000000000000e+00  0.000000000000000e+00 -1.799453574865224e-01 -3.010447468358540e-03  1.799453574881402e-01  3.010447468339943e-03  1.000000000000000e+00  0.000000000000000e+00 
 4.570881896148764e+06 -3.345545601224651e-01 -5.037420032692789e-04  3.345559930293491e-01  5.512209820111085e-04  1.000000000000000e+00  0.000000000000000e+00 -1.799484427057460e-01 -3.152295724019520e-03  1.799484427128064e-01  3.152295723931648e-03  1.000000000000000e+00  0.000000000000000e+00 
 4.786300923226397e+06 -3.345549837164069e-01 -5.274904202825189e-04  3.345565459388105e-01  5.771814365935229e-04  1.000000000000000e+00  0.000000000000000e+00 -1.799518255251834e-01 -3.300824673169494e-03  1.799518255299650e-01  3.300824673107487e-03  1.000000000000000e+00  0.000000000000000e+00 
 5.011872336272738e+06 -3.345554487744765e-01 -5.523590006472120e-04  3.345571513120342e-01  6.043630505989957e-04  1.000000000000000e+00  0.000000000000000e+00 -1.799555346430583e-01 -3.456348514147956e-03  1.799555346500377e-01  3.456348514052771e-03  1.000000000000000e+00  0.000000000000000e+00 
 5.248074602497743e+06 -3.345559593969191e-01 -5.784006289618088e-04  3.345578140630743e-01  6.328230992490299e-04  1.000000000000000e+00  0.000000000000000e+00 -1.799596015275233e-01 -3.619196156306065e-03  1.799596015326073e-01  3.619196156233750e-03  1.000000000000000e+00  0.000000000000000e+00 
 5.495408738576263e+06 -3.345565200944290e-01 -6.056706864484506e-04  3.345585395581290e-01  6.626215301310200e-04  1.000000000000000e+00  0.000000000000000e+00 -1.799640606774827e-01 -3.789711898977269e-03  1.799640606821886e-01  3.789711898907277e-03  1.000000000000000e+00  0.000000000000000e+00 
 5.754399373371588e+06 -3.345571358294336e-01 -6.342271675236748e-04  3.345593336566718e-01  6.938210876794600e-04  1.000000000000000e+00  0.000000000000000e+00 -1.799689499182078e-01 -3.968256140361044e-03  1.799689499216580e-01  3.968256140307618e-03  1.000000000000000e+00  0.000000000000000e+00 
 6.025595860743597e+06 -3.345578120614190e-01 -6.641308014643809e-04  3.345602027564613e-01  7.264874436529957e-04  1.000000000000000e+00  0.000000000000000e+00 -1.799743107200286e-01 -4.155206117365076e-03  1.799743107197842e-01  4.155206117370250e-03  1.000000000000000e+00  0.000000000000000e+00 
 6.309573444801954e+06 -3.345585547966464e-01 -6.954451793396053e-04  3.345611538428588e-01  7.606893339236281e-04  1.000000000000000e+00  0.000000000000000e+00 -1.799801885473123e-01 -4.350956677520113e-03  1.799801885518758e-01  4.350956677442310e-03  1.000000000000000e+00  0.000000000000000e+00 
 6.606934480075982e+06 -3.345593706426523e-01 -7.282368863829917e-04  3.345621945429337e-01  7.964987019044195e-04  1.000000000000000e+00  0.000000000000000e+00 -1.799866332492944e-01 -4.555921084107661e-03  1.799866332514641e-01  4.555921084069593e-03  1.000000000000000e+00  0.000000000000000e+00 
 6.918309709189389e+06 -3.345602668679167e-01 -7.625756399872466e-04  3.345633331848961e-01  8.339908489480001e-04  1.000000000000000e+00  0.000000000000000e+00 -1.799936994740830e-01 -4.770531855492446e-03  1.799936994705622e-01  4.770531855560489e-03  1.000000000000000e+00  0.000000000000000e+00 
 7.244359600749927e+06 -3.345612514671544e-01 -7.985344335106588e-04  3.345645788634734e-01  8.732445920497981e-04  1.000000000000000e+00  0.000000000000000e+00 -1.800014471314851e-01 -4.995241639826754e-03  1.800014471364451e-01  4.995241639729685e-03  1.000000000000000e+00  0.000000000000000e+00 
 7.585775750291865e+06 -3.345623332326785e-01 -8.361896860976724e-04  3.345659415119089e-01  9.143424291852874e-04  1.000000000000000e+00  0.000000000000000e+00 -1.800099419078979e-01 -5.230524126180256e-03  1.800099419120108e-01  5.230524126096260e-03  1.000000000000000e+00  0.000000000000000e+00 
 7.943282347242844e+06 -3.345635218323456e-01 -8.756213987304948e-04  3.345674319813404e-01  9.573707125996260e-04  1.000000000000000e+00  0.000000000000000e+00 -1.800192558089400e-01 -5.476874992940331e-03  1.800192558129026e-01  5.476874992855697e-03  1.000000000000000e+00  0.000000000000000e+00 
 8.317637711026741e+06 -3.345648278946319e-01 -9.169133167474452e-04  3.345690621284096e-01  1.002419830349573e-03  1.000000000000000e+00  0.000000000000000e+00 -1.800294677747565e-01 -5.734812894635862e-03  1.800294677755026e-01  5.734812894620441e-03  1.000000000000000e+00  0.000000000000000e+00 
 8.709635899560839e+06 -3.345662631014217e-01 -9.601530990853003e-04  3.345708449120087e-01  1.049584396371942e-03  1.000000000000000e+00  0.000000000000000e+00 -1.800406643415602e-01 -6.004880487882180e-03  1.800406643450732e-01  6.004880487800214e-03  1.000000000000000e+00  0.000000000000000e+00 
 9.120108393559132e+06 -3.345678402891823e-01 -1.005432494527197e-03  3.345727945001871e-01  1.098963449319955e-03  1.000000000000000e+00  0.000000000000000e+00 -1.800529403763642e-01 -6.287645497338760e-03  1.800529403776647e-01  6.287645497308069e-03  1.000000000000000e+00  0.000000000000000e+00 
 9.549925860214395e+06 -3.345695735592414e-01 -1.052847525263394e-03  3.345749263882905e-01  1.150660660369904e-03  1.000000000000000e+00  0.000000000000000e+00 -1.800663998698239e-01 -6.583701822191713e-03  1.800663998719113e-01  6.583701822139111e-03  1.000000000000000e+00  0.000000000000000e+00 
 1.000000000000004e+07 -3.345714783979916e-01 -1.102498678097465e-03  3.345772575295077e-01  1.204784550157309e-03  1.000000000000000e+00  0.000000000000000e+00 -1.800811568156493e-01 -6.893670683796932e-03  1.800811568230349e-01  6.893670683597561e-03  1.000000000000000e+00  0.000000000000000e+00 
 1.047128548050904e+07 -3.345735718079242e-01 -1.154491103653834e-03  3.345798064790647e-01  1.261448714956069e-03  1.000000000000000e+00  0.000000000000000e+00 -1.800973361706091e-01 -7.218201814712645e-03  1.800973361748771e-01  7.218201814592942e-03  1.000000000000000e+00  0.000000000000000e+00 
 1.096478196143189e+07 -3.345758724505392e-01 -1.208934823960354e-03  3.345825935533833e-01  1.320772062169409e-03  1.000000000000000e+00  0.000000000000000e+00 -1.801150748979167e-01 -7.557974689154333e-03  1.801150749042363e-01  7.557974688967978e-03  1.000000000000000e+00  0.000000000000000e+00 
 1.148153621496888e+07 -3.345784008022779e-01 -1.265944948790488e-03  3.345856410055956e-01  1.382879055159744e-03  1.000000000000000e+00  0.000000000000000e+00 -1.801345231246100e-01 -7.913699794869382e-03  1.801345231307022e-01  7.913699794681553e-03  1.000000000000000e+00  0.000000000000000e+00 
 1.202264434617418e+07 -3.345811793248047e-01 -1.325641901149170e-03  3.345889732188801e-01  1.447899967409940e-03  1.000000000000000e+00  0.000000000000000e+00 -1.801558453959961e-01 -8.286119945714912e-03  1.801558453985351e-01  8.286119945634319e-03  1.000000000000000e+00  0.000000000000000e+00 
 1.258925411794173e+07 -3.345842326511023e-01 -1.388151652273634e-03  3.345926169191687e-01  1.515971145981560e-03  1.000000000000000e+00  0.000000000000000e+00 -1.801792220538879e-01 -8.676011634183833e-03  1.801792220541354e-01  8.676011634177637e-03  1.000000000000000e+00  0.000000000000000e+00 
 1.318256738556413e+07 -3.345875877890235e-01 -1.453605966491946e-03  3.345966014088522e-01  1.587235284219579e-03  1.000000000000000e+00  0.000000000000000e+00 -1.802048507471473e-01 -9.084186422530140e-03  1.802048507434983e-01  9.084186422662514e-03  1.000000000000000e+00  0.000000000000000e+00 
 1.380384264602891e+07 -3.345912743441513e-01 -1.522142656237480e-03  3.346009588232447e-01  1.661841703646103e-03  1.000000000000000e+00  0.000000000000000e+00 -1.802329480793057e-01 -9.511492370546770e-03  1.802329480797659e-01  9.511492370532077e-03  1.000000000000000e+00  0.000000000000000e+00 
 1.445439770745934e+07 -3.345953247639728e-01 -1.593905847456122e-03  3.346057244116648e-01  1.739946644986742e-03  1.000000000000000e+00  0.000000000000000e+00 -1.802637514202443e-01 -9.958815497656886e-03  1.802637514213637e-01  9.958815497615830e-03  1.000000000000000e+00  0.000000000000000e+00 
 1.513561248436215e+07 -3.345997746056105e-01 -1.669046255565514e-03  3.346109368451761e-01  1.821713568279239e-03  1.000000000000000e+00  0.000000000000000e+00 -1.802975208758347e-01 -1.042708127586343e-02  1.802975208812974e-01  1.042708127564373e-02  1.000000000000000e+00  0.000000000000000e+00 
 1.584893192461121e+07 -3.346046628295353e-01 -1.747721472033811e-03  3.346166385532059e-01  1.907313462018101e-03  1.000000000000000e+00  0.000000000000000e+00 -1.803345414543238e-01 -1.091725614976006e-02  1.803345414611420e-01  1.091725614947280e-02  1.000000000000000e+00  0.000000000000000e+00 
 1.659586907437568e+07 -3.346100321219067e-01 -1.830096261540640e-03  3.346228760914910e-01  1.996925161287044e-03  1.000000000000000e+00  0.000000000000000e+00 -1.803751254275724e-01 -1.143034907831851e-02  1.803751254239989e-01  1.143034907848017e-02  1.000000000000000e+00  0.000000000000000e+00 
 1.737800828749384e+07 -3.346159292483958e-01 -1.916342869569378e-03  3.346297005440801e-01  2.090735674811872e-03  1.000000000000000e+00  0.000000000000000e+00 -1.804196149087319e-01 -1.196741309225186e-02  1.804196149067416e-01  1.196741309234724e-02  1.000000000000000e+00  0.000000000000000e+00 
 1.819700858609992e+07 -3.346224054425728e-01 -2.006641340156519e-03  3.346371679624082e-01  2.188940520826806e-03  1.000000000000000e+00  0.000000000000000e+00 -1.804683846850436e-01 -1.252954685971975e-02  1.804683846917085e-01  1.252954685939953e-02  1.000000000000000e+00  0.000000000000000e+00 
 1.905460717963257e+07 -3.346295168321812e-01 -2.101179843396682e-03  3.346453398448357e-01  2.291744071574301e-03  1.000000000000000e+00  0.000000000000000e+00 -1.805218452996739e-01 -1.311789625088887e-02  1.805218453019160e-01  1.311789625077846e-02  1.000000000000000e+00  0.000000000000000e+00 
 1.995262314968890e+07 -3.346373249068544e-01 -2.200155012166568e-03  3.346542836603989e-01  2.399359906149756e-03  1.000000000000000e+00  0.000000000000000e+00 -1.805804464109644e-01 -1.373365589050460e-02  1.805804464140525e-01  1.373365589034450e-02  1.000000000000000e+00  0.000000000000000e+00 
 2.089296130854050e+07 -3.346458970311404e-01 -2.303772287389572e-03  3.346640734209630e-01  2.512011171250034e-03  1.000000000000000e+00  0.000000000000000e+00 -1.806446804786020e-01 -1.437807068604479e-02  1.806446804841434e-01  1.437807068574203e-02  1.000000000000000e+00  0.000000000000000e+00 
 2.187761623949564e+07 -3.346553070069630e-01 -2.412246271011937e-03  3.346747903064017e-01  2.629930949184072e-03  1.000000000000000e+00  0.000000000000000e+00 -1.807150867720736e-01 -1.505243731563644e-02  1.807150867750966e-01  1.505243731546557e-02  1.000000000000000e+00  0.000000000000000e+00 
 2.290867652767785e+07 -3.346656356900211e-01 -2.525801085693618e-03  3.346865233478966e-01  2.753362632254203e-03  1.000000000000000e+00  0.000000000000000e+00 -1.807922557433990e-01 -1.575810565798529e-02  1.807922557435429e-01  1.575810565798029e-02  1.000000000000000e+00  0.000000000000000e+00 
 2.398832919019503e+07 -3.346769716649920e-01 -2.644670740030188e-03  3.346993701749583e-01  2.882560302313497e-03  1.000000000000000e+00  0.000000000000000e+00 -1.808768337971826e-01 -1.649648014333111e-02  1.808768338024986e-01  1.649648014300066e-02  1.000000000000000e+00  0.000000000000000e+00 
 2.511886431509594e+07 -3.346894119848296e-01 -2.769099497904640e-03  3.347134378322734e-01  3.017789113948077e-03  1.000000000000000e+00  0.000000000000000e+00 -1.809695284900006e-01 -1.726902100085361e-02  1.809695284941381e-01  1.726902100058601e-02  1.000000000000000e+00  0.000000000000000e+00 
 2.630267991895396e+07 -3.347030629799300e-01 -2.899342250311881e-03  3.347288436730264e-01  3.159325679322224e-03  1.000000000000000e+00  0.000000000000000e+00 -1.810711141798709e-01 -1.807724537349965e-02  1.810711141783836e-01  1.807724537360559e-02  1.000000000000000e+00  0.000000000000000e+00 
 2.754228703338182e+07 -3.347180411434520e-01 -3.035664887694445e-03  3.347457163359002e-01  3.307458452255538e-03  1.000000000000000e+00  0.000000000000000e+00 -1.811824381800803e-01 -1.892272826741634e-02  1.811824381803943e-01  1.892272826739809e-02  1.000000000000000e+00  0.000000000000000e+00 
 2.884031503126622e+07 -3.347344740996672e-01 -3.178344670462782e-03  3.347641968135419e-01  3.462488108573799e-03  1.000000000000000e+00  0.000000000000000e+00 -1.813044274518298e-01 -1.980710329744727e-02  1.813044274556432e-01  1.980710329716716e-02  1.000000000000000e+00  0.000000000000000e+00 
 3.019951720402033e+07 -3.347525016628350e-01 -3.327670594938115e-03  3.347844396208954e-01  3.624727919181310e-03  1.000000000000000e+00  0.000000000000000e+00 -1.814380958647696e-01 -2.073206318386664e-02  1.814380958705520e-01  2.073206318342109e-02  1.000000000000000e+00  0.000000000000000e+00 
 3.162277660168397e+07 -3.347722769947785e-01 -3.483943751437323e-03  3.348066140724412e-01  3.794504111637378e-03  1.000000000000000e+00  0.000000000000000e+00 -1.815845520782672e-01 -2.169935994946607e-02  1.815845520829362e-01  2.169935994909151e-02  1.000000000000000e+00  0.000000000000000e+00 
 3.311311214825930e+07 -3.347939678700617e-01 -3.647477670607476e-03  3.348309056780846e-01  3.972156215270579e-03  1.000000000000000e+00  0.000000000000000e+00 -1.817450080820395e-01 -2.271080475801589e-02  1.817450080891374e-01  2.271080475741922e-02  1.000000000000000e+00  0.000000000000000e+00 
 3.467368504525337e+07 -3.348177580584364e-01 -3.818598653398358e-03  3.348575176681252e-01  4.158037384021266e-03  1.000000000000000e+00  0.000000000000000e+00 -1.819207884470200e-01 -2.376826732695551e-02  1.819207884474143e-01  2.376826732692554e-02  1.000000000000000e+00  0.000000000000000e+00 
 3.630780547701035e+07 -3.348438488350439e-01 -3.997646079226300e-03  3.348866726585484e-01  4.352514690245831e-03  1.000000000000000e+00  0.000000000000000e+00 -1.821133403137185e-01 -2.487367483645768e-02  1.821133403127204e-01  2.487367483655481e-02  1.000000000000000e+00  0.000000000000000e+00 
 3.801893963205635e+07 -3.348724606296959e-01 -4.184972685914667e-03  3.349186144686717e-01  4.555969381629991e-03  1.000000000000000e+00  0.000000000000000e+00 -1.823242441886858e-01 -2.602901024805294e-02  1.823242441924397e-01  2.602901024769685e-02  1.000000000000000e+00  0.000000000000000e+00 
 3.981071705534997e+07 -3.349038348274527e-01 -4.380944813884624e-03  3.349536101040462e-01  4.768797092117457e-03  1.000000000000000e+00  0.000000000000000e+00 -1.825552255721799e-01 -2.723630993191660e-02  1.825552255731315e-01  2.723630993182642e-02  1.000000000000000e+00  0.000000000000000e+00 
 4.168693834703380e+07 -3.349382357336167e-01 -4.585942605796601e-03  3.349919519184148e-01  4.991407996342435e-03  1.000000000000000e+00  0.000000000000000e+00 -1.828081674584390e-01 -2.849766048913777e-02  1.828081674605236e-01  2.849766048892485e-02  1.000000000000000e+00  0.000000000000000e+00 
 4.365158322401687e+07 -3.349759527172139e-01 -4.800360151389821e-03  3.350339599694617e-01  5.224226895431397e-03  1.000000000000000e+00  0.000000000000000e+00 -1.830851237665694e-01 -2.981519464158803e-02  1.830851237692455e-01  2.981519464130111e-02  1.000000000000000e+00  0.000000000000000e+00 
 4.570881896148779e+07 -3.350173025479825e-01 -5.024605565615947e-03  3.350799845840466e-01  5.467693220179971e-03  1.000000000000000e+00  0.000000000000000e+00 -1.833883337113672e-01 -3.119108604313979e-02  1.833883337194207e-01  3.119108604222668e-02  1.000000000000000e+00  0.000000000000000e+00 
 4.786300923226414e+07 -3.350626319428671e-01 -5.259100986282856e-03  3.351304091495714e-01  5.722260935487561e-03  1.000000000000000e+00  0.000000000000000e+00 -1.837202371599342e-01 -3.262754285030091e-02  1.837202371662812e-01  3.262754284955106e-02  1.000000000000000e+00  0.000000000000000e+00 
 5.011872336272755e+07 -3.351123203389924e-01 -5.504282475294862e-03  3.351856531490778e-01  5.988398327505012e-03  1.000000000000000e+00  0.000000000000000e+00 -1.840834909719372e-01 -3.412679986827734e-02  1.840834909779535e-01  3.412679986753566e-02  1.000000000000000e+00  0.000000000000000e+00 
 5.248074602497760e+07 -3.351667829110493e-01 -5.760599805157627e-03  3.352461754585829e-01  6.266587652188630e-03  1.000000000000000e+00  0.000000000000000e+00 -1.844809863503256e-01 -3.569110906980960e-02  1.844809863534783e-01  3.569110906940686e-02  1.000000000000000e+00  0.000000000000000e+00 
 5.495408738576282e+07 -3.352264738519727e-01 -6.028516109675605e-03  3.353124779259894e-01  6.557324620814959e-03  1.000000000000000e+00  0.000000000000000e+00 -1.849158671707233e-01 -3.732272825833864e-02  1.849158671759832e-01  3.732272825763262e-02  1.000000000000000e+00  0.000000000000000e+00 
 5.754399373371608e+07 -3.352918899366582e-01 -6.308507374667278e-03  3.353851092516451e-01  6.861117694455165e-03  1.000000000000000e+00  0.000000000000000e+00 -1.853915492762651e-01 -3.902390762544333e-02  1.853915492805071e-01  3.902390762484999e-02  1.000000000000000e+00  0.000000000000000e+00 
 6.025595860743618e+07 -3.353635743892764e-01 -6.601061741010356e-03  3.354646691911848e-01  7.178487155391522e-03  1.000000000000000e+00  0.000000000000000e+00 -1.859117406652555e-01 -4.079687392437590e-02  1.859117406663872e-01  4.079687392421580e-02  1.000000000000000e+00  0.000000000000000e+00 
 6.309573444801975e+07 -3.354421210753951e-01 -6.906678588360832e-03  3.355518131016584e-01  7.509963918935349e-03  1.000000000000000e+00  0.000000000000000e+00 -1.864804624996090e-01 -4.264381195763971e-02  1.864804624971675e-01  4.264381195802379e-02  1.000000000000000e+00  0.000000000000000e+00 
 6.606934480076005e+07 -3.355281790406308e-01 -7.225867363410132e-03  3.356472568520433e-01  7.856088044027709e-03  1.000000000000000e+00  0.000000000000000e+00 -1.871020708031296e-01 -4.456684304822252e-02  1.871020708039495e-01  4.456684304809790e-02  1.000000000000000e+00  0.000000000000000e+00 
 6.918309709189413e+07 -3.356224574177920e-01 -7.559146111500986e-03  3.357517821189435e-01  8.217406895320852e-03  1.000000000000000e+00  0.000000000000000e+00 -1.877812786886958e-01 -4.656800013921849e-02  1.877812786906264e-01  4.656800013890110e-02  1.000000000000000e+00  0.000000000000000e+00 
 7.244359600749952e+07 -3.357257307244097e-01 -7.907039664755981e-03  3.358662420875749e-01  8.594472903100562e-03  1.000000000000000e+00  0.000000000000000e+00 -1.885231788808830e-01 -4.864919913992342e-02  1.885231788809272e-01  4.864919913992373e-02  1.000000000000000e+00  0.000000000000000e+00 
 7.585775750291891e+07 -3.358388445720798e-01 -8.270077433525400e-03  3.359915675768326e-01  8.987840860366945e-03  1.000000000000000e+00  0.000000000000000e+00 -1.893332662613313e-01 -5.081220611668104e-02  1.893332662672919e-01  5.081220611559300e-02  1.000000000000000e+00  0.000000000000000e+00 
 7.943282347242872e+07 -3.359627218080439e-01 -8.648790740871765e-03  3.361287736052412e-01  9.398064688599800e-03  1.000000000000000e+00  0.000000000000000e+00 -1.902174600835365e-01 -5.305859990850091e-02  1.902174600844495e-01  5.305859990833400e-02  1.000000000000000e+00  0.000000000000000e+00 
 8.317637711026771e+07 -3.360983691077570e-01 -9.043709631923162e-03  3.362789664117161e-01  9.825693595152112e-03  1.000000000000000e+00  0.000000000000000e+00 -1.911821253870314e-01 -5.538972973227957e-02  1.911821253921854e-01  5.538972973125249e-02  1.000000000000000e+00  0.000000000000000e+00 
 8.709635899560872e+07 -3.362468840347350e-01 -9.455359081192792e-03  3.364433509411566e-01  1.027126753581556e-02  1.000000000000000e+00  0.000000000000000e+00 -1.922340931126081e-01 -5.780666734766491e-02  1.922340931222129e-01  5.780666734565552e-02  1.000000000000000e+00  0.000000000000000e+00 
 9.120108393559167e+07 -3.364094625804582e-01 -9.884254511331327e-03  3.366232387996880e-01  1.073531188586632e-02  1.000000000000000e+00  0.000000000000000e+00 -1.933806782250682e-01 -6.031015335121136e-02  1.933806782307136e-01  6.031015334998018e-02  1.000000000000000e+00  0.000000000000000e+00 
 9.549925860214433e+07 -3.365874071924081e-01 -1.033089652622154e-02  3.368200566776316e-01  1.121833121184117e-02  1.000000000000000e+00  0.000000000000000e+00 -1.946296950843628e-01 -6.290053720068187e-02  1.946296950900920e-01  6.290053719937486e-02  1.000000000000000e+00  0.000000000000000e+00 
 1.000000000000008e+08 -3.367821352920813e-01 -1.079576474982685e-02  3.370353552297392e-01  1.172080202444008e-02  1.000000000000000e+00  0.000000000000000e+00 -1.959894691592485e-01 -6.557771061398876e-02  1.959894691616114e-01  6.557771061343103e-02  1.000000000000000e+00  0.000000000000000e+00 
 1.047128548050908e+08 -3.369951882768163e-01 -1.127931064977511e-02  3.372708183914837e-01  1.224316438038694e-02  1.000000000000000e+00  0.000000000000000e+00 -1.974688439918358e-01 -6.834103405144944e-02  1.974688439986461e-01  6.834103404974683e-02  1.000000000000000e+00  0.000000000000000e+00 
 1.096478196143194e+08 -3.372282409891154e-01 -1.178194921134475e-02  3.375282730969534e-01  1.278581218792033e-02  1.000000000000000e+00  0.000000000000000e+00 -1.990771822169603e-01 -7.118925609615658e-02  1.990771822183279e-01  7.118925609580784e-02  1.000000000000000e+00  0.000000000000000e+00 
 1.148153621496892e+08 -3.374831116244546e-01 -1.230404931341039e-02  3.378096993476474e-01  1.334908205703124e-02  1.000000000000000e+00  0.000000000000000e+00 -2.008243592047706e-01 -7.412042567322338e-02  2.008243592130096e-01  7.412042567096511e-02  1.000000000000000e+00  0.000000000000000e+00 
 1.202264434617423e+08 -3.377617720328582e-01 -1.284592264315696e-02  3.381172405618132e-01  1.393324052187502e-02  1.000000000000000e+00  0.000000000000000e+00 -2.027207478149282e-01 -7.713179723799145e-02  2.027207478187309e-01  7.713179723690702e-02  1.000000000000000e+00  0.000000000000000e+00 
 1.258925411794178e+08 -3.380663583503736e-01 -1.340781097120788e-02  3.384532141103881e-01  1.453846944934146e-02  1.000000000000000e+00  0.000000000000000e+00 -2.047771924732938e-01 -8.021972927407482e-02  2.047771924776261e-01  8.021972927277965e-02  1.000000000000000e+00  0.000000000000000e+00 
 1.318256738556418e+08 -3.383991818733123e-01 -1.398987159356988e-02  3.388201219175322e-01  1.516484943506238e-02  1.000000000000000e+00  0.000000000000000e+00 -2.070049707573724e-01 -8.337957674032952e-02  2.070049707555839e-01  8.337957674090821e-02  1.000000000000000e+00  0.000000000000000e+00 
 1.380384264602897e+08 -3.387627400602659e-01 -1.459216073192278e-02  3.392206609706996e-01  1.581234097681101e-02  1.000000000000000e+00  0.000000000000000e+00 -2.094157404357485e-01 -8.660557843100987e-02  2.094157404416687e-01  8.660557842906412e-02  1.000000000000000e+00  0.000000000000000e+00 
 1.445439770745940e+08 -3.391597275137266e-01 -1.521461466988411e-02  3.396577335465668e-01  1.648076320612957e-02  1.000000000000000e+00  0.000000000000000e+00 -2.120214699329810e-01 -8.989074063327843e-02  2.120214699370875e-01  8.989074063186926e-02  1.000000000000000e+00  0.000000000000000e+00 
 1.513561248436221e+08 -3.395930467539990e-01 -1.585702839074300e-02  3.401344569144654e-01  1.716976995313119e-02  1.000000000000000e+00  0.000000000000000e+00 -2.148343500547899e-01 -9.322671892062767e-02  2.148343500635236e-01  9.322671891747104e-02  1.000000000000000e+00  0.000000000000000e+00 
 1.584893192461127e+08 -3.400658185523744e-01 -1.651903147280144e-02  3.406541722277899e-01  1.787882291802645e-02  1.000000000000000e+00  0.000000000000000e+00 -2.178666849929025e-01 -9.660370046996525e-02  2.178666849917552e-01  9.660370047041753e-02  1.000000000000000e+00  0.000000000000000e+00 
 1.659586907437575e+08 -3.405813915375369e-01 -1.720006099314672e-02  3.412204522558315e-01  1.860716172754971e-02  1.000000000000000e+00  0.000000000000000e+00 -2.211307606544115e-01 -1.000102898586382e-01  2.211307606556305e-01  1.000102898581687e-01  1.000000000000000e+00  0.000000000000000e+00 
 1.737800828749391e+08 -3.411433507284272e-01 -1.789933119099559e-02  3.418371075435411e-01  1.935377066692352e-02  1.000000000000000e+00  0.000000000000000e+00 -2.246386887914196e-01 -1.034334019426024e-01  2.246386887935218e-01  1.034334019417412e-01  1.000000000000000e+00  0.000000000000000e+00 
 1.819700858610000e+08 -3.417555245779031e-01 -1.861579964959482e-02  3.425081905149353e-01  2.011734190042714e-02  1.000000000000000e+00  0.000000000000000e+00 -2.284022257066996e-01 -1.068581660437719e-01  2.284022257067457e-01  1.068581660437698e-01  1.000000000000000e+00  0.000000000000000e+00 
 1.905460717963264e+08 -3.424219900343057e-01 -1.934812977334686e-02  3.432379969577734e-01  2.089623502845220e-02  1.000000000000000e+00  0.000000000000000e+00 -2.324325650444913e-01 -1.102678463205959e-01  2.324325650480669e-01  1.102678463189727e-01  1.000000000000000e+00  0.000000000000000e+00 
 1.995262314968898e+08 -3.431470750428085e-01 -2.009464936702848e-02  3.440310642437406e-01  2.168843287887800e-02  1.000000000000000e+00  0.000000000000000e+00 -2.367401049437549e-01 -1.136437837666433e-01  2.367401049487384e-01  1.136437837642628e-01  1.000000000000000e+00  0.000000000000000e+00 
 2.089296130854059e+08 -3.439353578157314e-01 -2.085330516980569e-02  3.448921655513161e-01  2.249149349863423e-02  1.000000000000000e+00  0.000000000000000e+00 -2.413341908429968e-01 -1.169653657524831e-01  2.413341908478659e-01  1.169653657500439e-01  1.000000000000000e+00  0.000000000000000e+00 
 2.187761623949573e+08 -3.447916621023804e-01 -2.162161326169431e-02  3.458262992701823e-01  2.330249840060681e-02  1.000000000000000e+00  0.000000000000000e+00 -2.462228364968344e-01 -1.202100293336353e-01  2.462228365027470e-01  1.202100293305228e-01  1.000000000000000e+00  0.000000000000000e+00 
 2.290867652767794e+08 -3.457210475864677e-01 -2.239660534801055e-02  3.468386726798615e-01  2.411799723474002e-02  1.000000000000000e+00  0.000000000000000e+00 -2.514124271621005e-01 -1.233533046120677e-01  2.514124271624105e-01  1.233533046119179e-01  1.000000000000000e+00  0.000000000000000e+00 
 2.398832919019513e+08 -3.467287944362355e-01 -2.317477104222209e-02  3.479346789157060e-01  2.493394919333894e-02  1.000000000000000e+00  0.000000000000000e+00 -2.569074104770780e-01 -1.263689041980552e-01  2.569074104804195e-01  1.263689041961277e-01  1.000000000000000e+00  0.000000000000000e+00 
 2.511886431509604e+08 -3.478203809335025e-01 -2.395199641352138e-02  3.491198661681831e-01  2.574566163176503e-02  1.000000000000000e+00  0.000000000000000e+00 -2.627099822777260e-01 -1.292288642013806e-01  2.627099822784863e-01  1.292288642009392e-01  1.000000000000000e+00  0.000000000000000e+00 
 2.630267991895407e+08 -3.490014530192592e-01 -2.472349924619379e-02  3.503998980137937e-01  2.654772658880600e-02  1.000000000000000e+00  0.000000000000000e+00 -2.688197761708223e-01 -1.319037411189077e-01  2.688197761748812e-01  1.319037411163190e-01  1.000000000000000e+00  0.000000000000000e+00 
 2.754228703338193e+08 -3.502777845229633e-01 -2.548376167662506e-02  3.517805037564437e-01  2.733395612659616e-02  1.000000000000000e+00  0.000000000000000e+00 -2.752335673610627e-01 -1.343628674494744e-01  2.752335673659209e-01  1.343628674462130e-01  1.000000000000000e+00  0.000000000000000e+00 
 2.884031503126634e+08 -3.516552268002899e-01 -2.622646113255057e-02  3.532674176767111e-01  2.809731767701856e-02  1.000000000000000e+00  0.000000000000000e+00 -2.819450024267916e-01 -1.365746668338803e-01  2.819450024267952e-01  1.365746668339067e-01  1.000000000000000e+00  0.000000000000000e+00 
 3.019951720402046e+08 -3.531396465014967e-01 -2.694440079809651e-02  3.548663061543771e-01  2.882987087657475e-02  1.000000000000000e+00  0.000000000000000e+00 -2.889443677261477e-01 -1.385070270241112e-01  2.889443677263740e-01  1.385070270239723e-01  1.000000000000000e+00  0.000000000000000e+00 
 3.162277660168411e+08 -3.547368502435682e-01 -2.762944116479451e-02  3.565826817587812e-01  2.952270768844383e-02  1.000000000000000e+00  0.000000000000000e+00 -2.962184094506427e-01 -1.401277261006541e-01  2.962184094556379e-01  1.401277260967516e-01  1.000000000000000e+00  0.000000000000000e+00 
 3.311311214825944e+08 -3.564524950790279e-01 -2.827243459712966e-02  3.584218036043110e-01  3.016589793879238e-02  1.000000000000000e+00  0.000000000000000e+00 -3.037502179661467e-01 -1.414049042180946e-01  3.037502179704831e-01  1.414049042145322e-01  1.000000000000000e+00  0.000000000000000e+00 
 3.467368504525352e+08 -3.582919838588609e-01 -2.886316523076329e-02  3.603885635560979e-01  3.074844272017965e-02  1.000000000000000e+00  0.000000000000000e+00 -3.115191879395340e-01 -1.423075699425934e-01  3.115191879376641e-01  1.423075699442623e-01  1.000000000000000e+00  0.000000000000000e+00 
 3.630780547701051e+08 -3.602603448922040e-01 -2.939029691645745e-02  3.624873582534668e-01  3.125823841921761e-02  1.000000000000000e+00  0.000000000000000e+00 -3.195010637188973e-01 -1.428061271776906e-01  3.195010637194454e-01  1.428061271772229e-01  1.000000000000000e+00  0.000000000000000e+00 
 3.801893963205651e+08 -3.623620957253584e-01 -2.984133230073305e-02  3.647219474021313e-01  3.168205438483876e-02  1.000000000000000e+00  0.000000000000000e+00 -3.276680765247844e-01 -1.428729060170724e-01  3.276680765282094e-01  1.428729060137842e-01  1.000000000000000e+00  0.000000000000000e+00 
 3.981071705535014e+08 -3.646010914076206e-01 -3.020258646660203e-02  3.670952993716431e-01  3.200552743938206e-02  1.000000000000000e+00  0.000000000000000e+00 -3.359891762617750e-01 -1.424826788964732e-01  3.359891762596097e-01  1.424826788987353e-01  1.000000000000000e+00  0.000000000000000e+00 
 4.168693834703397e+08 -3.669803582854274e-01 -3.045917880893944e-02  3.696094258162410e-01  3.221317651533456e-02  1.000000000000000e+00  0.000000000000000e+00 -3.444303565169990e-01 -1.416131423525779e-01  3.444303565220261e-01  1.416131423471732e-01  1.000000000000000e+00  0.000000000000000e+00 
 4.365158322401705e+08 -3.695019151643988e-01 -3.059504694824065e-02  3.722652077999411e-01  3.228844064187807e-02  1.000000000000000e+00  0.000000000000000e+00 -3.529550667044238e-01 -1.402453447354196e-01  3.529550667059527e-01  1.402453447337128e-01  1.000000000000000e+00  0.000000000000000e+00 
 4.570881896148798e+08 -3.721665845840706e-01 -3.059298644904117e-02  3.750622167246794e-01  3.221374327354171e-02  1.000000000000000e+00  0.000000000000000e+00 -3.615247004629118e-01 -1.383640415600896e-01  3.615247004651095e-01  1.383640415574705e-01  1.000000000000000e+00  0.000000000000000e+00 
 4.786300923226434e+08 -3.749737979309561e-01 -3.043471986017277e-02  3.779985341957310e-01  3.197058551779762e-02  1.000000000000000e+00  0.000000000000000e+00 -3.700991453414458e-01 -1.359579626211939e-01  3.700991453445416e-01  1.359579626172607e-01  1.000000000000000e+00  0.000000000000000e+00 
 5.011872336272776e+08 -3.779213991240373e-01 -3.010099809250306e-02  3.810705757613744e-01  3.153967015631521e-02  1.000000000000000e+00  0.000000000000000e+00 -3.786373749180292e-01 -1.330199787115363e-01  3.786373749207432e-01  1.330199787078823e-01  1.000000000000000e+00  0.000000000000000e+00 
 5.248074602497782e+08 -3.810054525780576e-01 -2.957173636493447e-02  3.842729241724666e-01  3.090105745472209e-02  1.000000000000000e+00  0.000000000000000e+00 -3.870980620137091e-01 -1.295471602873011e-01  3.870980620166171e-01  1.295471602831327e-01  1.000000000000000e+00  0.000000000000000e+00 
 5.495408738576305e+08 -3.842200620035761e-01 -2.882618586680923e-02  3.875981783520411e-01  3.003435262367927e-02  1.000000000000000e+00  0.000000000000000e+00 -3.954401902237221e-01 -1.255407255722263e-01  3.954401902263306e-01  1.255407255682495e-01  1.000000000000000e+00  0.000000000000000e+00 
 5.754399373371632e+08 -3.875572072469514e-01 -2.784314091322246e-02  3.910368245709104e-01  2.891892345639167e-02  1.000000000000000e+00  0.000000000000000e+00 -4.036236409696905e-01 -1.210058809422343e-01  4.036236409707393e-01  1.210058809405669e-01  1.000000000000000e+00  0.000000000000000e+00 
 6.025595860743644e+08 -3.910066067115793e-01 -2.660117974689705e-02  3.945771363202969e-01  2.753414517494547e-02  1.000000000000000e+00  0.000000000000000e+00 -4.116097346527144e-01 -1.159515615770736e-01  4.116097346545202e-01  1.159515615739497e-01  1.000000000000000e+00  0.000000000000000e+00 
 6.309573444802003e+08 -3.945556128422508e-01 -2.507893533693184e-02  3.982051089946586e-01  2.585966794593941e-02  1.000000000000000e+00  0.000000000000000e+00 -4.193617071094403e-01 -1.103900849344114e-01  4.193617071092044e-01  1.103900849349354e-01  1.000000000000000e+00  0.000000000000000e+00 
 6.606934480076034e+08 -3.981891476222221e-01 -2.325539064510117e-02  4.019044347042096e-01  2.387570097422424e-02  1.000000000000000e+00  0.000000000000000e+00 -4.268451061625400e-01 -1.043367333175336e-01  4.268451061626761e-01  1.043367333173370e-01  1.000000000000000e+00  0.000000000000000e+00 
 6.918309709189442e+08 -4.018896839813998e-01 -2.111019100839436e-02  4.056565213124909e-01  2.156330567028074e-02  1.000000000000000e+00  0.000000000000000e+00 -4.340280974700684e-01 -9.780928432233646e-02  4.340280974702958e-01  9.780928432192321e-02  1.000000000000000e+00  0.000000000000000e+00 
 7.244359600749983e+08 -4.056372774389934e-01 -1.862396467706023e-02  4.094405581610081e-01  1.890468924005011e-02  1.000000000000000e+00  0.000000000000000e+00 -4.408816734740897e-01 -9.082750935669598e-02  4.408816734748146e-01  9.082750935505628e-02  1.000000000000000e+00  0.000000000000000e+00 
 7.585775750291924e+08 -4.094096502497442e-01 -1.577864131285413e-02  4.132336289625420e-01  1.588348929236701e-02  1.000000000000000e+00  0.000000000000000e+00 -4.473797639972410e-01 -8.341266049058436e-02  4.473797639974019e-01  8.341266049026827e-02  1.000000000000000e+00  0.000000000000000e+00 
 7.943282347242906e+08 -4.131823278883670e-01 -1.255775754472714e-02  4.170108701211335e-01  1.248503980927525e-02  1.000000000000000e+00  0.000000000000000e+00 -4.534992513259673e-01 -7.558696494606723e-02  4.534992513266074e-01  7.558696494434961e-02  1.000000000000000e+00  0.000000000000000e+00 
 8.317637711026806e+08 -4.169288250422460e-01 -8.946738621711234e-03  4.207456704108498e-01  8.696609158759389e-03  1.000000000000000e+00  0.000000000000000e+00 -4.592198964052471e-01 -6.737314459064862e-02  4.592198964067650e-01  6.737314458597538e-02  1.000000000000000e+00  0.000000000000000e+00 
 8.709635899560907e+08 -4.206208755793303e-01 -4.933145870317096e-03  4.244099056855082e-01  4.507601784453336e-03  1.000000000000000e+00  0.000000000000000e+00 -4.645241857183158e-01 -5.879397524187840e-02  4.645241857192010e-01  5.879397523890025e-02  1.000000000000000e+00  0.000000000000000e+00 
 9.120108393559203e+08 -4.242286984324801e-01 -5.068810690759679e-04  4.279742002778024e-01 -9.028323371573777e-05  1.000000000000000e+00  0.000000000000000e+00 -4.693971105668205e-01 -4.987189757675310e-02  4.693971105668613e-01  4.987189757675006e-02  1.000000000000000e+00  0.000000000000000e+00 
 9.549925860214471e+08 -4.277212892110538e-01  4.339659061447038e-03  4.314082051528284e-01 -5.102941463644498e-03  1.000000000000000e+00  0.000000000000000e+00 -4.738258917361383e-01 -4.062868827203868e-02  4.738258917363921e-01  4.062868827106814e-02  1.000000000000000e+00  0.000000000000000e+00 
 1.000000000000012e+09 -4.310667258105457e-01  9.611482415278080e-03  4.346808818560930e-01 -1.053380247136186e-02  1.000000000000000e+00  0.000000000000000e+00 -4.777996629783102e-01 -3.108519693937919e-02  4.777996629787606e-01  3.108519693721319e-02  1.000000000000000e+00  0.000000000000000e+00 
 1.047128548050912e+09 -4.342324754905655e-01  1.531095625832747e-02  4.377607809445087e-01 -1.638381873120852e-02  1.000000000000000e+00  0.000000000000000e+00 -4.813091265270855e-01 -2.126115159523470e-02  4.813091265272556e-01  2.126115159441436e-02  1.000000000000000e+00  0.000000000000000e+00 
 1.096478196143198e+09 -4.371856909150444e-01  2.143781518932002e-02  4.406163039588784e-01 -2.265150082549805e-02  1.000000000000000e+00  0.000000000000000e+00 -4.843461931153933e-01 -1.117503294123154e-02  4.843461931155050e-01  1.117503294067107e-02  1.000000000000000e+00  0.000000000000000e+00 
 1.148153621496897e+09 -4.398934835061056e-01  2.798921725472463e-02  4.432159390734252e-01 -2.933299306636554e-02  1.000000000000000e+00  0.000000000000000e+00 -4.869036178266697e-01 -8.440157447249241e-04  4.869036178268276e-01  8.440157435197493e-04  1.000000000000000e+00  0.000000000000000e+00 
 1.202264434617427e+09 -4.423231640891513e-01  3.495984044469043e-02  4.455284622663355e-01 -3.642218143108464e-02  1.000000000000000e+00  0.000000000000000e+00 -4.889746417489022e-01  9.716025883252738e-03  4.889746417490873e-01 -9.716025885394747e-03  1.000000000000000e+00  0.000000000000000e+00 
 1.258925411794183e+09 -4.444424430698500e-01  4.234200959861550e-02  4.475230980675884e-01 -4.391082397007887e-02  1.000000000000000e+00  0.000000000000000e+00 -4.905526479741362e-01  2.049045358219641e-02  4.905526479741197e-01 -2.049045358072440e-02  1.000000000000000e+00  0.000000000000000e+00 
 1.318256738556423e+09 -4.462195851035921e-01  5.012584221724176e-02  4.491696364928355e-01 -5.178869272939282e-02  1.000000000000000e+00  0.000000000000000e+00 -4.916308390771564e-01  3.146574508686767e-02  4.916308390771995e-01 -3.146574508735174e-02  1.000000000000000e+00  0.000000000000000e+00 
 1.380384264602902e+09 -4.476235161877160e-01  5.829940088981705e-02  4.504385054837904e-01 -6.004371577574791e-02  1.000000000000000e+00  0.000000000000000e+00 -4.922019419466951e-01  4.262932503091865e-02  4.922019419467257e-01 -4.262932503130919e-02  1.000000000000000e+00  0.000000000000000e+00 
 1.445439770745945e+09 -4.486238841167808e-01  6.684884000994641e-02  4.513008008681609e-01 -6.866210811585645e-02  1.000000000000000e+00  0.000000000000000e+00 -4.922579447326124e-01  5.396935135078937e-02  4.922579447325993e-01 -5.396935135177361e-02  1.000000000000000e+00  0.000000000000000e+00 
 1.513561248436227e+09 -4.491910761004068e-01  7.575853512228337e-02  4.517282783670440e-01 -7.762848110690138e-02  1.000000000000000e+00  0.000000000000000e+00 -4.917898698417668e-01  6.547446236059819e-02  4.917898698416830e-01 -6.547446236205839e-02  1.000000000000000e+00  0.000000000000000e+00 
 1.584893192461133e+09 -4.492961998961102e-01  8.501118451751388e-02  4.516933143893332e-01 -8.692592126986025e-02  1.000000000000000e+00  0.000000000000000e+00 -4.907875862758827e-01  7.713348923009244e-02  4.907875862758805e-01 -7.713348923044973e-02  1.000000000000000e+00  0.000000000000000e+00 
 1.659586907437582e+09 -4.489110369454711e-01  9.458787444890099e-02  4.511688441752270e-01 -9.653603112781378e-02  1.000000000000000e+00  0.000000000000000e+00 -4.892396642319383e-01  8.893513834021925e-02  4.892396642319786e-01 -8.893513834020986e-02  1.000000000000000e+00  0.000000000000000e+00 
 1.737800828749398e+09 -4.480079776579871e-01  1.044681014422530e-01  4.501282872395304e-01 -1.064389266773878e-01  1.000000000000000e+00  0.000000000000000e+00 -4.871332747160101e-01  1.008676477444212e-01  4.871332747158432e-01 -1.008676477455636e-01  1.000000000000000e+00  0.000000000000000e+00 
 1.819700858610007e+09 -4.465599501441274e-01  1.146297474796848e-01  4.485454710119310e-01 -1.166131882502248e-01  1.000000000000000e+00  0.000000000000000e+00 -4.844541369352824e-01  1.129184218116597e-01  4.844541369351925e-01 -1.129184218122613e-01  1.000000000000000e+00  0.000000000000000e+00 
 1.905460717963272e+09 -4.445403543736084e-01  1.250490062406447e-01  4.463945640959450e-01 -1.270357637375233e-01  1.000000000000000e+00  0.000000000000000e+00 -4.811865163892385e-01  1.250736481419523e-01  4.811865163893386e-01 -1.250736481417054e-01  1.000000000000000e+00  0.000000000000000e+00 
 1.995262314968905e+09 -4.419230139668522e-01  1.357002609916056e-01  4.436500307090279e-01 -1.376818253625343e-01  1.000000000000000e+00  0.000000000000000e+00 -4.773132768235762e-01  1.373179010671228e-01  4.773132768234013e-01 -1.373179010678759e-01  1.000000000000000e+00  0.000000000000000e+00 
 2.089296130854067e+09 -4.386821576680339e-01  1.465559170672226e-01  4.402866176684129e-01 -1.485245833469601e-01  1.000000000000000e+00  0.000000000000000e+00 -4.728159894822767e-01  1.496337364624111e-01  4.728159894822273e-01 -1.496337364626859e-01  1.000000000000000e+00  0.000000000000000e+00 
 2.187761623949581e+09 -4.347924420477867e-01  1.575861941461670e-01  4.362793847925002e-01 -1.595350619040869e-01  1.000000000000000e+00  0.000000000000000e+00 -4.676751033339255e-01  1.620012832590308e-01  4.676751033337920e-01 -1.620012832595106e-01  1.000000000000000e+00  0.000000000000000e+00 
 2.290867652767803e+09 -4.302290261830434e-01  1.687588856813758e-01  4.316037888265191e-01 -1.706818449984868e-01  1.000000000000000e+00  0.000000000000000e+00 -4.618701800770425e-01  1.743978379930228e-01  4.618701800774532e-01 -1.743978379920872e-01  1.000000000000000e+00  0.000000000000000e+00 
 2.398832919019522e+09 -4.249677079842591e-01  1.800390948978109e-01  4.262358299872075e-01 -1.819308012436999e-01  1.000000000000000e+00  0.000000000000000e+00 -4.553801976842909e-01  1.867974698422109e-01  4.553801976846371e-01 -1.867974698415112e-01  1.000000000000000e+00  0.000000000000000e+00 
 2.511886431509614e+09 -4.189851304898246e-01  1.913889587261089e-01  4.201522689485359e-01 -1.932447991713164e-01  1.000000000000000e+00  0.000000000000000e+00 -4.481839259266577e-01  1.991706450137460e-01  4.481839259263594e-01 -1.991706450144395e-01  1.000000000000000e+00  0.000000000000000e+00 
 2.630267991895417e+09 -4.122590648069049e-01  2.027673728972040e-01  4.133309205341070e-01 -2.045834258954385e-01  1.000000000000000e+00  0.000000000000000e+00 -4.402603766672258e-01  2.114838808517158e-01  4.402603766668134e-01 -2.114838808525633e-01  1.000000000000000e+00  0.000000000000000e+00 
 2.754228703338203e+09 -4.047687744133124e-01  2.141297331657883e-01  4.057510285016168e-01 -2.159027238973861e-01  1.000000000000000e+00  0.000000000000000e+00 -4.315893306270007e-01  2.236994417007103e-01  4.315893306270873e-01 -2.236994417006258e-01  1.000000000000000e+00  0.000000000000000e+00 
 2.884031503126645e+09 -3.964954632017028e-01  2.254277092209634e-01  3.973937235512778e-01 -2.271549622246276e-01  1.000000000000000e+00  0.000000000000000e+00 -4.221519407386037e-01  2.357750902196940e-01  4.221519407379266e-01 -2.357750902208216e-01  1.000000000000000e+00  0.000000000000000e+00 
 3.019951720402058e+09 -3.874228068989867e-01  2.366090692131126e-01  3.882425640139959e-01 -2.382884597637364e-01  1.000000000000000e+00  0.000000000000000e+00 -4.119314100540599e-01  2.476639093924708e-01  4.119314100543252e-01 -2.476639093921411e-01  1.000000000000000e+00  0.000000000000000e+00 
 3.162277660168423e+09 -3.775375642937221e-01  2.476175738768204e-01  3.782841555378298e-01 -2.492474793056697e-01  1.000000000000000e+00  0.000000000000000e+00 -4.009137394374771e-01  2.593142117496784e-01  4.009137394373890e-01 -2.593142117498446e-01  1.000000000000000e+00  0.000000000000000e+00 
 3.311311214825957e+09 -3.668302610384171e-01  2.583929598280489e-01  3.675088424782220e-01 -2.599722117366832e-01  1.000000000000000e+00  0.000000000000000e+00 -3.890885368940941e-01  2.706695532299417e-01  3.890885368942134e-01 -2.706695532298418e-01  1.000000000000000e+00  0.000000000000000e+00 
 3.467368504525365e+09 -3.552959346849986e-01  2.688710315989729e-01  3.559114596315890e-01 -2.703988696958758e-01  1.000000000000000e+00  0.000000000000000e+00 -3.764498765006109e-01  2.816688692707925e-01  3.764498765006167e-01 -2.816688692708272e-01  1.000000000000000e+00  0.000000000000000e+00 
 3.630780547701065e+09 -3.429349251337221e-01  2.789838811663753e-01  3.434921285072859e-01 -2.804599092586395e-01  1.000000000000000e+00  0.000000000000000e+00 -3.629971904887497e-01  2.922467501625411e-01  3.629971904888795e-01 -2.922467501624465e-01  1.000000000000000e+00  0.000000000000000e+00 
 3.801893963205667e+09 -3.297536899647762e-01  2.886602519456274e-01  3.302570776468988e-01 -2.900843964484707e-01  1.000000000000000e+00  0.000000000000000e+00 -3.487361733685709e-01  3.023338710038559e-01  3.487361733684753e-01 -3.023338710039798e-01  1.000000000000000e+00  0.000000000000000e+00 
 3.981071705535030e+09 -3.157656193850835e-01  2.978260612946608e-01  3.162194617807362e-01 -2.991985324789048e-01  1.000000000000000e+00  0.000000000000000e+00 -3.336796722190646e-01  3.118575887372272e-01  3.336796722191321e-01 -3.118575887372015e-01  1.000000000000000e+00  0.000000000000000e+00 
 4.168693834703414e+09 -3.009918210407960e-01  3.064050913748960e-01  3.014001501409205e-01 -3.077263474555843e-01  1.000000000000000e+00  0.000000000000000e+00 -3.178485327899251e-01  3.207427144957772e-01  3.178485327900692e-01 -3.207427144956950e-01  1.000000000000000e+00  0.000000000000000e+00 
 4.365158322401723e+09 -2.854618410662099e-01  3.143198526924740e-01  2.858284503771622e-01 -3.155905667686778e-01  1.000000000000000e+00  0.000000000000000e+00 -3.012723671899963e-01  3.289124638696888e-01  3.012723671901014e-01 -3.289124638696423e-01  1.000000000000000e+00  0.000000000000000e+00 
 4.570881896148817e+09 -2.692142848596916e-01  3.214926178353206e-01  2.695427316436239e-01 -3.227136476196319e-01  1.000000000000000e+00  0.000000000000000e+00 -2.839902061442438e-01  3.362895807177718e-01  2.839902061442581e-01 -3.362895807177871e-01  1.000000000000000e+00  0.000000000000000e+00 
 4.786300923226454e+09 -2.522972996156832e-01  3.278466149951269e-01  2.525909089629994e-01 -3.290189752189031e-01  1.000000000000000e+00  0.000000000000000e+00 -2.660509974976754e-01  3.427976220306148e-01  2.660509974975812e-01 -3.427976220306894e-01  1.000000000000000e+00  0.000000000000000e+00 
 5.011872336272797e+09 -2.347688809993339e-01  3.333073621242389e-01  2.350307513282416e-01 -3.344321994688482e-01  1.000000000000000e+00  0.000000000000000e+00 -2.475139132604326e-01  3.483623824172804e-01  2.475139132602543e-01 -3.483623824173885e-01  1.000000000000000e+00  0.000000000000000e+00 
 5.248074602497804e+09 -2.166969688596995e-01  3.378041134754772e-01  2.169299785067678e-01 -3.388826838581544e-01  1.000000000000000e+00  0.000000000000000e+00 -2.284484303521647e-01  3.529134275320485e-01  2.284484303519392e-01 -3.529134275321635e-01  1.000000000000000e+00  0.000000000000000e+00 
 5.495408738576327e+09 -1.981593017508009e-01  3.412713813871240e-01  1.983661163790072e-01 -3.423050294201804e-01  1.000000000000000e+00  0.000000000000000e+00 -2.089341555167101e-01  3.563856967973473e-01  2.089341555170377e-01 -3.563856967972457e-01  1.000000000000000e+00  0.000000000000000e+00 
 5.754399373371655e+09 -1.792430073076168e-01  3.436504881787585e-01  1.794260879137319e-01 -3.446406286205465e-01  1.000000000000000e+00  0.000000000000000e+00 -1.890603726585765e-01  3.587211278191949e-01  1.890603726587290e-01 -3.587211278191649e-01  1.000000000000000e+00  0.000000000000000e+00 
 6.025595860743669e+09 -1.600439150356264e-01  3.448910966273924e-01  1.602055263864514e-01 -3.458391976504681e-01  1.000000000000000e+00  0.000000000000000e+00 -1.689253008821296e-01  3.598702486731774e-01  1.689253008822094e-01 -3.598702486731731e-01  1.000000000000000e+00  0.000000000000000e+00 
 6.309573444802029e+09 -1.406655894163457e-01  3.449526633740079e-01  1.408078087830687e-01 -3.458602314883233e-01  1.000000000000000e+00  0.000000000000000e+00 -1.486350633711193e-01  3.597936804388878e-01  1.486350633712107e-01 -3.597936804388852e-01  1.000000000000000e+00  0.000000000000000e+00 
 6.606934480076061e+09 -1.212180937828944e-01  3.438057583280271e-01  1.213428198748008e-01 -3.446743248129004e-01  1.000000000000000e+00  0.000000000000000e+00 -1.283023802159970e-01  3.584634915520275e-01  1.283023802160822e-01 -3.584634915520304e-01  1.000000000000000e+00  0.000000000000000e+00 
 6.918309709189471e+09 -1.018165083705433e-01  3.414331950553979e-01  1.019254703938873e-01 -3.422643037717390e-01  1.000000000000000e+00  0.000000000000000e+00 -1.080450115651100e-01  3.558643480484193e-01  1.080450115652666e-01 -3.558643480484227e-01  1.000000000000000e+00  0.000000000000000e+00 
 7.244359600750012e+09 -8.257923837482392e-02  3.378309223579010e-01  8.267400516044586e-02 -3.386261188302611e-01  1.000000000000000e+00  0.000000000000000e+00 -8.798399005420887e-02  3.519944096707333e-01  8.798399005451484e-02 -3.519944096707463e-01  1.000000000000000e+00  0.000000000000000e+00 
 7.585775750291955e+09 -6.362615881112753e-02  3.330086355823493e-01  6.370814796625213e-02 -3.337694572575633e-01  1.000000000000000e+00  0.000000000000000e+00 -6.824169240065427e-02  3.468659308452816e-01  6.824169240094489e-02 -3.468659308453125e-01  1.000000000000000e+00  0.000000000000000e+00 
 7.943282347242938e+09 -4.507665160715675e-02  3.269900771461615e-01  4.514713865368156e-02 -3.277180447507050e-01  1.000000000000000e+00  0.000000000000000e+00 -4.893980847039286e-02  3.405055371637319e-01  4.893980847062118e-02 -3.405055371637732e-01  1.000000000000000e+00  0.000000000000000e+00 
 8.317637711026839e+09 -2.704759600309322e-02  3.198130085805630e-01  2.710772346766540e-02 -3.205096185115774e-01  1.000000000000000e+00  0.000000000000000e+00 -3.019727138284375e-02  3.329541614169400e-01  3.019727138294738e-02 -3.329541614169721e-01  1.000000000000000e+00  0.000000000000000e+00 
 8.709635899560942e+09 -9.651375583502561e-03  3.115288501454272e-01  9.702162004878501e-03 -3.121955678402737e-01  1.000000000000000e+00  0.000000000000000e+00 -1.212821394013423e-02  3.242666374475715e-01  1.212821394052700e-02 -3.242666374476866e-01  1.000000000000000e+00  0.000000000000000e+00 
 9.120108393559240e+09  7.006035963207749e-03  3.022019977566872e-01 -6.963687145566458e-03 -3.028402519927803e-01  1.000000000000000e+00  0.000000000000000e+00  5.159985174533479e-03  3.145109640773731e-01 -5.159985174313349e-03 -3.145109640774592e-01  1.000000000000000e+00  0.000000000000000e+00 
 9.549925860214510e+09  2.282685272845673e-02  2.919088396261412e-01 -2.279214444293594e-02 -2.925200177068055e-01  1.000000000000000e+00  0.000000000000000e+00  2.156850710754080e-02  3.037672641447480e-01 -2.156850710732222e-02 -3.037672641448508e-01  1.000000000000000e+00  0.000000000000000e+00 
 1.000000000000016e+10  3.772306766398269e-02  2.807365058322472e-01 -3.769530067324023e-02 -2.813219496157565e-01  1.000000000000000e+00  0.000000000000000e+00  3.700869993723314e-02  2.921264744548834e-01 -3.700869993700522e-02 -2.921264744550087e-01  1.000000000000000e+00  0.000000000000000e+00 
 1.047128548050916e+10  5.161781558502732e-02  2.687813924421844e-01 -5.159638019274332e-02 -2.693423951704292e-01  1.000000000000000e+00  0.000000000000000e+00  5.140344639142409e-02  2.796888106372400e-01 -5.140344639107335e-02 -2.796888106374553e-01  1.000000000000000e+00  0.000000000000000e+00 
 1.096478196143202e+10  6.444647715175131e-02  2.561475074958244e-01 -6.443084519286420e-02 -2.566853113767380e-01  1.000000000000000e+00  0.000000000000000e+00  6.468826217835212e-02  2.665620562724156e-01 -6.468826217809667e-02 -2.665620562726014e-01  1.000000000000000e+00  0.000000000000000e+00 
 1.148153621496901e+10  7.615750354434114e-02  2.429446891349721e-01 -7.614722070137091e-02 -2.434604836294300e-01  1.000000000000000e+00  0.000000000000000e+00  7.681210591687096e-02  2.528597282234161e-01 -7.681210591665261e-02 -2.528597282236006e-01  1.000000000000000e+00  0.000000000000000e+00 
 1.202264434617432e+10  8.671295181294845e-02  2.292867466620176e-01 -8.670763029909193e-02 -2.297816674219321e-01  1.000000000000000e+00  0.000000000000000e+00  8.773789210352886e-02  2.386991701820596e-01 -8.773789210332852e-02 -2.386991701822543e-01  1.000000000000000e+00  0.000000000000000e+00 
 1.258925411794188e+10  9.608873020663629e-02  2.152895737708647e-01 -9.608804185307387e-02 -2.157647021710215e-01  1.000000000000000e+00  0.000000000000000e+00  9.744270794702034e-02  2.241996244837826e-01 -9.744270794678600e-02 -2.241996244840372e-01  1.000000000000000e+00  0.000000000000000e+00 
 1.318256738556429e+10  1.042745608325862e-01  2.010692801370924e-01 -1.042782306129665e-01 -2.015256433392867e-01  1.000000000000000e+00  0.000000000000000e+00  1.059177429092326e-01  2.094803288194655e-01 -1.059177429090155e-01 -2.094803288197352e-01  1.000000000000000e+00  0.000000000000000e+00 
 1.380384264602907e+10  1.112736736513215e-01  1.867403835192253e-01 -1.112814736708273e-01 -1.871789550037179e-01  1.000000000000000e+00  0.000000000000000e+00  1.131679463383280e-01  1.946586801316431e-01 -1.131679463381406e-01 -1.946586801319119e-01  1.000000000000000e+00  0.000000000000000e+00 
 1.445439770745951e+10  1.171022511438026e-01  1.724140999744179e-01 -1.171139951137101e-01 -1.728358004708550e-01  1.000000000000000e+00  0.000000000000000e+00  1.192114337546323e-01  1.798485032029692e-01 -1.192114337544979e-01 -1.798485032031986e-01  1.000000000000000e+00  0.000000000000000e+00 
 1.513561248436233e+10  1.217886471880611e-01  1.581967650707441e-01 -1.218041853994474e-01 -1.586024638186311e-01  1.000000000000000e+00  0.000000000000000e+00  1.240786663826817e-01  1.651584565625573e-01 -1.240786663825515e-01 -1.651584565628126e-01  1.000000000000000e+00  0.000000000000000e+00 
 1.584893192461140e+10  1.253724070112026e-01  1.441884142758371e-01 -1.253916218135826e-01 -1.445789305435669e-01  1.000000000000000e+00  0.000000000000000e+00  1.278114316858623e-01  1.506906035348639e-01 -1.278114316857468e-01 -1.506906035351300e-01  1.000000000000000e+00  0.000000000000000e+00 
 1.659586907437588e+10  1.279031177811076e-01  1.304815460645553e-01 -1.279259195634642e-01 -1.308576508559730e-01  1.000000000000000e+00  0.000000000000000e+00  1.304616552153801e-01  1.365391715642152e-01 -1.304616552152922e-01 -1.365391715644631e-01  1.000000000000000e+00  0.000000000000000e+00 
 1.737800828749405e+10  1.294391216476023e-01  1.171600866509930e-01 -1.294654453106836e-01 -1.175225045296479e-01  1.000000000000000e+00  0.000000000000000e+00  1.320900762134105e-01  1.227895182866950e-01 -1.320900762133430e-01 -1.227895182869337e-01  1.000000000000000e+00  0.000000000000000e+00 
 1.819700858610014e+10  1.300461249087859e-01  1.042985704846390e-01 -1.300759268088758e-01 -1.046479814483036e-01  1.000000000000000e+00  0.000000000000000e+00  1.327648211869887e-01  1.095173180430893e-01 -1.327648211869309e-01 -1.095173180433450e-01  1.000000000000000e+00  0.000000000000000e+00 
 1.905460717963279e+10  1.297957384250896e-01  9.196154562459535e-02 -1.298289937609467e-01 -9.229858696638854e-02  1.000000000000000e+00  0.000000000000000e+00  1.325599110477623e-01  9.678797748947852e-02 -1.325599110477250e-01 -9.678797748971393e-02  1.000000000000000e+00  0.000000000000000e+00 
 1.995262314968913e+10  1.287639852947859e-01  8.020320773707552e-02 -1.288006859013339e-01 -8.052847583462039e-02  1.000000000000000e+00  0.000000000000000e+00  1.315537382482235e-01  8.465628357536809e-02 -1.315537382481995e-01 -8.465628357560315e-02  1.000000000000000e+00  0.000000000000000e+00 
 2.089296130854075e+10  1.270298119427090e-01  6.906726075758783e-02 -1.270699644476088e-01 -6.938131273802668e-02  1.000000000000000e+00  0.000000000000000e+00  1.298275504302457e-01  7.316628142908288e-02 -1.298275504302390e-01 -7.316628142928371e-02  1.000000000000000e+00  0.000000000000000e+00 
 2.187761623949590e+10  1.246736379504227e-01  5.858699633788356e-02 -1.247172622431327e-01 -5.889035157415121e-02  1.000000000000000e+00  0.000000000000000e+00  1.274639762202784e-01  6.235137373461604e-02 -1.274639762202825e-01 -6.235137373481064e-02  1.000000000000000e+00  0.000000000000000e+00 
 2.290867652767812e+10  1.217759780036138e-01  4.878557828255931e-02 -1.218231059611636e-01 -4.907871968492352e-02  1.000000000000000e+00  0.000000000000000e+00  1.245456267835050e-01  5.223462723527466e-02 -1.245456267835187e-01 -5.223462723546422e-02  1.000000000000000e+00  0.000000000000000e+00 
 2.398832919019532e+10  1.184161661696848e-01  3.967651257530937e-02 -1.184668405793505e-01 -3.995988765159197e-02  1.000000000000000e+00  0.000000000000000e+00  1.211538035039626e-01  4.282926636532088e-02 -1.211538035039849e-01 -4.282926636548993e-02  1.000000000000000e+00  0.000000000000000e+00 
 2.511886431509623e+10  1.146712083792935e-01  3.126427864297202e-02 -1.147254819957841e-01 -3.153830031081790e-02  1.000000000000000e+00  0.000000000000000e+00  1.173673377236893e-01  3.413932904426716e-02 -1.173673377237185e-01 -3.413932904442829e-02  1.000000000000000e+00  0.000000000000000e+00 
 2.630267991895427e+10  1.106147836280997e-01  2.354509353840703e-02 -1.106727183018010e-01 -2.381014068319497e-02  1.000000000000000e+00  0.000000000000000e+00  1.132615830145113e-01  2.616045570493830e-02 -1.132615830145453e-01 -2.616045570507966e-02  1.000000000000000e+00  0.000000000000000e+00 
 2.754228703338214e+10  1.063164083095776e-01  1.650777801324627e-02 -1.063780741228435e-01 -1.676419579548101e-02  1.000000000000000e+00  0.000000000000000e+00  1.089075742476604e-01  1.888077994215359e-02 -1.089075742477005e-01 -1.888077994229628e-02  1.000000000000000e+00  0.000000000000000e+00 
 2.884031503126656e+10  1.018407715888205e-01  1.013469217333394e-02 -1.019062459391870e-01 -1.038279209939577e-02  1.000000000000000e+00  0.000000000000000e+00  1.043713611287572e-01  1.228188793965069e-02 -1.043713611288013e-01 -1.228188793978432e-02  1.000000000000000e+00  0.000000000000000e+00 
 3.019951720402069e+10  9.724724322357585e-02  4.402708617496651e-03 -9.731660979599367e-02 -4.642768397269697e-03  1.000000000000000e+00  0.000000000000000e+00  9.971351727833842e-02  6.339814109227623e-03 -9.971351727838312e-02 -6.339814109342734e-03  1.000000000000000e+00  0.000000000000000e+00 
 3.162277660168435e+10  9.258954911967306e-02 -7.158074163229177e-04 -9.266289669430848e-02  4.835441922979361e-04  1.000000000000000e+00  0.000000000000000e+00  9.498881975396356e-02  1.026042084647732e-03 -9.498881975401043e-02 -1.026042084755327e-03  1.000000000000000e+00  0.000000000000000e+00 
 3.311311214825969e+10  8.791560451354910e-02 -5.252038516823361e-03 -8.799302556127778e-02  5.027362839507716e-03  1.000000000000000e+00  0.000000000000000e+00  9.024608847236519e-02 -3.691516835995926e-03 -9.024608847241143e-02  3.691516835901864e-03  1.000000000000000e+00  0.000000000000000e+00 
 3.467368504525378e+10  8.326749026497050e-02 -9.239799973763682e-03 -8.334907928931493e-02  9.022537968070543e-03  1.000000000000000e+00  0.000000000000000e+00  8.552817056058008e-02 -7.847591785375200e-03 -8.552817056062710e-02  7.847591785288063e-03  1.000000000000000e+00  0.000000000000000e+00 
 3.630780547701078e+10  7.868155447975728e-02 -1.271468838795303e-02 -7.876740607166029e-02  1.250470189931693e-02  1.000000000000000e+00  0.000000000000000e+00  8.087205140418922e-02 -1.147868638032481e-02 -8.087205140423727e-02  1.147868638024253e-02  1.000000000000000e+00  0.000000000000000e+00 
 3.801893963205680e+10  7.418861962318790e-02 -1.571330855931294e-02 -7.427882620367390e-02  1.551049571181696e-02  1.000000000000000e+00  0.000000000000000e+00  7.630907212374446e-02 -1.462229328344135e-02 -7.630907212379112e-02  1.462229328336803e-02  1.000000000000000e+00  0.000000000000000e+00 
 3.981071705535044e+10  6.981427439188698e-02 -1.827258841082604e-02 -6.990892362738184e-02  1.807688406879025e-02  1.000000000000000e+00  0.000000000000000e+00  7.186523235560956e-02 -1.731619896351495e-02 -7.186523235565398e-02  1.731619896345055e-02  1.000000000000000e+00  0.000000000000000e+00 
 4.168693834703429e+10  6.557922976902703e-02 -2.042918719109755e-02 -6.567840165493420e-02  2.024056325150320e-02  1.000000000000000e+00  0.000000000000000e+00  6.756155741987710e-02 -1.959788377069091e-02 -6.756155741991959e-02  1.959788377063358e-02  1.000000000000000e+00  0.000000000000000e+00 
 4.365158322401739e+10  6.149971972268479e-02 -2.221899816165368e-02 -6.160348334279753e-02  2.203746360147512e-02  1.000000000000000e+00  0.000000000000000e+00  6.341451004926436e-02 -2.150401836186685e-02 -6.341451004930750e-02  2.150401836181185e-02  1.000000000000000e+00  0.000000000000000e+00 
 4.570881896148833e+10  5.758792871708483e-02 -2.367674355771897e-02 -5.769633869954623e-02  2.350234415845493e-02  1.000000000000000e+00  0.000000000000000e+00  5.943642862161819e-02 -2.307005406623076e-02 -5.943642862165809e-02  2.307005406618321e-02  1.000000000000000e+00  0.000000000000000e+00 
 4.786300923226471e+10  5.385243037967327e-02 -2.483565688677757e-02 -5.396552308440715e-02  2.466847455858066e-02  1.000000000000000e+00  0.000000000000000e+00  5.563597606957098e-02 -2.432990204271111e-02 -5.563597606960927e-02  2.432990204266797e-02  1.000000000000000e+00  0.000000000000000e+00 
 5.011872336272815e+10  5.029862410222420e-02 -2.572724561191465e-02 -5.041641358985710e-02  2.556739724212087e-02  1.000000000000000e+00  0.000000000000000e+00  5.201858612991732e-02 -2.531569406252233e-02 -5.201858612995324e-02  2.531569406248405e-02  1.000000000000000e+00  0.000000000000000e+00 
 5.248074602497823e+10  4.692915887409033e-02 -2.638112592280810e-02 -4.705163272204783e-02  2.622876167879745e-02  1.000000000000000e+00  0.000000000000000e+00  4.858689616270250e-02 -2.605761641503814e-02 -4.858689616273770e-02  2.605761641500248e-02  1.000000000000000e+00  0.000000000000000e+00 
 5.495408738576347e+10  4.374433610502824e-02 -2.682492055745052e-02 -4.387145115222540e-02  2.668022158201876e-02  1.000000000000000e+00  0.000000000000000e+00  4.534115826947042e-02 -2.658380771223222e-02 -4.534115826950341e-02  2.658380771220036e-02  1.000000000000000e+00  0.000000000000000e+00 
 5.754399373371677e+10  4.074248548403527e-02 -2.708421041156249e-02 -4.087416360074621e-02  2.694738586066437e-02  1.000000000000000e+00  0.000000000000000e+00  4.227962276096436e-02 -2.692031116316917e-02 -4.227962276099551e-02  2.692031116314050e-02  1.000000000000000e+00  0.000000000000000e+00 
 6.025595860743690e+10  3.792030996465732e-02 -2.718253085945178e-02 -3.805643395793296e-02  2.705381424745219e-02  1.000000000000000e+00  0.000000000000000e+00  3.939889009219562e-02 -2.709107210222754e-02 -3.939889009222502e-02  2.709107210220169e-02  1.000000000000000e+00  0.000000000000000e+00 
 6.309573444802052e+10  3.527319772327883e-02 -2.714140420849793e-02 -3.541360749977425e-02  2.702104904489445e-02  1.000000000000000e+00  0.000000000000000e+00  3.669422915438408e-02 -2.711797207978899e-02 -3.669422915441146e-02  2.711797207976593e-02  1.000000000000000e+00  0.000000000000000e+00 
 6.606934480076085e+10  3.279550038872046e-02 -2.698040042473475e-02 -3.293998950500941e-02  2.686867514839113e-02  1.000000000000000e+00  0.000000000000000e+00  3.415986127334340e-02 -2.702089156540968e-02 -3.415986127336872e-02  2.702089156538920e-02  1.000000000000000e+00  0.000000000000000e+00 
 6.918309709189496e+10  3.048077799366581e-02 -2.671721911561095e-02 -3.062909072811053e-02  2.661440135726887e-02  1.000000000000000e+00  0.000000000000000e+00  3.178921041791680e-02 -2.681779418610729e-02 -3.178921041794096e-02  2.681779418608852e-02  1.000000000000000e+00  0.000000000000000e+00 
 7.244359600750038e+10  2.832201197075298e-02 -2.636778666806790e-02 -2.847384104992505e-02  2.627415689838772e-02  1.000000000000000e+00  0.000000000000000e+00  2.957512099094085e-02 -2.652482635535309e-02 -2.957512099096281e-02  2.652482635533657e-02  1.000000000000000e+00  0.000000000000000e+00 
 7.585775750291982e+10  2.631178813811233e-02 -2.594636336019704e-02 -2.646677324400677e-02  2.586219800764219e-02  1.000000000000000e+00  0.000000000000000e+00  2.751004518964449e-02 -2.615642708549610e-02 -2.751004518966496e-02  2.615642708548126e-02  1.000000000000000e+00  0.000000000000000e+00 
 7.943282347242966e+10  2.444245202547518e-02 -2.546565615148847e-02 -2.460017919702606e-02  2.539122030062866e-02  1.000000000000000e+00  0.000000000000000e+00  2.558620231845948e-02 -2.572544367573234e-02 -2.558620231847894e-02  2.572544367571879e-02  1.000000000000000e+00  0.000000000000000e+00 
 8.317637711026869e+10  2.270623911915845e-02 -2.493693368118016e-02 -2.286624114293957e-02  2.487247348594566e-02  1.000000000000000e+00  0.000000000000000e+00  2.379571265257252e-02 -2.524324980037232e-02 -2.379571265259047e-02  2.524324980036020e-02  1.000000000000000e+00  0.000000000000000e+00 
 8.709635899560974e+10  2.109538268771537e-02 -2.437014074827609e-02 -2.125714054871223e-02  2.431587571485833e-02  1.000000000000000e+00  0.000000000000000e+00  2.213070852192471e-02 -2.471986326994213e-02 -2.213070852194168e-02  2.471986326993111e-02  1.000000000000000e+00  0.000000000000000e+00 
 9.120108393559274e+10  1.960220182256857e-02 -2.377401020085153e-02 -1.976514725748886e-02  2.373012550997579e-02  1.000000000000000e+00  0.000000000000000e+00  2.058342524653215e-02 -2.416406139143117e-02 -2.058342524654780e-02  2.416406139142132e-02  1.000000000000000e+00  0.000000000000000e+00 
 9.549925860214545e+10  1.821917221851255e-02 -2.315617072334355e-02 -1.838269138257968e-02  2.312280977048338e-02  1.000000000000000e+00  0.000000000000000e+00  1.914627443484790e-02 -2.358349241141209e-02 -1.914627443486252e-02  2.358349241140319e-02  1.000000000000000e+00  0.000000000000000e+00 
 1.000000000000020e+11  1.693898205242617e-02 -2.252324948045403e-02 -1.710242027757099e-02  2.250050681456019e-02  1.000000000000000e+00  0.000000000000000e+00  1.781190198294921e-02 -2.298478198937647e-02 -1.781190198296274e-02  2.298478198936847e-02  1.000000000000000e+00  0.000000000000000e+00 
