 1.000000000000000e+06 -3.635137687476250e-01  2.945624903335164e-05  3.635138374034638e-01 -1.881508972324523e-05  1.000000000000000e+00  0.000000000000000e+00 -1.799150546612529e-01 -6.897176263141124e-04  1.799150546624662e-01  6.897176263109585e-04  1.000000000000000e+00  0.000000000000000e+00 
 1.047128548050900e+06 -3.635137681465419e-01  3.084429900721251e-05  3.635138433300485e-01 -1.970207730433863e-05  1.000000000000000e+00  0.000000000000000e+00 -1.799152166031033e-01 -7.222226587244247e-04  1.799152166032780e-01  7.222226587241198e-04  1.000000000000000e+00  0.000000000000000e+00 
 1.096478196143185e+06 -3.635137674931717e-01  3.229774264107688e-05  3.635138498215787e-01 -2.063090212466146e-05  1.000000000000000e+00  0.000000000000000e+00 -1.799153941676955e-01 -7.562595530945617e-04  1.799153941726881e-01  7.562595530796815e-04  1.000000000000000e+00  0.000000000000000e+00 
 1.148153621496883e+06 -3.635137667830988e-01  3.381965883124234e-05  3.635138569317032e-01 -2.160354063274987e-05  1.000000000000000e+00  0.000000000000000e+00 -1.799155888633839e-01 -7.919004960000562e-04  1.799155888725705e-01  7.919004959712013e-04  1.000000000000000e+00  0.000000000000000e+00 
 1.202264434617413e+06 -3.635137660115488e-01  3.541327115598381e-05  3.635138647191302e-01 -2.262206309353227e-05  1.000000000000000e+00  0.000000000000000e+00 -1.799158023440815e-01 -8.292210749014110e-04  1.799158023494699e-01  8.292210748837832e-04  1.000000000000000e+00  0.000000000000000e+00 
 1.258925411794168e+06 -3.635137651733741e-01  3.708195463054515e-05  3.635138732480970e-01 -2.368863810859109e-05  1.000000000000000e+00  0.000000000000000e+00 -1.799160364197208e-01 -8.683004382473980e-04  1.799160364272649e-01  8.683004382214608e-04  1.000000000000000e+00  0.000000000000000e+00 
 1.318256738556408e+06 -3.635137642630253e-01  3.882924277124650e-05  3.635138825888730e-01 -2.480553736353047e-05  1.000000000000000e+00  0.000000000000000e+00 -1.799162930784347e-01 -9.092214631069540e-04  1.799162930870343e-01  9.092214630759591e-04  1.000000000000000e+00  0.000000000000000e+00 
 1.380384264602886e+06 -3.635137632745389e-01  4.065883498220765e-05  3.635138928183101e-01 -2.597514061485037e-05  1.000000000000000e+00  0.000000000000000e+00 -1.799165744989241e-01 -9.520709306626220e-04  1.799165745074154e-01  9.520709306305791e-04  1.000000000000000e+00  0.000000000000000e+00 
 1.445439770745928e+06 -3.635137622015218e-01  4.257460427869428e-05  3.635139040204362e-01 -2.719994092950529e-05  1.000000000000000e+00  0.000000000000000e+00 -1.799168830700995e-01 -9.969397099457856e-04  1.799168830770828e-01  9.969397099182410e-04  1.000000000000000e+00  0.000000000000000e+00 
 1.513561248436209e+06 -3.635137610371401e-01  4.458060536165169e-05  3.635139162870973e-01 -2.848255019112256e-05  1.000000000000000e+00  0.000000000000000e+00 -1.799172214112738e-01 -1.043922950191360e-03  1.799172214154611e-01  1.043922950174181e-03  1.000000000000000e+00  0.000000000000000e+00 
 1.584893192461115e+06 -3.635137597741169e-01  4.668108305855482e-05  3.635139297186527e-01 -2.982570488771830e-05  1.000000000000000e+00  0.000000000000000e+00 -1.799175923934805e-01 -1.093120282212580e-03  1.799175923997191e-01  1.093120282185633e-03  1.000000000000000e+00  0.000000000000000e+00 
 1.659586907437562e+06 -3.635137584047341e-01  4.888048114627542e-05  3.635139444247230e-01 -3.123227219667337e-05  1.000000000000000e+00  0.000000000000000e+00 -1.799179991679097e-01 -1.144636029220802e-03  1.799179991679382e-01  1.144636029220987e-03  1.000000000000000e+00  0.000000000000000e+00 
 1.737800828749377e+06 -3.635137569208476e-01  5.118345157226003e-05  3.635139605249966e-01 -3.270525638369938e-05  1.000000000000000e+00  0.000000000000000e+00 -1.799184451853102e-01 -1.198579427509820e-03  1.799184451840802e-01  1.198579427516042e-03  1.000000000000000e+00  0.000000000000000e+00 
 1.819700858609986e+06 -3.635137553139137e-01  5.359486409092562e-05  3.635139781500981e-01 -3.424780553356268e-05  1.000000000000000e+00  0.000000000000000e+00 -1.799189342317578e-01 -1.255064857488906e-03  1.799189342335386e-01  1.255064857480323e-03  1.000000000000000e+00  0.000000000000000e+00 
 1.905460717963250e+06 -3.635137535750300e-01  5.611981633282071e-05  3.635139974425197e-01 -3.586321863140236e-05  1.000000000000000e+00  0.000000000000000e+00 -1.799194704583486e-01 -1.314212085517052e-03  1.799194704679797e-01  1.314212085466846e-03  1.000000000000000e+00  0.000000000000000e+00 
 1.995262314968882e+06 -3.635137516949964e-01  5.876364432478429e-05  3.635140185576161e-01 -3.755495301459140e-05  1.000000000000000e+00  0.000000000000000e+00 -1.799200584201009e-01 -1.376146517053706e-03  1.799200584213932e-01  1.376146517046982e-03  1.000000000000000e+00  0.000000000000000e+00 
 2.089296130854042e+06 -3.635137496643994e-01  6.153193348003739e-05  3.635140416646769e-01 -3.932663221625820e-05  1.000000000000000e+00  0.000000000000000e+00 -1.799207031033815e-01 -1.440999461618154e-03  1.799207031071812e-01  1.440999461596679e-03  1.000000000000000e+00  0.000000000000000e+00 
 2.187761623949556e+06 -3.635137474737274e-01  6.443053007796514e-05  3.635140669480622e-01 -4.118205422268975e-05  1.000000000000000e+00  0.000000000000000e+00 -1.799214099825707e-01 -1.508908410154281e-03  1.799214099857692e-01  1.508908410135417e-03  1.000000000000000e+00  0.000000000000000e+00 
 2.290867652767777e+06 -3.635137451135140e-01  6.746555325416259e-05  3.635140946084127e-01 -4.312520016805043e-05  1.000000000000000e+00  0.000000000000000e+00 -1.799221850565811e-01 -1.580017325299536e-03  1.799221850627860e-01  1.580017325260811e-03  1.000000000000000e+00  0.000000000000000e+00 
 2.398832919019494e+06 -3.635137425745332e-01  7.064340752232522e-05  3.635141248639405e-01 -4.516024349089906e-05  1.000000000000000e+00  0.000000000000000e+00 -1.799230349064554e-01 -1.654476945204149e-03  1.799230349050716e-01  1.654476945213751e-03  1.000000000000000e+00  0.000000000000000e+00 
 2.511886431509584e+06 -3.635137398480359e-01  7.397079585062439e-05  3.635141579517837e-01 -4.729155957806369e-05  1.000000000000000e+00  0.000000000000000e+00 -1.799239667412023e-01 -1.732445101465673e-03  1.799239667485911e-01  1.732445101415024e-03  1.000000000000000e+00  0.000000000000000e+00 
 2.630267991895386e+06 -3.635137369260522e-01  7.745473331643895e-05  3.635141941294457e-01 -4.952373592238102e-05  1.000000000000000e+00  0.000000000000000e+00 -1.799249884754438e-01 -1.814087051888889e-03  1.799249884737652e-01  1.814087051901551e-03  1.000000000000000e+00  0.000000000000000e+00 
 2.754228703338171e+06 -3.635137338017626e-01  8.110256136479631e-05  3.635142336762976e-01 -5.186158282151598e-05  1.000000000000000e+00  0.000000000000000e+00 -1.799261087758423e-01 -1.899575828631102e-03  1.799261087804814e-01  1.899575828596434e-03  1.000000000000000e+00  0.000000000000000e+00 
 2.884031503126611e+06 -3.635137304699579e-01  8.492196269747256e-05  3.635142768951556e-01 -5.431014464572607e-05  1.000000000000000e+00  0.000000000000000e+00 -1.799273371541596e-01 -1.989092602559385e-03  1.799273371598924e-01  1.989092602514400e-03  1.000000000000000e+00  0.000000000000000e+00 
 3.019951720402022e+06 -3.635137269275950e-01  8.892097682167493e-05  3.635143241139223e-01 -5.687471170265959e-05  1.000000000000000e+00  0.000000000000000e+00 -1.799286840349384e-01 -2.082827064413111e-03  1.799286840427919e-01  2.082827064348376e-03  1.000000000000000e+00  0.000000000000000e+00 
 3.162277660168386e+06 -3.635137231744720e-01  9.310801628952735e-05  3.635143756872855e-01 -5.956083272718815e-05  1.000000000000000e+00  0.000000000000000e+00 -1.799301608504346e-01 -2.180977823614587e-03  1.799301608541037e-01  2.180977823583240e-03  1.000000000000000e+00  0.000000000000000e+00 
 3.311311214825918e+06 -3.635137192140440e-01  9.749188366220169e-05  3.635144319984730e-01 -6.237432802379001e-05  1.000000000000000e+00  0.000000000000000e+00 -1.799317801321363e-01 -2.283752825446273e-03  1.799317801381559e-01  2.283752825392025e-03  1.000000000000000e+00  0.000000000000000e+00 
 3.467368504525324e+06 -3.635137150543933e-01  1.020817892356885e-04  3.635144934610497e-01 -6.532130328791547e-05  1.000000000000000e+00  0.000000000000000e+00 -1.799335556246253e-01 -2.391369787453181e-03  1.799335556254624e-01  2.391369787445849e-03  1.000000000000000e+00  0.000000000000000e+00 
 3.630780547701022e+06 -3.635137107093873e-01  1.068873695688878e-04  3.635145605207477e-01 -6.840816413103060e-05  1.000000000000000e+00  0.000000000000000e+00 -1.799355023934806e-01 -2.504056655842233e-03  1.799355023942636e-01  2.504056655835099e-03  1.000000000000000e+00  0.000000000000000e+00 
 3.801893963205622e+06 -3.635137062000462e-01  1.119187068588850e-04  3.635146336573228e-01 -7.164163133168723e-05  1.000000000000000e+00  0.000000000000000e+00 -1.799376369594526e-01 -2.622052082814117e-03  1.799376369647727e-01  2.622052082759179e-03  1.000000000000000e+00  0.000000000000000e+00 
 3.981071705534983e+06 -3.635137015561514e-01  1.171863492132731e-04  3.635147133864198e-01 -7.502875683162725e-05  1.000000000000000e+00  0.000000000000000e+00 -1.799399774376274e-01 -2.745605925671961e-03  1.799399774438750e-01  2.745605925604285e-03  1.000000000000000e+00  0.000000000000000e+00 
 4.168693834703365e+06 -3.635136968181271e-01  1.227013318749211e-04  3.635148002614402e-01 -7.857694049187466e-05  1.000000000000000e+00  0.000000000000000e+00 -1.799425436884756e-01 -2.874979768640440e-03  1.799425436917019e-01  2.874979768604231e-03  1.000000000000000e+00  0.000000000000000e+00 
 4.365158322401672e+06 -3.635136920392278e-01  1.284751994610564e-04  3.635148948753989e-01 -8.229394761862446e-05  1.000000000000000e+00  0.000000000000000e+00 -1.799453574865224e-01 -3.010447468358540e-03  1.799453574881402e-01  3.010447468339943e-03  1.000000000000000e+00  0.000000000000000e+00 
 4.570881896148764e+06 -3.635136872880662e-01  1.345200292855613e-04  3.635149978627610e-01 -8.618792726283552e-05  1.000000000000000e+00  0.000000000000000e+00 -1.799484427057460e-01 -3.152295724019520e-03  1.799484427128064e-01  3.152295723931648e-03  1.000000000000000e+00  0.000000000000000e+00 
 4.786300923226397e+06 -3.635136826515167e-01  1.408484558412940e-04  3.635151099012532e-01 -9.026743129052824e-05  1.000000000000000e+00  0.000000000000000e+00 -1.799518255251834e-01 -3.300824673169494e-03  1.799518255299650e-01  3.300824673107487e-03  1.000000000000000e+00  0.000000000000000e+00 
 5.011872336272738e+06 -3.635136782380329e-01  1.474736965276813e-04  3.635152317136560e-01 -9.454143421333344e-05  1.000000000000000e+00  0.000000000000000e+00 -1.799555346430583e-01 -3.456348514147956e-03  1.799555346500377e-01  3.456348514052771e-03  1.000000000000000e+00  0.000000000000000e+00 
 5.248074602497743e+06 -3.635136741814065e-01  1.544095787177486e-04  3.635153640695760e-01 -9.901935376086988e-05  1.000000000000000e+00  0.000000000000000e+00 -1.799596015275233e-01 -3.619196156306065e-03  1.799596015326073e-01  3.619196156233750e-03  1.000000000000000e+00  0.000000000000000e+00 
 5.495408738576263e+06 -3.635136706450022e-01  1.616705682679518e-04  3.635155077872244e-01 -1.037110721685817e-04  1.000000000000000e+00  0.000000000000000e+00 -1.799640606774827e-01 -3.789711898977269e-03  1.799640606821886e-01  3.789711898907277e-03  1.000000000000000e+00  0.000000000000000e+00 
 5.754399373371588e+06 -3.635136678264935e-01  1.692717995831786e-04  3.635156637352348e-01 -1.086269581472822e-04  1.000000000000000e+00  0.000000000000000e+00 -1.799689499182078e-01 -3.968256140361044e-03  1.799689499216580e-01  3.968256140307618e-03  1.000000000000000e+00  0.000000000000000e+00 
 6.025595860743597e+06 -3.635136659631200e-01  1.772291073578072e-04  3.635158328345656e-01 -1.137778894944461e-04  1.000000000000000e+00  0.000000000000000e+00 -1.799743107200286e-01 -4.155206117365076e-03  1.799743107197842e-01  4.155206117370250e-03  1.000000000000000e+00  0.000000000000000e+00 
 6.309573444801954e+06 -3.635136653374686e-01  1.855590601210886e-04  3.635160160605645e-01 -1.191752763032996e-04  1.000000000000000e+00  0.000000000000000e+00 -1.799801885473123e-01 -4.350956677520113e-03  1.799801885518758e-01  4.350956677442310e-03  1.000000000000000e+00  0.000000000000000e+00 
 6.606934480075982e+06 -3.635136662837961e-01  1.942789957209007e-04  3.635162144452891e-01 -1.248310847247529e-04  1.000000000000000e+00  0.000000000000000e+00 -1.799866332492944e-01 -4.555921084107661e-03  1.799866332514641e-01  4.555921084069593e-03  1.000000000000000e+00  0.000000000000000e+00 
 6.918309709189389e+06 -3.635136691948594e-01  2.034070588831038e-04  3.635164290802050e-01 -1.307578612406245e-04  1.000000000000000e+00  0.000000000000000e+00 -1.799936994740830e-01 -4.770531855492446e-03  1.799936994705622e-01  4.770531855560489e-03  1.000000000000000e+00  0.000000000000000e+00 
 7.244359600749927e+06 -3.635136745292538e-01  2.129622409841403e-04  3.635166611194183e-01 -1.369687574151463e-04  1.000000000000000e+00  0.000000000000000e+00 -1.800014471314851e-01 -4.995241639826754e-03  1.800014471364451e-01  4.995241639729685e-03  1.000000000000000e+00  0.000000000000000e+00 
 7.585775750291865e+06 -3.635136828192048e-01  2.229644221709145e-04  3.635169117836262e-01 -1.434775551068446e-04  1.000000000000000e+00  0.000000000000000e+00 -1.800099419078979e-01 -5.230524126180256e-03  1.800099419120108e-01  5.230524126096260e-03  1.000000000000000e+00  0.000000000000000e+00 
 7.943282347242844e+06 -3.635136946787733e-01  2.334344159543819e-04  3.635171823650003e-01 -1.502986921451446e-04  1.000000000000000e+00  0.000000000000000e+00 -1.800192558089400e-01 -5.476874992940331e-03  1.800192558129026e-01  5.476874992855697e-03  1.000000000000000e+00  0.000000000000000e+00 
 8.317637711026741e+06 -3.635137108124185e-01  2.443940163911380e-04  3.635174742332564e-01 -1.574472885059717e-04  1.000000000000000e+00  0.000000000000000e+00 -1.800294677747565e-01 -5.734812894635862e-03  1.800294677755026e-01  5.734812894620441e-03  1.000000000000000e+00  0.000000000000000e+00 
 8.709635899560839e+06 -3.635137320238410e-01  2.558660479507160e-04  3.635177888431666e-01 -1.649391730582222e-04  1.000000000000000e+00  0.000000000000000e+00 -1.800406643415602e-01 -6.004880487882180e-03  1.800406643450732e-01  6.004880487800214e-03  1.000000000000000e+00  0.000000000000000e+00 
 9.120108393559132e+06 -3.635137592250572e-01  2.678744181459912e-04  3.635181277438246e-01 -1.727909109974510e-04  1.000000000000000e+00  0.000000000000000e+00 -1.800529403763642e-01 -6.287645497338760e-03  1.800529403776647e-01  6.287645497308069e-03  1.000000000000000e+00  0.000000000000000e+00 
 9.549925860214395e+06 -3.635137934456262e-01  2.804441729808018e-04  3.635184925899433e-01 -1.810198321329142e-04  1.000000000000000e+00  0.000000000000000e+00 -1.800663998698239e-01 -6.583701822191713e-03  1.800663998719113e-01  6.583701822139111e-03  1.000000000000000e+00  0.000000000000000e+00 
 1.000000000000004e+07 -3.635138358419933e-01  2.936015552444026e-04  3.635188851555013e-01 -1.896440602470134e-04  1.000000000000000e+00  0.000000000000000e+00 -1.800811568156493e-01 -6.893670683796932e-03  1.800811568230349e-01  6.893670683597561e-03  1.000000000000000e+00  0.000000000000000e+00 
 1.047128548050904e+07 -3.635138877069137e-01  3.073740656586735e-04  3.635193073500159e-01 -1.986825437988080e-04  1.000000000000000e+00  0.000000000000000e+00 -1.800973361706091e-01 -7.218201814712645e-03  1.800973361748771e-01  7.218201814592942e-03  1.000000000000000e+00  0.000000000000000e+00 
 1.096478196143189e+07 -3.635139504789658e-01  3.217905268635588e-04  3.635197612377063e-01 -2.081550882920495e-04  1.000000000000000e+00  0.000000000000000e+00 -1.801150748979167e-01 -7.557974689154333e-03  1.801150749042363e-01  7.557974688967978e-03  1.000000000000000e+00  0.000000000000000e+00 
 1.148153621496888e+07 -3.635140257521884e-01  3.368811502115412e-04  3.635202490597753e-01 -2.180823906691206e-04  1.000000000000000e+00  0.000000000000000e+00 -1.801345231246100e-01 -7.913699794869382e-03  1.801345231307022e-01  7.913699794681553e-03  1.000000000000000e+00  0.000000000000000e+00 
 1.202264434617418e+07 -3.635141152859425e-01  3.526776053360514e-04  3.635207732599866e-01 -2.284860761209593e-04  1.000000000000000e+00  0.000000000000000e+00 -1.801558453959961e-01 -8.286119945714912e-03  1.801558453985351e-01  8.286119945634319e-03  1.000000000000000e+00  0.000000000000000e+00 
 1.258925411794173e+07 -3.635142210151262e-01  3.692130924630951e-04  3.635213365136702e-01 -2.393887377168087e-04  1.000000000000000e+00  0.000000000000000e+00 -1.801792220538879e-01 -8.676011634183833e-03  1.801792220541354e-01  8.676011634177637e-03  1.000000000000000e+00  0.000000000000000e+00 
 1.318256738556413e+07 -3.635143450609386e-01  3.865224174523377e-04  3.635219417602218e-01 -2.508139792532988e-04  1.000000000000000e+00  0.000000000000000e+00 -1.802048507471473e-01 -9.084186422530140e-03  1.802048507434983e-01  9.084186422662514e-03  1.000000000000000e+00  0.000000000000000e+00 
 1.380384264602891e+07 -3.635144897424458e-01  4.046420695833180e-04  3.635225922391409e-01 -2.627864616999327e-04  1.000000000000000e+00  0.000000000000000e+00 -1.802329480793057e-01 -9.511492370546770e-03  1.802329480797659e-01  9.511492370532077e-03  1.000000000000000e+00  0.000000000000000e+00 
 1.445439770745934e+07 -3.635146575892337e-01  4.236103021441992e-04  3.635232915295799e-01 -2.753319535776721e-04  1.000000000000000e+00  0.000000000000000e+00 -1.802637514202443e-01 -9.958815497656886e-03  1.802637514213637e-01  9.958815497615830e-03  1.000000000000000e+00  0.000000000000000e+00 
 1.513561248436215e+07 -3.635148513554815e-01  4.434672159321197e-04  3.635240435933888e-01 -2.884773855528096e-04  1.000000000000000e+00  0.000000000000000e+00 -1.802975208758347e-01 -1.042708127586343e-02  1.802975208812974e-01  1.042708127564373e-02  1.000000000000000e+00  0.000000000000000e+00 
 1.584893192461121e+07 -3.635150740358163e-01  4.642548458335322e-04  3.635248528216156e-01 -3.022509094632987e-04  1.000000000000000e+00  0.000000000000000e+00 -1.803345414543238e-01 -1.091725614976006e-02  1.803345414611420e-01  1.091725614947280e-02  1.000000000000000e+00  0.000000000000000e+00 
 1.659586907437568e+07 -3.635153288833221e-01  4.860172507152262e-04  3.635257240844616e-01 -3.166819619260862e-04  1.000000000000000e+00  0.000000000000000e+00 -1.803751254275724e-01 -1.143034907831851e-02  1.803751254239989e-01  1.143034907848017e-02  1.000000000000000e+00  0.000000000000000e+00 
 1.737800828749384e+07 -3.635156194300778e-01  5.088006069182264e-04  3.635266627847323e-01 -3.318013326080022e-04  1.000000000000000e+00  0.000000000000000e+00 -1.804196149087319e-01 -1.196741309225186e-02  1.804196149067416e-01  1.196741309234724e-02  1.000000000000000e+00  0.000000000000000e+00 
 1.819700858609992e+07 -3.635159495105874e-01  5.326533057031465e-04  3.635276749148960e-01 -3.476412371862195e-04  1.000000000000000e+00  0.000000000000000e+00 -1.804683846850436e-01 -1.252954685971975e-02  1.804683846917085e-01  1.252954685939953e-02  1.000000000000000e+00  0.000000000000000e+00 
 1.905460717963257e+07 -3.635163232884538e-01  5.576260550424897e-04  3.635287671179708e-01 -3.642353949838322e-04  1.000000000000000e+00  0.000000000000000e+00 -1.805218452996739e-01 -1.311789625088887e-02  1.805218453019160e-01  1.311789625077846e-02  1.000000000000000e+00  0.000000000000000e+00 
 1.995262314968890e+07 -3.635167452866016e-01  5.837719861905744e-04  3.635299467525435e-01 -3.816191112458052e-04  1.000000000000000e+00  0.000000000000000e+00 -1.805804464109644e-01 -1.373365589050460e-02  1.805804464140525e-01  1.373365589034450e-02  1.000000000000000e+00  0.000000000000000e+00 
 2.089296130854050e+07 -3.635172204213606e-01  6.111467654834474e-04  3.635312219623766e-01 -3.998293640238553e-04  1.000000000000000e+00  0.000000000000000e+00 -1.806446804786020e-01 -1.437807068604479e-02  1.806446804841434e-01  1.437807068574203e-02  1.000000000000000e+00  0.000000000000000e+00 
 2.187761623949564e+07 -3.635177540406599e-01  6.398087118285878e-04  3.635326017511606e-01 -4.189048956667490e-04  1.000000000000000e+00  0.000000000000000e+00 -1.807150867720736e-01 -1.505243731563644e-02  1.807150867750966e-01  1.505243731546557e-02  1.000000000000000e+00  0.000000000000000e+00 
 2.290867652767785e+07 -3.635183519665917e-01  6.698189203398815e-04  3.635340960631006e-01 -4.388863089633409e-04  1.000000000000000e+00  0.000000000000000e+00 -1.807922557433990e-01 -1.575810565798529e-02  1.807922557435429e-01  1.575810565798029e-02  1.000000000000000e+00  0.000000000000000e+00 
 2.398832919019503e+07 -3.635190205426016e-01  7.012413925589155e-04  3.635357158701421e-01 -4.598161680569456e-04  1.000000000000000e+00  0.000000000000000e+00 -1.808768337971826e-01 -1.649648014333111e-02  1.808768338024986e-01  1.649648014300066e-02  1.000000000000000e+00  0.000000000000000e+00 
 2.511886431509594e+07 -3.635197666855543e-01  7.341431736829890e-04  3.635374732667441e-01 -4.817391043370964e-04  1.000000000000000e+00  0.000000000000000e+00 -1.809695284900006e-01 -1.726902100085361e-02  1.809695284941381e-01  1.726902100058601e-02  1.000000000000000e+00  0.000000000000000e+00 
 2.630267991895396e+07 -3.635205979429743e-01  7.685944971980328e-04  3.635393815732028e-01 -5.047019276131315e-04  1.000000000000000e+00  0.000000000000000e+00 -1.810711141798709e-01 -1.807724537349965e-02  1.810711141783836e-01  1.807724537360559e-02  1.000000000000000e+00  0.000000000000000e+00 
 2.754228703338182e+07 -3.635215225557901e-01  8.046689372950048e-04  3.635414554486021e-01 -5.287537429778631e-04  1.000000000000000e+00  0.000000000000000e+00 -1.811824381800803e-01 -1.892272826741634e-02  1.811824381803943e-01  1.892272826739809e-02  1.000000000000000e+00  0.000000000000000e+00 
 2.884031503126622e+07 -3.635225495269890e-01  8.424435694356167e-04  3.635437110145463e-01 -5.539460738748629e-04  1.000000000000000e+00  0.000000000000000e+00 -1.813044274518298e-01 -1.980710329744727e-02  1.813044274556432e-01  1.980710329716716e-02  1.000000000000000e+00  0.000000000000000e+00 
 3.019951720402033e+07 -3.635236886966516e-01  8.819991394310813e-04  3.635461659908849e-01 -5.803329919850516e-04  1.000000000000000e+00  0.000000000000000e+00 -1.814380958647696e-01 -2.073206318386664e-02  1.814380958705520e-01  2.073206318342109e-02  1.000000000000000e+00  0.000000000000000e+00 
 3.162277660168397e+07 -3.635249508239369e-01  9.234202414090862e-04  3.635488398446960e-01 -6.079712546447637e-04  1.000000000000000e+00  0.000000000000000e+00 -1.815845520782672e-01 -2.169935994946607e-02  1.815845520829362e-01  2.169935994909151e-02  1.000000000000000e+00  0.000000000000000e+00 
 3.311311214825930e+07 -3.635263476766820e-01  9.667955050702845e-04  3.635517539538723e-01 -6.369204505981912e-04  1.000000000000000e+00  0.000000000000000e+00 -1.817450080820395e-01 -2.271080475801589e-02  1.817450080891374e-01  2.271080475741922e-02  1.000000000000000e+00  0.000000000000000e+00 
 3.467368504525337e+07 -3.635278921293814e-01  1.012217792677647e-03  3.635549317866950e-01 -6.672431549714342e-04  1.000000000000000e+00  0.000000000000000e+00 -1.819207884470200e-01 -2.376826732695551e-02  1.819207884474143e-01  2.376826732692554e-02  1.000000000000000e+00  0.000000000000000e+00 
 3.630780547701035e+07 -3.635295982704273e-01  1.059784406279035e-03  3.635583990988811e-01 -6.990050944364057e-04  1.000000000000000e+00  0.000000000000000e+00 -1.821133403137185e-01 -2.487367483645768e-02  1.821133403127204e-01  2.487367483655481e-02  1.000000000000000e+00  0.000000000000000e+00 
 3.801893963205635e+07 -3.635314815195905e-01  1.109597305733412e-03  3.635621841496911e-01 -7.322753236145368e-04  1.000000000000000e+00  0.000000000000000e+00 -1.823242441886858e-01 -2.602901024805294e-02  1.823242441924397e-01  2.602901024769685e-02  1.000000000000000e+00  0.000000000000000e+00 
 3.981071705534997e+07 -3.635335587568330e-01  1.161763338193566e-03  3.635663179387774e-01 -7.671264138550300e-04  1.000000000000000e+00  0.000000000000000e+00 -1.825552255721799e-01 -2.723630993191660e-02  1.825552255731315e-01  2.723630993182642e-02  1.000000000000000e+00  0.000000000000000e+00 
 4.168693834703380e+07 -3.635358484636448e-01  1.216394479788660e-03  3.635708344656199e-01 -8.036346556189802e-04  1.000000000000000e+00  0.000000000000000e+00 -1.828081674584390e-01 -2.849766048913777e-02  1.828081674605236e-01  2.849766048892485e-02  1.000000000000000e+00  0.000000000000000e+00 
 4.365158322401687e+07 -3.635383708782114e-01  1.273608090349110e-03  3.635757710135365e-01 -8.418802758102832e-04  1.000000000000000e+00  0.000000000000000e+00 -1.830851237665694e-01 -2.981519464158803e-02  1.830851237692455e-01  2.981519464130111e-02  1.000000000000000e+00  0.000000000000000e+00 
 4.570881896148779e+07 -3.635411481658115e-01  1.333527182118010e-03  3.635811684604596e-01 -8.819476715274483e-04  1.000000000000000e+00  0.000000000000000e+00 -1.833883337113672e-01 -3.119108604313979e-02  1.833883337194207e-01  3.119108604222668e-02  1.000000000000000e+00  0.000000000000000e+00 
 4.786300923226414e+07 -3.635442046059736e-01  1.396280703502871e-03  3.635870716188619e-01 -9.239256618662301e-04  1.000000000000000e+00  0.000000000000000e+00 -1.837202371599342e-01 -3.262754285030091e-02  1.837202371662812e-01  3.262754284955106e-02  1.000000000000000e+00  0.000000000000000e+00 
 5.011872336272755e+07 -3.635475667980234e-01  1.462003839031683e-03  3.635935296074494e-01 -9.679077595926055e-04  1.000000000000000e+00  0.000000000000000e+00 -1.840834909719372e-01 -3.412679986827734e-02  1.840834909779535e-01  3.412679986753566e-02  1.000000000000000e+00  0.000000000000000e+00 
 5.248074602497760e+07 -3.635512638867912e-01  1.530838326794740e-03  3.636005962574931e-01 -1.013992464728372e-03  1.000000000000000e+00  0.000000000000000e+00 -1.844809863503256e-01 -3.569110906980960e-02  1.844809863534783e-01  3.569110906940686e-02  1.000000000000000e+00  0.000000000000000e+00 
 5.495408738576282e+07 -3.635553278103917e-01  1.602932794777776e-03  3.636083305569177e-01 -1.062283582353479e-03  1.000000000000000e+00  0.000000000000000e+00 -1.849158671707233e-01 -3.732272825833864e-02  1.849158671759832e-01  3.732272825763262e-02  1.000000000000000e+00  0.000000000000000e+00 
 5.754399373371608e+07 -3.635597935721557e-01  1.678443117624981e-03  3.636167971355658e-01 -1.112890567234493e-03  1.000000000000000e+00  0.000000000000000e+00 -1.853915492762651e-01 -3.902390762544333e-02  1.853915492805071e-01  3.902390762484999e-02  1.000000000000000e+00  0.000000000000000e+00 
 6.025595860743618e+07 -3.635646995389622e-01  1.757532795517405e-03  3.636260667953327e-01 -1.165928898240046e-03  1.000000000000000e+00  0.000000000000000e+00 -1.859117406652555e-01 -4.079687392437590e-02  1.859117406663872e-01  4.079687392421580e-02  1.000000000000000e+00  0.000000000000000e+00 
 6.309573444801975e+07 -3.635700877684356e-01  1.840373357016915e-03  3.636362170891719e-01 -1.221520485905758e-03  1.000000000000000e+00  0.000000000000000e+00 -1.864804624996090e-01 -4.264381195763971e-02  1.864804624971675e-01  4.264381195802379e-02  1.000000000000000e+00  0.000000000000000e+00 
 6.606934480076005e+07 -3.635760043677056e-01  1.927144787911506e-03  3.636473329533159e-01 -1.279794116969988e-03  1.000000000000000e+00  0.000000000000000e+00 -1.871020708031296e-01 -4.456684304822252e-02  1.871020708039495e-01  4.456684304809790e-02  1.000000000000000e+00  0.000000000000000e+00 
 6.918309709189413e+07 -3.635824998866705e-01  2.018035988311706e-03  3.636595073973405e-01 -1.340885940220160e-03  1.000000000000000e+00  0.000000000000000e+00 -1.877812786886958e-01 -4.656800013921849e-02  1.877812786906264e-01  4.656800013890110e-02  1.000000000000000e+00  0.000000000000000e+00 
 7.244359600749952e+07 -3.635896297490044e-01  2.113245260493429e-03  3.636728422570807e-01 -1.404939998577538e-03  1.000000000000000e+00  0.000000000000000e+00 -1.885231788808830e-01 -4.864919913992342e-02  1.885231788809272e-01  4.864919913992373e-02  1.000000000000000e+00  0.000000000000000e+00 
 7.585775750291891e+07 -3.635974547244479e-01  2.212980830266081e-03  3.636874490157298e-01 -1.472108813012559e-03  1.000000000000000e+00  0.000000000000000e+00 -1.893332662613313e-01 -5.081220611668104e-02  1.893332662672919e-01  5.081220611559300e-02  1.000000000000000e+00  0.000000000000000e+00 
 7.943282347242872e+07 -3.636060414462885e-01  2.317461404974217e-03  3.637034496988170e-01 -1.542554024631803e-03  1.000000000000000e+00  0.000000000000000e+00 -1.902174600835365e-01 -5.305859990850091e-02  1.902174600844495e-01  5.305859990833400e-02  1.000000000000000e+00  0.000000000000000e+00 
 8.317637711026771e+07 -3.636154629782851e-01  2.426916771619672e-03  3.637209778491016e-01 -1.616447102124902e-03  1.000000000000000e+00  0.000000000000000e+00 -1.911821253870314e-01 -5.538972973227957e-02  1.911821253921854e-01  5.538972973125249e-02  1.000000000000000e+00  0.000000000000000e+00 
 8.709635899560872e+07 -3.636257994357291e-01  2.541588439030092e-03  3.637401795878028e-01 -1.693970122715437e-03  1.000000000000000e+00  0.000000000000000e+00 -1.922340931126081e-01 -5.780666734766491e-02  1.922340931222129e-01  5.780666734565552e-02  1.000000000000000e+00  0.000000000000000e+00 
 9.120108393559167e+07 -3.636371386657565e-01  2.661730328506274e-03  3.637612147689026e-01 -1.775316635838398e-03  1.000000000000000e+00  0.000000000000000e+00 -1.933806782250682e-01 -6.031015335121136e-02  1.933806782307136e-01  6.031015334998018e-02  1.000000000000000e+00  0.000000000000000e+00 
 9.549925860214433e+07 -3.636495769925293e-01  2.787609517965233e-03  3.637842582336088e-01 -1.860692619983896e-03  1.000000000000000e+00  0.000000000000000e+00 -1.946296950843628e-01 -6.290053720068187e-02  1.946296950900920e-01  6.290053719937486e-02  1.000000000000000e+00  0.000000000000000e+00 
 1.000000000000008e+08 -3.636632200333998e-01  2.919507045268059e-03  3.638095011723796e-01 -1.950317544522077e-03  1.000000000000000e+00  0.000000000000000e+00 -1.959894691592485e-01 -6.557771061398876e-02  1.959894691616114e-01  6.557771061343103e-02  1.000000000000000e+00  0.000000000000000e+00 
 1.047128548050908e+08 -3.636781835927548e-01  3.057718777200989e-03  3.638371526021538e-01 -2.044425549868920e-03  1.000000000000000e+00  0.000000000000000e+00 -1.974688439918358e-01 -6.834103405144944e-02  1.974688439986461e-01  6.834103404974683e-02  1.000000000000000e+00  0.000000000000000e+00 
 1.096478196143194e+08 -3.636945946408168e-01  3.202556351471953e-03  3.638674409666731e-01 -2.143266761098122e-03  1.000000000000000e+00  0.000000000000000e+00 -1.990771822169603e-01 -7.118925609615658e-02  1.990771822183279e-01  7.118925609580784e-02  1.000000000000000e+00  0.000000000000000e+00 
 1.148153621496892e+08 -3.637125923853393e-01  3.354348200120920e-03  3.639006158679062e-01 -2.247108752061142e-03  1.000000000000000e+00  0.000000000000000e+00 -2.008243592047706e-01 -7.412042567322338e-02  2.008243592130096e-01  7.412042567096511e-02  1.000000000000000e+00  0.000000000000000e+00 
 1.202264434617423e+08 -3.637323294447932e-01  3.513440663935267e-03  3.639369499366220e-01 -2.356238179276982e-03  1.000000000000000e+00  0.000000000000000e+00 -2.027207478149282e-01 -7.713179723799145e-02  2.027207478187309e-01  7.713179723690702e-02  1.000000000000000e+00  0.000000000000000e+00 
 1.258925411794178e+08 -3.637539731323912e-01  3.680199208843472e-03  3.639767408500730e-01 -2.470962607314544e-03  1.000000000000000e+00  0.000000000000000e+00 -2.047771924732938e-01 -8.021972927407482e-02  2.047771924776261e-01  8.021972927277965e-02  1.000000000000000e+00  0.000000000000000e+00 
 1.318256738556418e+08 -3.637777068610330e-01  3.855009756855061e-03  3.640203135044936e-01 -2.591612550142059e-03  1.000000000000000e+00  0.000000000000000e+00 -2.070049707573724e-01 -8.337957674032952e-02  2.070049707555839e-01  8.337957674090821e-02  1.000000000000000e+00  0.000000000000000e+00 
 1.380384264602897e+08 -3.638037316800554e-01  4.038280145963701e-03  3.640680223496429e-01 -2.718543755982917e-03  1.000000000000000e+00  0.000000000000000e+00 -2.094157404357485e-01 -8.660557843100987e-02  2.094157404416687e-01  8.660557842906412e-02  1.000000000000000e+00  0.000000000000000e+00 
 1.445439770745940e+08 -3.638322679554868e-01  4.230441735569253e-03  3.641202538919088e-01 -2.852139766622554e-03  1.000000000000000e+00  0.000000000000000e+00 -2.120214699329810e-01 -8.989074063327843e-02  2.120214699370875e-01  8.989074063186926e-02  1.000000000000000e+00  0.000000000000000e+00 
 1.513561248436221e+08 -3.638635572063083e-01  4.431951176453550e-03  3.641774293714241e-01 -2.992814785880767e-03  1.000000000000000e+00  0.000000000000000e+00 -2.148343500547899e-01 -9.322671892062767e-02  2.148343500635236e-01  9.322671891747104e-02  1.000000000000000e+00  0.000000000000000e+00 
 1.584893192461127e+08 -3.638978641100649e-01  4.643292367218213e-03  3.642400076172295e-01 -3.141016896120206e-03  1.000000000000000e+00  0.000000000000000e+00 -2.178666849929025e-01 -9.660370046996525e-02  2.178666849917552e-01  9.660370047041753e-02  1.000000000000000e+00  0.000000000000000e+00 
 1.659586907437575e+08 -3.639354786919163e-01  4.864978622423379e-03  3.643084880825906e-01 -3.297231666224516e-03  1.000000000000000e+00  0.000000000000000e+00 -2.211307606544115e-01 -1.000102898586382e-01  2.211307606556305e-01  1.000102898581687e-01  1.000000000000000e+00  0.000000000000000e+00 
 1.737800828749391e+08 -3.639767187119367e-01  5.097555081525342e-03  3.643834140600948e-01 -3.461986199462846e-03  1.000000000000000e+00  0.000000000000000e+00 -2.246386887914196e-01 -1.034334019426024e-01  2.246386887935218e-01  1.034334019417412e-01  1.000000000000000e+00  0.000000000000000e+00 
 1.819700858610000e+08 -3.640219322660626e-01  5.341601392185112e-03  3.644653760730123e-01 -3.635853675067260e-03  1.000000000000000e+00  0.000000000000000e+00 -2.284022257066996e-01 -1.068581660437719e-01  2.284022257067457e-01  1.068581660437698e-01  1.000000000000000e+00  0.000000000000000e+00 
 1.905460717963264e+08 -3.640715006164684e-01  5.597734706696009e-03  3.645550154354121e-01 -3.819458443183925e-03  1.000000000000000e+00  0.000000000000000e+00 -2.324325650444913e-01 -1.102678463205959e-01  2.324325650480669e-01  1.102678463189727e-01  1.000000000000000e+00  0.000000000000000e+00 
 1.995262314968898e+08 -3.641258412673191e-01  5.866613036267811e-03  3.646530279686381e-01 -4.013481739102612e-03  1.000000000000000e+00  0.000000000000000e+00 -2.367401049437549e-01 -1.136437837666433e-01  2.367401049487384e-01  1.136437837642628e-01  1.000000000000000e+00  0.000000000000000e+00 
 2.089296130854059e+08 -3.641854113015833e-01  6.148939014819808e-03  3.647601678557181e-01 -4.218668089285078e-03  1.000000000000000e+00  0.000000000000000e+00 -2.413341908429968e-01 -1.169653657524831e-01  2.413341908478659e-01  1.169653657500439e-01  1.000000000000000e+00  0.000000000000000e+00 
 2.187761623949573e+08 -3.642507109938682e-01  6.445464131904891e-03  3.648772516079798e-01 -4.435832488653920e-03  1.000000000000000e+00  0.000000000000000e+00 -2.462228364968344e-01 -1.202100293336353e-01  2.462228365027470e-01  1.202100293305228e-01  1.000000000000000e+00  0.000000000000000e+00 
 2.290867652767794e+08 -3.643222877127812e-01  6.756993503547814e-03  3.650051621093655e-01 -4.665868435781269e-03  1.000000000000000e+00  0.000000000000000e+00 -2.514124271621005e-01 -1.233533046120677e-01  2.514124271624105e-01  1.233533046119179e-01  1.000000000000000e+00  0.000000000000000e+00 
 2.398832919019513e+08 -3.644007401240106e-01  7.084391260280772e-03  3.651448526934807e-01 -4.909756919924606e-03  1.000000000000000e+00  0.000000000000000e+00 -2.569074104770780e-01 -1.263689041980552e-01  2.569074104804195e-01  1.263689041961277e-01  1.000000000000000e+00  0.000000000000000e+00 
 2.511886431509604e+08 -3.644867227017315e-01  7.428586643635965e-03  3.652973511959989e-01 -5.168576461140918e-03  1.000000000000000e+00  0.000000000000000e+00 -2.627099822777260e-01 -1.292288642013806e-01  2.627099822784863e-01  1.292288642009392e-01  1.000000000000000e+00  0.000000000000000e+00 
 2.630267991895407e+08 -3.645809505509106e-01  7.790580915965399e-03  3.654637639105498e-01 -5.443514311773843e-03  1.000000000000000e+00  0.000000000000000e+00 -2.688197761708223e-01 -1.319037411189077e-01  2.688197761748812e-01  1.319037411163190e-01  1.000000000000000e+00  0.000000000000000e+00 
 2.754228703338193e+08 -3.646842045359948e-01  8.171455203811986e-03  3.656452793592615e-01 -5.735878934206538e-03  1.000000000000000e+00  0.000000000000000e+00 -2.752335673610627e-01 -1.343628674494744e-01  2.752335673659209e-01  1.343628674462130e-01  1.000000000000000e+00  0.000000000000000e+00 
 2.884031503126634e+08 -3.647973367019257e-01  8.572379412266566e-03  3.658431717695824e-01 -6.047113875591339e-03  1.000000000000000e+00  0.000000000000000e+00 -2.819450024267916e-01 -1.365746668338803e-01  2.819450024267952e-01  1.365746668339067e-01  1.000000000000000e+00  0.000000000000000e+00 
 3.019951720402046e+08 -3.649212759607093e-01  8.994622366847772e-03  3.660588041265866e-01 -6.378813164946588e-03  1.000000000000000e+00  0.000000000000000e+00 -2.889443677261477e-01 -1.385070270241112e-01  2.889443677263740e-01  1.385070270239723e-01  1.000000000000000e+00  0.000000000000000e+00 
 3.162277660168411e+08 -3.650570340001873e-01  9.439563360420074e-03  3.662936306444619e-01 -6.732738361087762e-03  1.000000000000000e+00  0.000000000000000e+00 -2.962184094506427e-01 -1.401277261006541e-01  2.962184094556379e-01  1.401277260967516e-01  1.000000000000000e+00  0.000000000000000e+00 
 3.311311214825944e+08 -3.652057113502238e-01  9.908705305363308e-03  3.665491984721356e-01 -7.110837380844677e-03  1.000000000000000e+00  0.000000000000000e+00 -3.037502179661467e-01 -1.414049042180946e-01  3.037502179704831e-01  1.414049042145322e-01  1.000000000000000e+00  0.000000000000000e+00 
 3.467368504525352e+08 -3.653685035142714e-01  1.040368971535113e-02  3.668271484158215e-01 -7.515265235281475e-03  1.000000000000000e+00  0.000000000000000e+00 -3.115191879395340e-01 -1.423075699425934e-01  3.115191879376641e-01  1.423075699442623e-01  1.000000000000000e+00  0.000000000000000e+00 
 3.630780547701051e+08 -3.655467070399833e-01  1.092631376616125e-02  3.671292144256703e-01 -7.948406796542511e-03  1.000000000000000e+00  0.000000000000000e+00 -3.195010637188973e-01 -1.428061271776906e-01  3.195010637194454e-01  1.428061271772229e-01  1.000000000000000e+00  0.000000000000000e+00 
 3.801893963205651e+08 -3.657417253598403e-01  1.147854971015846e-02  3.674572215545993e-01 -8.412901708731234e-03  1.000000000000000e+00  0.000000000000000e+00 -3.276680765247844e-01 -1.428729060170724e-01  3.276680765282094e-01  1.428729060137842e-01  1.000000000000000e+00  0.000000000000000e+00 
 3.981071705535014e+08 -3.659550741802797e-01  1.206256694332918e-02  3.678130820548800e-01 -8.911671542087524e-03  1.000000000000000e+00  0.000000000000000e+00 -3.359891762617750e-01 -1.424826788964732e-01  3.359891762596097e-01  1.424826788987353e-01  1.000000000000000e+00  0.000000000000000e+00 
 4.168693834703397e+08 -3.661883861339524e-01  1.268075704542204e-02  3.681987892323617e-01 -9.447949269798084e-03  1.000000000000000e+00  0.000000000000000e+00 -3.444303565169990e-01 -1.416131423525779e-01  3.444303565220261e-01  1.416131423471732e-01  1.000000000000000e+00  0.000000000000000e+00 
 4.365158322401705e+08 -3.664434143330588e-01  1.333576213077025e-02  3.686164086295345e-01 -1.002531112012479e-02  1.000000000000000e+00  0.000000000000000e+00 -3.529550667044238e-01 -1.402453447354196e-01  3.529550667059527e-01  1.402453447337128e-01  1.000000000000000e+00  0.000000000000000e+00 
 4.570881896148798e+08 -3.667220343707494e-01  1.403050685698468e-02  3.690680660574385e-01 -1.064771082222065e-02  1.000000000000000e+00  0.000000000000000e+00 -3.615247004629118e-01 -1.383640415600896e-01  3.615247004651095e-01  1.383640415574705e-01  1.000000000000000e+00  0.000000000000000e+00 
 4.786300923226434e+08 -3.670262442112048e-01  1.476823443747733e-02  3.695559319431042e-01 -1.131951622099710e-02  1.000000000000000e+00  0.000000000000000e+00 -3.700991453414458e-01 -1.359579626211939e-01  3.700991453445416e-01  1.359579626172607e-01  1.000000000000000e+00  0.000000000000000e+00 
 5.011872336272776e+08 -3.673581612865214e-01  1.555254698743856e-02  3.700822014043655e-01 -1.204554818366600e-02  1.000000000000000e+00  0.000000000000000e+00 -3.786373749180292e-01 -1.330199787115363e-01  3.786373749207432e-01  1.330199787078823e-01  1.000000000000000e+00  0.000000000000000e+00 
 5.248074602497782e+08 -3.677200159798774e-01  1.638745049638500e-02  3.706490694082049e-01 -1.283112165696890e-02  1.000000000000000e+00  0.000000000000000e+00 -3.870980620137091e-01 -1.295471602873011e-01  3.870980620166171e-01  1.295471602831327e-01  1.000000000000000e+00  0.000000000000000e+00 
 5.495408738576305e+08 -3.681141405206408e-01  1.727740465783496e-02  3.712587003128874e-01 -1.368208865833770e-02  1.000000000000000e+00  0.000000000000000e+00 -3.954401902237221e-01 -1.255407255722263e-01  3.954401902263306e-01  1.255407255682495e-01  1.000000000000000e+00  0.000000000000000e+00 
 5.754399373371632e+08 -3.685429521503617e-01  1.822737769142662e-02  3.719131910389719e-01 -1.460488289488105e-02  1.000000000000000e+00  0.000000000000000e+00 -4.036236409696905e-01 -1.210058809422343e-01  4.036236409707393e-01  1.210058809405669e-01  1.000000000000000e+00  0.000000000000000e+00 
 6.025595860743644e+08 -3.690089292429099e-01  1.924290615773265e-02  3.726145270607237e-01 -1.560656559937494e-02  1.000000000000000e+00  0.000000000000000e+00 -4.116097346527144e-01 -1.159515615770736e-01  4.116097346545202e-01  1.159515615739497e-01  1.000000000000000e+00  0.000000000000000e+00 
 6.309573444802003e+08 -3.695145788834541e-01  2.033015958374010e-02  3.733645303588188e-01 -1.669487205022106e-02  1.000000000000000e+00  0.000000000000000e+00 -4.193617071094403e-01 -1.103900849344114e-01  4.193617071092044e-01  1.103900849349354e-01  1.000000000000000e+00  0.000000000000000e+00 
 6.606934480076034e+08 -3.700623942378937e-01  2.149600948029430e-02  3.741647984291547e-01 -1.787825809992596e-02  1.000000000000000e+00  0.000000000000000e+00 -4.268451061625400e-01 -1.043367333175336e-01  4.268451061626761e-01  1.043367333173370e-01  1.000000000000000e+00  0.000000000000000e+00 
 6.918309709189442e+08 -3.706547998878601e-01  2.274810203533904e-02  3.750166334035381e-01 -1.916594587080497e-02  1.000000000000000e+00  0.000000000000000e+00 -4.340280974700684e-01 -9.780928432233646e-02  4.340280974702958e-01  9.780928432192321e-02  1.000000000000000e+00  0.000000000000000e+00 
 7.244359600749983e+08 -3.712940831804817e-01  2.409493340370652e-02  3.759209603095701e-01 -2.056796758342105e-02  1.000000000000000e+00  0.000000000000000e+00 -4.408816734740897e-01 -9.082750935669598e-02  4.408816734748146e-01  9.082750935505628e-02  1.000000000000000e+00  0.000000000000000e+00 
 7.585775750291924e+08 -3.719823095634871e-01  2.554592608304711e-02  3.768782334843286e-01 -2.209520625840078e-02  1.000000000000000e+00  0.000000000000000e+00 -4.473797639972410e-01 -8.341266049058436e-02  4.473797639974019e-01  8.341266049026827e-02  1.000000000000000e+00  0.000000000000000e+00 
 7.943282347242906e+08 -3.727212198642879e-01  2.711150436717022e-02  3.778883301669589e-01 -2.375943177122036e-02  1.000000000000000e+00  0.000000000000000e+00 -4.534992513259673e-01 -7.558696494606723e-02  4.534992513266074e-01  7.558696494434961e-02  1.000000000000000e+00  0.000000000000000e+00 
 8.317637711026806e+08 -3.735121075479394e-01  2.880316630786645e-02  3.789504303391125e-01 -2.557333043830205e-02  1.000000000000000e+00  0.000000000000000e+00 -4.592198964052471e-01 -6.737314459064862e-02  4.592198964067650e-01  6.737314458597538e-02  1.000000000000000e+00  0.000000000000000e+00 
 8.709635899560907e+08 -3.743556741760031e-01  3.063354900478458e-02  3.800628819729459e-01 -2.755052596870916e-02  1.000000000000000e+00  0.000000000000000e+00 -4.645241857183158e-01 -5.879397524187840e-02  4.645241857192010e-01  5.879397523890025e-02  1.000000000000000e+00  0.000000000000000e+00 
 9.120108393559203e+08 -3.752518616093811e-01  3.261648339699591e-02  3.812230510011356e-01 -2.970558922897355e-02  1.000000000000000e+00  0.000000000000000e+00 -4.693971105668205e-01 -4.987189757675310e-02  4.693971105668613e-01  4.987189757675006e-02  1.000000000000000e+00  0.000000000000000e+00 
 9.549925860214471e+08 -3.761996599746690e-01  3.476703407310310e-02  3.824271555626393e-01 -3.205403384366798e-02  1.000000000000000e+00  0.000000000000000e+00 -4.738258917361383e-01 -4.062868827203868e-02  4.738258917363921e-01  4.062868827106814e-02  1.000000000000000e+00  0.000000000000000e+00 
 1.000000000000012e+09 -3.771968910643276e-01  3.710151898018496e-02  3.836700844249876e-01 -3.461229420193500e-02  1.000000000000000e+00  0.000000000000000e+00 -4.777996629783102e-01 -3.108519693937919e-02  4.777996629787606e-01  3.108519693721319e-02  1.000000000000000e+00  0.000000000000000e+00 
 1.047128548050912e+09 -3.782399676795550e-01  3.963750333371996e-02  3.849451999631346e-01 -3.739768197923440e-02  1.000000000000000e+00  0.000000000000000e+00 -4.813091265270855e-01 -2.126115159523470e-02  4.813091265272556e-01  2.126115159441436e-02  1.000000000000000e+00  0.000000000000000e+00 
 1.096478196143198e+09 -3.793236304577753e-01  4.239376155613298e-02  3.862441267095519e-01 -4.042831684271928e-02  1.000000000000000e+00  0.000000000000000e+00 -4.843461931153933e-01 -1.117503294123154e-02  4.843461931155050e-01  1.117503294067107e-02  1.000000000000000e+00  0.000000000000000e+00 
 1.148153621496897e+09 -3.804406649510850e-01  4.539020075191894e-02  3.875565272989328e-01 -4.372302662735247e-02  1.000000000000000e+00  0.000000000000000e+00 -4.869036178266697e-01 -8.440157447249241e-04  4.869036178268276e-01  8.440157435197493e-04  1.000000000000000e+00  0.000000000000000e+00 
 1.202264434617427e+09 -3.815816031228815e-01  4.864773911791456e-02  3.888698686237531e-01 -4.730121199834678e-02  1.000000000000000e+00  0.000000000000000e+00 -4.889746417489022e-01  9.716025883252738e-03  4.889746417490873e-01 -9.716025885394747e-03  1.000000000000000e+00  0.000000000000000e+00 
 1.258925411794183e+09 -3.827344149779491e-01  5.218813284568175e-02  3.901691821908527e-01 -5.118267051319572e-02  1.000000000000000e+00  0.000000000000000e+00 -4.905526479741362e-01  2.049045358219641e-02  4.905526479741197e-01 -2.049045358072440e-02  1.000000000000000e+00  0.000000000000000e+00 
 1.318256738556423e+09 -3.838841976909141e-01  5.603374555521466e-02  3.914368240037246e-01 -5.538737512893545e-02  1.000000000000000e+00  0.000000000000000e+00 -4.916308390771564e-01  3.146574508686767e-02  4.916308390771995e-01 -3.146574508735174e-02  1.000000000000000e+00  0.000000000000000e+00 
 1.380384264602902e+09 -3.850128712857001e-01  6.020725515560731e-02  3.926522407484485e-01 -5.993520263367984e-02  1.000000000000000e+00  0.000000000000000e+00 -4.922019419466951e-01  4.262932503091865e-02  4.922019419467257e-01 -4.262932503130919e-02  1.000000000000000e+00  0.000000000000000e+00 
 1.445439770745945e+09 -3.860988915628339e-01  6.473129429809578e-02  3.937917505680301e-01 -6.484560827633595e-02  1.000000000000000e+00  0.000000000000000e+00 -4.922579447326124e-01  5.396935135078937e-02  4.922579447325993e-01 -5.396935135177361e-02  1.000000000000000e+00  0.000000000000000e+00 
 1.513561248436227e+09 -3.871169924734301e-01  6.962802229184453e-02  3.948283481817871e-01 -7.013724407093050e-02  1.000000000000000e+00  0.000000000000000e+00 -4.917898698417668e-01  6.547446236059819e-02  4.917898698416830e-01 -6.547446236205839e-02  1.000000000000000e+00  0.000000000000000e+00 
 1.584893192461133e+09 -3.880379713861745e-01  7.491862849076340e-02  3.957315454345857e-01 -7.582751988565947e-02  1.000000000000000e+00  0.000000000000000e+00 -4.907875862758827e-01  7.713348923009244e-02  4.907875862758805e-01 -7.713348923044973e-02  1.000000000000000e+00  0.000000000000000e+00 
 1.659586907437582e+09 -3.888285315665922e-01  8.062276969806646e-02  3.964672594225592e-01 -8.193210848409853e-02  1.000000000000000e+00  0.000000000000000e+00 -4.892396642319383e-01  8.893513834021925e-02  4.892396642319786e-01 -8.893513834020986e-02  1.000000000000000e+00  0.000000000000000e+00 
 1.737800828749398e+09 -3.894511965674061e-01  8.675794700668071e-02  3.969977610104303e-01 -8.846439812240203e-02  1.000000000000000e+00  0.000000000000000e+00 -4.871332747160101e-01  1.008676477444212e-01  4.871332747158432e-01 -1.008676477455636e-01  1.000000000000000e+00  0.000000000000000e+00 
 1.819700858610007e+09 -3.898643110083967e-01  9.333883059332240e-02  3.972816967119908e-01 -9.543489903719907e-02  1.000000000000000e+00  0.000000000000000e+00 -4.844541369352824e-01  1.129184218116597e-01  4.844541369351925e-01 -1.129184218122613e-01  1.000000000000000e+00  0.000000000000000e+00 
 1.905460717963272e+09 -3.900221413223377e-01  1.003765441721813e-01  3.972741964525861e-01 -1.028506130611598e-01  1.000000000000000e+00  0.000000000000000e+00 -4.811865163892385e-01  1.250736481419523e-01  4.811865163893386e-01 -1.250736481417054e-01  1.000000000000000e+00  0.000000000000000e+00 
 1.995262314968905e+09 -3.898750884171973e-01  1.078779239225562e-01  3.969270786093159e-01 -1.107143785221974e-01  1.000000000000000e+00  0.000000000000000e+00 -4.773132768235762e-01  1.373179010671228e-01  4.773132768234013e-01 -1.373179010678759e-01  1.000000000000000e+00  0.000000000000000e+00 
 2.089296130854067e+09 -3.893700218593148e-01  1.158447695490978e-01  3.961891619162290e-01 -1.190242053437548e-01  1.000000000000000e+00  0.000000000000000e+00 -4.728159894822767e-01  1.496337364624111e-01  4.728159894822273e-01 -1.496337364626859e-01  1.000000000000000e+00  0.000000000000000e+00 
 2.187761623949581e+09 -3.884507421785705e-01  1.242731075298811e-01  3.950066913666504e-01 -1.277726176903194e-01  1.000000000000000e+00  0.000000000000000e+00 -4.676751033339255e-01  1.620012832590308e-01  4.676751033337920e-01 -1.620012832595106e-01  1.000000000000000e+00  0.000000000000000e+00 
 2.290867652767803e+09 -3.870585743506018e-01  1.331524883928285e-01  3.933238822347661e-01 -1.369460234329779e-01  1.000000000000000e+00  0.000000000000000e+00 -4.618701800770425e-01  1.743978379930228e-01  4.618701800774532e-01 -1.743978379920872e-01  1.000000000000000e+00  0.000000000000000e+00 
 2.398832919019522e+09 -3.851330915856699e-01  1.424653409113322e-01  3.910835829112889e-01 -1.465241310178556e-01  1.000000000000000e+00  0.000000000000000e+00 -4.553801976842909e-01  1.867974698422109e-01  4.553801976846371e-01 -1.867974698415112e-01  1.000000000000000e+00  0.000000000000000e+00 
 2.511886431509614e+09 -3.826129644427411e-01  1.521864063574382e-01  3.882280535719163e-01 -1.564794349291312e-01  1.000000000000000e+00  0.000000000000000e+00 -4.481839259266577e-01  1.991706450137460e-01  4.481839259263594e-01 -1.991706450144395e-01  1.000000000000000e+00  0.000000000000000e+00 
 2.630267991895417e+09 -3.794369261929594e-01  1.622822753928129e-01  3.846998539507976e-01 -1.667767908297717e-01  1.000000000000000e+00  0.000000000000000e+00 -4.402603766672258e-01  2.114838808517158e-01  4.402603766668134e-01 -2.114838808525633e-01  1.000000000000000e+00  0.000000000000000e+00 
 2.754228703338203e+09 -3.755448414642255e-01  1.727110488753845e-01  3.804428298393430e-01 -1.773731006768773e-01  1.000000000000000e+00  0.000000000000000e+00 -4.315893306270007e-01  2.236994417007103e-01  4.315893306270873e-01 -2.236994417006258e-01  1.000000000000000e+00  0.000000000000000e+00 
 2.884031503126645e+09 -3.708788616518357e-01  1.834221419272411e-01  3.754031845028836e-01 -1.882171267312581e-01  1.000000000000000e+00  0.000000000000000e+00 -4.221519407386037e-01  2.357750902196940e-01  4.221519407379266e-01 -2.357750902208216e-01  1.000000000000000e+00  0.000000000000000e+00 
 3.019951720402058e+09 -3.653846474633492e-01  1.943562481922534e-01  3.695306180816433e-01 -1.992494515265212e-01  1.000000000000000e+00  0.000000000000000e+00 -4.119314100540599e-01  2.476639093924708e-01  4.119314100543252e-01 -2.476639093921411e-01  1.000000000000000e+00  0.000000000000000e+00 
 3.162277660168423e+09 -3.590126362960716e-01  2.054454784574894e-01  3.627795152377796e-01 -2.104025986465116e-01  1.000000000000000e+00  0.000000000000000e+00 -4.009137394374771e-01  2.593142117496784e-01  4.009137394373890e-01 -2.593142117498446e-01  1.000000000000000e+00  0.000000000000000e+00 
 3.311311214825957e+09 -3.517193298782597e-01  2.166136848399143e-01  3.551101587942649e-01 -2.216013266699825e-01  1.000000000000000e+00  0.000000000000000e+00 -3.890885368940941e-01  2.706695532299417e-01  3.890885368942134e-01 -2.706695532298418e-01  1.000000000000000e+00  0.000000000000000e+00 
 3.467368504525365e+09 -3.434685756536245e-01  2.277769786132071e-01  3.464899448174417e-01 -2.327631059162215e-01  1.000000000000000e+00  0.000000000000000e+00 -3.764498765006109e-01  2.816688692707925e-01  3.764498765006167e-01 -2.816688692708272e-01  1.000000000000000e+00  0.000000000000000e+00 
 3.630780547701065e+09 -3.342328136547228e-01  2.388444464612783e-01  3.368945724513481e-01 -2.437987846392770e-01  1.000000000000000e+00  0.000000000000000e+00 -3.629971904887497e-01  2.922467501625411e-01  3.629971904888795e-01 -2.922467501624465e-01  1.000000000000000e+00  0.000000000000000e+00 
 3.801893963205667e+09 -3.239942590217572e-01  2.497190664141694e-01  3.263091797753449e-01 -2.546134479809941e-01  1.000000000000000e+00  0.000000000000000e+00 -3.487361733685709e-01  3.023338710038559e-01  3.487361733684753e-01 -3.023338710039798e-01  1.000000000000000e+00  0.000000000000000e+00 
 3.981071705535030e+09 -3.127459888692932e-01  2.602988208092009e-01  3.147293950469912e-01 -2.651074691649253e-01  1.000000000000000e+00  0.000000000000000e+00 -3.336796722190646e-01  3.118575887372272e-01  3.336796722191321e-01 -3.118575887372015e-01  1.000000000000000e+00  0.000000000000000e+00 
 4.168693834703414e+09 -3.004929009663778e-01  2.704779991595482e-01  3.021622710181807e-01 -2.751777479366816e-01  1.000000000000000e+00  0.000000000000000e+00 -3.178485327899251e-01  3.207427144957772e-01  3.178485327900692e-01 -3.207427144956950e-01  1.000000000000000e+00  0.000000000000000e+00 
 4.365158322401723e+09 -2.872525108641960e-01  2.801486786558700e-01  2.886270687842913e-01 -2.847191259981369e-01  1.000000000000000e+00  0.000000000000000e+00 -3.012723671899963e-01  3.289124638696888e-01  3.012723671901014e-01 -3.289124638696423e-01  1.000000000000000e+00  0.000000000000000e+00 
 4.570881896148817e+09 -2.730555539699474e-01  2.892023640947020e-01  2.741558571483900e-01 -2.936259630822793e-01  1.000000000000000e+00  0.000000000000000e+00 -2.839902061442438e-01  3.362895807177718e-01  2.839902061442581e-01 -3.362895807177871e-01  1.000000000000000e+00  0.000000000000000e+00 
 4.786300923226454e+09 -2.579463599907922e-01  2.975317623576070e-01  2.587938941276721e-01 -3.017938504297845e-01  1.000000000000000e+00  0.000000000000000e+00 -2.660509974976754e-01  3.427976220306148e-01  2.660509974975812e-01 -3.427976220306894e-01  1.000000000000000e+00  0.000000000000000e+00 
 5.011872336272797e+09 -2.419829695489065e-01  3.050326593492715e-01  2.425997593900305e-01 -3.091214309679802e-01  1.000000000000000e+00  0.000000000000000e+00 -2.475139132604326e-01  3.483623824172804e-01  2.475139132602543e-01 -3.483623824173885e-01  1.000000000000000e+00  0.000000000000000e+00 
 5.248074602497804e+09 -2.252369669520361e-01  3.116058599038471e-01  2.256452104354885e-01 -3.155122878363050e-01  1.000000000000000e+00  0.000000000000000e+00 -2.284484303521647e-01  3.529134275320485e-01  2.284484303519392e-01 -3.529134275321635e-01  1.000000000000000e+00  0.000000000000000e+00 
 5.495408738576327e+09 -2.077930093390945e-01  3.171591441117940e-01  2.080147414694957e-01 -3.208768555863308e-01  1.000000000000000e+00  0.000000000000000e+00 -2.089341555167101e-01  3.563856967973473e-01  2.089341555170377e-01 -3.563856967972457e-01  1.000000000000000e+00  0.000000000000000e+00 
 5.754399373371655e+09 -1.897480407765869e-01  3.216091874526484e-01  1.898048322145083e-01 -3.251343020648132e-01  1.000000000000000e+00  0.000000000000000e+00 -1.890603726585765e-01  3.587211278191949e-01  1.890603726587290e-01 -3.587211278191649e-01  1.000000000000000e+00  0.000000000000000e+00 
 6.025595860743669e+09 -1.712101901995174e-01  3.248833877477596e-01  1.711228842066576e-01 -3.282143243746550e-01  1.000000000000000e+00  0.000000000000000e+00 -1.689253008821296e-01  3.598702486731774e-01  1.689253008822094e-01 -3.598702486731731e-01  1.000000000000000e+00  0.000000000000000e+00 
 6.309573444802029e+09 -1.522973639565036e-01  3.269215399461609e-01  1.520858540068667e-01 -3.300588000781683e-01  1.000000000000000e+00  0.000000000000000e+00 -1.486350633711193e-01  3.597936804388878e-01  1.486350633712107e-01 -3.597936804388852e-01  1.000000000000000e+00  0.000000000000000e+00 
 6.606934480076061e+09 -1.331355564753547e-01  3.276773006739653e-01  1.328186055594439e-01 -3.306232355084645e-01  1.000000000000000e+00  0.000000000000000e+00 -1.283023802159970e-01  3.584634915520275e-01  1.283023802160822e-01 -3.584634915520304e-01  1.000000000000000e+00  0.000000000000000e+00 
 6.918309709189471e+09 -1.138569153588151e-01  3.271193886417350e-01  1.134520168005978e-01 -3.298779570184310e-01  1.000000000000000e+00  0.000000000000000e+00 -1.080450115651100e-01  3.558643480484193e-01  1.080450115652666e-01 -3.558643480484227e-01  1.000000000000000e+00  0.000000000000000e+00 
 7.244359600750012e+09 -9.459760908495962e-02  3.252324744542341e-01  9.412088758785676e-02 -3.278089982642513e-01  1.000000000000000e+00  0.000000000000000e+00 -8.798399005420887e-02  3.519944096707333e-01  8.798399005451484e-02 -3.519944096707463e-01  1.000000000000000e+00  0.000000000000000e+00 
 7.585775750291955e+09 -7.549555545461238e-02  3.220177238167103e-01  7.496170611949497e-02 -3.244186469097124e-01  1.000000000000000e+00  0.000000000000000e+00 -6.824169240065427e-02  3.468659308452816e-01  6.824169240094489e-02 -3.468659308453125e-01  1.000000000000000e+00  0.000000000000000e+00 
 7.943282347242938e+09 -5.668807614749007e-02  3.174929709790458e-01  5.611033838655583e-02 -3.197256268512346e-01  1.000000000000000e+00  0.000000000000000e+00 -4.893980847039286e-02  3.405055371637319e-01  4.893980847062118e-02 -3.405055371637732e-01  1.000000000000000e+00  0.000000000000000e+00 
 8.317637711026839e+09 -3.830954659497369e-02  3.116925136398889e-01  3.769970921990026e-02 -3.137649063430945e-01  1.000000000000000e+00  0.000000000000000e+00 -3.019727138284375e-02  3.329541614169400e-01  3.019727138294738e-02 -3.329541614169721e-01  1.000000000000000e+00  0.000000000000000e+00 
 8.709635899560942e+09 -2.048911053595012e-02  3.046665354171201e-01  1.985754383983518e-02 -3.065871372220924e-01  1.000000000000000e+00  0.000000000000000e+00 -1.212821394013423e-02  3.242666374475715e-01  1.212821394052700e-02 -3.242666374476866e-01  1.000000000000000e+00  0.000000000000000e+00 
 9.120108393559240e+09 -3.348525129775024e-03  2.964801763028830e-01  2.704235514694380e-03 -2.982577447179083e-01  1.000000000000000e+00  0.000000000000000e+00  5.159985174533479e-03  3.145109640773731e-01 -5.159985174313349e-03 -3.145109640774592e-01  1.000000000000000e+00  0.000000000000000e+00 
 9.549925860214510e+09  1.299980426316099e-02  2.872122842676889e-01 -1.364910164233208e-02 -2.888557000966627e-01  1.000000000000000e+00  0.000000000000000e+00  2.156850710754080e-02  3.037672641447480e-01 -2.156850710732222e-02 -3.037672641448508e-01  1.000000000000000e+00  0.000000000000000e+00 
 1.000000000000016e+10  2.845454989088538e-02  2.769538915621813e-01 -2.910234490454881e-02 -2.784720188216597e-01  1.000000000000000e+00  0.000000000000000e+00  3.700869993723314e-02  2.921264744548834e-01 -3.700869993700522e-02 -2.921264744550087e-01  1.000000000000000e+00  0.000000000000000e+00 
 1.047128548050916e+10  4.292690938043556e-02  2.658064667703254e-01 -4.356780132124633e-02 -2.672080345049804e-01  1.000000000000000e+00  0.000000000000000e+00  5.140344639142409e-02  2.796888106372400e-01 -5.140344639107335e-02 -2.796888106374553e-01  1.000000000000000e+00  0.000000000000000e+00 
 1.096478196143202e+10  5.634174876407974e-02  2.538799980964536e-01 -5.697134519755245e-02 -2.551735034614893e-01  1.000000000000000e+00  0.000000000000000e+00  6.468826217835212e-02  2.665620562724156e-01 -6.468826217809667e-02 -2.665620562726014e-01  1.000000000000000e+00  0.000000000000000e+00 
 1.148153621496901e+10  6.863842589566617e-02  2.412909648343672e-01 -6.925323934838482e-02 -2.424845962677901e-01  1.000000000000000e+00  0.000000000000000e+00  7.681210591687096e-02  2.528597282234161e-01 -7.681210591665261e-02 -2.528597282236006e-01  1.000000000000000e+00  0.000000000000000e+00 
 1.202264434617432e+10  7.977129039947446e-02  2.281602528434078e-01 -8.036863576336170e-02 -2.292618317374022e-01  1.000000000000000e+00  0.000000000000000e+00  8.773789210352886e-02  2.386991701820596e-01 -8.773789210332852e-02 -2.386991701822543e-01  1.000000000000000e+00  0.000000000000000e+00 
 1.258925411794188e+10  8.970986593670344e-02  2.146110666955175e-01 -9.028776093966356e-02 -2.156280056928036e-01  1.000000000000000e+00  0.000000000000000e+00  9.744270794702034e-02  2.241996244837826e-01 -9.744270794678600e-02 -2.241996244840372e-01  1.000000000000000e+00  0.000000000000000e+00 
 1.318256738556429e+10  9.843872856712921e-02  2.007668865895131e-01 -9.899579913805719e-02 -2.017061624684538e-01  1.000000000000000e+00  0.000000000000000e+00  1.059177429092326e-01  2.094803288194655e-01 -1.059177429090155e-01 -2.094803288197352e-01  1.000000000000000e+00  0.000000000000000e+00 
 1.380384264602907e+10  1.059571012796261e-01  1.867495127666192e-01 -1.064924931425048e-01 -1.876176518234959e-01  1.000000000000000e+00  0.000000000000000e+00  1.131679463383280e-01  1.946586801316431e-01 -1.131679463381406e-01 -1.946586801319119e-01  1.000000000000000e+00  0.000000000000000e+00 
 1.445439770745951e+10  1.122781895155406e-01  1.726772345180827e-01 -1.127914869003986e-01 -1.734803083884197e-01  1.000000000000000e+00  0.000000000000000e+00  1.192114337546323e-01  1.798485032029692e-01 -1.192114337544979e-01 -1.798485032031986e-01  1.000000000000000e+00  0.000000000000000e+00 
 1.513561248436233e+10  1.174282859927003e-01  1.586631553115083e-01 -1.179194379617820e-01 -1.594067852751237e-01  1.000000000000000e+00  0.000000000000000e+00  1.240786663826817e-01  1.651584565625573e-01 -1.240786663825515e-01 -1.651584565628126e-01  1.000000000000000e+00  0.000000000000000e+00 
 1.584893192461140e+10  1.214456756855262e-01  1.448137002633637e-01 -1.219149302467345e-01 -1.455030682306158e-01  1.000000000000000e+00  0.000000000000000e+00  1.278114316858623e-01  1.506906035348639e-01 -1.278114316857468e-01 -1.506906035351300e-01  1.000000000000000e+00  0.000000000000000e+00 
 1.659586907437588e+10  1.243793737348103e-01  1.312273271739844e-01 -1.248272196521489e-01 -1.318671917356046e-01  1.000000000000000e+00  0.000000000000000e+00  1.304616552153801e-01  1.365391715642152e-01 -1.304616552152922e-01 -1.365391715644631e-01  1.000000000000000e+00  0.000000000000000e+00 
 1.737800828749405e+10  1.262877305722122e-01  1.179934575175732e-01 -1.267148465816940e-01 -1.185881736420048e-01  1.000000000000000e+00  0.000000000000000e+00  1.320900762134105e-01  1.227895182866950e-01 -1.320900762133430e-01 -1.227895182869337e-01  1.000000000000000e+00  0.000000000000000e+00 
 1.819700858610014e+10  1.272369397527990e-01  1.051916389750515e-01 -1.276441507465601e-01 -1.057451801426198e-01  1.000000000000000e+00  0.000000000000000e+00  1.327648211869887e-01  1.095173180430893e-01 -1.327648211869309e-01 -1.095173180433450e-01  1.000000000000000e+00  0.000000000000000e+00 
 1.905460717963279e+10  1.272994848695492e-01  9.289094614006552e-02 -1.276877245135780e-01 -9.340692790282690e-02  1.000000000000000e+00  0.000000000000000e+00  1.325599110477623e-01  9.678797748947852e-02 -1.325599110477250e-01 -9.678797748971393e-02  1.000000000000000e+00  0.000000000000000e+00 
 1.995262314968913e+10  1.265525623429920e-01  8.114962079991582e-02 -1.269228415370757e-01 -8.163132494269990e-02  1.000000000000000e+00  0.000000000000000e+00  1.315537382482235e-01  8.465628357536809e-02 -1.315537382481995e-01 -8.465628357560315e-02  1.000000000000000e+00  0.000000000000000e+00 
 2.089296130854075e+10  1.250765166343447e-01  7.001494767218908e-02 -1.254298971986336e-01 -7.046534631969227e-02  1.000000000000000e+00  0.000000000000000e+00  1.298275504302457e-01  7.316628142908288e-02 -1.298275504302390e-01 -7.316628142928371e-02  1.000000000000000e+00  0.000000000000000e+00 
 2.187761623949590e+10  1.229533233028083e-01  5.952335576025555e-02 -1.232908962763477e-01 -5.994513492469715e-02  1.000000000000000e+00  0.000000000000000e+00  1.274639762202784e-01  6.235137373461604e-02 -1.274639762202825e-01 -6.235137373481064e-02  1.000000000000000e+00  0.000000000000000e+00 
 2.290867652767812e+10  1.202651531373431e-01  4.970072978544331e-02 -1.205880210933489e-01 -5.009631197852165e-02  1.000000000000000e+00  0.000000000000000e+00  1.245456267835050e-01  5.223462723527466e-02 -1.245456267835187e-01 -5.223462723546422e-02  1.000000000000000e+00  0.000000000000000e+00 
 2.398832919019532e+10  1.170930472467629e-01  4.056291075585429e-02 -1.174023100616056e-01 -4.093447639804154e-02  1.000000000000000e+00  0.000000000000000e+00  1.211538035039626e-01  4.282926636532088e-02 -1.211538035039849e-01 -4.282926636548993e-02  1.000000000000000e+00  0.000000000000000e+00 
 2.511886431509623e+10  1.135157285127939e-01  3.211635997964656e-02 -1.138124720659009e-01 -3.246586743058479e-02  1.000000000000000e+00  0.000000000000000e+00  1.173673377236893e-01  3.413932904426716e-02 -1.173673377237185e-01 -3.413932904442829e-02  1.000000000000000e+00  0.000000000000000e+00 
 2.630267991895427e+10  1.096085693488841e-01  2.435895705407258e-02 -1.098938566753534e-01 -2.468816116182631e-02  1.000000000000000e+00  0.000000000000000e+00  1.132615830145113e-01  2.616045570493830e-02 -1.132615830145453e-01 -2.616045570507966e-02  1.000000000000000e+00  0.000000000000000e+00 
 2.754228703338214e+10  1.054427295274710e-01  1.728089983254035e-02 -1.057175939913000e-01 -1.759136895886360e-02  1.000000000000000e+00  0.000000000000000e+00  1.089075742476604e-01  1.888077994215359e-02 -1.089075742477005e-01 -1.888077994229628e-02  1.000000000000000e+00  0.000000000000000e+00 
 2.884031503126656e+10  1.010844712885577e-01  1.086567326501182e-02 -1.013499113899977e-01 -1.115880479079024e-02  1.000000000000000e+00  0.000000000000000e+00  1.043713611287572e-01  1.228188793965069e-02 -1.043713611288013e-01 -1.228188793978432e-02  1.000000000000000e+00  0.000000000000000e+00 
 3.019951720402069e+10  9.659465241282025e-02  5.091054376047024e-03 -9.685162788713372e-02 -5.368088727812134e-03  1.000000000000000e+00  0.000000000000000e+00  9.971351727833842e-02  6.339814109227623e-03 -9.971351727838312e-02 -6.339814109342734e-03  1.000000000000000e+00  0.000000000000000e+00 
 3.162277660168435e+10  9.202839181835079e-02 -6.987758163671306e-05 -9.227782072435824e-02 -1.921556852216687e-04  1.000000000000000e+00  0.000000000000000e+00  9.498881975396356e-02  1.026042084647732e-03 -9.498881975401043e-02 -1.026042084755327e-03  1.000000000000000e+00  0.000000000000000e+00 
 3.311311214825969e+10  8.743489685946312e-02 -4.647753765694250e-03 -8.767765339436298e-02  4.399758533462736e-03  1.000000000000000e+00  0.000000000000000e+00  9.024608847236519e-02 -3.691516835995926e-03 -9.024608847241143e-02  3.691516835901864e-03  1.000000000000000e+00  0.000000000000000e+00 
 3.467368504525378e+10  8.285743712667648e-02 -8.675975195988915e-03 -8.309434993867568e-02  8.441177898518159e-03  1.000000000000000e+00  0.000000000000000e+00  8.552817056058008e-02 -7.847591785375200e-03 -8.552817056062710e-02  7.847591785288063e-03  1.000000000000000e+00  0.000000000000000e+00 
 3.630780547701078e+10  7.833344632778180e-02 -1.218983846255000e-02 -7.856529713031249e-02  1.196751295088922e-02  1.000000000000000e+00  0.000000000000000e+00  8.087205140418922e-02 -1.147868638032481e-02 -8.087205140423727e-02  1.147868638024253e-02  1.000000000000000e+00  0.000000000000000e+00 
 3.801893963205680e+10  7.389473182554046e-02 -1.522574225594327e-02 -7.412225414667462e-02  1.501526828985469e-02  1.000000000000000e+00  0.000000000000000e+00  7.630907212374446e-02 -1.462229328344135e-02 -7.630907212379112e-02  1.462229328336803e-02  1.000000000000000e+00  0.000000000000000e+00 
 3.981071705535044e+10  6.956777057682872e-02 -1.782048442645424e-02 -6.979164850547004e-02  1.762134044958470e-02  1.000000000000000e+00  0.000000000000000e+00  7.186523235560956e-02 -1.731619896351495e-02 -7.186523235565398e-02  1.731619896345055e-02  1.000000000000000e+00  0.000000000000000e+00 
 4.168693834703429e+10  6.537407044126269e-02 -2.001065470490112e-02 -6.559493725840494e-02  1.982241129067493e-02  1.000000000000000e+00  0.000000000000000e+00  6.756155741987710e-02 -1.959788377069091e-02 -6.756155741991959e-02  1.959788377063358e-02  1.000000000000000e+00  0.000000000000000e+00 
 4.365158322401739e+10  6.133057692947576e-02 -2.183212413865585e-02 -6.154901353890115e-02  2.165443795485330e-02  1.000000000000000e+00  0.000000000000000e+00  6.341451004926436e-02 -2.150401836186685e-02 -6.341451004930750e-02  2.150401836181185e-02  1.000000000000000e+00  0.000000000000000e+00 
 4.570881896148833e+10  5.745010723645547e-02 -2.331962885086176e-02 -5.766664033531799e-02  2.315223698683751e-02  1.000000000000000e+00  0.000000000000000e+00  5.943642862161819e-02 -2.307005406623076e-02 -5.943642862165809e-02  2.307005406618321e-02  1.000000000000000e+00  0.000000000000000e+00 
 4.786300923226471e+10  5.374179563991765e-02 -2.450644299077900e-02 -5.395689559624579e-02  2.434915748889507e-02  1.000000000000000e+00  0.000000000000000e+00  5.563597606957098e-02 -2.432990204271111e-02 -5.563597606960927e-02  2.432990204266797e-02  1.000000000000000e+00  0.000000000000000e+00 
 5.011872336272815e+10  5.021153683468636e-02 -2.542413372073619e-02 -5.042561526636227e-02  2.527683615332002e-02  1.000000000000000e+00  0.000000000000000e+00  5.201858612991732e-02 -2.531569406252233e-02 -5.201858612995324e-02  2.531569406248405e-02  1.000000000000000e+00  0.000000000000000e+00 
 5.248074602497823e+10  4.686241634302185e-02 -2.610238974418409e-02 -4.707582342146172e-02  2.596502567984847e-02  1.000000000000000e+00  0.000000000000000e+00  4.858689616270250e-02 -2.605761641503814e-02 -4.858689616273770e-02  2.605761641500248e-02  1.000000000000000e+00  0.000000000000000e+00 
 5.495408738576347e+10  4.369511964202038e-02 -2.656891414881881e-02 -4.390814117356600e-02  2.644148735813428e-02  1.000000000000000e+00  0.000000000000000e+00  4.534115826947042e-02 -2.658380771223222e-02 -4.534115826950341e-02  2.658380771220036e-02  1.000000000000000e+00  0.000000000000000e+00 
 5.754399373371677e+10  4.070831397283772e-02 -2.684937212600205e-02 -4.092116834142592e-02  2.673193838721532e-02  1.000000000000000e+00  0.000000000000000e+00  4.227962276096436e-02 -2.692031116316917e-02 -4.227962276099551e-02  2.692031116314050e-02  1.000000000000000e+00  0.000000000000000e+00 
 6.025595860743690e+10  3.789899886821369e-02 -2.696738433021123e-02 -3.811183395351418e-02  2.686004471189186e-02  1.000000000000000e+00  0.000000000000000e+00  3.939889009219562e-02 -2.709107210222754e-02 -3.939889009222502e-02  2.709107210220169e-02  1.000000000000000e+00  0.000000000000000e+00 
 6.309573444802052e+10  3.526282321225310e-02 -2.694455715721398e-02 -3.547571342705515e-02  2.684745067720919e-02  1.000000000000000e+00  0.000000000000000e+00  3.669422915438408e-02 -2.711797207978899e-02 -3.669422915441146e-02  2.711797207976593e-02  1.000000000000000e+00  0.000000000000000e+00 
 6.606934480076085e+10  3.279436811422264e-02 -2.680054195111708e-02 -3.300731173191349e-02  2.671383754059451e-02  1.000000000000000e+00  0.000000000000000e+00  3.415986127334340e-02 -2.702089156540968e-02 -3.415986127336872e-02  2.702089156538920e-02  1.000000000000000e+00  0.000000000000000e+00 
 6.918309709189496e+10  3.048739604186350e-02 -2.655311601394975e-02 -3.070031300753001e-02  2.647700375181281e-02  1.000000000000000e+00  0.000000000000000e+00  3.178921041791680e-02 -2.681779418610729e-02 -3.178921041794096e-02  2.681779418608852e-02  1.000000000000000e+00  0.000000000000000e+00 
 7.244359600750038e+10  2.833506754018640e-02 -2.621827921657259e-02 -2.854779797507770e-02  2.615296084282131e-02  1.000000000000000e+00  0.000000000000000e+00  2.957512099094085e-02 -2.652482635535309e-02 -2.957512099096281e-02  2.652482635533657e-02  1.000000000000000e+00  0.000000000000000e+00 
 7.585775750291982e+10  2.633012748946636e-02 -2.581036094081221e-02 -2.654243110606839e-02  2.575603970650842e-02  1.000000000000000e+00  0.000000000000000e+00  2.751004518964449e-02 -2.615642708549610e-02 -2.751004518966496e-02  2.615642708548126e-02  1.000000000000000e+00  0.000000000000000e+00 
 7.943282347242966e+10  2.446506326693831e-02 -2.534213297839501e-02 -2.467661990861379e-02  2.529900294305225e-02  1.000000000000000e+00  0.000000000000000e+00  2.558620231845948e-02 -2.572544367573234e-02 -2.558620231847894e-02  2.572544367571879e-02  1.000000000000000e+00  0.000000000000000e+00 
 8.317637711026869e+10  2.273223740778793e-02 -2.482492484390166e-02 -2.294264891106617e-02  2.479315978586697e-02  1.000000000000000e+00  0.000000000000000e+00  2.379571265257252e-02 -2.524324980037232e-02 -2.379571265259047e-02  2.524324980036020e-02  1.000000000000000e+00  0.000000000000000e+00 
 8.709635899560974e+10  2.112399744854808e-02 -2.426873870888710e-02 -2.133279099656497e-02  2.424848086743393e-02  1.000000000000000e+00  0.000000000000000e+00  2.213070852192471e-02 -2.471986326994213e-02 -2.213070852194168e-02  2.471986326993111e-02  1.000000000000000e+00  0.000000000000000e+00 
 9.120108393559274e+10  1.963276561308370e-02 -2.368236182357419e-02 -1.983939870512316e-02  2.367371073927244e-02  1.000000000000000e+00  0.000000000000000e+00  2.058342524653215e-02 -2.416406139143117e-02 -2.058342524654780e-02  2.416406139142132e-02  1.000000000000000e+00  0.000000000000000e+00 
 9.549925860214545e+10  1.825111089709905e-02 -2.307347485886201e-02 -1.845497800252515e-02  2.307647661736712e-02  1.000000000000000e+00  0.000000000000000e+00  1.914627443484790e-02 -2.358349241141209e-02 -1.914627443486252e-02  2.358349241140319e-02  1.000000000000000e+00  0.000000000000000e+00 
 1.000000000000020e+11  1.697180594620304e-02 -2.244875507726449e-02 -1.717224684338519e-02  2.246339228710751e-02  1.000000000000000e+00  0.000000000000000e+00  1.781190198294921e-02 -2.298478198937647e-02 -1.781190198296274e-02  2.298478198936847e-02  1.000000000000000e+00  0.000000000000000e+00 
