 5.000000000000000e-08 -6.973358468060908e-03 
 5.010000000000000e-08 -1.050180017644209e-02 
 5.020000000000000e-08 -1.397292510037196e-02 
 5.030000000000000e-08 -1.740123051742337e-02 
 5.040000000000000e-08 -2.076063242627324e-02 
 5.050000000000000e-08 -2.403766104370009e-02 
 5.060000000000000e-08 -2.721970453900635e-02 
 5.070000000000000e-08 -3.029409735087563e-02 
 5.080000000000000e-08 -3.324878891772443e-02 
 5.090000000000001e-08 -3.607214042405560e-02 
 5.100000000000001e-08 -3.875300238149681e-02 
 5.110000000000001e-08 -4.128086341924631e-02 
 5.120000000000001e-08 -4.364571947442064e-02 
 5.130000000000001e-08 -4.583831703487129e-02 
 5.140000000000001e-08 -4.784997728867291e-02 
 5.150000000000001e-08 -4.967283618380813e-02 
 5.160000000000001e-08 -5.129968076573510e-02 
 5.170000000000001e-08 -5.272415471934333e-02 
 5.180000000000001e-08 -5.394062170518854e-02 
 5.190000000000001e-08 -5.494433116501973e-02 
 5.200000000000002e-08 -5.573130766348022e-02 
 5.210000000000002e-08 -5.629848067834442e-02 
 5.220000000000002e-08 -5.664359442040001e-02 
 5.230000000000002e-08 -5.676530724893292e-02 
 5.240000000000002e-08 -5.666311620008546e-02 
 5.250000000000002e-08 -5.633743113227063e-02 
 5.260000000000002e-08 -5.578950924068238e-02 
 5.270000000000002e-08 -5.502150792773652e-02 
 5.280000000000002e-08 -5.403642577113854e-02 
 5.290000000000002e-08 -5.283813714384666e-02 
 5.300000000000002e-08 -5.143133707854686e-02 
 5.310000000000003e-08 -4.982155990431147e-02 
 5.320000000000003e-08 -4.801512619697323e-02 
 5.330000000000003e-08 -4.601914727224243e-02 
 5.340000000000003e-08 -4.384147293174046e-02 
 5.350000000000003e-08 -4.149068335082795e-02 
 5.360000000000003e-08 -3.897603677865646e-02 
 5.370000000000003e-08 -3.630745019402037e-02 
 5.380000000000003e-08 -3.349544648770797e-02 
 5.390000000000003e-08 -3.055112519920855e-02 
 5.400000000000003e-08 -2.748610899341530e-02 
 5.410000000000003e-08 -2.431250575500732e-02 
 5.420000000000004e-08 -2.104285448224097e-02 
 5.430000000000004e-08 -1.769008001155004e-02 
 5.440000000000004e-08 -1.426743869612723e-02 
 5.450000000000004e-08 -1.078846703708680e-02 
 5.460000000000004e-08 -7.266927754958186e-03 
 5.470000000000004e-08 -3.716753640614634e-03 
 5.480000000000004e-08 -1.519947670962640e-04 
 5.490000000000004e-08  3.413241035943981e-03 
 5.500000000000004e-08  6.964769777557667e-03 
 5.510000000000004e-08  1.048926237059167e-02 
 5.520000000000004e-08  1.397292510640180e-02 
 5.530000000000005e-08  1.740123042475816e-02 
 5.540000000000005e-08  2.076063256291882e-02 
 5.550000000000005e-08  2.403766095688420e-02 
 5.560000000000005e-08  2.721970463945711e-02 
 5.570000000000005e-08  3.029409731249677e-02 
 5.580000000000005e-08  3.324878897286787e-02 
 5.590000000000005e-08  3.607214041705098e-02 
 5.600000000000005e-08  3.875300240249357e-02 
 5.610000000000005e-08  4.128086343103510e-02 
 5.620000000000005e-08  4.364571948160290e-02 
 5.630000000000005e-08  4.583831706102726e-02 
 5.640000000000006e-08  4.784997729138096e-02 
 5.650000000000006e-08  4.967283621396934e-02 
 5.660000000000006e-08  5.129968076565961e-02 
 5.670000000000006e-08  5.272415475179182e-02 
 5.680000000000006e-08  5.394062170706682e-02 
 5.690000000000006e-08  5.494433119559949e-02 
 5.700000000000006e-08  5.573130766364742e-02 
 5.710000000000006e-08  5.629848070662846e-02 
 5.720000000000006e-08  5.664359442223343e-02 
 5.730000000000006e-08  5.676530727444073e-02 
 5.740000000000006e-08  5.666311620165865e-02 
 5.750000000000006e-08  5.633743115485834e-02 
 5.760000000000007e-08  5.578950924213011e-02 
 5.770000000000007e-08  5.502150794859539e-02 
 5.780000000000007e-08  5.403642577605194e-02 
 5.790000000000007e-08  5.283813716686936e-02 
 5.800000000000007e-08  5.143133708363390e-02 
 5.810000000000007e-08  4.982155992422688e-02 
 5.820000000000007e-08  4.801512620190396e-02 
 5.830000000000007e-08  4.601914729101297e-02 
 5.840000000000007e-08  4.384147293882745e-02 
 5.850000000000007e-08  4.149068337178563e-02 
 5.860000000000007e-08  3.897603678769146e-02 
 5.870000000000008e-08  3.630745021449822e-02 
 5.880000000000008e-08  3.349544649883707e-02 
 5.890000000000008e-08  3.055112522308101e-02 
 5.900000000000008e-08  2.748610900939386e-02 
 5.910000000000008e-08  2.431250577972421e-02 
 5.920000000000008e-08  2.104285449694343e-02 
 5.930000000000008e-08  1.769008002990047e-02 
 5.940000000000008e-08  1.426743870464620e-02 
 5.950000000000008e-08  1.078846705091996e-02 
 5.960000000000008e-08  7.266927765343878e-03 
 5.970000000000008e-08  3.716753657530214e-03 
 5.980000000000007e-08  1.519947837047564e-04 
 5.990000000000007e-08 -3.413241016057444e-03 
 6.000000000000006e-08 -6.964769640753987e-03 
 6.010000000000006e-08 -1.048926251604509e-02 
 6.020000000000005e-08 -1.397292508715720e-02 
 6.030000000000004e-08 -1.740123030833129e-02 
 6.040000000000004e-08 -2.076063264540595e-02 
 6.050000000000003e-08 -2.403766084365344e-02 
 6.060000000000003e-08 -2.721970468953128e-02 
 6.070000000000002e-08 -3.029409723786247e-02 
 6.080000000000002e-08 -3.324878899133821e-02 
 6.090000000000001e-08 -3.607214037618078e-02 
 6.100000000000000e-08 -3.875300240356427e-02 
 6.110000000000000e-08 -4.128086340985626e-02 
 6.119999999999999e-08 -4.364571946975393e-02 
 6.129999999999999e-08 -4.583831704615959e-02 
 6.139999999999998e-08 -4.784997727319684e-02 
 6.149999999999997e-08 -4.967283620193275e-02 
 6.159999999999997e-08 -5.129968074392055e-02 
 6.169999999999996e-08 -5.272415473710557e-02 
 6.179999999999996e-08 -5.394062168445779e-02 
 6.189999999999995e-08 -5.494433118361464e-02 
 6.199999999999995e-08 -5.573130764602530e-02 
 6.209999999999994e-08 -5.629848069518695e-02 
 6.219999999999993e-08 -5.664359440513378e-02 
 6.229999999999993e-08 -5.676530726143625e-02 
 6.239999999999992e-08 -5.666311618719377e-02 
 6.249999999999992e-08 -5.633743114349699e-02 
 6.259999999999991e-08 -5.578950923117931e-02 
 6.269999999999991e-08 -5.502150793661764e-02 
 6.279999999999990e-08 -5.403642576288537e-02 
 6.289999999999989e-08 -5.283813715159513e-02 
 6.299999999999989e-08 -5.143133707226566e-02 
 6.309999999999988e-08 -4.982155990973380e-02 
 6.319999999999988e-08 -4.801512619097803e-02 
 6.329999999999987e-08 -4.601914727725975e-02 
 6.339999999999987e-08 -4.384147292988438e-02 
 6.349999999999986e-08 -4.149068335685424e-02 
 6.359999999999985e-08 -3.897603677774208e-02 
 6.369999999999985e-08 -3.630745019881076e-02 
 6.379999999999984e-08 -3.349544648847913e-02 
 6.389999999999984e-08 -3.055112520325598e-02 
 6.399999999999983e-08 -2.748610899426951e-02 
 6.409999999999983e-08 -2.431250575716271e-02 
 6.419999999999982e-08 -2.104285448539533e-02 
 6.429999999999981e-08 -1.769008001273042e-02 
 6.439999999999981e-08 -1.426743869772418e-02 
 6.449999999999980e-08 -1.078846703365599e-02 
 6.459999999999980e-08 -7.266927757692443e-03 
 6.469999999999979e-08 -3.716753637360348e-03 
 6.479999999999979e-08 -1.519947728323423e-04 
 6.489999999999978e-08  3.413241039471604e-03 
 6.499999999999977e-08  6.964769559076212e-03 
 6.509999999999977e-08  1.048926266826578e-02 
 6.519999999999976e-08  1.397292509590820e-02 
 6.529999999999976e-08  1.740123026005524e-02 
 6.539999999999975e-08  2.076063273563755e-02 
 6.549999999999975e-08  2.403766079866654e-02 
 6.559999999999974e-08  2.721970475855895e-02 
 6.569999999999973e-08  3.029409722227117e-02 
 6.579999999999973e-08  3.324878903253126e-02 
 6.589999999999972e-08  3.607214037992956e-02 
 6.599999999999972e-08  3.875300242361379e-02 
 6.609999999999971e-08  4.128086342414905e-02 
 6.619999999999971e-08  4.364571948195239e-02 
 6.629999999999970e-08  4.583831706916741e-02 
 6.639999999999969e-08  4.784997728059093e-02 
 6.649999999999969e-08  4.967283622578567e-02 
 6.659999999999968e-08  5.129968075112989e-02 
 6.669999999999968e-08  5.272415476474257e-02 
 6.679999999999967e-08  5.394062169349589e-02 
 6.689999999999967e-08  5.494433120929076e-02 
 6.699999999999966e-08  5.573130765340162e-02 
 6.709999999999965e-08  5.629848071852939e-02 
 6.719999999999965e-08  5.664359441305544e-02 
 6.729999999999964e-08  5.676530728249762e-02 
 6.739999999999964e-08  5.666311619279818e-02 
 6.749999999999963e-08  5.633743116134848e-02 
 6.759999999999963e-08  5.578950923576098e-02 
 6.769999999999962e-08  5.502150795268990e-02 
 6.779999999999961e-08  5.403642577027079e-02 
 6.789999999999961e-08  5.283813717019425e-02 
 6.799999999999960e-08  5.143133708070580e-02 
 6.809999999999960e-08  4.982155992775916e-02 
 6.819999999999959e-08  4.801512619998460e-02 
 6.829999999999959e-08  4.601914729331869e-02 
 6.839999999999958e-08  4.384147293789997e-02 
 6.849999999999957e-08  4.149068337234652e-02 
 6.859999999999957e-08  3.897603678656103e-02 
 6.869999999999956e-08  3.630745021474624e-02 
 6.879999999999956e-08  3.349544649908820e-02 
 6.889999999999955e-08  3.055112522201808e-02 
 6.899999999999955e-08  2.748610900988346e-02 
 6.909999999999954e-08  2.431250577848187e-02 
 6.919999999999953e-08  2.104285450053855e-02 
 6.929999999999953e-08  1.769008003055128e-02 
 6.939999999999952e-08  1.426743871056879e-02 
 6.949999999999952e-08  1.078846704851055e-02 
 6.959999999999951e-08  7.266927769179699e-03 
 6.969999999999951e-08  3.716753652242444e-03 
 6.979999999999950e-08  1.519947880295192e-04 
 6.989999999999949e-08 -3.413241021862135e-03 
 6.999999999999949e-08 -6.964769471559107e-03 
 7.009999999999948e-08 -1.048926274976547e-02 
 7.019999999999948e-08 -1.397292507663961e-02 
 7.029999999999947e-08 -1.740123018381978e-02 
 7.039999999999947e-08 -2.076063278016416e-02 
 7.049999999999946e-08 -2.403766072533897e-02 
 7.059999999999945e-08 -2.721970478317948e-02 
 7.069999999999945e-08 -3.029409717079412e-02 
 7.079999999999944e-08 -3.324878903537209e-02 
 7.089999999999944e-08 -3.607214034660400e-02 
 7.099999999999943e-08 -3.875300241630097e-02 
 7.109999999999943e-08 -4.128086340431825e-02 
 7.119999999999942e-08 -4.364571946640883e-02 
 7.129999999999941e-08 -4.583831705092045e-02 
 7.139999999999941e-08 -4.784997726172646e-02 
 7.149999999999940e-08 -4.967283621336160e-02 
 7.159999999999940e-08 -5.129968073274549e-02 
 7.169999999999939e-08 -5.272415474949965e-02 
 7.179999999999939e-08 -5.394062167306535e-02 
 7.189999999999938e-08 -5.494433119562014e-02 
 7.199999999999937e-08 -5.573130763654044e-02 
 7.209999999999937e-08 -5.629848070530263e-02 
 7.219999999999936e-08 -5.664359439668321e-02 
 7.229999999999936e-08 -5.676530727038931e-02 
 7.239999999999935e-08 -5.666311618072628e-02 
 7.249999999999935e-08 -5.633743115125078e-02 
 7.259999999999934e-08 -5.578950922708503e-02 
 7.269999999999933e-08 -5.502150794399485e-02 
 7.279999999999933e-08 -5.403642575950762e-02 
 7.289999999999932e-08 -5.283813715732633e-02 
 7.299999999999932e-08 -5.143133706956182e-02 
 7.309999999999931e-08 -4.982155991381143e-02 
 7.319999999999931e-08 -4.801512618747372e-02 
 7.329999999999930e-08 -4.601914727920198e-02 
 7.339999999999929e-08 -4.384147292599883e-02 
 7.349999999999929e-08 -4.149068335661843e-02 
 7.359999999999928e-08 -3.897603677278560e-02 
 7.369999999999928e-08 -3.630745019656945e-02 
 7.379999999999927e-08 -3.349544648385527e-02 
 7.389999999999927e-08 -3.055112520147829e-02 
 7.399999999999926e-08 -2.748610899220139e-02 
 7.409999999999925e-08 -2.431250575685184e-02 
 7.419999999999925e-08 -2.104285448608700e-02 
 7.429999999999924e-08 -1.769008001327776e-02 
 7.439999999999924e-08 -1.426743869952207e-02 
 7.449999999999923e-08 -1.078846703178971e-02 
 7.459999999999923e-08 -7.266927758557085e-03 
 7.469999999999922e-08 -3.716753634397607e-03 
 7.479999999999921e-08 -1.519947750496797e-04 
 7.489999999999921e-08  3.413241043475512e-03 
 7.499999999999920e-08  6.964769431804463e-03 
 7.509999999999920e-08  1.048926285070495e-02 
 7.519999999999919e-08  1.397292508912829e-02 
 7.529999999999919e-08  1.740123016161399e-02 
 7.539999999999918e-08  2.076063284057139e-02 
 7.549999999999917e-08  2.403766070381663e-02 
 7.559999999999917e-08  2.721970483123393e-02 
 7.569999999999916e-08  3.029409716872244e-02 
 7.579999999999916e-08  3.324878906851469e-02 
 7.589999999999915e-08  3.607214035726281e-02 
 7.599999999999915e-08  3.875300243655277e-02 
 7.609999999999914e-08  4.128086341995241e-02 
 7.619999999999913e-08  4.364571948113838e-02 
 7.629999999999913e-08  4.583831707318553e-02 
 7.639999999999912e-08  4.784997727434348e-02 
 7.649999999999912e-08  4.967283623323304e-02 
 7.659999999999911e-08  5.129968074273217e-02 
 7.669999999999911e-08  5.272415477274350e-02 
 7.679999999999910e-08  5.394062168497848e-02 
 7.689999999999909e-08  5.494433121659759e-02 
 7.699999999999909e-08  5.573130764665990e-02 
 7.709999999999908e-08  5.629848072552690e-02 
 7.719999999999908e-08  5.664359440718392e-02 
 7.729999999999907e-08  5.676530728856255e-02 
 7.739999999999907e-08  5.666311619036390e-02 
 7.749999999999906e-08  5.633743116883205e-02 
 7.759999999999905e-08  5.578950923705173e-02 
 7.769999999999905e-08  5.502150796172911e-02 
 7.779999999999904e-08  5.403642577236623e-02 
 7.789999999999904e-08  5.283813717576868e-02 
 7.799999999999903e-08  5.143133707957315e-02 
 7.809999999999903e-08  4.982155992858361e-02 
 7.819999999999902e-08  4.801512619746484e-02 
 7.829999999999901e-08  4.601914729355538e-02 
 7.839999999999901e-08  4.384147293721630e-02 
 7.849999999999900e-08  4.149068337420525e-02 
 7.859999999999900e-08  3.897603678775496e-02 
 7.869999999999899e-08  3.630745021628745e-02 
 7.879999999999899e-08  3.349544649952607e-02 
 7.889999999999898e-08  3.055112522192704e-02 
 7.899999999999897e-08  2.748610901118753e-02 
 7.909999999999897e-08  2.431250577856736e-02 
 7.919999999999896e-08  2.104285450186305e-02 
 7.929999999999896e-08  1.769008002859440e-02 
 7.939999999999895e-08  1.426743871106884e-02 
 7.949999999999895e-08  1.078846704630254e-02 
 7.959999999999894e-08  7.266927772436205e-03 
 7.969999999999893e-08  3.716753650937932e-03 
 7.979999999999893e-08  1.519947912840269e-04 
 7.989999999999892e-08 -3.413241026834379e-03 
 7.999999999999892e-08 -6.964769373845492e-03 
 8.009999999999891e-08 -1.048926289363017e-02 
 8.019999999999890e-08 -1.397292506831294e-02 
 8.029999999999890e-08 -1.740123010806016e-02 
 8.039999999999889e-08 -2.076063286086960e-02 
 8.049999999999889e-08 -2.403766065313451e-02 
 8.059999999999888e-08 -2.721970483899039e-02 
 8.069999999999888e-08 -3.029409712973874e-02 
 8.079999999999887e-08 -3.324878906233164e-02 
 8.089999999999886e-08 -3.607214032865858e-02 
 8.099999999999886e-08 -3.875300242429924e-02 
 8.109999999999885e-08 -4.128086340153225e-02 
 8.119999999999885e-08 -4.364571946540963e-02 
 8.129999999999884e-08 -4.583831705453090e-02 
 8.139999999999884e-08 -4.784997725519036e-02 
 8.149999999999883e-08 -4.967283621924801e-02 
 8.159999999999882e-08 -5.129968072584901e-02 
 8.169999999999882e-08 -5.272415475804371e-02 
 8.179999999999881e-08 -5.394062166747049e-02 
 8.189999999999881e-08 -5.494433120250486e-02 
 8.199999999999880e-08 -5.573130762926559e-02 
 8.209999999999880e-08 -5.629848070949617e-02 
 8.219999999999879e-08 -5.664359439002653e-02 
 8.229999999999878e-08 -5.676530727460505e-02 
 8.239999999999878e-08 -5.666311617654829e-02 
 8.249999999999877e-08 -5.633743115668866e-02 
 8.259999999999877e-08 -5.578950922530801e-02 
 8.269999999999876e-08 -5.502150794962990e-02 
 8.279999999999876e-08 -5.403642575928203e-02 
 8.289999999999875e-08 -5.283813716192642e-02 
 8.299999999999874e-08 -5.143133706843539e-02 
 8.309999999999874e-08 -4.982155991739878e-02 
 8.319999999999873e-08 -4.801512618773129e-02 
 8.329999999999873e-08 -4.601914728236167e-02 
 8.339999999999872e-08 -4.384147292568130e-02 
 8.349999999999872e-08 -4.149068335873984e-02 
 8.359999999999871e-08 -3.897603677294748e-02 
 8.369999999999870e-08 -3.630745019927728e-02 
 8.379999999999870e-08 -3.349544648464353e-02 
 8.389999999999869e-08 -3.055112520225833e-02 
 8.399999999999869e-08 -2.748610899175108e-02 
 8.409999999999868e-08 -2.431250575611044e-02 
 8.419999999999868e-08 -2.104285448367604e-02 
 8.429999999999867e-08 -1.769008000948036e-02 
 8.439999999999866e-08 -1.426743869871538e-02 
 8.449999999999866e-08 -1.078846703270897e-02 
 8.459999999999865e-08 -7.266927761057307e-03 
 8.469999999999865e-08 -3.716753631818559e-03 
 8.479999999999864e-08 -1.519947748604977e-04 
 8.489999999999864e-08  3.413241046207327e-03 
 8.499999999999863e-08  6.964769354553146e-03 
 8.509999999999862e-08  1.048926295915042e-02 
 8.519999999999862e-08  1.397292508099168e-02 
 8.529999999999861e-08  1.740123010112793e-02 
 8.539999999999861e-08  2.076063290312491e-02 
 8.549999999999860e-08  2.403766064615587e-02 
 8.559999999999860e-08  2.721970487608671e-02 
 8.569999999999859e-08  3.029409713636610e-02 
 8.579999999999858e-08  3.324878909013984e-02 
 8.589999999999858e-08  3.607214034400119e-02 
 8.599999999999857e-08  3.875300244419111e-02 
 8.609999999999857e-08  4.128086341657489e-02 
 8.619999999999856e-08  4.364571947965734e-02 
 8.629999999999856e-08  4.583831707558028e-02 
 8.639999999999855e-08  4.784997727174711e-02 
 8.649999999999854e-08  4.967283623948227e-02 
 8.659999999999854e-08  5.129968073980318e-02 
 8.669999999999853e-08  5.272415478022285e-02 
 8.679999999999853e-08  5.394062168204528e-02 
 8.689999999999852e-08  5.494433122207210e-02 
 8.699999999999852e-08  5.573130764391299e-02 
 8.709999999999851e-08  5.629848073135246e-02 
 8.719999999999850e-08  5.664359440577593e-02 
 8.729999999999850e-08  5.676530729346596e-02 
 8.739999999999849e-08  5.666311618861730e-02 
 8.749999999999849e-08  5.633743117194445e-02 
 8.759999999999848e-08  5.578950923526249e-02 
 8.769999999999848e-08  5.502150796347371e-02 
 8.779999999999847e-08  5.403642577083878e-02 
 8.789999999999846e-08  5.283813717710140e-02 
 8.799999999999846e-08  5.143133707912861e-02 
 8.809999999999845e-08  4.982155993132320e-02 
 8.819999999999845e-08  4.801512619872783e-02 
 8.829999999999844e-08  4.601914729604872e-02 
 8.839999999999844e-08  4.384147293681018e-02 
 8.849999999999843e-08  4.149068337362416e-02 
 8.859999999999842e-08  3.897603678641759e-02 
 8.869999999999842e-08  3.630745021560289e-02 
 8.879999999999841e-08  3.349544650008451e-02 
 8.889999999999841e-08  3.055112522332126e-02 
 8.899999999999840e-08  2.748610901264903e-02 
 8.909999999999840e-08  2.431250577800737e-02 
 8.919999999999839e-08  2.104285450210375e-02 
 8.929999999999838e-08  1.769008002744021e-02 
 8.939999999999838e-08  1.426743871185221e-02 
 8.949999999999837e-08  1.078846704401215e-02 
 8.959999999999837e-08  7.266927772884513e-03 
 8.969999999999836e-08  3.716753648977944e-03 
 8.979999999999836e-08  1.519947939454536e-04 
 8.989999999999835e-08 -3.413241026559710e-03 
 8.999999999999834e-08 -6.964769312020946e-03 
 9.009999999999834e-08 -1.048926297926100e-02 
 9.019999999999833e-08 -1.397292506322745e-02 
 9.029999999999833e-08 -1.740123006378469e-02 
 9.039999999999832e-08 -2.076063291028452e-02 
 9.049999999999832e-08 -2.403766060984913e-02 
 9.059999999999831e-08 -2.721970487419556e-02 
 9.069999999999830e-08 -3.029409710624531e-02 
 9.079999999999830e-08 -3.324878908040696e-02 
 9.089999999999829e-08 -3.607214032192552e-02 
 9.099999999999829e-08 -3.875300243320701e-02 
 9.109999999999828e-08 -4.128086340184489e-02 
 9.119999999999828e-08 -4.364571946509321e-02 
 9.129999999999827e-08 -4.583831705793795e-02 
 9.139999999999826e-08 -4.784997725260265e-02 
 9.149999999999826e-08 -4.967283622350260e-02 
 9.159999999999825e-08 -5.129968072205937e-02 
 9.169999999999825e-08 -5.272415476178915e-02 
 9.179999999999824e-08 -5.394062166148084e-02 
 9.189999999999824e-08 -5.494433120542896e-02 
 9.199999999999823e-08 -5.573130762557676e-02 
 9.209999999999822e-08 -5.629848071393595e-02 
 9.219999999999822e-08 -5.664359438854105e-02 
 9.229999999999821e-08 -5.676530727903928e-02 
 9.239999999999821e-08 -5.666311617424036e-02 
 9.249999999999820e-08 -5.633743115704659e-02 
 9.259999999999820e-08 -5.578950921994852e-02 
 9.269999999999819e-08 -5.502150794740746e-02 
 9.279999999999818e-08 -5.403642575362699e-02 
 9.289999999999818e-08 -5.283813716057728e-02 
 9.299999999999817e-08 -5.143133706598713e-02 
 9.309999999999817e-08 -4.982155991835313e-02 
 9.319999999999816e-08 -4.801512618638748e-02 
 9.329999999999816e-08 -4.601914728326584e-02 
 9.339999999999815e-08 -4.384147292464546e-02 
 9.349999999999814e-08 -4.149068335948503e-02 
 9.359999999999814e-08 -3.897603677217121e-02 
 9.369999999999813e-08 -3.630745019970250e-02 
 9.379999999999813e-08 -3.349544648488467e-02 
 9.389999999999812e-08 -3.055112520427894e-02 
 9.399999999999812e-08 -2.748610899278314e-02 
 9.409999999999811e-08 -2.431250575639132e-02 
 9.419999999999810e-08 -2.104285448286602e-02 
 9.429999999999810e-08 -1.769008000750216e-02 
 9.439999999999809e-08 -1.426743869686797e-02 
 9.449999999999809e-08 -1.078846702961234e-02 
 9.459999999999808e-08 -7.266927760762876e-03 
 9.469999999999808e-08 -3.716753631521685e-03 
 9.479999999999807e-08 -1.519947769055285e-04 
 9.489999999999806e-08  3.413241046476667e-03 
 9.499999999999806e-08  6.964769309154795e-03 
 9.509999999999805e-08  1.048926302650055e-02 
 9.519999999999805e-08  1.397292507721892e-02 
 9.529999999999804e-08  1.740123006636263e-02 
 9.539999999999804e-08  2.076063294233133e-02 
 9.549999999999803e-08  2.403766061149826e-02 
 9.559999999999802e-08  2.721970490234149e-02 
 9.569999999999802e-08  3.029409711680753e-02 
 9.579999999999801e-08  3.324878910385110e-02 
 9.589999999999801e-08  3.607214033535655e-02 
 9.599999999999800e-08  3.875300244802715e-02 
 9.609999999999800e-08  4.128086341484671e-02 
 9.619999999999799e-08  4.364571947973439e-02 
 9.629999999999798e-08  4.583831707732888e-02 
 9.639999999999798e-08  4.784997726952112e-02 
 9.649999999999797e-08  4.967283624274788e-02 
 9.659999999999797e-08  5.129968073610836e-02 
 9.669999999999796e-08  5.272415478156134e-02 
 9.679999999999796e-08  5.394062167848745e-02 
 9.689999999999795e-08  5.494433122628162e-02 
 9.699999999999794e-08  5.573130764383016e-02 
 9.709999999999794e-08  5.629848073466048e-02 
 9.719999999999793e-08  5.664359440319267e-02 
 9.729999999999793e-08  5.676530729467411e-02 
 9.739999999999792e-08  5.666311618665332e-02 
 9.749999999999792e-08  5.633743117290591e-02 
 9.759999999999791e-08  5.578950923391557e-02 
 9.769999999999790e-08  5.502150796347438e-02 
 9.779999999999790e-08  5.403642576800616e-02 
 9.789999999999789e-08  5.283813717599606e-02 
 9.799999999999789e-08  5.143133707570735e-02 
 9.809999999999788e-08  4.982155992932014e-02 
 9.819999999999788e-08  4.801512619545201e-02 
 9.829999999999787e-08  4.601914729345302e-02 
 9.839999999999786e-08  4.384147293411855e-02 
 9.849999999999786e-08  4.149068337264805e-02 
 9.859999999999785e-08  3.897603678561179e-02 
 9.869999999999785e-08  3.630745021522097e-02 
 9.879999999999784e-08  3.349544649816916e-02 
 9.889999999999783e-08  3.055112521822334e-02 
 9.899999999999783e-08  2.748610900680859e-02 
 9.909999999999782e-08  2.431250577315880e-02 
 9.919999999999782e-08  2.104285449994148e-02 
 9.929999999999781e-08  1.769008002545336e-02 
 9.939999999999781e-08  1.426743871236558e-02 
 9.949999999999780e-08  1.078846704363223e-02 
 9.959999999999779e-08  7.266927773195597e-03 
 9.969999999999779e-08  3.716753645917059e-03 
 9.979999999999778e-08  1.519947922741238e-04 
 9.989999999999778e-08 -3.413241030332026e-03 
 9.999999999999777e-08 -6.964769278514860e-03 
 1.000999999999978e-07 -1.048926303314013e-02 
 1.001999999999978e-07 -1.397292505975711e-02 
 1.002999999999978e-07 -1.740123003703276e-02 
 1.003999999999977e-07 -2.076063294053543e-02 
 1.004999999999977e-07 -2.403766058275059e-02 
 1.005999999999977e-07 -2.721970489435188e-02 
 1.006999999999977e-07 -3.029409709098085e-02 
 1.007999999999977e-07 -3.324878909096030e-02 
 1.008999999999977e-07 -3.607214031611727e-02 
 1.009999999999977e-07 -3.875300243641888e-02 
 1.010999999999977e-07 -4.128086340122472e-02 
 1.011999999999977e-07 -4.364571946508966e-02 
 1.012999999999977e-07 -4.583831705932884e-02 
 1.013999999999977e-07 -4.784997724957374e-02 
 1.014999999999977e-07 -4.967283622479757e-02 
 1.015999999999977e-07 -5.129968071792423e-02 
 1.016999999999977e-07 -5.272415476449543e-02 
 1.017999999999977e-07 -5.394062166033153e-02 
 1.018999999999977e-07 -5.494433120878828e-02 
 1.019999999999977e-07 -5.573130762381107e-02 
 1.020999999999977e-07 -5.629848071643173e-02 
 1.021999999999976e-07 -5.664359438688105e-02 
 1.022999999999976e-07 -5.676530728093154e-02 
 1.023999999999976e-07 -5.666311617315989e-02 
 1.024999999999976e-07 -5.633743116116485e-02 
 1.025999999999976e-07 -5.578950922217740e-02 
 1.026999999999976e-07 -5.502150795223337e-02 
 1.027999999999976e-07 -5.403642575500855e-02 
 1.028999999999976e-07 -5.283813716254437e-02 
 1.029999999999976e-07 -5.143133706425274e-02 
 1.030999999999976e-07 -4.982155991810489e-02 
 1.031999999999976e-07 -4.801512618536230e-02 
 1.032999999999976e-07 -4.601914728340928e-02 
 1.033999999999976e-07 -4.384147292481844e-02 
 1.034999999999976e-07 -4.149068336131334e-02 
 1.035999999999976e-07 -3.897603677278827e-02 
 1.036999999999976e-07 -3.630745020013215e-02 
 1.037999999999976e-07 -3.349544648389191e-02 
 1.038999999999975e-07 -3.055112520304992e-02 
 1.039999999999975e-07 -2.748610899273629e-02 
 1.040999999999975e-07 -2.431250575698951e-02 
 1.041999999999975e-07 -2.104285448268728e-02 
 1.042999999999975e-07 -1.769008000788364e-02 
 1.043999999999975e-07 -1.426743869726721e-02 
 1.044999999999975e-07 -1.078846702869862e-02 
 1.045999999999975e-07 -7.266927759583597e-03 
 1.046999999999975e-07 -3.716753629106950e-03 
 1.047999999999975e-07 -1.519947759454077e-04 
 1.048999999999975e-07  3.413241048877635e-03 
 1.049999999999975e-07  6.964769283575256e-03 
 1.050999999999975e-07  1.048926306726972e-02 
 1.051999999999975e-07  1.397292507243653e-02 
 1.052999999999975e-07  1.740123004482230e-02 
 1.053999999999975e-07  2.076063296582986e-02 
 1.054999999999975e-07  2.403766058936574e-02 
 1.055999999999975e-07  2.721970491719095e-02 
 1.056999999999974e-07  3.029409710249364e-02 
 1.057999999999974e-07  3.324878911031948e-02 
 1.058999999999974e-07  3.607214032940620e-02 
 1.059999999999974e-07  3.875300245018543e-02 
 1.060999999999974e-07  4.128086341364035e-02 
 1.061999999999974e-07  4.364571947809082e-02 
 1.062999999999974e-07  4.583831707495833e-02 
 1.063999999999974e-07  4.784997726425266e-02 
 1.064999999999974e-07  4.967283624173247e-02 
 1.065999999999974e-07  5.129968073253899e-02 
 1.066999999999974e-07  5.272415478231807e-02 
 1.067999999999974e-07  5.394062167639668e-02 
 1.068999999999974e-07  5.494433122778375e-02 
 1.069999999999974e-07  5.573130764219347e-02 
 1.070999999999974e-07  5.629848073634691e-02 
 1.071999999999974e-07  5.664359440180089e-02 
 1.072999999999974e-07  5.676530729602813e-02 
 1.073999999999973e-07  5.666311618560527e-02 
 1.074999999999973e-07  5.633743117301093e-02 
 1.075999999999973e-07  5.578950923108095e-02 
 1.076999999999973e-07  5.502150796335648e-02 
 1.077999999999973e-07  5.403642576726497e-02 
 1.078999999999973e-07  5.283813717846120e-02 
 1.079999999999973e-07  5.143133707906067e-02 
 1.080999999999973e-07  4.982155993262705e-02 
 1.081999999999973e-07  4.801512619623072e-02 
 1.082999999999973e-07  4.601914729395706e-02 
 1.083999999999973e-07  4.384147293505358e-02 
 1.084999999999973e-07  4.149068337419126e-02 
 1.085999999999973e-07  3.897603678736616e-02 
 1.086999999999973e-07  3.630745021813908e-02 
 1.087999999999973e-07  3.349544650088454e-02 
 1.088999999999973e-07  3.055112522095449e-02 
 1.089999999999973e-07  2.748610900978576e-02 
 1.090999999999973e-07  2.431250577528021e-02 
 1.091999999999972e-07  2.104285450064691e-02 
 1.092999999999972e-07  1.769008002421679e-02 
 1.093999999999972e-07  1.426743871235647e-02 
 1.094999999999972e-07  1.078846704529934e-02 
 1.095999999999972e-07  7.266927776889753e-03 
 1.096999999999972e-07  3.716753648758342e-03 
 1.097999999999972e-07  1.519947963859458e-04 
 1.098999999999972e-07 -3.413241028777048e-03 
 1.099999999999972e-07 -6.964769255385583e-03 
 1.100999999999972e-07 -1.048926306215203e-02 
 1.101999999999972e-07 -1.397292505445624e-02 
 1.102999999999972e-07 -1.740123002098404e-02 
 1.103999999999972e-07 -2.076063295949426e-02 
 1.104999999999972e-07 -2.403766056738887e-02 
 1.105999999999972e-07 -2.721970490740322e-02 
 1.106999999999972e-07 -3.029409708226294e-02 
 1.107999999999972e-07 -3.324878909756479e-02 
 1.108999999999971e-07 -3.607214031151984e-02 
 1.109999999999971e-07 -3.875300243728841e-02 
 1.110999999999971e-07 -4.128086339940484e-02 
 1.111999999999971e-07 -4.364571946435847e-02 
 1.112999999999971e-07 -4.583831706075703e-02 
 1.113999999999971e-07 -4.784997725017837e-02 
 1.114999999999971e-07 -4.967283622791019e-02 
 1.115999999999971e-07 -5.129968071814583e-02 
 1.116999999999971e-07 -5.272415476612302e-02 
 1.117999999999971e-07 -5.394062165727509e-02 
 1.118999999999971e-07 -5.494433120940911e-02 
 1.119999999999971e-07 -5.573130762189771e-02 
 1.120999999999971e-07 -5.629848071690313e-02 
 1.121999999999971e-07 -5.664359438406819e-02 
 1.122999999999971e-07 -5.676530727964835e-02 
 1.123999999999971e-07 -5.666311616986586e-02 
 1.124999999999971e-07 -5.633743115945933e-02 
 1.125999999999971e-07 -5.578950921970094e-02 
 1.126999999999970e-07 -5.502150795276850e-02 
 1.127999999999970e-07 -5.403642575532652e-02 
 1.128999999999970e-07 -5.283813716393060e-02 
 1.129999999999970e-07 -5.143133706360015e-02 
 1.130999999999970e-07 -4.982155991753912e-02 
 1.131999999999970e-07 -4.801512618391190e-02 
 1.132999999999970e-07 -4.601914728349299e-02 
 1.133999999999970e-07 -4.384147292347906e-02 
 1.134999999999970e-07 -4.149068335985651e-02 
 1.135999999999970e-07 -3.897603677169892e-02 
 1.136999999999970e-07 -3.630745019989190e-02 
 1.137999999999970e-07 -3.349544648314340e-02 
 1.138999999999970e-07 -3.055112520337033e-02 
 1.139999999999970e-07 -2.748610899257931e-02 
 1.140999999999970e-07 -2.431250575667199e-02 
 1.141999999999970e-07 -2.104285448381860e-02 
 1.142999999999970e-07 -1.769008000916306e-02 
 1.143999999999969e-07 -1.426743869937397e-02 
 1.144999999999969e-07 -1.078846703086445e-02 
 1.145999999999969e-07 -7.266927762219932e-03 
 1.146999999999969e-07 -3.716753630883307e-03 
 1.147999999999969e-07 -1.519947781449815e-04 
 1.148999999999969e-07  3.413241046878124e-03 
 1.149999999999969e-07  6.964769265837889e-03 
 1.150999999999969e-07  1.048926309180431e-02 
 1.151999999999969e-07  1.397292507122128e-02 
 1.152999999999969e-07  1.740123003353888e-02 
 1.153999999999969e-07  2.076063298246011e-02 
 1.154999999999969e-07  2.403766057831414e-02 
 1.155999999999969e-07  2.721970492811465e-02 
 1.156999999999969e-07  3.029409709579789e-02 
 1.157999999999969e-07  3.324878911526441e-02 
 1.158999999999969e-07  3.607214032707184e-02 
 1.159999999999969e-07  3.875300245322677e-02 
 1.160999999999969e-07  4.128086341416881e-02 
 1.161999999999968e-07  4.364571948015938e-02 
 1.162999999999968e-07  4.583831707693475e-02 
 1.163999999999968e-07  4.784997726382612e-02 
 1.164999999999968e-07  4.967283624202756e-02 
 1.165999999999968e-07  5.129968072895519e-02 
 1.166999999999968e-07  5.272415477957892e-02 
 1.167999999999968e-07  5.394062167144686e-02 
 1.168999999999968e-07  5.494433122554310e-02 
 1.169999999999968e-07  5.573130763872802e-02 
 1.170999999999968e-07  5.629848073627741e-02 
 1.171999999999968e-07  5.664359440121269e-02 
 1.172999999999968e-07  5.676530729562401e-02 
 1.173999999999968e-07  5.666311618420083e-02 
 1.174999999999968e-07  5.633743117398460e-02 
 1.175999999999968e-07  5.578950923219783e-02 
 1.176999999999968e-07  5.502150796502536e-02 
 1.177999999999968e-07  5.403642576687551e-02 
 1.178999999999967e-07  5.283813717743691e-02 
 1.179999999999967e-07  5.143133707764602e-02 
 1.180999999999967e-07  4.982155993284487e-02 
 1.181999999999967e-07  4.801512619758719e-02 
 1.182999999999967e-07  4.601914729787304e-02 
 1.183999999999967e-07  4.384147293857943e-02 
 1.184999999999967e-07  4.149068337730899e-02 
 1.185999999999967e-07  3.897603678837713e-02 
 1.186999999999967e-07  3.630745021636472e-02 
 1.187999999999967e-07  3.349544649834058e-02 
 1.188999999999967e-07  3.055112521890679e-02 
 1.189999999999967e-07  2.748610900848036e-02 
 1.190999999999967e-07  2.431250577475086e-02 
 1.191999999999967e-07  2.104285450111942e-02 
 1.192999999999967e-07  1.769008002551598e-02 
 1.193999999999967e-07  1.426743871433866e-02 
 1.194999999999967e-07  1.078846704476888e-02 
 1.195999999999967e-07  7.266927776033771e-03 
 1.196999999999967e-07  3.716753646777038e-03 
 1.197999999999967e-07  1.519947941384103e-04 
 1.198999999999967e-07 -3.413241031427372e-03 
 1.199999999999967e-07 -6.964769244677260e-03 
 1.200999999999967e-07 -1.048926308226727e-02 
 1.201999999999967e-07 -1.397292505156256e-02 
 1.202999999999968e-07 -1.740123000987781e-02 
 1.203999999999968e-07 -2.076063296905728e-02 
 1.204999999999968e-07 -2.403766055565471e-02 
 1.205999999999968e-07 -2.721970491443804e-02 
 1.206999999999968e-07 -3.029409707684061e-02 
 1.207999999999968e-07 -3.324878910053020e-02 
 1.208999999999968e-07 -3.607214030891703e-02 
 1.209999999999968e-07 -3.875300243835955e-02 
 1.210999999999968e-07 -4.128086339864079e-02 
 1.211999999999968e-07 -4.364571946335261e-02 
 1.212999999999968e-07 -4.583831705995700e-02 
 1.213999999999968e-07 -4.784997724808271e-02 
 1.214999999999968e-07 -4.967283622830743e-02 
 1.215999999999969e-07 -5.129968071584079e-02 
 1.216999999999969e-07 -5.272415476612258e-02 
 1.217999999999969e-07 -5.394062165674218e-02 
 1.218999999999969e-07 -5.494433121048337e-02 
 1.219999999999969e-07 -5.573130762108303e-02 
 1.220999999999969e-07 -5.629848071847610e-02 
 1.221999999999969e-07 -5.664359438500344e-02 
 1.222999999999969e-07 -5.676530728250961e-02 
 1.223999999999969e-07 -5.666311617195574e-02 
 1.224999999999969e-07 -5.633743116165868e-02 
 1.225999999999969e-07 -5.578950921955661e-02 
 1.226999999999969e-07 -5.502150795161853e-02 
 1.227999999999969e-07 -5.403642575389922e-02 
 1.228999999999970e-07 -5.283813716458474e-02 
 1.229999999999970e-07 -5.143133706563074e-02 
 1.230999999999970e-07 -4.982155992143755e-02 
 1.231999999999970e-07 -4.801512618710935e-02 
 1.232999999999970e-07 -4.601914728570899e-02 
 1.233999999999970e-07 -4.384147292449048e-02 
 1.234999999999970e-07 -4.149068336082062e-02 
 1.235999999999970e-07 -3.897603677186479e-02 
 1.236999999999970e-07 -3.630745019978088e-02 
 1.237999999999970e-07 -3.349544648286074e-02 
 1.238999999999970e-07 -3.055112520334236e-02 
 1.239999999999970e-07 -2.748610899264237e-02 
 1.240999999999970e-07 -2.431250575690247e-02 
 1.241999999999970e-07 -2.104285448394339e-02 
 1.242999999999971e-07 -1.769008000950434e-02 
 1.243999999999971e-07 -1.426743869947544e-02 
 1.244999999999971e-07 -1.078846703045500e-02 
 1.245999999999971e-07 -7.266927760840147e-03 
 1.246999999999971e-07 -3.716753628705494e-03 
 1.247999999999971e-07 -1.519947758805706e-04 
 1.248999999999971e-07  3.413241049279980e-03 
 1.249999999999971e-07  6.964769257365555e-03 
 1.250999999999971e-07  1.048926310582488e-02 
 1.251999999999971e-07  1.397292506784753e-02 
 1.252999999999971e-07  1.740123002513205e-02 
 1.253999999999971e-07  2.076063298980557e-02 
 1.254999999999971e-07  2.403766056895895e-02 
 1.255999999999972e-07  2.721970493389203e-02 
 1.256999999999972e-07  3.029409709089137e-02 
 1.257999999999972e-07  3.324878911712514e-02 
 1.258999999999972e-07  3.607214032432671e-02 
 1.259999999999972e-07  3.875300245331603e-02 
 1.260999999999972e-07  4.128086341372872e-02 
 1.261999999999972e-07  4.364571947967621e-02 
 1.262999999999972e-07  4.583831707713215e-02 
 1.263999999999972e-07  4.784997726320994e-02 
 1.264999999999972e-07  4.967283624277341e-02 
 1.265999999999972e-07  5.129968073088498e-02 
 1.266999999999972e-07  5.272415478331460e-02 
 1.267999999999972e-07  5.394062167279445e-02 
 1.268999999999973e-07  5.494433122735476e-02 
 1.269999999999973e-07  5.573130763804990e-02 
 1.270999999999973e-07  5.629848073561261e-02 
 1.271999999999973e-07  5.664359440037114e-02 
 1.272999999999973e-07  5.676530729716545e-02 
 1.273999999999973e-07  5.666311618378095e-02 
 1.274999999999973e-07  5.633743117344658e-02 
 1.275999999999973e-07  5.578950923112136e-02 
 1.276999999999973e-07  5.502150796449401e-02 
 1.277999999999973e-07  5.403642576637369e-02 
 1.278999999999973e-07  5.283813717818364e-02 
 1.279999999999973e-07  5.143133707917902e-02 
 1.280999999999973e-07  4.982155993407278e-02 
 1.281999999999973e-07  4.801512619769399e-02 
 1.282999999999974e-07  4.601914729656520e-02 
 1.283999999999974e-07  4.384147293651020e-02 
 1.284999999999974e-07  4.149068337459272e-02 
 1.285999999999974e-07  3.897603678650419e-02 
 1.286999999999974e-07  3.630745021621351e-02 
 1.287999999999974e-07  3.349544649941771e-02 
 1.288999999999974e-07  3.055112522007919e-02 
 1.289999999999974e-07  2.748610900856474e-02 
 1.290999999999974e-07  2.431250577307553e-02 
 1.291999999999974e-07  2.104285449997367e-02 
 1.292999999999974e-07  1.769008002465489e-02 
 1.293999999999974e-07  1.426743871346137e-02 
 1.294999999999974e-07  1.078846704446379e-02 
 1.295999999999975e-07  7.266927775889442e-03 
 1.296999999999975e-07  3.716753646333615e-03 
 1.297999999999975e-07  1.519947948891431e-04 
 1.298999999999975e-07 -3.413241030096659e-03 
 1.299999999999975e-07 -6.964769235994650e-03 
 1.300999999999975e-07 -1.048926309437093e-02 
 1.301999999999975e-07 -1.397292505126657e-02 
 1.302999999999975e-07 -1.740123000499949e-02 
 1.303999999999975e-07 -2.076063297661257e-02 
 1.304999999999975e-07 -2.403766054928114e-02 
 1.305999999999975e-07 -2.721970491844949e-02 
 1.306999999999975e-07 -3.029409707263597e-02 
 1.307999999999975e-07 -3.324878910261719e-02 
 1.308999999999976e-07 -3.607214030706563e-02 
 1.309999999999976e-07 -3.875300243840152e-02 
 1.310999999999976e-07 -4.128086339769688e-02 
 1.311999999999976e-07 -4.364571946302065e-02 
 1.312999999999976e-07 -4.583831705954533e-02 
 1.313999999999976e-07 -4.784997724640805e-02 
 1.314999999999976e-07 -4.967283622682950e-02 
 1.315999999999976e-07 -5.129968071414126e-02 
 1.316999999999976e-07 -5.272415476572845e-02 
 1.317999999999976e-07 -5.394062165557734e-02 
 1.318999999999976e-07 -5.494433121191977e-02 
 1.319999999999976e-07 -5.573130762223633e-02 
 1.320999999999976e-07 -5.629848071973864e-02 
 1.321999999999977e-07 -5.664359438505406e-02 
 1.322999999999977e-07 -5.676530728347906e-02 
 1.323999999999977e-07 -5.666311617146613e-02 
 1.324999999999977e-07 -5.633743116249179e-02 
 1.325999999999977e-07 -5.578950921904502e-02 
 1.326999999999977e-07 -5.502150795259864e-02 
 1.327999999999977e-07 -5.403642575388878e-02 
 1.328999999999977e-07 -5.283813716467156e-02 
 1.329999999999977e-07 -5.143133706520731e-02 
 1.330999999999977e-07 -4.982155992148640e-02 
 1.331999999999977e-07 -4.801512618667791e-02 
 1.332999999999977e-07 -4.601914728589573e-02 
 1.333999999999977e-07 -4.384147292437857e-02 
 1.334999999999977e-07 -4.149068336129980e-02 
 1.335999999999978e-07 -3.897603677151840e-02 
 1.336999999999978e-07 -3.630745019991122e-02 
 1.337999999999978e-07 -3.349544648299863e-02 
 1.338999999999978e-07 -3.055112520244441e-02 
 1.339999999999978e-07 -2.748610899081472e-02 
 1.340999999999978e-07 -2.431250575564015e-02 
 1.341999999999978e-07 -2.104285448308718e-02 
 1.342999999999978e-07 -1.769008000867656e-02 
 1.343999999999978e-07 -1.426743869995595e-02 
 1.344999999999978e-07 -1.078846703147485e-02 
 1.345999999999978e-07 -7.266927762511255e-03 
 1.346999999999978e-07 -3.716753630496505e-03 
 1.347999999999978e-07 -1.519947777510744e-04 
 1.348999999999979e-07  3.413241049611049e-03 
 1.349999999999979e-07  6.964769252372438e-03 
 1.350999999999979e-07  1.048926311715492e-02 
 1.351999999999979e-07  1.397292506827341e-02 
 1.352999999999979e-07  1.740123002084459e-02 
 1.353999999999979e-07  2.076063299571107e-02 
 1.354999999999979e-07  2.403766056420387e-02 
 1.355999999999979e-07  2.721970493667047e-02 
 1.356999999999979e-07  3.029409708691300e-02 
 1.357999999999979e-07  3.324878911871743e-02 
 1.358999999999979e-07  3.607214032280592e-02 
 1.359999999999979e-07  3.875300245398527e-02 
 1.360999999999979e-07  4.128086341313786e-02 
 1.361999999999980e-07  4.364571947873985e-02 
 1.362999999999980e-07  4.583831707566621e-02 
 1.363999999999980e-07  4.784997726132145e-02 
 1.364999999999980e-07  4.967283624301588e-02 
 1.365999999999980e-07  5.129968072898539e-02 
 1.366999999999980e-07  5.272415478161196e-02 
 1.367999999999980e-07  5.394062167000713e-02 
 1.368999999999980e-07  5.494433122475284e-02 
 1.369999999999980e-07  5.573130763579259e-02 
 1.370999999999980e-07  5.629848073577293e-02 
 1.371999999999980e-07  5.664359440025368e-02 
 1.372999999999980e-07  5.676530729693852e-02 
 1.373999999999980e-07  5.666311618276709e-02 
 1.374999999999980e-07  5.633743117398260e-02 
 1.375999999999981e-07  5.578950923214654e-02 
 1.376999999999981e-07  5.502150796656791e-02 
 1.377999999999981e-07  5.403642576843692e-02 
 1.378999999999981e-07  5.283813717974284e-02 
 1.379999999999981e-07  5.143133708008718e-02 
 1.380999999999981e-07  4.982155993590132e-02 
 1.381999999999981e-07  4.801512619944592e-02 
 1.382999999999981e-07  4.601914729804957e-02 
 1.383999999999981e-07  4.384147293751517e-02 
 1.384999999999981e-07  4.149068337572825e-02 
 1.385999999999981e-07  3.897603678689676e-02 
 1.386999999999981e-07  3.630745021633230e-02 
 1.387999999999981e-07  3.349544649982561e-02 
 1.388999999999982e-07  3.055112522047132e-02 
 1.389999999999982e-07  2.748610901105075e-02 
 1.390999999999982e-07  2.431250577593902e-02 
 1.391999999999982e-07  2.104285450156440e-02 
 1.392999999999982e-07  1.769008002424299e-02 
 1.393999999999982e-07  1.426743871300795e-02 
 1.394999999999982e-07  1.078846704486214e-02 
 1.395999999999982e-07  7.266927777624277e-03 
 1.396999999999982e-07  3.716753647348359e-03 
 1.397999999999982e-07  1.519947962009827e-04 
 1.398999999999982e-07 -3.413241030021608e-03 
 1.399999999999982e-07 -6.964769231205148e-03 
 1.400999999999982e-07 -1.048926310151077e-02 
 1.401999999999983e-07 -1.397292505040260e-02 
 1.402999999999983e-07 -1.740123000241645e-02 
 1.403999999999983e-07 -2.076063298097020e-02 
 1.404999999999983e-07 -2.403766054616074e-02 
 1.405999999999983e-07 -2.721970492142223e-02 
 1.406999999999983e-07 -3.029409707140562e-02 
 1.407999999999983e-07 -3.324878910483342e-02 
 1.408999999999983e-07 -3.607214030669548e-02 
 1.409999999999983e-07 -3.875300243894131e-02 
 1.410999999999983e-07 -4.128086339776127e-02 
 1.411999999999983e-07 -4.364571946283147e-02 
 1.412999999999983e-07 -4.583831706070840e-02 
 1.413999999999983e-07 -4.784997724844020e-02 
 1.414999999999983e-07 -4.967283623070395e-02 
 1.415999999999984e-07 -5.129968071812452e-02 
 1.416999999999984e-07 -5.272415477095449e-02 
 1.417999999999984e-07 -5.394062165954883e-02 
 1.418999999999984e-07 -5.494433121369924e-02 
 1.419999999999984e-07 -5.573130762142342e-02 
 1.420999999999984e-07 -5.629848071790566e-02 
 1.421999999999984e-07 -5.664359438191946e-02 
 1.422999999999984e-07 -5.676530728136653e-02 
 1.423999999999984e-07 -5.666311617031394e-02 
 1.424999999999984e-07 -5.633743116129586e-02 
 1.425999999999984e-07 -5.578950921863557e-02 
 1.426999999999984e-07 -5.502150795153438e-02 
 1.427999999999984e-07 -5.403642575141765e-02 
 1.428999999999985e-07 -5.283813716123476e-02 
 1.429999999999985e-07 -5.143133706083081e-02 
 1.430999999999985e-07 -4.982155991627790e-02 
 1.431999999999985e-07 -4.801512618005055e-02 
 1.432999999999985e-07 -4.601914728030931e-02 
 1.433999999999985e-07 -4.384147292125373e-02 
 1.434999999999985e-07 -4.149068336063988e-02 
 1.435999999999985e-07 -3.897603677173334e-02 
 1.436999999999985e-07 -3.630745020003290e-02 
 1.437999999999985e-07 -3.349544648325442e-02 
 1.438999999999985e-07 -3.055112520251302e-02 
 1.439999999999985e-07 -2.748610899077009e-02 
 1.440999999999985e-07 -2.431250575567590e-02 
 1.441999999999986e-07 -2.104285448316490e-02 
 1.442999999999986e-07 -1.769008000793049e-02 
 1.443999999999986e-07 -1.426743869874514e-02 
 1.444999999999986e-07 -1.078846703024783e-02 
 1.445999999999986e-07 -7.266927762574094e-03 
 1.446999999999986e-07 -3.716753631889835e-03 
 1.447999999999986e-07 -1.519947797095078e-04 
 1.448999999999986e-07  3.413241047448556e-03 
 1.449999999999986e-07  6.964769246632363e-03 
 1.450999999999986e-07  1.048926311996534e-02 
 1.451999999999986e-07  1.397292506519499e-02 
 1.452999999999986e-07  1.740123001706695e-02 
 1.453999999999986e-07  2.076063299925912e-02 
 1.454999999999986e-07  2.403766056234580e-02 
 1.455999999999987e-07  2.721970494021275e-02 
 1.456999999999987e-07  3.029409708615649e-02 
 1.457999999999987e-07  3.324878912025664e-02 
 1.458999999999987e-07  3.607214032252970e-02 
 1.459999999999987e-07  3.875300245392688e-02 
 1.460999999999987e-07  4.128086341169657e-02 
 1.461999999999987e-07  4.364571947733742e-02 
 1.462999999999987e-07  4.583831707566977e-02 
 1.463999999999987e-07  4.784997726177664e-02 
 1.464999999999987e-07  4.967283624250607e-02 
 1.465999999999987e-07  5.129968072810498e-02 
 1.466999999999987e-07  5.272415478271197e-02 
 1.467999999999987e-07  5.394062167092972e-02 
 1.468999999999988e-07  5.494433122727949e-02 
 1.469999999999988e-07  5.573130763775969e-02 
 1.470999999999988e-07  5.629848073742161e-02 
 1.471999999999988e-07  5.664359440116251e-02 
 1.472999999999988e-07  5.676530729844798e-02 
 1.473999999999988e-07  5.666311618480946e-02 
 1.474999999999988e-07  5.633743117575540e-02 
 1.475999999999988e-07  5.578950923237280e-02 
 1.476999999999988e-07  5.502150796536887e-02 
 1.477999999999988e-07  5.403642576683998e-02 
 1.478999999999988e-07  5.283813717805264e-02 
 1.479999999999988e-07  5.143133707762071e-02 
 1.480999999999988e-07  4.982155993328607e-02 
 1.481999999999989e-07  4.801512619692772e-02 
 1.482999999999989e-07  4.601914729547896e-02 
 1.483999999999989e-07  4.384147293469143e-02 
 1.484999999999989e-07  4.149068337276551e-02 
 1.485999999999989e-07  3.897603678387296e-02 
 1.486999999999989e-07  3.630745021406190e-02 
 1.487999999999989e-07  3.349544649896030e-02 
 1.488999999999989e-07  3.055112522061232e-02 
 1.489999999999989e-07  2.748610901017523e-02 
 1.490999999999989e-07  2.431250577499156e-02 
 1.491999999999989e-07  2.104285450153354e-02 
 1.492999999999989e-07  1.769008002467976e-02 
 1.493999999999989e-07  1.426743871265512e-02 
 1.494999999999989e-07  1.078846704333447e-02 
 1.495999999999990e-07  7.266927776381937e-03 
 1.496999999999990e-07  3.716753647255988e-03 
 1.497999999999990e-07  1.519947970016755e-04 
 1.498999999999990e-07 -3.413241028899616e-03 
 1.499999999999990e-07 -6.964769228249512e-03 
 1.500999999999990e-07 -1.048926310499865e-02 
 1.501999999999990e-07 -1.397292504759329e-02 
 1.502999999999990e-07 -1.740122999795712e-02 
 1.503999999999990e-07 -2.076063298290798e-02 
 1.504999999999990e-07 -2.403766054487977e-02 
 1.505999999999990e-07 -2.721970492561843e-02 
 1.506999999999990e-07 -3.029409707178066e-02 
 1.507999999999990e-07 -3.324878910687290e-02 
 1.508999999999991e-07 -3.607214030797934e-02 
 1.509999999999991e-07 -3.875300244123769e-02 
 1.510999999999991e-07 -4.128086339980519e-02 
 1.511999999999991e-07 -4.364571946510587e-02 
 1.512999999999991e-07 -4.583831706263175e-02 
 1.513999999999991e-07 -4.784997724883921e-02 
 1.514999999999991e-07 -4.967283623032470e-02 
 1.515999999999991e-07 -5.129968071619628e-02 
 1.516999999999991e-07 -5.272415476905712e-02 
 1.517999999999991e-07 -5.394062165724445e-02 
 1.518999999999991e-07 -5.494433121245956e-02 
 1.519999999999991e-07 -5.573130762085854e-02 
 1.520999999999991e-07 -5.629848071897059e-02 
 1.521999999999992e-07 -5.664359438252498e-02 
 1.522999999999992e-07 -5.676530728200357e-02 
 1.523999999999992e-07 -5.666311617122077e-02 
 1.524999999999992e-07 -5.633743116349299e-02 
 1.525999999999992e-07 -5.578950922064951e-02 
 1.526999999999992e-07 -5.502150795401706e-02 
 1.527999999999992e-07 -5.403642575397916e-02 
 1.528999999999992e-07 -5.283813716371855e-02 
 1.529999999999992e-07 -5.143133706352931e-02 
 1.530999999999992e-07 -4.982155991880943e-02 
 1.531999999999992e-07 -4.801512618279014e-02 
 1.532999999999992e-07 -4.601914728245426e-02 
 1.533999999999992e-07 -4.384147292144891e-02 
 1.534999999999993e-07 -4.149068335953499e-02 
 1.535999999999993e-07 -3.897603677060113e-02 
 1.536999999999993e-07 -3.630745020025916e-02 
 1.537999999999993e-07 -3.349544648426095e-02 
 1.538999999999993e-07 -3.055112520390657e-02 
 1.539999999999993e-07 -2.748610899162540e-02 
 1.540999999999993e-07 -2.431250575659027e-02 
 1.541999999999993e-07 -2.104285448464571e-02 
 1.542999999999993e-07 -1.769008001002570e-02 
 1.543999999999993e-07 -1.426743870071778e-02 
 1.544999999999993e-07 -1.078846703282488e-02 
 1.545999999999993e-07 -7.266927765395836e-03 
 1.546999999999993e-07 -3.716753634652736e-03 
 1.547999999999993e-07 -1.519947823376278e-04 
 1.548999999999994e-07  3.413241045403970e-03 
 1.549999999999994e-07  6.964769243579250e-03 
 1.550999999999994e-07  1.048926312272935e-02 
 1.551999999999994e-07  1.397292506465342e-02 
 1.552999999999994e-07  1.740123001682559e-02 
 1.553999999999994e-07  2.076063300321507e-02 
 1.554999999999994e-07  2.403766056291068e-02 
 1.555999999999994e-07  2.721970494379988e-02 
 1.556999999999994e-07  3.029409708710906e-02 
 1.557999999999994e-07  3.324878912116080e-02 
 1.558999999999994e-07  3.607214032180606e-02 
 1.559999999999994e-07  3.875300245440561e-02 
 1.560999999999994e-07  4.128086341296422e-02 
 1.561999999999995e-07  4.364571947912732e-02 
 1.562999999999995e-07  4.583831707648423e-02 
 1.563999999999995e-07  4.784997726266371e-02 
 1.564999999999995e-07  4.967283624421004e-02 
 1.565999999999995e-07  5.129968072984026e-02 
 1.566999999999995e-07  5.272415478357440e-02 
 1.567999999999995e-07  5.394062167169267e-02 
 1.568999999999995e-07  5.494433122703302e-02 
 1.569999999999995e-07  5.573130763626644e-02 
 1.570999999999995e-07  5.629848073628074e-02 
 1.571999999999995e-07  5.664359440037092e-02 
 1.572999999999995e-07  5.676530729816465e-02 
 1.573999999999995e-07  5.666311618435937e-02 
 1.574999999999996e-07  5.633743117554868e-02 
 1.575999999999996e-07  5.578950923280979e-02 
 1.576999999999996e-07  5.502150796715721e-02 
 1.577999999999996e-07  5.403642576787160e-02 
 1.578999999999996e-07  5.283813717862973e-02 
 1.579999999999996e-07  5.143133707818293e-02 
 1.580999999999996e-07  4.982155993271409e-02 
 1.581999999999996e-07  4.801512619543646e-02 
 1.582999999999996e-07  4.601914729417667e-02 
 1.583999999999996e-07  4.384147293458440e-02 
 1.584999999999996e-07  4.149068337448392e-02 
 1.585999999999996e-07  3.897603678718164e-02 
 1.586999999999996e-07  3.630745021714699e-02 
 1.587999999999996e-07  3.349544649933911e-02 
 1.588999999999997e-07  3.055112521927072e-02 
 1.589999999999997e-07  2.748610900959392e-02 
 1.590999999999997e-07  2.431250577615551e-02 
 1.591999999999997e-07  2.104285450265708e-02 
 1.592999999999997e-07  1.769008002524042e-02 
 1.593999999999997e-07  1.426743871327774e-02 
 1.594999999999997e-07  1.078846704282133e-02 
 1.595999999999997e-07  7.266927775159804e-03 
 1.596999999999997e-07  3.716753645170323e-03 
 1.597999999999997e-07  1.519947941184263e-04 
 1.598999999999997e-07 -3.413241033129344e-03 
 1.599999999999997e-07 -6.964769230335177e-03 
 1.600999999999997e-07 -1.048926311117082e-02 
 1.601999999999998e-07 -1.397292504998804e-02 
 1.602999999999998e-07 -1.740122999878291e-02 
 1.603999999999998e-07 -2.076063298568487e-02 
 1.604999999999998e-07 -2.403766054385748e-02 
 1.605999999999998e-07 -2.721970492488746e-02 
 1.606999999999998e-07 -3.029409706856301e-02 
 1.607999999999998e-07 -3.324878910536766e-02 
 1.608999999999998e-07 -3.607214030607020e-02 
 1.609999999999998e-07 -3.875300243991697e-02 
 1.610999999999998e-07 -4.128086339789516e-02 
 1.611999999999998e-07 -4.364571946312412e-02 
 1.612999999999998e-07 -4.583831706043995e-02 
 1.613999999999998e-07 -4.784997724629592e-02 
 1.614999999999999e-07 -4.967283622848573e-02 
 1.615999999999999e-07 -5.129968071569713e-02 
 1.616999999999999e-07 -5.272415477011205e-02 
 1.617999999999999e-07 -5.394062165845659e-02 
 1.618999999999999e-07 -5.494433121469045e-02 
 1.619999999999999e-07 -5.573130762311229e-02 
 1.620999999999999e-07 -5.629848072123145e-02 
 1.621999999999999e-07 -5.664359438530076e-02 
 1.622999999999999e-07 -5.676530728405593e-02 
 1.623999999999999e-07 -5.666311617159980e-02 
 1.624999999999999e-07 -5.633743116246581e-02 
 1.625999999999999e-07 -5.578950921850678e-02 
 1.626999999999999e-07 -5.502150795238681e-02 
 1.627999999999999e-07 -5.403642575358747e-02 
 1.629000000000000e-07 -5.283813716436470e-02 
 1.630000000000000e-07 -5.143133706291869e-02 
 1.631000000000000e-07 -4.982155991752002e-02 
 1.632000000000000e-07 -4.801512618178738e-02 
 1.633000000000000e-07 -4.601914728259970e-02 
 1.634000000000000e-07 -4.384147292274432e-02 
 1.635000000000000e-07 -4.149068336098916e-02 
 1.636000000000000e-07 -3.897603677258310e-02 
 1.637000000000000e-07 -3.630745020200088e-02 
 1.638000000000000e-07 -3.349544648494462e-02 
 1.639000000000000e-07 -3.055112520511050e-02 
 1.640000000000000e-07 -2.748610899268811e-02 
 1.641000000000000e-07 -2.431250575582422e-02 
 1.642000000000001e-07 -2.104285448264287e-02 
 1.643000000000001e-07 -1.769008000839167e-02 
 1.644000000000001e-07 -1.426743869900160e-02 
 1.645000000000001e-07 -1.078846702941805e-02 
 1.646000000000001e-07 -7.266927762306308e-03 
 1.647000000000001e-07 -3.716753632342584e-03 
 1.648000000000001e-07 -1.519947809487388e-04 
 1.649000000000001e-07  3.413241046352322e-03 
 1.650000000000001e-07  6.964769242757018e-03 
 1.651000000000001e-07  1.048926312539433e-02 
 1.652000000000001e-07  1.397292506396997e-02 
 1.653000000000001e-07  1.740123001585481e-02 
 1.654000000000001e-07  2.076063300520881e-02 
 1.655000000000002e-07  2.403766056292400e-02 
 1.656000000000002e-07  2.721970494454973e-02 
 1.657000000000002e-07  3.029409708578545e-02 
 1.658000000000002e-07  3.324878912215601e-02 
 1.659000000000002e-07  3.607214032226902e-02 
 1.660000000000002e-07  3.875300245425306e-02 
 1.661000000000002e-07  4.128086341251702e-02 
 1.662000000000002e-07  4.364571947941132e-02 
 1.663000000000002e-07  4.583831707753183e-02 
 1.664000000000002e-07  4.784997726235796e-02 
 1.665000000000002e-07  4.967283624340513e-02 
 1.666000000000002e-07  5.129968072920432e-02 
 1.667000000000002e-07  5.272415478268044e-02 
 1.668000000000002e-07  5.394062167009706e-02 
 1.669000000000003e-07  5.494433122573694e-02 
 1.670000000000003e-07  5.573130763537715e-02 
 1.671000000000003e-07  5.629848073617727e-02 
 1.672000000000003e-07  5.664359440005695e-02 
 1.673000000000003e-07  5.676530729697626e-02 
 1.674000000000003e-07  5.666311618230413e-02 
 1.675000000000003e-07  5.633743117419043e-02 
 1.676000000000003e-07  5.578950923160764e-02 
 1.677000000000003e-07  5.502150796685878e-02 
 1.678000000000003e-07  5.403642576849421e-02 
 1.679000000000003e-07  5.283813718050645e-02 
 1.680000000000003e-07  5.143133707942327e-02 
 1.681000000000003e-07  4.982155993351056e-02 
 1.682000000000004e-07  4.801512619643078e-02 
 1.683000000000004e-07  4.601914729625101e-02 
 1.684000000000004e-07  4.384147293609097e-02 
 1.685000000000004e-07  4.149068337465645e-02 
 1.686000000000004e-07  3.897603678636874e-02 
 1.687000000000004e-07  3.630745021576365e-02 
 1.688000000000004e-07  3.349544649981451e-02 
 1.689000000000004e-07  3.055112522058923e-02 
 1.690000000000004e-07  2.748610901080561e-02 
 1.691000000000004e-07  2.431250577595900e-02 
 1.692000000000004e-07  2.104285450130594e-02 
 1.693000000000004e-07  1.769008002415240e-02 
 1.694000000000004e-07  1.426743871329728e-02 
 1.695000000000005e-07  1.078846704409231e-02 
 1.696000000000005e-07  7.266927776169219e-03 
 1.697000000000005e-07  3.716753646020310e-03 
 1.698000000000005e-07  1.519947953347867e-04 
 1.699000000000005e-07 -3.413241030651104e-03 
 1.700000000000005e-07 -6.964769225755951e-03 
 1.701000000000005e-07 -1.048926310892195e-02 
 1.702000000000005e-07 -1.397292504765080e-02 
 1.703000000000005e-07 -1.740122999772509e-02 
 1.704000000000005e-07 -2.076063298733066e-02 
 1.705000000000005e-07 -2.403766054327616e-02 
 1.706000000000005e-07 -2.721970492599191e-02 
 1.707000000000005e-07 -3.029409706812891e-02 
 1.708000000000006e-07 -3.324878910584461e-02 
 1.709000000000006e-07 -3.607214030632311e-02 
 1.710000000000006e-07 -3.875300243967228e-02 
 1.711000000000006e-07 -4.128086339807568e-02 
 1.712000000000006e-07 -4.364571946320228e-02 
 1.713000000000006e-07 -4.583831706112451e-02 
 1.714000000000006e-07 -4.784997724831452e-02 
 1.715000000000006e-07 -4.967283623150309e-02 
 1.716000000000006e-07 -5.129968071666657e-02 
 1.717000000000006e-07 -5.272415476916326e-02 
 1.718000000000006e-07 -5.394062165568636e-02 
 1.719000000000006e-07 -5.494433121181674e-02 
 1.720000000000006e-07 -5.573130762073530e-02 
 1.721000000000006e-07 -5.629848072020049e-02 
 1.722000000000007e-07 -5.664359438424982e-02 
 1.723000000000007e-07 -5.676530728364804e-02 
 1.724000000000007e-07 -5.666311617121966e-02 
 1.725000000000007e-07 -5.633743116249734e-02 
 1.726000000000007e-07 -5.578950921884251e-02 
 1.727000000000007e-07 -5.502150795264638e-02 
 1.728000000000007e-07 -5.403642575341916e-02 
 1.729000000000007e-07 -5.283813716406627e-02 
 1.730000000000007e-07 -5.143133706309655e-02 
 1.731000000000007e-07 -4.982155991741966e-02 
 1.732000000000007e-07 -4.801512618066761e-02 
 1.733000000000007e-07 -4.601914728104495e-02 
 1.734000000000007e-07 -4.384147292150242e-02 
 1.735000000000008e-07 -4.149068336031947e-02 
 1.736000000000008e-07 -3.897603677166384e-02 
 1.737000000000008e-07 -3.630745019990900e-02 
 1.738000000000008e-07 -3.349544648348357e-02 
 1.739000000000008e-07 -3.055112520451986e-02 
 1.740000000000008e-07 -2.748610899185588e-02 
 1.741000000000008e-07 -2.431250575530042e-02 
 1.742000000000008e-07 -2.104285448180154e-02 
 1.743000000000008e-07 -1.769008000678762e-02 
 1.744000000000008e-07 -1.426743869788827e-02 
 1.745000000000008e-07 -1.078846702882963e-02 
 1.746000000000008e-07 -7.266927760723352e-03 
 1.747000000000008e-07 -3.716753630499170e-03 
 1.748000000000009e-07 -1.519947798505061e-04 
 1.749000000000009e-07  3.413241046674509e-03 
 1.750000000000009e-07  6.964769241090130e-03 
 1.751000000000009e-07  1.048926312545406e-02 
 1.752000000000009e-07  1.397292506332137e-02 
 1.753000000000009e-07  1.740123001370208e-02 
 1.754000000000009e-07  2.076063300421360e-02 
 1.755000000000009e-07  2.403766056066003e-02 
 1.756000000000009e-07  2.721970494458326e-02 
 1.757000000000009e-07  3.029409708503894e-02 
 1.758000000000009e-07  3.324878912198614e-02 
 1.759000000000009e-07  3.607214032260564e-02 
 1.760000000000009e-07  3.875300245591085e-02 
 1.761000000000009e-07  4.128086341391413e-02 
 1.762000000000010e-07  4.364571947997042e-02 
 1.763000000000010e-07  4.583831707865715e-02 
 1.764000000000010e-07  4.784997726387563e-02 
 1.765000000000010e-07  4.967283624534180e-02 
 1.766000000000010e-07  5.129968072994573e-02 
 1.767000000000010e-07  5.272415478321713e-02 
 1.768000000000010e-07  5.394062166986546e-02 
 1.769000000000010e-07  5.494433122664621e-02 
 1.770000000000010e-07  5.573130763700429e-02 
 1.771000000000010e-07  5.629848073684474e-02 
 1.772000000000010e-07  5.664359439926803e-02 
 1.773000000000010e-07  5.676530729725826e-02 
 1.774000000000010e-07  5.666311618325537e-02 
 1.775000000000011e-07  5.633743117535039e-02 
 1.776000000000011e-07  5.578950923244985e-02 
 1.777000000000011e-07  5.502150796698557e-02 
 1.778000000000011e-07  5.403642576857060e-02 
 1.779000000000011e-07  5.283813718018937e-02 
 1.780000000000011e-07  5.143133707914727e-02 
 1.781000000000011e-07  4.982155993350523e-02 
 1.782000000000011e-07  4.801512619656290e-02 
 1.783000000000011e-07  4.601914729626877e-02 
 1.784000000000011e-07  4.384147293615714e-02 
 1.785000000000011e-07  4.149068337457518e-02 
 1.786000000000011e-07  3.897603678621908e-02 
 1.787000000000011e-07  3.630745021642712e-02 
 1.788000000000012e-07  3.349544650120051e-02 
 1.789000000000012e-07  3.055112522088343e-02 
 1.790000000000012e-07  2.748610900915405e-02 
 1.791000000000012e-07  2.431250577416333e-02 
 1.792000000000012e-07  2.104285450166521e-02 
 1.793000000000012e-07  1.769008002573447e-02 
 1.794000000000012e-07  1.426743871376068e-02 
 1.795000000000012e-07  1.078846704276915e-02 
 1.796000000000012e-07  7.266927775331222e-03 
 1.797000000000012e-07  3.716753645154114e-03 
 1.798000000000012e-07  1.519947949777389e-04 
 1.799000000000012e-07 -3.413241030771230e-03 
 1.800000000000012e-07 -6.964769225302092e-03 
 1.801000000000012e-07 -1.048926311018361e-02 
 1.802000000000013e-07 -1.397292504715075e-02 
 1.803000000000013e-07 -1.740122999789584e-02 
 1.804000000000013e-07 -2.076063298826347e-02 
 1.805000000000013e-07 -2.403766054266288e-02 
 1.806000000000013e-07 -2.721970492619064e-02 
 1.807000000000013e-07 -3.029409706785580e-02 
 1.808000000000013e-07 -3.324878910612705e-02 
 1.809000000000013e-07 -3.607214030607708e-02 
 1.810000000000013e-07 -3.875300244007995e-02 
 1.811000000000013e-07 -4.128086339803172e-02 
 1.812000000000013e-07 -4.364571946338480e-02 
 1.813000000000013e-07 -4.583831706110919e-02 
 1.814000000000013e-07 -4.784997724838291e-02 
 1.815000000000014e-07 -4.967283623156882e-02 
 1.816000000000014e-07 -5.129968071675051e-02 
 1.817000000000014e-07 -5.272415476919345e-02 
 1.818000000000014e-07 -5.394062165574787e-02 
 1.819000000000014e-07 -5.494433121174458e-02 
 1.820000000000014e-07 -5.573130762088319e-02 
 1.821000000000014e-07 -5.629848072047428e-02 
 1.822000000000014e-07 -5.664359438446387e-02 
 1.823000000000014e-07 -5.676530728360385e-02 
 1.824000000000014e-07 -5.666311617094411e-02 
 1.825000000000014e-07 -5.633743116262924e-02 
 1.826000000000014e-07 -5.578950921887893e-02 
 1.827000000000014e-07 -5.502150795200600e-02 
 1.828000000000015e-07 -5.403642575131751e-02 
 1.829000000000015e-07 -5.283813716150076e-02 
 1.830000000000015e-07 -5.143133706131708e-02 
 1.831000000000015e-07 -4.982155991862802e-02 
 1.832000000000015e-07 -4.801512618360082e-02 
 1.833000000000015e-07 -4.601914728404632e-02 
 1.834000000000015e-07 -4.384147292388962e-02 
 1.835000000000015e-07 -4.149068336185069e-02 
 1.836000000000015e-07 -3.897603677327988e-02 
 1.837000000000015e-07 -3.630745020194137e-02 
 1.838000000000015e-07 -3.349544648513292e-02 
 1.839000000000015e-07 -3.055112520499836e-02 
 1.840000000000015e-07 -2.748610899347392e-02 
 1.841000000000015e-07 -2.431250575784505e-02 
 1.842000000000016e-07 -2.104285448551479e-02 
 1.843000000000016e-07 -1.769008001037653e-02 
 1.844000000000016e-07 -1.426743870041047e-02 
 1.845000000000016e-07 -1.078846703051473e-02 
 1.846000000000016e-07 -7.266927762647146e-03 
 1.847000000000016e-07 -3.716753632323933e-03 
 1.848000000000016e-07 -1.519947810950661e-04 
 1.849000000000016e-07  3.413241046272830e-03 
 1.850000000000016e-07  6.964769241578850e-03 
 1.851000000000016e-07  1.048926312713738e-02 
 1.852000000000016e-07  1.397292506355008e-02 
 1.853000000000016e-07  1.740123001441352e-02 
 1.854000000000016e-07  2.076063300675801e-02 
 1.855000000000017e-07  2.403766056178203e-02 
 1.856000000000017e-07  2.721970494545722e-02 
 1.857000000000017e-07  3.029409708482245e-02 
 1.858000000000017e-07  3.324878912178653e-02 
 1.859000000000017e-07  3.607214032135553e-02 
 1.860000000000017e-07  3.875300245486790e-02 
 1.861000000000017e-07  4.128086341276327e-02 
 1.862000000000017e-07  4.364571947885354e-02 
 1.863000000000017e-07  4.583831707646402e-02 
 1.864000000000017e-07  4.784997726312223e-02 
 1.865000000000017e-07  4.967283624504226e-02 
 1.866000000000017e-07  5.129968073117586e-02 
 1.867000000000017e-07  5.272415478507075e-02 
 1.868000000000018e-07  5.394062167237013e-02 
 1.869000000000018e-07  5.494433122848519e-02 
 1.870000000000018e-07  5.573130763835055e-02 
 1.871000000000018e-07  5.629848073823873e-02 
 1.872000000000018e-07  5.664359440129707e-02 
 1.873000000000018e-07  5.676530729815354e-02 
 1.874000000000018e-07  5.666311618468534e-02 
 1.875000000000018e-07  5.633743117594348e-02 
 1.876000000000018e-07  5.578950923258619e-02 
 1.877000000000018e-07  5.502150796532734e-02 
 1.878000000000018e-07  5.403642576718748e-02 
 1.879000000000018e-07  5.283813718008101e-02 
 1.880000000000018e-07  5.143133707978453e-02 
 1.881000000000018e-07  4.982155993514015e-02 
 1.882000000000019e-07  4.801512619888415e-02 
 1.883000000000019e-07  4.601914729804713e-02 
 1.884000000000019e-07  4.384147293874263e-02 
 1.885000000000019e-07  4.149068337729322e-02 
 1.886000000000019e-07  3.897603678900019e-02 
 1.887000000000019e-07  3.630745021964255e-02 
 1.888000000000019e-07  3.349544650365055e-02 
 1.889000000000019e-07  3.055112522354286e-02 
 1.890000000000019e-07  2.748610901217474e-02 
 1.891000000000019e-07  2.431250577596478e-02 
 1.892000000000019e-07  2.104285450181931e-02 
 1.893000000000019e-07  1.769008002494199e-02 
 1.894000000000019e-07  1.426743871305680e-02 
 1.895000000000020e-07  1.078846704336822e-02 
 1.896000000000020e-07  7.266927776730991e-03 
 1.897000000000020e-07  3.716753646181736e-03 
 1.898000000000020e-07  1.519947952091094e-04 
 1.899000000000020e-07 -3.413241032236503e-03 
 1.900000000000020e-07 -6.964769225505485e-03 
 1.901000000000020e-07 -1.048926311085241e-02 
 1.902000000000020e-07 -1.397292504580738e-02 
 1.903000000000020e-07 -1.740122999566185e-02 
 1.904000000000020e-07 -2.076063298571729e-02 
 1.905000000000020e-07 -2.403766054066336e-02 
 1.906000000000020e-07 -2.721970492655479e-02 
 1.907000000000020e-07 -3.029409706765973e-02 
 1.908000000000021e-07 -3.324878910426587e-02 
 1.909000000000021e-07 -3.607214030338746e-02 
 1.910000000000021e-07 -3.875300243900592e-02 
 1.911000000000021e-07 -4.128086339869719e-02 
 1.912000000000021e-07 -4.364571946327600e-02 
 1.913000000000021e-07 -4.583831706208441e-02 
 1.914000000000021e-07 -4.784997724816553e-02 
 1.915000000000021e-07 -4.967283623167273e-02 
 1.916000000000021e-07 -5.129968071750390e-02 
 1.917000000000021e-07 -5.272415477205206e-02 
 1.918000000000021e-07 -5.394062165924596e-02 
 1.919000000000021e-07 -5.494433121521225e-02 
 1.920000000000021e-07 -5.573130762352108e-02 
 1.921000000000022e-07 -5.629848072170440e-02 
 1.922000000000022e-07 -5.664359438516686e-02 
 1.923000000000022e-07 -5.676530728421958e-02 
 1.924000000000022e-07 -5.666311617121922e-02 
 1.925000000000022e-07 -5.633743116286394e-02 
 1.926000000000022e-07 -5.578950921922154e-02 
 1.927000000000022e-07 -5.502150795167604e-02 
 1.928000000000022e-07 -5.403642575193701e-02 
 1.929000000000022e-07 -5.283813716294694e-02 
 1.930000000000022e-07 -5.143133706234937e-02 
 1.931000000000022e-07 -4.982155991651194e-02 
 1.932000000000022e-07 -4.801512618099535e-02 
 1.933000000000022e-07 -4.601914728155543e-02 
 1.934000000000022e-07 -4.384147292080565e-02 
 1.935000000000023e-07 -4.149068335711203e-02 
 1.936000000000023e-07 -3.897603676871153e-02 
 1.937000000000023e-07 -3.630745019948645e-02 
 1.938000000000023e-07 -3.349544648328218e-02 
 1.939000000000023e-07 -3.055112520409775e-02 
 1.940000000000023e-07 -2.748610899243209e-02 
 1.941000000000023e-07 -2.431250575656274e-02 
 1.942000000000023e-07 -2.104285448343401e-02 
 1.943000000000023e-07 -1.769008000876671e-02 
 1.944000000000023e-07 -1.426743870030611e-02 
 1.945000000000023e-07 -1.078846703194980e-02 
 1.946000000000023e-07 -7.266927763796893e-03 
 1.947000000000023e-07 -3.716753632253322e-03 
 1.948000000000024e-07 -1.519947795269871e-04 
 1.949000000000024e-07  3.413241047793836e-03 
 1.950000000000024e-07  6.964769241162738e-03 
 1.951000000000024e-07  1.048926312646303e-02 
 1.952000000000024e-07  1.397292506237591e-02 
 1.953000000000024e-07  1.740123001476412e-02 
 1.954000000000024e-07  2.076063300597530e-02 
 1.955000000000024e-07  2.403766055971301e-02 
 1.956000000000024e-07  2.721970494412496e-02 
 1.957000000000024e-07  3.029409708546837e-02 
 1.958000000000024e-07  3.324878912253415e-02 
 1.959000000000024e-07  3.607214032052397e-02 
 1.960000000000024e-07  3.875300245443047e-02 
 1.961000000000025e-07  4.128086341333970e-02 
 1.962000000000025e-07  4.364571947971596e-02 
 1.963000000000025e-07  4.583831707797015e-02 
 1.964000000000025e-07  4.784997726215168e-02 
 1.965000000000025e-07  4.967283624399443e-02 
 1.966000000000025e-07  5.129968072979674e-02 
 1.967000000000025e-07  5.272415478456560e-02 
 1.968000000000025e-07  5.394062167154789e-02 
 1.969000000000025e-07  5.494433122847298e-02 
 1.970000000000025e-07  5.573130763698919e-02 
 1.971000000000025e-07  5.629848073661670e-02 
 1.972000000000025e-07  5.664359439943722e-02 
 1.973000000000025e-07  5.676530729579010e-02 
 1.974000000000025e-07  5.666311618227882e-02 
 1.975000000000026e-07  5.633743117548096e-02 
 1.976000000000026e-07  5.578950923290082e-02 
 1.977000000000026e-07  5.502150796722782e-02 
 1.978000000000026e-07  5.403642576872603e-02 
 1.979000000000026e-07  5.283813717964181e-02 
 1.980000000000026e-07  5.143133707771663e-02 
 1.981000000000026e-07  4.982155993247894e-02 
 1.982000000000026e-07  4.801512619585413e-02 
 1.983000000000026e-07  4.601914729576140e-02 
 1.984000000000026e-07  4.384147293545615e-02 
 1.985000000000026e-07  4.149068337435935e-02 
 1.986000000000026e-07  3.897603678638339e-02 
 1.987000000000026e-07  3.630745021686033e-02 
 1.988000000000027e-07  3.349544650140057e-02 
 1.989000000000027e-07  3.055112522093273e-02 
 1.990000000000027e-07  2.748610900914139e-02 
 1.991000000000027e-07  2.431250577327981e-02 
 1.992000000000027e-07  2.104285450007426e-02 
 1.993000000000027e-07  1.769008002479433e-02 
 1.994000000000027e-07  1.426743871445169e-02 
 1.995000000000027e-07  1.078846704427106e-02 
 1.996000000000027e-07  7.266927776567567e-03 
 1.997000000000027e-07  3.716753647899029e-03 
 1.998000000000027e-07  1.519947977697278e-04 
 1.999000000000027e-07 -3.413241028483061e-03 
 2.000000000000027e-07 -6.964769223277045e-03 
 2.001000000000028e-07 -1.048926310986920e-02 
 2.002000000000028e-07 -1.397292504584557e-02 
 2.003000000000028e-07 -1.740122999593030e-02 
 2.004000000000028e-07 -2.076063298745723e-02 
 2.005000000000028e-07 -2.403766054112255e-02 
 2.006000000000028e-07 -2.721970492617309e-02 
 2.007000000000028e-07 -3.029409706753361e-02 
 2.008000000000028e-07 -3.324878910519380e-02 
 2.009000000000028e-07 -3.607214030425565e-02 
 2.010000000000028e-07 -3.875300243877033e-02 
 2.011000000000028e-07 -4.128086339822490e-02 
 2.012000000000028e-07 -4.364571946410933e-02 
 2.013000000000028e-07 -4.583831706204178e-02 
 2.014000000000028e-07 -4.784997724791040e-02 
 2.015000000000029e-07 -4.967283623035823e-02 
 2.016000000000029e-07 -5.129968071578639e-02 
 2.017000000000029e-07 -5.272415476994152e-02 
 2.018000000000029e-07 -5.394062165683988e-02 
 2.019000000000029e-07 -5.494433121252573e-02 
 2.020000000000029e-07 -5.573130762074840e-02 
 2.021000000000029e-07 -5.629848071951682e-02 
 2.022000000000029e-07 -5.664359438221345e-02 
 2.023000000000029e-07 -5.676530728100126e-02 
 2.024000000000029e-07 -5.666311616876984e-02 
 2.025000000000029e-07 -5.633743116060042e-02 
 2.026000000000029e-07 -5.578950921824610e-02 
 2.027000000000029e-07 -5.502150795296457e-02 
 2.028000000000030e-07 -5.403642575250100e-02 
 2.029000000000030e-07 -5.283813716338903e-02 
 2.030000000000030e-07 -5.143133706300196e-02 
 2.031000000000030e-07 -4.982155991908477e-02 
 2.032000000000030e-07 -4.801512618236670e-02 
 2.033000000000030e-07 -4.601914728216538e-02 
 2.034000000000030e-07 -4.384147292171647e-02 
 2.035000000000030e-07 -4.149068335931894e-02 
 2.036000000000030e-07 -3.897603677052075e-02 
 2.037000000000030e-07 -3.630745019932169e-02 
 2.038000000000030e-07 -3.349544648305902e-02 
 2.039000000000030e-07 -3.055112520162706e-02 
 2.040000000000030e-07 -2.748610899050519e-02 
 2.041000000000031e-07 -2.431250575555932e-02 
 2.042000000000031e-07 -2.104285448328369e-02 
 2.043000000000031e-07 -1.769008001042582e-02 
 2.044000000000031e-07 -1.426743870130309e-02 
 2.045000000000031e-07 -1.078846703247516e-02 
 2.046000000000031e-07 -7.266927764847164e-03 
 2.047000000000031e-07 -3.716753633857373e-03 
 2.048000000000031e-07 -1.519947815613598e-04 
 2.049000000000031e-07  3.413241047294235e-03 
 2.050000000000031e-07  6.964769242173041e-03 
 2.051000000000031e-07  1.048926312806442e-02 
 2.052000000000031e-07  1.397292506249626e-02 
 2.053000000000031e-07  1.740123001285587e-02 
 2.054000000000031e-07  2.076063300501874e-02 
 2.055000000000032e-07  2.403766055999235e-02 
 2.056000000000032e-07  2.721970494543857e-02 
 2.057000000000032e-07  3.029409708629704e-02 
 2.058000000000032e-07  3.324878912255524e-02 
 2.059000000000032e-07  3.607214032159578e-02 
 2.060000000000032e-07  3.875300245572855e-02 
 2.061000000000032e-07  4.128086341518533e-02 
 2.062000000000032e-07  4.364571948020157e-02 
 2.063000000000032e-07  4.583831707732822e-02 
 2.064000000000032e-07  4.784997726287288e-02 
 2.065000000000032e-07  4.967283624403152e-02 
 2.066000000000032e-07  5.129968072979652e-02 
 2.067000000000032e-07  5.272415478431292e-02 
 2.068000000000033e-07  5.394062167175862e-02 
 2.069000000000033e-07  5.494433122740450e-02 
 2.070000000000033e-07  5.573130763586520e-02 
 2.071000000000033e-07  5.629848073667021e-02 
 2.072000000000033e-07  5.664359439984867e-02 
 2.073000000000033e-07  5.676530729785556e-02 
 2.074000000000033e-07  5.666311618368836e-02 
 2.075000000000033e-07  5.633743117533108e-02 
 2.076000000000033e-07  5.578950923293302e-02 
 2.077000000000033e-07  5.502150796683747e-02 
 2.078000000000033e-07  5.403642576777190e-02 
 2.079000000000033e-07  5.283813717881292e-02 
 2.080000000000033e-07  5.143133707705294e-02 
 2.081000000000034e-07  4.982155993288906e-02 
 2.082000000000034e-07  4.801512619527237e-02 
 2.083000000000034e-07  4.601914729413714e-02 
 2.084000000000034e-07  4.384147293487173e-02 
 2.085000000000034e-07  4.149068337417972e-02 
 2.086000000000034e-07  3.897603678728112e-02 
 2.087000000000034e-07  3.630745021792814e-02 
 2.088000000000034e-07  3.349544650131486e-02 
 2.089000000000034e-07  3.055112522211845e-02 
 2.090000000000034e-07  2.748610901107451e-02 
 2.091000000000034e-07  2.431250577458410e-02 
 2.092000000000034e-07  2.104285450034649e-02 
 2.093000000000034e-07  1.769008002331374e-02 
 2.094000000000035e-07  1.426743871174940e-02 
 2.095000000000035e-07  1.078846704167580e-02 
 2.096000000000035e-07  7.266927774804088e-03 
 2.097000000000035e-07  3.716753644605664e-03 
 2.098000000000035e-07  1.519947942756339e-04 
 2.099000000000035e-07 -3.413241030880698e-03 
 2.100000000000035e-07 -6.964769224947265e-03 
 2.101000000000035e-07 -1.048926311185783e-02 
 2.102000000000035e-07 -1.397292504669778e-02 
 2.103000000000035e-07 -1.740122999668214e-02 
 2.104000000000035e-07 -2.076063298891073e-02 
 2.105000000000035e-07 -2.403766054160483e-02 
 2.106000000000035e-07 -2.721970492795611e-02 
 2.107000000000035e-07 -3.029409706927599e-02 
 2.108000000000036e-07 -3.324878910748352e-02 
 2.109000000000036e-07 -3.607214030517403e-02 
 2.110000000000036e-07 -3.875300243955349e-02 
 2.111000000000036e-07 -4.128086339735093e-02 
 2.112000000000036e-07 -4.364571946269935e-02 
 2.113000000000036e-07 -4.583831706068109e-02 
 2.114000000000036e-07 -4.784997724798279e-02 
 2.115000000000036e-07 -4.967283623007224e-02 
 2.116000000000036e-07 -5.129968071562674e-02 
 2.117000000000036e-07 -5.272415476854420e-02 
 2.118000000000036e-07 -5.394062165514568e-02 
 2.119000000000036e-07 -5.494433121116926e-02 
 2.120000000000036e-07 -5.573130762035605e-02 
 2.121000000000037e-07 -5.629848072075450e-02 
 2.122000000000037e-07 -5.664359438439992e-02 
 2.123000000000037e-07 -5.676530728304074e-02 
 2.124000000000037e-07 -5.666311617054198e-02 
 2.125000000000037e-07 -5.633743116265455e-02 
 2.126000000000037e-07 -5.578950921837533e-02 
 2.127000000000037e-07 -5.502150795222183e-02 
 2.128000000000037e-07 -5.403642575362033e-02 
 2.129000000000037e-07 -5.283813716409891e-02 
 2.130000000000037e-07 -5.143133706304259e-02 
 2.131000000000037e-07 -4.982155991710635e-02 
 2.132000000000037e-07 -4.801512618055592e-02 
 2.133000000000037e-07 -4.601914728023271e-02 
 2.134000000000038e-07 -4.384147292028939e-02 
 2.135000000000038e-07 -4.149068336081063e-02 
 2.136000000000038e-07 -3.897603677179284e-02 
 2.137000000000038e-07 -3.630745019977710e-02 
 2.138000000000038e-07 -3.349544648242730e-02 
 2.139000000000038e-07 -3.055112520260006e-02 
 2.140000000000038e-07 -2.748610899207193e-02 
 2.141000000000038e-07 -2.431250575608956e-02 
 2.142000000000038e-07 -2.104285448311982e-02 
 2.143000000000038e-07 -1.769008000919658e-02 
 2.144000000000038e-07 -1.426743869999214e-02 
 2.145000000000038e-07 -1.078846703115488e-02 
 2.146000000000038e-07 -7.266927763843967e-03 
 2.147000000000038e-07 -3.716753631858971e-03 
 2.148000000000039e-07 -1.519947799168975e-04 
 2.149000000000039e-07  3.413241047137472e-03 
 2.150000000000039e-07  6.964769240929147e-03 
 2.151000000000039e-07  1.048926312717446e-02 
 2.152000000000039e-07  1.397292506204417e-02 
 2.153000000000039e-07  1.740123001368854e-02 
 2.154000000000039e-07  2.076063300698872e-02 
 2.155000000000039e-07  2.403766056137213e-02 
 2.156000000000039e-07  2.721970494564907e-02 
 2.157000000000039e-07  3.029409708596553e-02 
 2.158000000000039e-07  3.324878912371698e-02 
 2.159000000000039e-07  3.607214032202122e-02 
 2.160000000000039e-07  3.875300245563662e-02 
 2.161000000000040e-07  4.128086341446813e-02 
 2.162000000000040e-07  4.364571948113261e-02 
 2.163000000000040e-07  4.583831707859831e-02 
 2.164000000000040e-07  4.784997726288021e-02 
 2.165000000000040e-07  4.967283624433350e-02 
 2.166000000000040e-07  5.129968072989644e-02 
 2.167000000000040e-07  5.272415478461356e-02 
 2.168000000000040e-07  5.394062167192626e-02 
 2.169000000000040e-07  5.494433122781417e-02 
 2.170000000000040e-07  5.573130763687395e-02 
 2.171000000000040e-07  5.629848073637356e-02 
 2.172000000000040e-07  5.664359439971056e-02 
 2.173000000000040e-07  5.676530729782270e-02 
 2.174000000000041e-07  5.666311618372832e-02 
 2.175000000000041e-07  5.633743117365597e-02 
 2.176000000000041e-07  5.578950923032155e-02 
 2.177000000000041e-07  5.502150796545813e-02 
 2.178000000000041e-07  5.403642576760115e-02 
 2.179000000000041e-07  5.283813717930941e-02 
 2.180000000000041e-07  5.143133707671632e-02 
 2.181000000000041e-07  4.982155993207837e-02 
 2.182000000000041e-07  4.801512619544757e-02 
 2.183000000000041e-07  4.601914729533796e-02 
 2.184000000000041e-07  4.384147293591911e-02 
 2.185000000000041e-07  4.149068337415840e-02 
 2.186000000000041e-07  3.897603678626460e-02 
 2.187000000000041e-07  3.630745021641113e-02 
 2.188000000000042e-07  3.349544650075864e-02 
 2.189000000000042e-07  3.055112522104286e-02 
 2.190000000000042e-07  2.748610900917248e-02 
 2.191000000000042e-07  2.431250577330157e-02 
 2.192000000000042e-07  2.104285450036958e-02 
 2.193000000000042e-07  1.769008002434802e-02 
 2.194000000000042e-07  1.426743871406666e-02 
 2.195000000000042e-07  1.078846704421732e-02 
 2.196000000000042e-07  7.266927776806931e-03 
 2.197000000000042e-07  3.716753646983761e-03 
 2.198000000000042e-07  1.519947977426384e-04 
 2.199000000000042e-07 -3.413241028627834e-03 
 2.200000000000042e-07 -6.964769222589595e-03 
 2.201000000000043e-07 -1.048926311080178e-02 
 2.202000000000043e-07 -1.397292504491965e-02 
 2.203000000000043e-07 -1.740122999501814e-02 
 2.204000000000043e-07 -2.076063298786934e-02 
 2.205000000000043e-07 -2.403766054100798e-02 
 2.206000000000043e-07 -2.721970492635029e-02 
 2.207000000000043e-07 -3.029409706715436e-02 
 2.208000000000043e-07 -3.324878910559304e-02 
 2.209000000000043e-07 -3.607214030481742e-02 
 2.210000000000043e-07 -3.875300244013324e-02 
 2.211000000000043e-07 -4.128086339912662e-02 
 2.212000000000043e-07 -4.364571946393347e-02 
 2.213000000000043e-07 -4.583831706117936e-02 
 2.214000000000044e-07 -4.784997724747297e-02 
 2.215000000000044e-07 -4.967283623023855e-02 
 2.216000000000044e-07 -5.129968071664925e-02 
 2.217000000000044e-07 -5.272415477068737e-02 
 2.218000000000044e-07 -5.394062165743918e-02 
 2.219000000000044e-07 -5.494433121311659e-02 
 2.220000000000044e-07 -5.573130762050815e-02 
 2.221000000000044e-07 -5.629848071916288e-02 
 2.222000000000044e-07 -5.664359438270683e-02 
 2.223000000000044e-07 -5.676530728164519e-02 
 2.224000000000044e-07 -5.666311616912156e-02 
 2.225000000000044e-07 -5.633743115968670e-02 
 2.226000000000044e-07 -5.578950921718073e-02 
 2.227000000000044e-07 -5.502150795153637e-02 
 2.228000000000045e-07 -5.403642575160972e-02 
 2.229000000000045e-07 -5.283813716347274e-02 
 2.230000000000045e-07 -5.143133706271952e-02 
 2.231000000000045e-07 -4.982155991828696e-02 
 2.232000000000045e-07 -4.801512618098136e-02 
 2.233000000000045e-07 -4.601914728110112e-02 
 2.234000000000045e-07 -4.384147292132701e-02 
 2.235000000000045e-07 -4.149068336031991e-02 
 2.236000000000045e-07 -3.897603677185346e-02 
 2.237000000000045e-07 -3.630745019957926e-02 
 2.238000000000045e-07 -3.349544648348379e-02 
 2.239000000000045e-07 -3.055112520341519e-02 
 2.240000000000045e-07 -2.748610899172199e-02 
 2.241000000000046e-07 -2.431250575637600e-02 
 2.242000000000046e-07 -2.104285448388765e-02 
 2.243000000000046e-07 -1.769008000874450e-02 
 2.244000000000046e-07 -1.426743869940017e-02 
 2.245000000000046e-07 -1.078846703046565e-02 
 2.246000000000046e-07 -7.266927763549091e-03 
 2.247000000000046e-07 -3.716753633594916e-03 
 2.248000000000046e-07 -1.519947817931744e-04 
 2.249000000000046e-07  3.413241046173798e-03 
 2.250000000000046e-07  6.964769240916713e-03 
 2.251000000000046e-07  1.048926312773313e-02 
 2.252000000000046e-07  1.397292506330761e-02 
 2.253000000000046e-07  1.740123001347360e-02 
 2.254000000000047e-07  2.076063300614184e-02 
 2.255000000000047e-07  2.403766055984313e-02 
 2.256000000000047e-07  2.721970494483061e-02 
 2.257000000000047e-07  3.029409708486641e-02 
 2.258000000000047e-07  3.324878912179319e-02 
 2.259000000000047e-07  3.607214032087525e-02 
 2.260000000000047e-07  3.875300245425817e-02 
 2.261000000000047e-07  4.128086341294157e-02 
 2.262000000000047e-07  4.364571947883755e-02 
 2.263000000000047e-07  4.583831707707264e-02 
 2.264000000000047e-07  4.784997726230333e-02 
 2.265000000000047e-07  4.967283624512975e-02 
 2.266000000000047e-07  5.129968073169477e-02 
 2.267000000000047e-07  5.272415478458337e-02 
 2.268000000000048e-07  5.394062167027203e-02 
 2.269000000000048e-07  5.494433122716647e-02 
 2.270000000000048e-07  5.573130763706002e-02 
 2.271000000000048e-07  5.629848073779353e-02 
 2.272000000000048e-07  5.664359440116473e-02 
 2.273000000000048e-07  5.676530729832296e-02 
 2.274000000000048e-07  5.666311618445885e-02 
 2.275000000000048e-07  5.633743117596168e-02 
 2.276000000000048e-07  5.578950923200843e-02 
 2.277000000000048e-07  5.502150796546745e-02 
 2.278000000000048e-07  5.403642576660461e-02 
 2.279000000000048e-07  5.283813717816210e-02 
 2.280000000000048e-07  5.143133707687397e-02 
 2.281000000000049e-07  4.982155993323789e-02 
 2.282000000000049e-07  4.801512619774062e-02 
 2.283000000000049e-07  4.601914729781509e-02 
 2.284000000000049e-07  4.384147293820795e-02 
 2.285000000000049e-07  4.149068337706430e-02 
 2.286000000000049e-07  3.897603678915207e-02 
 2.287000000000049e-07  3.630745021934767e-02 
 2.288000000000049e-07  3.349544650357750e-02 
 2.289000000000049e-07  3.055112522418124e-02 
 2.290000000000049e-07  2.748610901208570e-02 
 2.291000000000049e-07  2.431250577594479e-02 
 2.292000000000049e-07  2.104285450223609e-02 
 2.293000000000049e-07  1.769008002472905e-02 
 2.294000000000050e-07  1.426743871220149e-02 
 2.295000000000050e-07  1.078846704332870e-02 
 2.296000000000050e-07  7.266927776770959e-03 
 2.297000000000050e-07  3.716753645772286e-03 
 2.298000000000050e-07  1.519947954116141e-04 
 2.299000000000050e-07 -3.413241029759373e-03 
 2.300000000000050e-07 -6.964769222166378e-03 
 2.301000000000050e-07 -1.048926311061971e-02 
 2.302000000000050e-07 -1.397292504588066e-02 
 2.303000000000050e-07 -1.740122999581972e-02 
 2.304000000000050e-07 -2.076063298715658e-02 
 2.305000000000050e-07 -2.403766054018686e-02 
 2.306000000000050e-07 -2.721970492734371e-02 
 2.307000000000051e-07 -3.029409706831387e-02 
 2.308000000000051e-07 -3.324878910797047e-02 
 2.309000000000051e-07 -3.607214030687933e-02 
 2.310000000000051e-07 -3.875300244077939e-02 
 2.311000000000051e-07 -4.128086339839165e-02 
 2.312000000000051e-07 -4.364571946317786e-02 
 2.313000000000051e-07 -4.583831706137120e-02 
 2.314000000000051e-07 -4.784997724873219e-02 
 2.315000000000051e-07 -4.967283623209684e-02 
 2.316000000000051e-07 -5.129968071619806e-02 
 2.317000000000051e-07 -5.272415476980608e-02 
 2.318000000000051e-07 -5.394062165605717e-02 
 2.319000000000051e-07 -5.494433121371300e-02 
 2.320000000000051e-07 -5.573130762207867e-02 
 2.321000000000052e-07 -5.629848072105048e-02 
 2.322000000000052e-07 -5.664359438489841e-02 
 2.323000000000052e-07 -5.676530728376239e-02 
 2.324000000000052e-07 -5.666311617151742e-02 
 2.325000000000052e-07 -5.633743116212675e-02 
 2.326000000000052e-07 -5.578950921875059e-02 
 2.327000000000052e-07 -5.502150795275362e-02 
 2.328000000000052e-07 -5.403642575341827e-02 
 2.329000000000052e-07 -5.283813716414754e-02 
 2.330000000000052e-07 -5.143133706270642e-02 
 2.331000000000052e-07 -4.982155991784909e-02 
 2.332000000000052e-07 -4.801512618153669e-02 
 2.333000000000052e-07 -4.601914728285927e-02 
 2.334000000000053e-07 -4.384147292341067e-02 
 2.335000000000053e-07 -4.149068336234318e-02 
 2.336000000000053e-07 -3.897603677364647e-02 
 2.337000000000053e-07 -3.630745020188408e-02 
 2.338000000000053e-07 -3.349544648537695e-02 
 2.339000000000053e-07 -3.055112520442904e-02 
 2.340000000000053e-07 -2.748610899200887e-02 
 2.341000000000053e-07 -2.431250575705635e-02 
 2.342000000000053e-07 -2.104285448444765e-02 
 2.343000000000053e-07 -1.769008000887906e-02 
 2.344000000000053e-07 -1.426743869845915e-02 
 2.345000000000053e-07 -1.078846702864089e-02 
 2.346000000000053e-07 -7.266927761281128e-03 
 2.347000000000054e-07 -3.716753630443215e-03 
 2.348000000000054e-07 -1.519947796575494e-04 
 2.349000000000054e-07  3.413241048191740e-03 
 2.350000000000054e-07  6.964769241639690e-03 
 2.351000000000054e-07  1.048926312717979e-02 
 2.352000000000054e-07  1.397292506183501e-02 
 2.353000000000054e-07  1.740123001208715e-02 
 2.354000000000054e-07  2.076063300463149e-02 
 2.355000000000054e-07  2.403766055859924e-02 
 2.356000000000054e-07  2.721970494308312e-02 
 2.357000000000054e-07  3.029409708323527e-02 
 2.358000000000054e-07  3.324878912128426e-02 
 2.359000000000054e-07  3.607214032027439e-02 
 2.360000000000054e-07  3.875300245543967e-02 
 2.361000000000055e-07  4.128086341516357e-02 
 2.362000000000055e-07  4.364571947981744e-02 
 2.363000000000055e-07  4.583831707661234e-02 
 2.364000000000055e-07  4.784997726127993e-02 
 2.365000000000055e-07  4.967283624332586e-02 
 2.366000000000055e-07  5.129968072931135e-02 
 2.367000000000055e-07  5.272415478245129e-02 
 2.368000000000055e-07  5.394062166982594e-02 
 2.369000000000055e-07  5.494433122619591e-02 
 2.370000000000055e-07  5.573130763511225e-02 
 2.371000000000055e-07  5.629848073631427e-02 
 2.372000000000055e-07  5.664359439985911e-02 
 2.373000000000055e-07  5.676530729804941e-02 
 2.374000000000056e-07  5.666311618455011e-02 
 2.375000000000056e-07  5.633743117564416e-02 
 2.376000000000056e-07  5.578950923264969e-02 
 2.377000000000056e-07  5.502150796720207e-02 
 2.378000000000056e-07  5.403642576750234e-02 
 2.379000000000056e-07  5.283813717933539e-02 
 2.380000000000056e-07  5.143133707896097e-02 
 2.381000000000056e-07  4.982155993565640e-02 
 2.382000000000056e-07  4.801512619890413e-02 
 2.383000000000056e-07  4.601914729776246e-02 
 2.384000000000056e-07  4.384147293729135e-02 
 2.385000000000056e-07  4.149068337504369e-02 
 2.386000000000056e-07  3.897603678675510e-02 
 2.387000000000057e-07  3.630745021693094e-02 
 2.388000000000057e-07  3.349544650094982e-02 
 2.389000000000057e-07  3.055112522109349e-02 
 2.390000000000057e-07  2.748610900950021e-02 
 2.391000000000057e-07  2.431250577386113e-02 
 2.392000000000057e-07  2.104285449924648e-02 
 2.393000000000057e-07  1.769008002295713e-02 
 2.394000000000057e-07  1.426743871225300e-02 
 2.395000000000057e-07  1.078846704310132e-02 
 2.396000000000057e-07  7.266927775367638e-03 
 2.397000000000057e-07  3.716753645908621e-03 
 2.398000000000057e-07  1.519947950003875e-04 
 2.399000000000057e-07 -3.413241031371861e-03 
 2.400000000000057e-07 -6.964769224067080e-03 
 2.401000000000058e-07 -1.048926311147813e-02 
 2.402000000000058e-07 -1.397292504626169e-02 
 2.403000000000058e-07 -1.740122999622207e-02 
 2.404000000000058e-07 -2.076063298723607e-02 
 2.405000000000058e-07 -2.403766054005985e-02 
 2.406000000000058e-07 -2.721970492714965e-02 
 2.407000000000058e-07 -3.029409706860164e-02 
 2.408000000000058e-07 -3.324878910777951e-02 
 2.409000000000058e-07 -3.607214030683759e-02 
 2.410000000000058e-07 -3.875300244040658e-02 
 2.411000000000058e-07 -4.128086339825643e-02 
 2.412000000000058e-07 -4.364571946300955e-02 
 2.413000000000058e-07 -4.583831706213592e-02 
 2.414000000000059e-07 -4.784997724764262e-02 
 2.415000000000059e-07 -4.967283622999408e-02 
 2.416000000000059e-07 -5.129968071559032e-02 
 2.417000000000059e-07 -5.272415476948189e-02 
 2.418000000000059e-07 -5.394062165691582e-02 
 2.419000000000059e-07 -5.494433121277065e-02 
 2.420000000000059e-07 -5.573130762085432e-02 
 2.421000000000059e-07 -5.629848071916843e-02 
 2.422000000000059e-07 -5.664359438292665e-02 
 2.423000000000059e-07 -5.676530728150730e-02 
 2.424000000000059e-07 -5.666311616852160e-02 
 2.425000000000059e-07 -5.633743116026468e-02 
 2.426000000000059e-07 -5.578950921656367e-02 
 2.427000000000060e-07 -5.502150795204908e-02 
 2.428000000000060e-07 -5.403642575205181e-02 
 2.429000000000060e-07 -5.283813716240915e-02 
 2.430000000000060e-07 -5.143133706097291e-02 
 2.431000000000060e-07 -4.982155991729531e-02 
 2.432000000000060e-07 -4.801512618041959e-02 
 2.433000000000060e-07 -4.601914728022827e-02 
 2.434000000000060e-07 -4.384147292129548e-02 
 2.435000000000060e-07 -4.149068336199835e-02 
 2.436000000000060e-07 -3.897603677229466e-02 
 2.437000000000060e-07 -3.630745020095283e-02 
 2.438000000000060e-07 -3.349544648389902e-02 
 2.439000000000060e-07 -3.055112520448366e-02 
 2.440000000000060e-07 -2.748610899257553e-02 
 2.441000000000061e-07 -2.431250575710031e-02 
 2.442000000000061e-07 -2.104285448529764e-02 
 2.443000000000061e-07 -1.769008000993066e-02 
 2.444000000000061e-07 -1.426743870007829e-02 
 2.445000000000061e-07 -1.078846703013969e-02 
 2.446000000000061e-07 -7.266927762289210e-03 
 2.447000000000061e-07 -3.716753631100467e-03 
 2.448000000000061e-07 -1.519947795949328e-04 
 2.449000000000061e-07  3.413241047649951e-03 
 2.450000000000061e-07  6.964769242419067e-03 
 2.451000000000061e-07  1.048926312955478e-02 
 2.452000000000061e-07  1.397292506281111e-02 
 2.453000000000061e-07  1.740123001330884e-02 
 2.454000000000062e-07  2.076063300706910e-02 
 2.455000000000062e-07  2.403766056029966e-02 
 2.456000000000062e-07  2.721970494633119e-02 
 2.457000000000062e-07  3.029409708536379e-02 
 2.458000000000062e-07  3.324878912321161e-02 
 2.459000000000062e-07  3.607214032028550e-02 
 2.460000000000062e-07  3.875300245460767e-02 
 2.461000000000062e-07  4.128086341320247e-02 
 2.462000000000062e-07  4.364571948062568e-02 
 2.463000000000062e-07  4.583831707855546e-02 
 2.464000000000062e-07  4.784997726215612e-02 
 2.465000000000062e-07  4.967283624425844e-02 
 2.466000000000062e-07  5.129968072975122e-02 
 2.467000000000063e-07  5.272415478454473e-02 
 2.468000000000063e-07  5.394062167217917e-02 
 2.469000000000063e-07  5.494433122795872e-02 
 2.470000000000063e-07  5.573130763692946e-02 
 2.471000000000063e-07  5.629848073628962e-02 
 2.472000000000063e-07  5.664359439917011e-02 
 2.473000000000063e-07  5.676530729605367e-02 
 2.474000000000063e-07  5.666311618241004e-02 
 2.475000000000063e-07  5.633743117540968e-02 
 2.476000000000063e-07  5.578950923308579e-02 
 2.477000000000063e-07  5.502150796685190e-02 
 2.478000000000063e-07  5.403642576840850e-02 
 2.479000000000063e-07  5.283813718083064e-02 
 2.480000000000063e-07  5.143133707994352e-02 
 2.481000000000064e-07  4.982155993585557e-02 
 2.482000000000064e-07  4.801512619953963e-02 
 2.483000000000064e-07  4.601914729846945e-02 
 2.484000000000064e-07  4.384147293702290e-02 
 2.485000000000064e-07  4.149068337583728e-02 
 2.486000000000064e-07  3.897603678660500e-02 
 2.487000000000064e-07  3.630745021740367e-02 
 2.488000000000064e-07  3.349544650048086e-02 
 2.489000000000064e-07  3.055112522087811e-02 
 2.490000000000064e-07  2.748610900919202e-02 
 2.491000000000064e-07  2.431250577324207e-02 
 2.492000000000064e-07  2.104285449956134e-02 
 2.493000000000064e-07  1.769008002429251e-02 
 2.494000000000065e-07  1.426743871368252e-02 
 2.495000000000065e-07  1.078846704378256e-02 
 2.496000000000065e-07  7.266927776543142e-03 
 2.497000000000065e-07  3.716753646859416e-03 
 2.498000000000065e-07  1.519947967949520e-04 
 2.499000000000065e-07 -3.413241030788328e-03 
 2.500000000000065e-07 -6.967521678713506e-03 
