 5.000000000000000e-08 -3.506763495844112e-03 
 5.010000000000000e-08 -7.943682983658107e-03 
 5.020000000000000e-08 -1.233368476098473e-02 
 5.030000000000000e-08 -1.668495224499544e-02 
 5.040000000000000e-08 -2.097016450695177e-02 
 5.050000000000000e-08 -2.517204129488282e-02 
 5.060000000000000e-08 -2.927427266717553e-02 
 5.070000000000000e-08 -3.326039484617160e-02 
 5.080000000000000e-08 -3.711485605989884e-02 
 5.090000000000001e-08 -4.082234524812667e-02 
 5.100000000000001e-08 -4.436831712696865e-02 
 5.110000000000001e-08 -4.773881492019783e-02 
 5.120000000000001e-08 -5.092057206475120e-02 
 5.130000000000001e-08 -5.390115266202811e-02 
 5.140000000000001e-08 -5.666881048441730e-02 
 5.150000000000001e-08 -5.921278268712271e-02 
 5.160000000000001e-08 -6.152304349682369e-02 
 5.170000000000001e-08 -6.359064062718245e-02 
 5.180000000000001e-08 -6.540742827753188e-02 
 5.190000000000001e-08 -6.696638340076144e-02 
 5.200000000000002e-08 -6.826136236085878e-02 
 5.210000000000002e-08 -6.928736737424424e-02 
 5.220000000000002e-08 -7.004034501678369e-02 
 5.230000000000002e-08 -7.051739345827457e-02 
 5.240000000000002e-08 -7.071660577666017e-02 
 5.250000000000002e-08 -7.063721970158698e-02 
 5.260000000000002e-08 -7.027950086469481e-02 
 5.270000000000002e-08 -6.964484190414200e-02 
 5.280000000000002e-08 -6.873567750063558e-02 
 5.290000000000002e-08 -6.755554130136243e-02 
 5.300000000000002e-08 -6.610900397709862e-02 
 5.310000000000003e-08 -6.440169622257308e-02 
 5.320000000000003e-08 -6.244026168799222e-02 
 5.330000000000003e-08 -6.023235320231413e-02 
 5.340000000000003e-08 -5.778659386766760e-02 
 5.350000000000003e-08 -5.511255230457479e-02 
 5.360000000000003e-08 -5.222070659171640e-02 
 5.370000000000003e-08 -4.912240318313477e-02 
 5.380000000000003e-08 -4.582981983615153e-02 
 5.390000000000003e-08 -4.235591181420073e-02 
 5.400000000000003e-08 -3.871437126606203e-02 
 5.410000000000003e-08 -3.491956364040427e-02 
 5.420000000000004e-08 -3.098648210241883e-02 
 5.430000000000004e-08 -2.693067654709091e-02 
 5.440000000000004e-08 -2.276820256735745e-02 
 5.450000000000004e-08 -1.851554520165632e-02 
 5.460000000000004e-08 -1.418956274758387e-02 
 5.470000000000004e-08 -9.807407149230229e-03 
 5.480000000000004e-08 -5.386463479720049e-03 
 5.490000000000004e-08 -9.442688021699119e-04 
 5.500000000000004e-08  3.501514899618252e-03 
 5.510000000000004e-08  7.933419749164283e-03 
 5.520000000000004e-08  1.233368476689822e-02 
 5.530000000000005e-08  1.668495225120425e-02 
 5.540000000000005e-08  2.097016451894107e-02 
 5.550000000000005e-08  2.517204129331652e-02 
 5.560000000000005e-08  2.927427267146165e-02 
 5.570000000000005e-08  3.326039484206067e-02 
 5.580000000000005e-08  3.711485606377063e-02 
 5.590000000000005e-08  4.082234524610007e-02 
 5.600000000000005e-08  4.436831713226375e-02 
 5.610000000000005e-08  4.773881492119458e-02 
 5.620000000000005e-08  5.092057206873335e-02 
 5.630000000000005e-08  5.390115266703188e-02 
 5.640000000000006e-08  5.666881049000771e-02 
 5.650000000000006e-08  5.921278268870278e-02 
 5.660000000000006e-08  6.152304349567306e-02 
 5.670000000000006e-08  6.359064062641884e-02 
 5.680000000000006e-08  6.540742827305723e-02 
 5.690000000000006e-08  6.696638339924865e-02 
 5.700000000000006e-08  6.826136235718483e-02 
 5.710000000000006e-08  6.928736737490127e-02 
 5.720000000000006e-08  7.004034501740342e-02 
 5.730000000000006e-08  7.051739346325303e-02 
 5.740000000000006e-08  7.071660577377181e-02 
 5.750000000000006e-08  7.063721969682968e-02 
 5.760000000000007e-08  7.027950085345269e-02 
 5.770000000000007e-08  6.964484189979991e-02 
 5.780000000000007e-08  6.873567749511045e-02 
 5.790000000000007e-08  6.755554130125119e-02 
 5.800000000000007e-08  6.610900397660258e-02 
 5.810000000000007e-08  6.440169622861402e-02 
 5.820000000000007e-08  6.244026168577044e-02 
 5.830000000000007e-08  6.023235320012965e-02 
 5.840000000000007e-08  5.778659385813301e-02 
 5.850000000000007e-08  5.511255230054335e-02 
 5.860000000000007e-08  5.222070658717004e-02 
 5.870000000000008e-08  4.912240318519223e-02 
 5.880000000000008e-08  4.582981983242007e-02 
 5.890000000000008e-08  4.235591181109033e-02 
 5.900000000000008e-08  3.871437125755972e-02 
 5.910000000000008e-08  3.491956363977344e-02 
 5.920000000000008e-08  3.098648210193189e-02 
 5.930000000000008e-08  2.693067655171766e-02 
 5.940000000000008e-08  2.276820256744361e-02 
 5.950000000000008e-08  1.851554520691079e-02 
 5.960000000000008e-08  1.418956275286942e-02 
 5.970000000000008e-08  9.807407160551840e-03 
 5.980000000000007e-08  5.386463486800386e-03 
 5.990000000000007e-08  9.442688104766006e-04 
 6.000000000000006e-08 -3.501514892325197e-03 
 6.010000000000006e-08 -7.933419745048464e-03 
 6.020000000000005e-08 -1.233368475899232e-02 
 6.030000000000004e-08 -1.668495223656996e-02 
 6.040000000000004e-08 -2.097016451603873e-02 
 6.050000000000003e-08 -2.517204127783468e-02 
 6.060000000000003e-08 -2.927427267305927e-02 
 6.070000000000002e-08 -3.326039483100107e-02 
 6.080000000000002e-08 -3.711485606384146e-02 
 6.090000000000001e-08 -4.082234523364647e-02 
 6.100000000000000e-08 -4.436831713006884e-02 
 6.110000000000000e-08 -4.773881491014809e-02 
 6.119999999999999e-08 -5.092057206439971e-02 
 6.129999999999999e-08 -5.390115265146744e-02 
 6.139999999999998e-08 -5.666881047966532e-02 
 6.149999999999997e-08 -5.921278267387398e-02 
 6.159999999999997e-08 -6.152304348640625e-02 
 6.169999999999996e-08 -6.359064061262387e-02 
 6.179999999999996e-08 -6.540742826626111e-02 
 6.189999999999995e-08 -6.696638338771788e-02 
 6.199999999999995e-08 -6.826136234776103e-02 
 6.209999999999994e-08 -6.928736736156393e-02 
 6.219999999999993e-08 -7.004034500918044e-02 
 6.229999999999993e-08 -7.051739345380503e-02 
 6.239999999999992e-08 -7.071660576917282e-02 
 6.249999999999992e-08 -7.063721969352832e-02 
 6.259999999999991e-08 -7.027950085719659e-02 
 6.269999999999991e-08 -6.964484189899589e-02 
 6.279999999999990e-08 -6.873567749376375e-02 
 6.289999999999989e-08 -6.755554129716157e-02 
 6.299999999999989e-08 -6.610900397247677e-02 
 6.309999999999988e-08 -6.440169621754821e-02 
 6.319999999999988e-08 -6.244026167859040e-02 
 6.329999999999987e-08 -6.023235319525777e-02 
 6.339999999999987e-08 -5.778659386016605e-02 
 6.349999999999986e-08 -5.511255230022427e-02 
 6.359999999999985e-08 -5.222070658672240e-02 
 6.369999999999985e-08 -4.912240318138128e-02 
 6.379999999999984e-08 -4.582981983290169e-02 
 6.389999999999984e-08 -4.235591181291998e-02 
 6.399999999999983e-08 -3.871437126340505e-02 
 6.409999999999983e-08 -3.491956364162396e-02 
 6.419999999999982e-08 -3.098648210334942e-02 
 6.429999999999981e-08 -2.693067654876313e-02 
 6.439999999999981e-08 -2.276820256627055e-02 
 6.449999999999980e-08 -1.851554520371024e-02 
 6.459999999999980e-08 -1.418956274824490e-02 
 6.469999999999979e-08 -9.807407150668634e-03 
 6.479999999999979e-08 -5.386463479742920e-03 
 6.489999999999978e-08 -9.442688024605683e-04 
 6.499999999999977e-08  3.501514895119628e-03 
 6.509999999999977e-08  7.933419759619698e-03 
 6.519999999999976e-08  1.233368476881713e-02 
 6.529999999999976e-08  1.668495224314848e-02 
 6.539999999999975e-08  2.097016452510747e-02 
 6.549999999999975e-08  2.517204128191564e-02 
 6.559999999999974e-08  2.927427268035365e-02 
 6.569999999999973e-08  3.326039483365806e-02 
 6.579999999999973e-08  3.711485607352638e-02 
 6.589999999999972e-08  4.082234524123662e-02 
 6.599999999999972e-08  4.436831714046985e-02 
 6.609999999999971e-08  4.773881491641330e-02 
 6.619999999999971e-08  5.092057207087031e-02 
 6.629999999999970e-08  5.390115266012385e-02 
 6.639999999999969e-08  5.666881049161110e-02 
 6.649999999999969e-08  5.921278268519226e-02 
 6.659999999999968e-08  6.152304349750071e-02 
 6.669999999999968e-08  6.359064062273490e-02 
 6.679999999999967e-08  6.540742827206958e-02 
 6.689999999999967e-08  6.696638339341932e-02 
 6.699999999999966e-08  6.826136235353375e-02 
 6.709999999999965e-08  6.928736736902397e-02 
 6.719999999999965e-08  7.004034501311684e-02 
 6.729999999999964e-08  7.051739345785224e-02 
 6.739999999999964e-08  7.071660577039784e-02 
 6.749999999999963e-08  7.063721969409986e-02 
 6.759999999999963e-08  7.027950085192902e-02 
 6.769999999999962e-08  6.964484189677145e-02 
 6.779999999999961e-08  6.873567749248255e-02 
 6.789999999999961e-08  6.755554129710650e-02 
 6.799999999999960e-08  6.610900397136232e-02 
 6.809999999999960e-08  6.440169622230485e-02 
 6.819999999999959e-08  6.244026168025840e-02 
 6.829999999999959e-08  6.023235319546050e-02 
 6.839999999999958e-08  5.778659385734541e-02 
 6.849999999999957e-08  5.511255230137402e-02 
 6.859999999999957e-08  5.222070658792566e-02 
 6.869999999999956e-08  4.912240318622363e-02 
 6.879999999999956e-08  4.582981983520762e-02 
 6.889999999999955e-08  4.235591181435305e-02 
 6.899999999999955e-08  3.871437125927168e-02 
 6.909999999999954e-08  3.491956363791604e-02 
 6.919999999999953e-08  3.098648209891408e-02 
 6.929999999999953e-08  2.693067654925785e-02 
 6.939999999999952e-08  2.276820256642331e-02 
 6.949999999999952e-08  1.851554520659460e-02 
 6.959999999999951e-08  1.418956275355399e-02 
 6.969999999999951e-08  9.807407161455783e-03 
 6.979999999999950e-08  5.386463489148285e-03 
 6.989999999999949e-08  9.442688141303446e-04 
 6.999999999999949e-08 -3.501514884292733e-03 
 7.009999999999948e-08 -7.933419751795290e-03 
 7.019999999999948e-08 -1.233368475717334e-02 
 7.029999999999947e-08 -1.668495222806698e-02 
 7.039999999999947e-08 -2.097016451887201e-02 
 7.049999999999946e-08 -2.517204126993522e-02 
 7.059999999999945e-08 -2.927427267645877e-02 
 7.069999999999945e-08 -3.326039482254672e-02 
 7.079999999999944e-08 -3.711485606844445e-02 
 7.089999999999944e-08 -4.082234523036221e-02 
 7.099999999999943e-08 -4.436831713412248e-02 
 7.109999999999943e-08 -4.773881490541432e-02 
 7.119999999999942e-08 -5.092057206463463e-02 
 7.129999999999941e-08 -5.390115264661022e-02 
 7.139999999999941e-08 -5.666881048029060e-02 
 7.149999999999940e-08 -5.921278267360286e-02 
 7.159999999999940e-08 -6.152304348967674e-02 
 7.169999999999939e-08 -6.359064061409825e-02 
 7.179999999999939e-08 -6.540742826812185e-02 
 7.189999999999938e-08 -6.696638338658478e-02 
 7.199999999999937e-08 -6.826136234755320e-02 
 7.209999999999937e-08 -6.928736736166830e-02 
 7.219999999999936e-08 -7.004034500833378e-02 
 7.229999999999936e-08 -7.051739345268060e-02 
 7.239999999999935e-08 -7.071660576760408e-02 
 7.249999999999935e-08 -7.063721969141756e-02 
 7.259999999999934e-08 -7.027950085374135e-02 
 7.269999999999933e-08 -6.964484189595210e-02 
 7.279999999999933e-08 -6.873567748906639e-02 
 7.289999999999932e-08 -6.755554129265073e-02 
 7.299999999999932e-08 -6.610900396862140e-02 
 7.309999999999931e-08 -6.440169621643421e-02 
 7.319999999999931e-08 -6.244026167739714e-02 
 7.329999999999930e-08 -6.023235319459452e-02 
 7.339999999999929e-08 -5.778659385734009e-02 
 7.349999999999929e-08 -5.511255229773204e-02 
 7.359999999999928e-08 -5.222070658455502e-02 
 7.369999999999928e-08 -4.912240318106376e-02 
 7.379999999999927e-08 -4.582981983076162e-02 
 7.389999999999927e-08 -4.235591181229981e-02 
 7.399999999999926e-08 -3.871437126356736e-02 
 7.409999999999925e-08 -3.491956364426496e-02 
 7.419999999999925e-08 -3.098648210534272e-02 
 7.429999999999924e-08 -2.693067655084702e-02 
 7.439999999999924e-08 -2.276820256596523e-02 
 7.449999999999923e-08 -1.851554520349530e-02 
 7.459999999999923e-08 -1.418956274858485e-02 
 7.469999999999922e-08 -9.807407153770820e-03 
 7.479999999999921e-08 -5.386463482419002e-03 
 7.489999999999921e-08 -9.442688056884307e-04 
 7.499999999999920e-08  3.501514890256852e-03 
 7.509999999999920e-08  7.933419764315941e-03 
 7.519999999999919e-08  1.233368476733854e-02 
 7.529999999999919e-08  1.668495223640343e-02 
 7.539999999999918e-08  2.097016452766343e-02 
 7.549999999999917e-08  2.517204127516925e-02 
 7.559999999999917e-08  2.927427268357841e-02 
 7.569999999999916e-08  3.326039482812715e-02 
 7.579999999999916e-08  3.711485607679954e-02 
 7.589999999999915e-08  4.082234523689054e-02 
 7.599999999999915e-08  4.436831714179079e-02 
 7.609999999999914e-08  4.773881491241827e-02 
 7.619999999999913e-08  5.092057207481737e-02 
 7.629999999999913e-08  5.390115265969331e-02 
 7.639999999999912e-08  5.666881049306638e-02 
 7.649999999999912e-08  5.921278268229702e-02 
 7.659999999999911e-08  6.152304349707682e-02 
 7.669999999999911e-08  6.359064062159447e-02 
 7.679999999999910e-08  6.540742827451140e-02 
 7.689999999999909e-08  6.696638339361405e-02 
 7.699999999999909e-08  6.826136235450786e-02 
 7.709999999999908e-08  6.928736737092223e-02 
 7.719999999999908e-08  7.004034501575229e-02 
 7.729999999999907e-08  7.051739345799679e-02 
 7.739999999999907e-08  7.071660577080996e-02 
 7.749999999999906e-08  7.063721969229309e-02 
 7.759999999999905e-08  7.027950084949275e-02 
 7.769999999999905e-08  6.964484189423659e-02 
 7.779999999999904e-08  6.873567749130705e-02 
 7.789999999999904e-08  6.755554129796693e-02 
 7.799999999999903e-08  6.610900397289998e-02 
 7.809999999999903e-08  6.440169622200398e-02 
 7.819999999999902e-08  6.244026167961492e-02 
 7.829999999999901e-08  6.023235319522291e-02 
 7.839999999999901e-08  5.778659385572138e-02 
 7.849999999999900e-08  5.511255229857737e-02 
 7.859999999999900e-08  5.222070658684230e-02 
 7.869999999999899e-08  4.912240318606576e-02 
 7.879999999999899e-08  4.582981983555534e-02 
 7.889999999999898e-08  4.235591181488507e-02 
 7.899999999999897e-08  3.871437125949106e-02 
 7.909999999999897e-08  3.491956363827775e-02 
 7.919999999999896e-08  3.098648210045862e-02 
 7.929999999999896e-08  2.693067655086523e-02 
 7.939999999999895e-08  2.276820256776957e-02 
 7.949999999999895e-08  1.851554520765419e-02 
 7.959999999999894e-08  1.418956275417971e-02 
 7.969999999999893e-08  9.807407161805948e-03 
 7.979999999999893e-08  5.386463489107429e-03 
 7.989999999999892e-08  9.442688143839195e-04 
 7.999999999999892e-08 -3.501514880109635e-03 
 8.009999999999891e-08 -7.933419754219129e-03 
 8.019999999999890e-08 -1.233368475771845e-02 
 8.029999999999890e-08 -1.668495222749633e-02 
 8.039999999999889e-08 -2.097016452181699e-02 
 8.049999999999889e-08 -2.517204126475869e-02 
 8.059999999999888e-08 -2.927427267776350e-02 
 8.069999999999888e-08 -3.326039481687348e-02 
 8.079999999999887e-08 -3.711485606781095e-02 
 8.089999999999886e-08 -4.082234522508243e-02 
 8.099999999999886e-08 -4.436831713415623e-02 
 8.109999999999885e-08 -4.773881490436205e-02 
 8.119999999999885e-08 -5.092057206829104e-02 
 8.129999999999884e-08 -5.390115264835038e-02 
 8.139999999999884e-08 -5.666881048226591e-02 
 8.149999999999883e-08 -5.921278267089192e-02 
 8.159999999999882e-08 -6.152304348750581e-02 
 8.169999999999882e-08 -6.359064061125985e-02 
 8.179999999999881e-08 -6.540742826814583e-02 
 8.189999999999881e-08 -6.696638338829874e-02 
 8.199999999999880e-08 -6.826136234805213e-02 
 8.209999999999880e-08 -6.928736736067842e-02 
 8.219999999999879e-08 -7.004034500690404e-02 
 8.229999999999878e-08 -7.051739344930930e-02 
 8.239999999999878e-08 -7.071660576361904e-02 
 8.249999999999877e-08 -7.063721968880921e-02 
 8.259999999999877e-08 -7.027950085145096e-02 
 8.269999999999876e-08 -6.964484189416464e-02 
 8.279999999999876e-08 -6.873567748869536e-02 
 8.289999999999875e-08 -6.755554129487362e-02 
 8.299999999999874e-08 -6.610900396937502e-02 
 8.309999999999874e-08 -6.440169621602809e-02 
 8.319999999999873e-08 -6.244026167692018e-02 
 8.329999999999873e-08 -6.023235319478792e-02 
 8.339999999999872e-08 -5.778659385785034e-02 
 8.349999999999872e-08 -5.511255229939360e-02 
 8.359999999999871e-08 -5.222070658583000e-02 
 8.369999999999870e-08 -4.912240318284078e-02 
 8.379999999999870e-08 -4.582981983179812e-02 
 8.389999999999869e-08 -4.235591181195697e-02 
 8.399999999999869e-08 -3.871437126164534e-02 
 8.409999999999868e-08 -3.491956364278348e-02 
 8.419999999999868e-08 -3.098648210218014e-02 
 8.429999999999867e-08 -2.693067654714709e-02 
 8.439999999999866e-08 -2.276820256301293e-02 
 8.449999999999866e-08 -1.851554520213861e-02 
 8.459999999999865e-08 -1.418956274694794e-02 
 8.469999999999865e-08 -9.807407153122005e-03 
 8.479999999999864e-08 -5.386463481066084e-03 
 8.489999999999864e-08 -9.442688049519088e-04 
 8.499999999999863e-08  3.501514888420543e-03 
 8.509999999999862e-08  7.933419766234628e-03 
 8.519999999999862e-08  1.233368476847851e-02 
 8.529999999999861e-08  1.668495223649180e-02 
 8.539999999999861e-08  2.097016453270850e-02 
 8.549999999999860e-08  2.517204127458883e-02 
 8.559999999999860e-08  2.927427268664240e-02 
 8.569999999999859e-08  3.326039482647469e-02 
 8.579999999999858e-08  3.711485608096599e-02 
 8.589999999999858e-08  4.082234523705575e-02 
 8.599999999999857e-08  4.436831714547340e-02 
 8.609999999999857e-08  4.773881491108023e-02 
 8.619999999999856e-08  5.092057207453160e-02 
 8.629999999999856e-08  5.390115265841633e-02 
 8.639999999999855e-08  5.666881049627581e-02 
 8.649999999999854e-08  5.921278268512276e-02 
 8.659999999999854e-08  6.152304349982818e-02 
 8.669999999999853e-08  6.359064062075248e-02 
 8.679999999999853e-08  6.540742827425250e-02 
 8.689999999999852e-08  6.696638339401018e-02 
 8.699999999999852e-08  6.826136235445657e-02 
 8.709999999999851e-08  6.928736736900776e-02 
 8.719999999999850e-08  7.004034501448331e-02 
 8.729999999999850e-08  7.051739345656038e-02 
 8.739999999999849e-08  7.071660576918970e-02 
 8.749999999999849e-08  7.063721969045478e-02 
 8.759999999999848e-08  7.027950084750878e-02 
 8.769999999999848e-08  6.964484189064835e-02 
 8.779999999999847e-08  6.873567748749965e-02 
 8.789999999999846e-08  6.755554129457497e-02 
 8.799999999999846e-08  6.610900396977404e-02 
 8.809999999999845e-08  6.440169621937120e-02 
 8.819999999999845e-08  6.244026167851713e-02 
 8.829999999999844e-08  6.023235319575337e-02 
 8.839999999999844e-08  5.778659385740847e-02 
 8.849999999999843e-08  5.511255230105006e-02 
 8.859999999999842e-08  5.222070658975109e-02 
 8.869999999999842e-08  4.912240318928296e-02 
 8.879999999999841e-08  4.582981983896772e-02 
 8.889999999999841e-08  4.235591181698495e-02 
 8.899999999999840e-08  3.871437125985322e-02 
 8.909999999999840e-08  3.491956363759896e-02 
 8.919999999999839e-08  3.098648210036559e-02 
 8.929999999999838e-08  2.693067655200787e-02 
 8.939999999999838e-08  2.276820256955325e-02 
 8.949999999999837e-08  1.851554520748788e-02 
 8.959999999999837e-08  1.418956275223127e-02 
 8.969999999999836e-08  9.807407160079329e-03 
 8.979999999999836e-08  5.386463486897863e-03 
 8.989999999999835e-08  9.442688111878095e-04 
 8.999999999999834e-08 -3.501514881153245e-03 
 9.009999999999834e-08 -7.933419757022886e-03 
 9.019999999999833e-08 -1.233368475888597e-02 
 9.029999999999833e-08 -1.668495222862298e-02 
 9.039999999999832e-08 -2.097016452655898e-02 
 9.049999999999832e-08 -2.517204126589312e-02 
 9.059999999999831e-08 -2.927427268106486e-02 
 9.069999999999830e-08 -3.326039481739551e-02 
 9.079999999999830e-08 -3.711485607197362e-02 
 9.089999999999829e-08 -4.082234522654260e-02 
 9.099999999999829e-08 -4.436831713682010e-02 
 9.109999999999828e-08 -4.773881490415532e-02 
 9.119999999999828e-08 -5.092057206816469e-02 
 9.129999999999827e-08 -5.390115264834816e-02 
 9.139999999999826e-08 -5.666881048522798e-02 
 9.149999999999826e-08 -5.921278267369900e-02 
 9.159999999999825e-08 -6.152304349110049e-02 
 9.169999999999825e-08 -6.359064061278485e-02 
 9.179999999999824e-08 -6.540742826770840e-02 
 9.189999999999824e-08 -6.696638338564931e-02 
 9.199999999999823e-08 -6.826136234551261e-02 
 9.209999999999822e-08 -6.928736735702157e-02 
 9.219999999999822e-08 -7.004034500072498e-02 
 9.229999999999821e-08 -7.051739344377039e-02 
 9.239999999999821e-08 -7.071660576033456e-02 
 9.249999999999820e-08 -7.063721968671421e-02 
 9.259999999999820e-08 -7.027950084955004e-02 
 9.269999999999819e-08 -6.964484189166953e-02 
 9.279999999999818e-08 -6.873567748543619e-02 
 9.289999999999818e-08 -6.755554129195884e-02 
 9.299999999999817e-08 -6.610900396872621e-02 
 9.309999999999817e-08 -6.440169621746339e-02 
 9.319999999999816e-08 -6.244026167798289e-02 
 9.329999999999816e-08 -6.023235319542830e-02 
 9.339999999999815e-08 -5.778659385905005e-02 
 9.349999999999814e-08 -5.511255230111467e-02 
 9.359999999999814e-08 -5.222070658658873e-02 
 9.369999999999813e-08 -4.912240318344896e-02 
 9.379999999999813e-08 -4.582981983288081e-02 
 9.389999999999812e-08 -4.235591181214904e-02 
 9.399999999999812e-08 -3.871437125897392e-02 
 9.409999999999811e-08 -3.491956363856286e-02 
 9.419999999999810e-08 -3.098648209821353e-02 
 9.429999999999810e-08 -2.693067654476522e-02 
 9.439999999999809e-08 -2.276820256117329e-02 
 9.449999999999809e-08 -1.851554520138032e-02 
 9.459999999999808e-08 -1.418956274651562e-02 
 9.469999999999808e-08 -9.807407151686709e-03 
 9.479999999999807e-08 -5.386463479129411e-03 
 9.489999999999806e-08 -9.442688038718838e-04 
 9.499999999999806e-08  3.501514888290203e-03 
 9.509999999999805e-08  7.933419766863681e-03 
 9.519999999999805e-08  1.233368476777397e-02 
 9.529999999999804e-08  1.668495223493238e-02 
 9.539999999999804e-08  2.097016453307088e-02 
 9.549999999999803e-08  2.517204127309580e-02 
 9.559999999999802e-08  2.927427268930916e-02 
 9.569999999999802e-08  3.326039482540510e-02 
 9.579999999999801e-08  3.711485608021992e-02 
 9.589999999999801e-08  4.082234523420092e-02 
 9.599999999999800e-08  4.436831714511702e-02 
 9.609999999999800e-08  4.773881490781151e-02 
 9.619999999999799e-08  5.092057207185041e-02 
 9.629999999999798e-08  5.390115265207274e-02 
 9.639999999999798e-08  5.666881048885775e-02 
 9.649999999999797e-08  5.921278267681607e-02 
 9.659999999999797e-08  6.152304349435767e-02 
 9.669999999999796e-08  6.359064061796404e-02 
 9.679999999999796e-08  6.540742827431223e-02 
 9.689999999999795e-08  6.696638339353123e-02 
 9.699999999999794e-08  6.826136235335745e-02 
 9.709999999999794e-08  6.928736736687391e-02 
 9.719999999999793e-08  7.004034501415557e-02 
 9.729999999999793e-08  7.051739345712549e-02 
 9.739999999999792e-08  7.071660577061434e-02 
 9.749999999999792e-08  7.063721969310399e-02 
 9.759999999999791e-08  7.027950085135171e-02 
 9.769999999999790e-08  6.964484189516762e-02 
 9.779999999999790e-08  6.873567749139142e-02 
 9.789999999999789e-08  6.755554129696151e-02 
 9.799999999999789e-08  6.610900397325992e-02 
 9.809999999999788e-08  6.440169622305980e-02 
 9.819999999999788e-08  6.244026168064010e-02 
 9.829999999999787e-08  6.023235319632469e-02 
 9.839999999999786e-08  5.778659385782126e-02 
 9.849999999999786e-08  5.511255230114376e-02 
 9.859999999999785e-08  5.222070658855382e-02 
 9.869999999999785e-08  4.912240318760541e-02 
 9.879999999999784e-08  4.582981983657430e-02 
 9.889999999999783e-08  4.235591181469434e-02 
 9.899999999999783e-08  3.871437125988986e-02 
 9.909999999999782e-08  3.491956363818760e-02 
 9.919999999999782e-08  3.098648209866295e-02 
 9.929999999999781e-08  2.693067654811232e-02 
 9.939999999999781e-08  2.276820256631940e-02 
 9.949999999999780e-08  1.851554520766729e-02 
 9.959999999999779e-08  1.418956275416194e-02 
 9.969999999999779e-08  9.807407161185999e-03 
 9.979999999999778e-08  5.386463489555293e-03 
 9.989999999999778e-08  9.442688142382583e-04 
 9.999999999999777e-08 -3.501514879280965e-03 
 1.000999999999978e-07 -7.933419759296179e-03 
 1.001999999999978e-07 -1.233368475832552e-02 
 1.002999999999978e-07 -1.668495222625843e-02 
 1.003999999999977e-07 -2.097016452708589e-02 
 1.004999999999977e-07 -2.517204126540507e-02 
 1.005999999999977e-07 -2.927427268159333e-02 
 1.006999999999977e-07 -3.326039481535337e-02 
 1.007999999999977e-07 -3.711485607089626e-02 
 1.008999999999977e-07 -4.082234522443451e-02 
 1.009999999999977e-07 -4.436831713651523e-02 
 1.010999999999977e-07 -4.773881490227727e-02 
 1.011999999999977e-07 -5.092057206706624e-02 
 1.012999999999977e-07 -5.390115264560880e-02 
 1.013999999999977e-07 -5.666881048320649e-02 
 1.014999999999977e-07 -5.921278267224706e-02 
 1.015999999999977e-07 -6.152304348975668e-02 
 1.016999999999977e-07 -6.359064061207276e-02 
 1.017999999999977e-07 -6.540742826824708e-02 
 1.018999999999977e-07 -6.696638338664296e-02 
 1.019999999999977e-07 -6.826136234727187e-02 
 1.020999999999977e-07 -6.928736735975494e-02 
 1.021999999999976e-07 -7.004034500452594e-02 
 1.022999999999976e-07 -7.051739344686481e-02 
 1.023999999999976e-07 -7.071660576264449e-02 
 1.024999999999976e-07 -7.063721968849657e-02 
 1.025999999999976e-07 -7.027950085015600e-02 
 1.026999999999976e-07 -6.964484189253062e-02 
 1.027999999999976e-07 -6.873567748625775e-02 
 1.028999999999976e-07 -6.755554129254060e-02 
 1.029999999999976e-07 -6.610900396728714e-02 
 1.030999999999976e-07 -6.440169621509262e-02 
 1.031999999999976e-07 -6.244026167603534e-02 
 1.032999999999976e-07 -6.023235319515607e-02 
 1.033999999999976e-07 -5.778659385758389e-02 
 1.034999999999976e-07 -5.511255229763190e-02 
 1.035999999999976e-07 -5.222070658228306e-02 
 1.036999999999976e-07 -4.912240318072514e-02 
 1.037999999999976e-07 -4.582981983197953e-02 
 1.038999999999975e-07 -4.235591181306408e-02 
 1.039999999999975e-07 -3.871437126130095e-02 
 1.040999999999975e-07 -3.491956364184134e-02 
 1.041999999999975e-07 -3.098648210021504e-02 
 1.042999999999975e-07 -2.693067654644477e-02 
 1.043999999999975e-07 -2.276820256378698e-02 
 1.044999999999975e-07 -1.851554520478071e-02 
 1.045999999999975e-07 -1.418956274984984e-02 
 1.046999999999975e-07 -9.807407154570402e-03 
 1.047999999999975e-07 -5.386463480869352e-03 
 1.048999999999975e-07 -9.442688052163639e-04 
 1.049999999999975e-07  3.501514886129709e-03 
 1.050999999999975e-07  7.933419767498950e-03 
 1.051999999999975e-07  1.233368476746888e-02 
 1.052999999999975e-07  1.668495223304789e-02 
 1.053999999999975e-07  2.097016453291478e-02 
 1.054999999999975e-07  2.517204127265549e-02 
 1.055999999999975e-07  2.927427269080907e-02 
 1.056999999999974e-07  3.326039482525545e-02 
 1.057999999999974e-07  3.711485608003406e-02 
 1.058999999999974e-07  4.082234523106698e-02 
 1.059999999999974e-07  4.436831714297096e-02 
 1.060999999999974e-07  4.773881490867682e-02 
 1.061999999999974e-07  5.092057207574885e-02 
 1.062999999999974e-07  5.390115265666595e-02 
 1.063999999999974e-07  5.666881049424943e-02 
 1.064999999999974e-07  5.921278268065189e-02 
 1.065999999999974e-07  6.152304349755955e-02 
 1.066999999999974e-07  6.359064061924702e-02 
 1.067999999999974e-07  6.540742827393831e-02 
 1.068999999999974e-07  6.696638339214700e-02 
 1.069999999999974e-07  6.826136235464064e-02 
 1.070999999999974e-07  6.928736736783780e-02 
 1.071999999999974e-07  7.004034501329293e-02 
 1.072999999999974e-07  7.051739345602126e-02 
 1.073999999999973e-07  7.071660577164751e-02 
 1.074999999999973e-07  7.063721969507686e-02 
 1.075999999999973e-07  7.027950085270263e-02 
 1.076999999999973e-07  6.964484189502929e-02 
 1.077999999999973e-07  6.873567749164256e-02 
 1.078999999999973e-07  6.755554129779529e-02 
 1.079999999999973e-07  6.610900397367869e-02 
 1.080999999999973e-07  6.440169622352365e-02 
 1.081999999999973e-07  6.244026168194927e-02 
 1.082999999999973e-07  6.023235319671927e-02 
 1.083999999999973e-07  5.778659385765006e-02 
 1.084999999999973e-07  5.511255230071743e-02 
 1.085999999999973e-07  5.222070658924194e-02 
 1.086999999999973e-07  4.912240318944283e-02 
 1.087999999999973e-07  4.582981983838530e-02 
 1.088999999999973e-07  4.235591181547727e-02 
 1.089999999999973e-07  3.871437125938160e-02 
 1.090999999999973e-07  3.491956363844340e-02 
 1.091999999999972e-07  3.098648210066735e-02 
 1.092999999999972e-07  2.693067654968440e-02 
 1.093999999999972e-07  2.276820256667111e-02 
 1.094999999999972e-07  1.851554520699783e-02 
 1.095999999999972e-07  1.418956275278016e-02 
 1.096999999999972e-07  9.807407159113213e-03 
 1.097999999999972e-07  5.386463486806381e-03 
 1.098999999999972e-07  9.442688116139131e-04 
 1.099999999999972e-07 -3.501514879735490e-03 
 1.100999999999972e-07 -7.933419758142213e-03 
 1.101999999999972e-07 -1.233368475836727e-02 
 1.102999999999972e-07 -1.668495222793176e-02 
 1.103999999999972e-07 -2.097016452899148e-02 
 1.104999999999972e-07 -2.517204126680350e-02 
 1.105999999999972e-07 -2.927427268602001e-02 
 1.106999999999972e-07 -3.326039481812582e-02 
 1.107999999999972e-07 -3.711485607163834e-02 
 1.108999999999971e-07 -4.082234522255268e-02 
 1.109999999999971e-07 -4.436831713571654e-02 
 1.110999999999971e-07 -4.773881490183141e-02 
 1.111999999999971e-07 -5.092057206824219e-02 
 1.112999999999971e-07 -5.390115264697770e-02 
 1.113999999999971e-07 -5.666881048524042e-02 
 1.114999999999971e-07 -5.921278267433117e-02 
 1.115999999999971e-07 -6.152304349258819e-02 
 1.116999999999971e-07 -6.359064061470554e-02 
 1.117999999999971e-07 -6.540742826993551e-02 
 1.118999999999971e-07 -6.696638338647420e-02 
 1.119999999999971e-07 -6.826136234821734e-02 
 1.120999999999971e-07 -6.928736736172891e-02 
 1.121999999999971e-07 -7.004034500613243e-02 
 1.122999999999971e-07 -7.051739344770924e-02 
 1.123999999999971e-07 -7.071660576474503e-02 
 1.124999999999971e-07 -7.063721969163672e-02 
 1.125999999999971e-07 -7.027950085252987e-02 
 1.126999999999970e-07 -6.964484189375764e-02 
 1.127999999999970e-07 -6.873567748758669e-02 
 1.128999999999970e-07 -6.755554129437180e-02 
 1.129999999999970e-07 -6.610900396949182e-02 
 1.130999999999970e-07 -6.440169621826541e-02 
 1.131999999999970e-07 -6.244026167980166e-02 
 1.132999999999970e-07 -6.023235319771403e-02 
 1.133999999999970e-07 -5.778659385830909e-02 
 1.134999999999970e-07 -5.511255229832135e-02 
 1.135999999999970e-07 -5.222070658348477e-02 
 1.136999999999970e-07 -4.912240318246841e-02 
 1.137999999999970e-07 -4.582981983402634e-02 
 1.138999999999970e-07 -4.235591181528076e-02 
 1.139999999999970e-07 -3.871437126203658e-02 
 1.140999999999970e-07 -3.491956363968729e-02 
 1.141999999999970e-07 -3.098648209683663e-02 
 1.142999999999970e-07 -2.693067654360615e-02 
 1.143999999999969e-07 -2.276820256196777e-02 
 1.144999999999969e-07 -1.851554520270127e-02 
 1.145999999999969e-07 -1.418956274782901e-02 
 1.146999999999969e-07 -9.807407153584746e-03 
 1.147999999999969e-07 -5.386463479791992e-03 
 1.148999999999969e-07 -9.442688034779767e-04 
 1.149999999999969e-07  3.501514887417567e-03 
 1.150999999999969e-07  7.933419768745065e-03 
 1.151999999999969e-07  1.233368476869967e-02 
 1.152999999999969e-07  1.668495223479649e-02 
 1.153999999999969e-07  2.097016453483858e-02 
 1.154999999999969e-07  2.517204127208728e-02 
 1.155999999999969e-07  2.927427268912997e-02 
 1.156999999999969e-07  3.326039482263843e-02 
 1.157999999999969e-07  3.711485608036691e-02 
 1.158999999999969e-07  4.082234523281070e-02 
 1.159999999999969e-07  4.436831714396616e-02 
 1.160999999999969e-07  4.773881490685095e-02 
 1.161999999999968e-07  5.092057207286715e-02 
 1.162999999999968e-07  5.390115265284745e-02 
 1.163999999999968e-07  5.666881049247974e-02 
 1.164999999999968e-07  5.921278268021091e-02 
 1.165999999999968e-07  6.152304349705728e-02 
 1.166999999999968e-07  6.359064061936293e-02 
 1.167999999999968e-07  6.540742827500945e-02 
 1.168999999999968e-07  6.696638339289840e-02 
 1.169999999999968e-07  6.826136235397651e-02 
 1.170999999999968e-07  6.928736736749852e-02 
 1.171999999999968e-07  7.004034501445489e-02 
 1.172999999999968e-07  7.051739345772057e-02 
 1.173999999999968e-07  7.071660577077643e-02 
 1.174999999999968e-07  7.063721969165404e-02 
 1.175999999999968e-07  7.027950084962864e-02 
 1.176999999999968e-07  6.964484189408027e-02 
 1.177999999999968e-07  6.873567749226783e-02 
 1.178999999999967e-07  6.755554129812724e-02 
 1.179999999999967e-07  6.610900397260844e-02 
 1.180999999999967e-07  6.440169622038172e-02 
 1.181999999999967e-07  6.244026167807815e-02 
 1.182999999999967e-07  6.023235319304465e-02 
 1.183999999999967e-07  5.778659385384444e-02 
 1.184999999999967e-07  5.511255229784329e-02 
 1.185999999999967e-07  5.222070658797584e-02 
 1.186999999999967e-07  4.912240318794070e-02 
 1.187999999999967e-07  4.582981983688983e-02 
 1.188999999999967e-07  4.235591181470166e-02 
 1.189999999999967e-07  3.871437125887578e-02 
 1.190999999999967e-07  3.491956363695126e-02 
 1.191999999999967e-07  3.098648209857902e-02 
 1.192999999999967e-07  2.693067654882264e-02 
 1.193999999999967e-07  2.276820256576384e-02 
 1.194999999999967e-07  1.851554520565601e-02 
 1.195999999999967e-07  1.418956275317207e-02 
 1.196999999999967e-07  9.807407161425141e-03 
 1.197999999999967e-07  5.386463488171955e-03 
 1.198999999999967e-07  9.442688114891240e-04 
 1.199999999999967e-07 -3.501514881529166e-03 
 1.200999999999967e-07 -7.933419762748972e-03 
 1.201999999999967e-07 -1.233368476121011e-02 
 1.202999999999968e-07 -1.668495222658106e-02 
 1.203999999999968e-07 -2.097016452617839e-02 
 1.204999999999968e-07 -2.517204126375305e-02 
 1.205999999999968e-07 -2.927427268317406e-02 
 1.206999999999968e-07 -3.326039481633236e-02 
 1.207999999999968e-07 -3.711485607260445e-02 
 1.208999999999968e-07 -4.082234522444539e-02 
 1.209999999999968e-07 -4.436831713851808e-02 
 1.210999999999968e-07 -4.773881490349829e-02 
 1.211999999999968e-07 -5.092057206856326e-02 
 1.212999999999968e-07 -5.390115264675011e-02 
 1.213999999999968e-07 -5.666881048603245e-02 
 1.214999999999968e-07 -5.921278267650765e-02 
 1.215999999999969e-07 -6.152304349486948e-02 
 1.216999999999969e-07 -6.359064061551734e-02 
 1.217999999999969e-07 -6.540742827047996e-02 
 1.218999999999969e-07 -6.696638338821459e-02 
 1.219999999999969e-07 -6.826136234790603e-02 
 1.220999999999969e-07 -6.928736735944607e-02 
 1.221999999999969e-07 -7.004034500339795e-02 
 1.222999999999969e-07 -7.051739344598884e-02 
 1.223999999999969e-07 -7.071660576102512e-02 
 1.224999999999969e-07 -7.063721968640890e-02 
 1.225999999999969e-07 -7.027950084887014e-02 
 1.226999999999969e-07 -6.964484189252795e-02 
 1.227999999999969e-07 -6.873567748725917e-02 
 1.228999999999970e-07 -6.755554129427299e-02 
 1.229999999999970e-07 -6.610900396910857e-02 
 1.230999999999970e-07 -6.440169621623215e-02 
 1.231999999999970e-07 -6.244026167492223e-02 
 1.232999999999970e-07 -6.023235319288167e-02 
 1.233999999999970e-07 -5.778659385579843e-02 
 1.234999999999970e-07 -5.511255229772027e-02 
 1.235999999999970e-07 -5.222070658311573e-02 
 1.236999999999970e-07 -4.912240318146743e-02 
 1.237999999999970e-07 -4.582981983246803e-02 
 1.238999999999970e-07 -4.235591181352349e-02 
 1.239999999999970e-07 -3.871437126187516e-02 
 1.240999999999970e-07 -3.491956364286053e-02 
 1.241999999999970e-07 -3.098648210206756e-02 
 1.242999999999971e-07 -2.693067654827463e-02 
 1.243999999999971e-07 -2.276820256496737e-02 
 1.244999999999971e-07 -1.851554520387322e-02 
 1.245999999999971e-07 -1.418956274695304e-02 
 1.246999999999971e-07 -9.807407153046510e-03 
 1.247999999999971e-07 -5.386463480602011e-03 
 1.248999999999971e-07 -9.442688049989822e-04 
 1.249999999999971e-07  3.501514886700363e-03 
 1.250999999999971e-07  7.933419768210825e-03 
 1.251999999999971e-07  1.233368476691576e-02 
 1.252999999999971e-07  1.668495223127198e-02 
 1.253999999999971e-07  2.097016453113931e-02 
 1.254999999999971e-07  2.517204126821904e-02 
 1.255999999999972e-07  2.927427268750438e-02 
 1.256999999999972e-07  3.326039482231780e-02 
 1.257999999999972e-07  3.711485608054965e-02 
 1.258999999999972e-07  4.082234523132966e-02 
 1.259999999999972e-07  4.436831714377965e-02 
 1.260999999999972e-07  4.773881490867593e-02 
 1.261999999999972e-07  5.092057207452361e-02 
 1.262999999999972e-07  5.390115265323558e-02 
 1.263999999999972e-07  5.666881049179762e-02 
 1.264999999999972e-07  5.921278268009011e-02 
 1.265999999999972e-07  6.152304349936788e-02 
 1.266999999999972e-07  6.359064062154740e-02 
 1.267999999999972e-07  6.540742827510271e-02 
 1.268999999999973e-07  6.696638339344219e-02 
 1.269999999999973e-07  6.826136235530966e-02 
 1.270999999999973e-07  6.928736736796925e-02 
 1.271999999999973e-07  7.004034501496492e-02 
 1.272999999999973e-07  7.051739345763886e-02 
 1.273999999999973e-07  7.071660577150340e-02 
 1.274999999999973e-07  7.063721969438430e-02 
 1.275999999999973e-07  7.027950085300994e-02 
 1.276999999999973e-07  6.964484189594411e-02 
 1.277999999999973e-07  6.873567749125309e-02 
 1.278999999999973e-07  6.755554129513675e-02 
 1.279999999999973e-07  6.610900397072905e-02 
 1.280999999999973e-07  6.440169622224690e-02 
 1.281999999999973e-07  6.244026168106309e-02 
 1.282999999999974e-07  6.023235319764519e-02 
 1.283999999999974e-07  5.778659386168727e-02 
 1.284999999999974e-07  5.511255230327183e-02 
 1.285999999999974e-07  5.222070658957434e-02 
 1.286999999999974e-07  4.912240318966066e-02 
 1.287999999999974e-07  4.582981983915646e-02 
 1.288999999999974e-07  4.235591181632303e-02 
 1.289999999999974e-07  3.871437126137867e-02 
 1.290999999999974e-07  3.491956364021953e-02 
 1.291999999999974e-07  3.098648210185750e-02 
 1.292999999999974e-07  2.693067655216508e-02 
 1.293999999999974e-07  2.276820256821144e-02 
 1.294999999999974e-07  1.851554520826126e-02 
 1.295999999999975e-07  1.418956275616368e-02 
 1.296999999999975e-07  9.807407163864301e-03 
 1.297999999999975e-07  5.386463490914650e-03 
 1.298999999999975e-07  9.442688134224664e-04 
 1.299999999999975e-07 -3.501514881545376e-03 
 1.300999999999975e-07 -7.933419763228144e-03 
 1.301999999999975e-07 -1.233368476145347e-02 
 1.302999999999975e-07 -1.668495222740085e-02 
 1.303999999999975e-07 -2.097016452697620e-02 
 1.304999999999975e-07 -2.517204126333894e-02 
 1.305999999999975e-07 -2.927427268294247e-02 
 1.306999999999975e-07 -3.326039481688481e-02 
 1.307999999999975e-07 -3.711485607382436e-02 
 1.308999999999976e-07 -4.082234522850414e-02 
 1.309999999999976e-07 -4.436831714348677e-02 
 1.310999999999976e-07 -4.773881490742293e-02 
 1.311999999999976e-07 -5.092057207181622e-02 
 1.312999999999976e-07 -5.390115265036366e-02 
 1.313999999999976e-07 -5.666881048930428e-02 
 1.314999999999976e-07 -5.921278267874097e-02 
 1.315999999999976e-07 -6.152304349633120e-02 
 1.316999999999976e-07 -6.359064061640751e-02 
 1.317999999999976e-07 -6.540742827021906e-02 
 1.318999999999976e-07 -6.696638338658123e-02 
 1.319999999999976e-07 -6.826136234695213e-02 
 1.320999999999976e-07 -6.928736736033958e-02 
 1.321999999999977e-07 -7.004034500498180e-02 
 1.322999999999977e-07 -7.051739344711483e-02 
 1.323999999999977e-07 -7.071660576351024e-02 
 1.324999999999977e-07 -7.063721968900882e-02 
 1.325999999999977e-07 -7.027950084985868e-02 
 1.326999999999977e-07 -6.964484189301334e-02 
 1.327999999999977e-07 -6.873567748818266e-02 
 1.328999999999977e-07 -6.755554129480212e-02 
 1.329999999999977e-07 -6.610900396885144e-02 
 1.330999999999977e-07 -6.440169621687653e-02 
 1.331999999999977e-07 -6.244026167770511e-02 
 1.332999999999977e-07 -6.023235319551357e-02 
 1.333999999999977e-07 -5.778659385698082e-02 
 1.334999999999977e-07 -5.511255229829515e-02 
 1.335999999999978e-07 -5.222070658463274e-02 
 1.336999999999978e-07 -4.912240318220196e-02 
 1.337999999999978e-07 -4.582981983098722e-02 
 1.338999999999978e-07 -4.235591181158371e-02 
 1.339999999999978e-07 -3.871437126021737e-02 
 1.340999999999978e-07 -3.491956364037474e-02 
 1.341999999999978e-07 -3.098648209813804e-02 
 1.342999999999978e-07 -2.693067654407821e-02 
 1.343999999999978e-07 -2.276820256017431e-02 
 1.344999999999978e-07 -1.851554520073084e-02 
 1.345999999999978e-07 -1.418956274735761e-02 
 1.346999999999978e-07 -9.807407155041803e-03 
 1.347999999999978e-07 -5.386463483087800e-03 
 1.348999999999979e-07 -9.442688065310900e-04 
 1.349999999999979e-07  3.501514886760093e-03 
 1.350999999999979e-07  7.933419769325267e-03 
 1.351999999999979e-07  1.233368476888796e-02 
 1.352999999999979e-07  1.668495223515354e-02 
 1.353999999999979e-07  2.097016453535216e-02 
 1.354999999999979e-07  2.517204127047457e-02 
 1.355999999999979e-07  2.927427268779637e-02 
 1.356999999999979e-07  3.326039482139498e-02 
 1.357999999999979e-07  3.711485607862142e-02 
 1.358999999999979e-07  4.082234522942652e-02 
 1.359999999999979e-07  4.436831714137912e-02 
 1.360999999999979e-07  4.773881490630982e-02 
 1.361999999999980e-07  5.092057207478295e-02 
 1.362999999999980e-07  5.390115265651918e-02 
 1.363999999999980e-07  5.666881049594941e-02 
 1.364999999999980e-07  5.921278268244201e-02 
 1.365999999999980e-07  6.152304349848725e-02 
 1.366999999999980e-07  6.359064061860242e-02 
 1.367999999999980e-07  6.540742827218193e-02 
 1.368999999999980e-07  6.696638339025163e-02 
 1.369999999999980e-07  6.826136235249680e-02 
 1.370999999999980e-07  6.928736736625130e-02 
 1.371999999999980e-07  7.004034501385337e-02 
 1.372999999999980e-07  7.051739345710550e-02 
 1.373999999999980e-07  7.071660577233940e-02 
 1.374999999999980e-07  7.063721969453751e-02 
 1.375999999999981e-07  7.027950085106749e-02 
 1.376999999999981e-07  6.964484189289033e-02 
 1.377999999999981e-07  6.873567748918341e-02 
 1.378999999999981e-07  6.755554129529506e-02 
 1.379999999999981e-07  6.610900397033359e-02 
 1.380999999999981e-07  6.440169621949399e-02 
 1.381999999999981e-07  6.244026167733874e-02 
 1.382999999999981e-07  6.023235319417375e-02 
 1.383999999999981e-07  5.778659385826845e-02 
 1.384999999999981e-07  5.511255230167644e-02 
 1.385999999999981e-07  5.222070659094213e-02 
 1.386999999999981e-07  4.912240319258854e-02 
 1.387999999999981e-07  4.582981984221757e-02 
 1.388999999999982e-07  4.235591181941945e-02 
 1.389999999999982e-07  3.871437126324406e-02 
 1.390999999999982e-07  3.491956364019577e-02 
 1.391999999999982e-07  3.098648209957178e-02 
 1.392999999999982e-07  2.693067654870651e-02 
 1.393999999999982e-07  2.276820256647327e-02 
 1.394999999999982e-07  1.851554520681686e-02 
 1.395999999999982e-07  1.418956275265115e-02 
 1.396999999999982e-07  9.807407160347781e-03 
 1.397999999999982e-07  5.386463488429527e-03 
 1.398999999999982e-07  9.442688139418287e-04 
 1.399999999999982e-07 -3.501514878201162e-03 
 1.400999999999982e-07 -7.933419758791915e-03 
 1.401999999999983e-07 -1.233368475740182e-02 
 1.402999999999983e-07 -1.668495222373534e-02 
 1.403999999999983e-07 -2.097016452502598e-02 
 1.404999999999983e-07 -2.517204126297745e-02 
 1.405999999999983e-07 -2.927427268313942e-02 
 1.406999999999983e-07 -3.326039481605036e-02 
 1.407999999999983e-07 -3.711485607377663e-02 
 1.408999999999983e-07 -4.082234522772810e-02 
 1.409999999999983e-07 -4.436831714215739e-02 
 1.410999999999983e-07 -4.773881490628984e-02 
 1.411999999999983e-07 -5.092057207064138e-02 
 1.412999999999983e-07 -5.390115264741069e-02 
 1.413999999999983e-07 -5.666881048558148e-02 
 1.414999999999983e-07 -5.921278267546737e-02 
 1.415999999999984e-07 -6.152304349545745e-02 
 1.416999999999984e-07 -6.359064061643971e-02 
 1.417999999999984e-07 -6.540742827124335e-02 
 1.418999999999984e-07 -6.696638338914407e-02 
 1.419999999999984e-07 -6.826136235055613e-02 
 1.420999999999984e-07 -6.928736736273011e-02 
 1.421999999999984e-07 -7.004034500566014e-02 
 1.422999999999984e-07 -7.051739344651597e-02 
 1.423999999999984e-07 -7.071660576292182e-02 
 1.424999999999984e-07 -7.063721968997894e-02 
 1.425999999999984e-07 -7.027950085244128e-02 
 1.426999999999984e-07 -6.964484189495024e-02 
 1.427999999999984e-07 -6.873567748862763e-02 
 1.428999999999985e-07 -6.755554129413488e-02 
 1.429999999999985e-07 -6.610900396734642e-02 
 1.430999999999985e-07 -6.440169621471270e-02 
 1.431999999999985e-07 -6.244026167666039e-02 
 1.432999999999985e-07 -6.023235319660314e-02 
 1.433999999999985e-07 -5.778659386019935e-02 
 1.434999999999985e-07 -5.511255230219625e-02 
 1.435999999999985e-07 -5.222070658702771e-02 
 1.436999999999985e-07 -4.912240318404892e-02 
 1.437999999999985e-07 -4.582981983395862e-02 
 1.438999999999985e-07 -4.235591181590759e-02 
 1.439999999999985e-07 -3.871437126508326e-02 
 1.440999999999985e-07 -3.491956364446769e-02 
 1.441999999999986e-07 -3.098648210084853e-02 
 1.442999999999986e-07 -2.693067654553549e-02 
 1.443999999999986e-07 -2.276820256293455e-02 
 1.444999999999986e-07 -1.851554520433685e-02 
 1.445999999999986e-07 -1.418956274844940e-02 
 1.446999999999986e-07 -9.807407154467596e-03 
 1.447999999999986e-07 -5.386463482512260e-03 
 1.448999999999986e-07 -9.442688070788741e-04 
 1.449999999999986e-07  3.501514883759160e-03 
 1.450999999999986e-07  7.933419767251149e-03 
 1.451999999999986e-07  1.233368476824981e-02 
 1.452999999999986e-07  1.668495223316113e-02 
 1.453999999999986e-07  2.097016453285483e-02 
 1.454999999999986e-07  2.517204127009398e-02 
 1.455999999999987e-07  2.927427268966309e-02 
 1.456999999999987e-07  3.326039482371068e-02 
 1.457999999999987e-07  3.711485608119247e-02 
 1.458999999999987e-07  4.082234523327699e-02 
 1.459999999999987e-07  4.436831714568790e-02 
 1.460999999999987e-07  4.773881490845278e-02 
 1.461999999999987e-07  5.092057207550260e-02 
 1.462999999999987e-07  5.390115265564122e-02 
 1.463999999999987e-07  5.666881049267425e-02 
 1.464999999999987e-07  5.921278267888885e-02 
 1.465999999999987e-07  6.152304349621152e-02 
 1.466999999999987e-07  6.359064061846409e-02 
 1.467999999999987e-07  6.540742827334456e-02 
 1.468999999999988e-07  6.696638339047301e-02 
 1.469999999999988e-07  6.826136235133529e-02 
 1.470999999999988e-07  6.928736736489194e-02 
 1.471999999999988e-07  7.004034501151568e-02 
 1.472999999999988e-07  7.051739345525054e-02 
 1.473999999999988e-07  7.071660576951300e-02 
 1.474999999999988e-07  7.063721969186187e-02 
 1.475999999999988e-07  7.027950085108214e-02 
 1.476999999999988e-07  6.964484189615527e-02 
 1.477999999999988e-07  6.873567749297371e-02 
 1.478999999999988e-07  6.755554129750618e-02 
 1.479999999999988e-07  6.610900397258623e-02 
 1.480999999999988e-07  6.440169622460301e-02 
 1.481999999999989e-07  6.244026168626315e-02 
 1.482999999999989e-07  6.023235320339193e-02 
 1.483999999999989e-07  5.778659386500840e-02 
 1.484999999999989e-07  5.511255230621881e-02 
 1.485999999999989e-07  5.222070659308908e-02 
 1.486999999999989e-07  4.912240319292938e-02 
 1.487999999999989e-07  4.582981984113044e-02 
 1.488999999999989e-07  4.235591181751253e-02 
 1.489999999999989e-07  3.871437126187072e-02 
 1.490999999999989e-07  3.491956364026150e-02 
 1.491999999999989e-07  3.098648210215860e-02 
 1.492999999999989e-07  2.693067655255921e-02 
 1.493999999999989e-07  2.276820256861933e-02 
 1.494999999999989e-07  1.851554520733401e-02 
 1.495999999999990e-07  1.418956275314853e-02 
 1.496999999999990e-07  9.807407160401294e-03 
 1.497999999999990e-07  5.386463486220849e-03 
 1.498999999999990e-07  9.442688092227147e-04 
 1.499999999999990e-07 -3.501514882724654e-03 
 1.500999999999990e-07 -7.933419763049621e-03 
 1.501999999999990e-07 -1.233368476122942e-02 
 1.502999999999990e-07 -1.668495222589761e-02 
 1.503999999999990e-07 -2.097016452526135e-02 
 1.504999999999990e-07 -2.517204126322525e-02 
 1.505999999999990e-07 -2.927427268409999e-02 
 1.506999999999990e-07 -3.326039481648269e-02 
 1.507999999999990e-07 -3.711485607333476e-02 
 1.508999999999991e-07 -4.082234522576234e-02 
 1.509999999999991e-07 -4.436831713746558e-02 
 1.510999999999991e-07 -4.773881489948995e-02 
 1.511999999999991e-07 -5.092057206580902e-02 
 1.512999999999991e-07 -5.390115264582818e-02 
 1.513999999999991e-07 -5.666881048486561e-02 
 1.514999999999991e-07 -5.921278267371188e-02 
 1.515999999999991e-07 -6.152304349166182e-02 
 1.516999999999991e-07 -6.359064061199882e-02 
 1.517999999999991e-07 -6.540742826833879e-02 
 1.518999999999991e-07 -6.696638338762151e-02 
 1.519999999999991e-07 -6.826136234875291e-02 
 1.520999999999991e-07 -6.928736736143626e-02 
 1.521999999999992e-07 -7.004034500589551e-02 
 1.522999999999992e-07 -7.051739344748675e-02 
 1.523999999999992e-07 -7.071660576361549e-02 
 1.524999999999992e-07 -7.063721969081671e-02 
 1.525999999999992e-07 -7.027950085363632e-02 
 1.526999999999992e-07 -6.964484189573672e-02 
 1.527999999999992e-07 -6.873567748864517e-02 
 1.528999999999992e-07 -6.755554129373009e-02 
 1.529999999999992e-07 -6.610900396909924e-02 
 1.530999999999992e-07 -6.440169621797942e-02 
 1.531999999999992e-07 -6.244026167764072e-02 
 1.532999999999992e-07 -6.023235319557907e-02 
 1.533999999999992e-07 -5.778659385923923e-02 
 1.534999999999993e-07 -5.511255230151102e-02 
 1.535999999999993e-07 -5.222070658675482e-02 
 1.536999999999993e-07 -4.912240318360195e-02 
 1.537999999999993e-07 -4.582981983168422e-02 
 1.538999999999993e-07 -4.235591181211107e-02 
 1.539999999999993e-07 -3.871437126160759e-02 
 1.540999999999993e-07 -3.491956364253190e-02 
 1.541999999999993e-07 -3.098648210208821e-02 
 1.542999999999993e-07 -2.693067654825065e-02 
 1.543999999999993e-07 -2.276820256494094e-02 
 1.544999999999993e-07 -1.851554520471499e-02 
 1.545999999999993e-07 -1.418956274833283e-02 
 1.546999999999993e-07 -9.807407153978875e-03 
 1.547999999999993e-07 -5.386463482452974e-03 
 1.548999999999994e-07 -9.442688077720973e-04 
 1.549999999999994e-07  3.501514883485157e-03 
 1.550999999999994e-07  7.933419766460226e-03 
 1.551999999999994e-07  1.233368476707897e-02 
 1.552999999999994e-07  1.668495223348065e-02 
 1.553999999999994e-07  2.097016453364153e-02 
 1.554999999999994e-07  2.517204127004025e-02 
 1.555999999999994e-07  2.927427268832461e-02 
 1.556999999999994e-07  3.326039482051169e-02 
 1.557999999999994e-07  3.711485607729514e-02 
 1.558999999999994e-07  4.082234522929795e-02 
 1.559999999999994e-07  4.436831714233569e-02 
 1.560999999999994e-07  4.773881490559595e-02 
 1.561999999999995e-07  5.092057207233869e-02 
 1.562999999999995e-07  5.390115265388840e-02 
 1.563999999999995e-07  5.666881049409622e-02 
 1.564999999999995e-07  5.921278268135843e-02 
 1.565999999999995e-07  6.152304349948934e-02 
 1.566999999999995e-07  6.359064062135644e-02 
 1.567999999999995e-07  6.540742827651047e-02 
 1.568999999999995e-07  6.696638339355387e-02 
 1.569999999999995e-07  6.826136235438263e-02 
 1.570999999999995e-07  6.928736736799967e-02 
 1.571999999999995e-07  7.004034501308398e-02 
 1.572999999999995e-07  7.051739345441876e-02 
 1.573999999999995e-07  7.071660576850225e-02 
 1.574999999999996e-07  7.063721969113490e-02 
 1.575999999999996e-07  7.027950085069068e-02 
 1.576999999999996e-07  6.964484189421016e-02 
 1.577999999999996e-07  6.873567749151799e-02 
 1.578999999999996e-07  6.755554129911512e-02 
 1.579999999999996e-07  6.610900397646935e-02 
 1.580999999999996e-07  6.440169622635961e-02 
 1.581999999999996e-07  6.244026168554528e-02 
 1.582999999999996e-07  6.023235320037656e-02 
 1.583999999999996e-07  5.778659386116791e-02 
 1.584999999999996e-07  5.511255230300716e-02 
 1.585999999999996e-07  5.222070659065281e-02 
 1.586999999999996e-07  4.912240319152472e-02 
 1.587999999999996e-07  4.582981984131917e-02 
 1.588999999999997e-07  4.235591181873333e-02 
 1.589999999999997e-07  3.871437126236388e-02 
 1.590999999999997e-07  3.491956364106330e-02 
 1.591999999999997e-07  3.098648210227539e-02 
 1.592999999999997e-07  2.693067655102510e-02 
 1.593999999999997e-07  2.276820256825940e-02 
 1.594999999999997e-07  1.851554520780319e-02 
 1.595999999999997e-07  1.418956275324046e-02 
 1.596999999999997e-07  9.807407160482562e-03 
 1.597999999999997e-07  5.386463487377924e-03 
 1.598999999999997e-07  9.442688111538367e-04 
 1.599999999999997e-07 -3.501514881476098e-03 
 1.600999999999997e-07 -7.933419762128580e-03 
 1.601999999999998e-07 -1.233368475955388e-02 
 1.602999999999998e-07 -1.668495222551503e-02 
 1.603999999999998e-07 -2.097016452670886e-02 
 1.604999999999998e-07 -2.517204126511130e-02 
 1.605999999999998e-07 -2.927427268455784e-02 
 1.606999999999998e-07 -3.326039481697718e-02 
 1.607999999999998e-07 -3.711485607422627e-02 
 1.608999999999998e-07 -4.082234522630634e-02 
 1.609999999999998e-07 -4.436831713864398e-02 
 1.610999999999998e-07 -4.773881490290743e-02 
 1.611999999999998e-07 -5.092057206873690e-02 
 1.612999999999998e-07 -5.390115264618189e-02 
 1.613999999999998e-07 -5.666881048324690e-02 
 1.614999999999999e-07 -5.921278267277463e-02 
 1.615999999999999e-07 -6.152304349224358e-02 
 1.616999999999999e-07 -6.359064061428144e-02 
 1.617999999999999e-07 -6.540742826996926e-02 
 1.618999999999999e-07 -6.696638338861405e-02 
 1.619999999999999e-07 -6.826136235032387e-02 
 1.620999999999999e-07 -6.928736736285779e-02 
 1.621999999999999e-07 -7.004034500631739e-02 
 1.622999999999999e-07 -7.051739344854413e-02 
 1.623999999999999e-07 -7.071660576538141e-02 
 1.624999999999999e-07 -7.063721969167203e-02 
 1.625999999999999e-07 -7.027950085414525e-02 
 1.626999999999999e-07 -6.964484189590925e-02 
 1.627999999999999e-07 -6.873567748805032e-02 
 1.629000000000000e-07 -6.755554129229213e-02 
 1.630000000000000e-07 -6.610900396695341e-02 
 1.631000000000000e-07 -6.440169621536773e-02 
 1.632000000000000e-07 -6.244026167730188e-02 
 1.633000000000000e-07 -6.023235319597098e-02 
 1.634000000000000e-07 -5.778659385837104e-02 
 1.635000000000000e-07 -5.511255229836776e-02 
 1.636000000000000e-07 -5.222070658238520e-02 
 1.637000000000000e-07 -4.912240318063921e-02 
 1.638000000000000e-07 -4.582981983181633e-02 
 1.639000000000000e-07 -4.235591181423670e-02 
 1.640000000000000e-07 -3.871437126251420e-02 
 1.641000000000000e-07 -3.491956364193927e-02 
 1.642000000000001e-07 -3.098648209964505e-02 
 1.643000000000001e-07 -2.693067654554415e-02 
 1.644000000000001e-07 -2.276820256113066e-02 
 1.645000000000001e-07 -1.851554520047660e-02 
 1.646000000000001e-07 -1.418956274570382e-02 
 1.647000000000001e-07 -9.807407153236802e-03 
 1.648000000000001e-07 -5.386463481983572e-03 
 1.649000000000001e-07 -9.442688072738292e-04 
 1.650000000000001e-07  3.501514885814849e-03 
 1.651000000000001e-07  7.933419769569294e-03 
 1.652000000000001e-07  1.233368477008590e-02 
 1.653000000000001e-07  1.668495223315603e-02 
 1.654000000000001e-07  2.097016453172884e-02 
 1.655000000000002e-07  2.517204126866446e-02 
 1.656000000000002e-07  2.927427268726945e-02 
 1.657000000000002e-07  3.326039481978293e-02 
 1.658000000000002e-07  3.711485607665876e-02 
 1.659000000000002e-07  4.082234522807759e-02 
 1.660000000000002e-07  4.436831714051137e-02 
 1.661000000000002e-07  4.773881490557175e-02 
 1.662000000000002e-07  5.092057207447942e-02 
 1.663000000000002e-07  5.390115265667550e-02 
 1.664000000000002e-07  5.666881049588923e-02 
 1.665000000000002e-07  5.921278268118391e-02 
 1.666000000000002e-07  6.152304349849835e-02 
 1.667000000000002e-07  6.359064062099473e-02 
 1.668000000000002e-07  6.540742827426405e-02 
 1.669000000000003e-07  6.696638339170446e-02 
 1.670000000000003e-07  6.826136235475411e-02 
 1.671000000000003e-07  6.928736736859831e-02 
 1.672000000000003e-07  7.004034501501200e-02 
 1.673000000000003e-07  7.051739345814045e-02 
 1.674000000000003e-07  7.071660577139727e-02 
 1.675000000000003e-07  7.063721969328141e-02 
 1.676000000000003e-07  7.027950085322776e-02 
 1.677000000000003e-07  6.964484189677256e-02 
 1.678000000000003e-07  6.873567749246035e-02 
 1.679000000000003e-07  6.755554129895169e-02 
 1.680000000000003e-07  6.610900397638564e-02 
 1.681000000000003e-07  6.440169622747316e-02 
 1.682000000000004e-07  6.244026168705918e-02 
 1.683000000000004e-07  6.023235320274489e-02 
 1.684000000000004e-07  5.778659386469798e-02 
 1.685000000000004e-07  5.511255230718959e-02 
 1.686000000000004e-07  5.222070659479527e-02 
 1.687000000000004e-07  4.912240319365746e-02 
 1.688000000000004e-07  4.582981984226264e-02 
 1.689000000000004e-07  4.235591181910814e-02 
 1.690000000000004e-07  3.871437126264343e-02 
 1.691000000000004e-07  3.491956363984983e-02 
 1.692000000000004e-07  3.098648210024946e-02 
 1.693000000000004e-07  2.693067655019776e-02 
 1.694000000000004e-07  2.276820256872458e-02 
 1.695000000000005e-07  1.851554521025323e-02 
 1.696000000000005e-07  1.418956275698857e-02 
 1.697000000000005e-07  9.807407162750081e-03 
 1.698000000000005e-07  5.386463487958348e-03 
 1.699000000000005e-07  9.442688112937248e-04 
 1.700000000000005e-07 -3.501514881813605e-03 
 1.701000000000005e-07 -7.933419763419103e-03 
 1.702000000000005e-07 -1.233368476106955e-02 
 1.703000000000005e-07 -1.668495222660304e-02 
 1.704000000000005e-07 -2.097016452674616e-02 
 1.705000000000005e-07 -2.517204126393446e-02 
 1.706000000000005e-07 -2.927427268354732e-02 
 1.707000000000005e-07 -3.326039481635146e-02 
 1.708000000000006e-07 -3.711485607379994e-02 
 1.709000000000006e-07 -4.082234522820127e-02 
 1.710000000000006e-07 -4.436831714182410e-02 
 1.711000000000006e-07 -4.773881490514187e-02 
 1.712000000000006e-07 -5.092057207156531e-02 
 1.713000000000006e-07 -5.390115264919637e-02 
 1.714000000000006e-07 -5.666881048627892e-02 
 1.715000000000006e-07 -5.921278267559549e-02 
 1.716000000000006e-07 -6.152304349539972e-02 
 1.717000000000006e-07 -6.359064061683228e-02 
 1.718000000000006e-07 -6.540742827209423e-02 
 1.719000000000006e-07 -6.696638339043726e-02 
 1.720000000000006e-07 -6.826136235015690e-02 
 1.721000000000006e-07 -6.928736736105434e-02 
 1.722000000000007e-07 -7.004034500378231e-02 
 1.723000000000007e-07 -7.051739344465435e-02 
 1.724000000000007e-07 -7.071660576008520e-02 
 1.725000000000007e-07 -7.063721968572723e-02 
 1.726000000000007e-07 -7.027950084836254e-02 
 1.727000000000007e-07 -6.964484189230702e-02 
 1.728000000000007e-07 -6.873567748593135e-02 
 1.729000000000007e-07 -6.755554129174457e-02 
 1.730000000000007e-07 -6.610900396740904e-02 
 1.731000000000007e-07 -6.440169621500402e-02 
 1.732000000000007e-07 -6.244026167618033e-02 
 1.733000000000007e-07 -6.023235319567477e-02 
 1.734000000000007e-07 -5.778659385972729e-02 
 1.735000000000008e-07 -5.511255230167156e-02 
 1.736000000000008e-07 -5.222070658723954e-02 
 1.737000000000008e-07 -4.912240318374339e-02 
 1.738000000000008e-07 -4.582981983271850e-02 
 1.739000000000008e-07 -4.235591181338894e-02 
 1.740000000000008e-07 -3.871437126148702e-02 
 1.741000000000008e-07 -3.491956364040028e-02 
 1.742000000000008e-07 -3.098648209887278e-02 
 1.743000000000008e-07 -2.693067654443215e-02 
 1.744000000000008e-07 -2.276820256177059e-02 
 1.745000000000008e-07 -1.851554520198961e-02 
 1.746000000000008e-07 -1.418956274698102e-02 
 1.747000000000008e-07 -9.807407152844227e-03 
 1.748000000000009e-07 -5.386463480252068e-03 
 1.749000000000009e-07 -9.442688069682958e-04 
 1.750000000000009e-07  3.501514883887946e-03 
 1.751000000000009e-07  7.933419766468663e-03 
 1.752000000000009e-07  1.233368476736940e-02 
 1.753000000000009e-07  1.668495223265642e-02 
 1.754000000000009e-07  2.097016453289591e-02 
 1.755000000000009e-07  2.517204126924888e-02 
 1.756000000000009e-07  2.927427268770089e-02 
 1.757000000000009e-07  3.326039482358167e-02 
 1.758000000000009e-07  3.711485608205534e-02 
 1.759000000000009e-07  4.082234523315331e-02 
 1.760000000000009e-07  4.436831714383715e-02 
 1.761000000000009e-07  4.773881490597609e-02 
 1.762000000000010e-07  5.092057207218814e-02 
 1.763000000000010e-07  5.390115265005768e-02 
 1.764000000000010e-07  5.666881048907291e-02 
 1.765000000000010e-07  5.921278267820362e-02 
 1.766000000000010e-07  6.152304349703597e-02 
 1.767000000000010e-07  6.359064062030506e-02 
 1.768000000000010e-07  6.540742827419055e-02 
 1.769000000000010e-07  6.696638339293082e-02 
 1.770000000000010e-07  6.826136235460800e-02 
 1.771000000000010e-07  6.928736736758001e-02 
 1.772000000000010e-07  7.004034501335954e-02 
 1.773000000000010e-07  7.051739345560182e-02 
 1.774000000000010e-07  7.071660576945327e-02 
 1.775000000000011e-07  7.063721969232906e-02 
 1.776000000000011e-07  7.027950085007517e-02 
 1.777000000000011e-07  6.964484189276399e-02 
 1.778000000000011e-07  6.873567749054343e-02 
 1.779000000000011e-07  6.755554129878671e-02 
 1.780000000000011e-07  6.610900397655151e-02 
 1.781000000000011e-07  6.440169622572478e-02 
 1.782000000000011e-07  6.244026168323979e-02 
 1.783000000000011e-07  6.023235319925524e-02 
 1.784000000000011e-07  5.778659386166196e-02 
 1.785000000000011e-07  5.511255230501222e-02 
 1.786000000000011e-07  5.222070659313127e-02 
 1.787000000000011e-07  4.912240319184602e-02 
 1.788000000000012e-07  4.582981983838885e-02 
 1.789000000000012e-07  4.235591181456955e-02 
 1.790000000000012e-07  3.871437125881738e-02 
 1.791000000000012e-07  3.491956363755788e-02 
 1.792000000000012e-07  3.098648209917609e-02 
 1.793000000000012e-07  2.693067654852621e-02 
 1.794000000000012e-07  2.276820256756817e-02 
 1.795000000000012e-07  1.851554520964260e-02 
 1.796000000000012e-07  1.418956275691174e-02 
 1.797000000000012e-07  9.807407163578308e-03 
 1.798000000000012e-07  5.386463491114046e-03 
 1.799000000000012e-07  9.442688139835731e-04 
 1.800000000000012e-07 -3.501514878460732e-03 
 1.801000000000012e-07 -7.933419760454807e-03 
 1.802000000000013e-07 -1.233368475893437e-02 
 1.803000000000013e-07 -1.668495222432664e-02 
 1.804000000000013e-07 -2.097016452427836e-02 
 1.805000000000013e-07 -2.517204126142314e-02 
 1.806000000000013e-07 -2.927427268238869e-02 
 1.807000000000013e-07 -3.326039481635146e-02 
 1.808000000000013e-07 -3.711485607514620e-02 
 1.809000000000013e-07 -4.082234522778405e-02 
 1.810000000000013e-07 -4.436831713851408e-02 
 1.811000000000013e-07 -4.773881490150500e-02 
 1.812000000000013e-07 -5.092057206924050e-02 
 1.813000000000013e-07 -5.390115264807438e-02 
 1.814000000000013e-07 -5.666881048518846e-02 
 1.815000000000014e-07 -5.921278267468644e-02 
 1.816000000000014e-07 -6.152304349367510e-02 
 1.817000000000014e-07 -6.359064061569941e-02 
 1.818000000000014e-07 -6.540742827298862e-02 
 1.819000000000014e-07 -6.696638339031846e-02 
 1.820000000000014e-07 -6.826136235144609e-02 
 1.821000000000014e-07 -6.928736736321284e-02 
 1.822000000000014e-07 -7.004034500757461e-02 
 1.823000000000014e-07 -7.051739344816976e-02 
 1.824000000000014e-07 -7.071660576240602e-02 
 1.825000000000014e-07 -7.063721968832826e-02 
 1.826000000000014e-07 -7.027950085116497e-02 
 1.827000000000014e-07 -6.964484189429743e-02 
 1.828000000000015e-07 -6.873567748959775e-02 
 1.829000000000015e-07 -6.755554129694086e-02 
 1.830000000000015e-07 -6.610900397092645e-02 
 1.831000000000015e-07 -6.440169621784664e-02 
 1.832000000000015e-07 -6.244026167700945e-02 
 1.833000000000015e-07 -6.023235319559039e-02 
 1.834000000000015e-07 -5.778659385831064e-02 
 1.835000000000015e-07 -5.511255230045475e-02 
 1.836000000000015e-07 -5.222070658507838e-02 
 1.837000000000015e-07 -4.912240318204431e-02 
 1.838000000000015e-07 -4.582981983118617e-02 
 1.839000000000015e-07 -4.235591181264331e-02 
 1.840000000000015e-07 -3.871437126096389e-02 
 1.841000000000015e-07 -3.491956364068693e-02 
 1.842000000000016e-07 -3.098648209890564e-02 
 1.843000000000016e-07 -2.693067654659798e-02 
 1.844000000000016e-07 -2.276820256415091e-02 
 1.845000000000016e-07 -1.851554520464616e-02 
 1.846000000000016e-07 -1.418956274978100e-02 
 1.847000000000016e-07 -9.807407154613923e-03 
 1.848000000000016e-07 -5.386463483421533e-03 
 1.849000000000016e-07 -9.442688094205565e-04 
 1.850000000000016e-07  3.501514880743350e-03 
 1.851000000000016e-07  7.933419763816563e-03 
 1.852000000000016e-07  1.233368476552421e-02 
 1.853000000000016e-07  1.668495223249700e-02 
 1.854000000000016e-07  2.097016453387512e-02 
 1.855000000000017e-07  2.517204127298367e-02 
 1.856000000000017e-07  2.927427269194283e-02 
 1.857000000000017e-07  3.326039482504228e-02 
 1.858000000000017e-07  3.711485608138432e-02 
 1.859000000000017e-07  4.082234523360229e-02 
 1.860000000000017e-07  4.436831714661249e-02 
 1.861000000000017e-07  4.773881490987852e-02 
 1.862000000000017e-07  5.092057207593936e-02 
 1.863000000000017e-07  5.390115265279061e-02 
 1.864000000000017e-07  5.666881049180317e-02 
 1.865000000000017e-07  5.921278268011232e-02 
 1.866000000000017e-07  6.152304349872795e-02 
 1.867000000000017e-07  6.359064061903852e-02 
 1.868000000000018e-07  6.540742827433710e-02 
 1.869000000000018e-07  6.696638339278116e-02 
 1.870000000000018e-07  6.826136235470415e-02 
 1.871000000000018e-07  6.928736736977470e-02 
 1.872000000000018e-07  7.004034501503087e-02 
 1.873000000000018e-07  7.051739345811892e-02 
 1.874000000000018e-07  7.071660577272132e-02 
 1.875000000000018e-07  7.063721969404324e-02 
 1.876000000000018e-07  7.027950085118140e-02 
 1.877000000000018e-07  6.964484189258990e-02 
 1.878000000000018e-07  6.873567748743525e-02 
 1.879000000000018e-07  6.755554129505392e-02 
 1.880000000000018e-07  6.610900397420227e-02 
 1.881000000000018e-07  6.440169622709457e-02 
 1.882000000000019e-07  6.244026168652339e-02 
 1.883000000000019e-07  6.023235320282705e-02 
 1.884000000000019e-07  5.778659386502594e-02 
 1.885000000000019e-07  5.511255230571988e-02 
 1.886000000000019e-07  5.222070659322298e-02 
 1.887000000000019e-07  4.912240319245709e-02 
 1.888000000000019e-07  4.582981984066614e-02 
 1.889000000000019e-07  4.235591181740883e-02 
 1.890000000000019e-07  3.871437126234900e-02 
 1.891000000000019e-07  3.491956364029880e-02 
 1.892000000000019e-07  3.098648210331945e-02 
 1.893000000000019e-07  2.693067655387438e-02 
 1.894000000000019e-07  2.276820256947332e-02 
 1.895000000000020e-07  1.851554520804388e-02 
 1.896000000000020e-07  1.418956275334438e-02 
 1.897000000000020e-07  9.807407160433712e-03 
 1.898000000000020e-07  5.386463487678572e-03 
 1.899000000000020e-07  9.442688124607912e-04 
 1.900000000000020e-07 -3.501514879483025e-03 
 1.901000000000020e-07 -7.933419762114813e-03 
 1.902000000000020e-07 -1.233368476015784e-02 
 1.903000000000020e-07 -1.668495222691302e-02 
 1.904000000000020e-07 -2.097016452636868e-02 
 1.905000000000020e-07 -2.517204126281980e-02 
 1.906000000000020e-07 -2.927427268225591e-02 
 1.907000000000020e-07 -3.326039481413279e-02 
 1.908000000000021e-07 -3.711485607162546e-02 
 1.909000000000021e-07 -4.082234522495476e-02 
 1.910000000000021e-07 -4.436831713702860e-02 
 1.911000000000021e-07 -4.773881490022269e-02 
 1.912000000000021e-07 -5.092057206829592e-02 
 1.913000000000021e-07 -5.390115264809903e-02 
 1.914000000000021e-07 -5.666881048538075e-02 
 1.915000000000021e-07 -5.921278267346830e-02 
 1.916000000000021e-07 -6.152304349203641e-02 
 1.917000000000021e-07 -6.359064061354758e-02 
 1.918000000000021e-07 -6.540742827072021e-02 
 1.919000000000021e-07 -6.696638338926575e-02 
 1.920000000000021e-07 -6.826136235103464e-02 
 1.921000000000022e-07 -6.928736736348995e-02 
 1.922000000000022e-07 -7.004034500679057e-02 
 1.923000000000022e-07 -7.051739344921448e-02 
 1.924000000000022e-07 -7.071660576588679e-02 
 1.925000000000022e-07 -7.063721969132497e-02 
 1.926000000000022e-07 -7.027950085184509e-02 
 1.927000000000022e-07 -6.964484189452280e-02 
 1.928000000000022e-07 -6.873567748899490e-02 
 1.929000000000022e-07 -6.755554129567964e-02 
 1.930000000000022e-07 -6.610900396949515e-02 
 1.931000000000022e-07 -6.440169621678327e-02 
 1.932000000000022e-07 -6.244026167760097e-02 
 1.933000000000022e-07 -6.023235319558395e-02 
 1.934000000000022e-07 -5.778659385819496e-02 
 1.935000000000023e-07 -5.511255229932899e-02 
 1.936000000000023e-07 -5.222070658461297e-02 
 1.937000000000023e-07 -4.912240318071381e-02 
 1.938000000000023e-07 -4.582981983130141e-02 
 1.939000000000023e-07 -4.235591181347376e-02 
 1.940000000000023e-07 -3.871437126363553e-02 
 1.941000000000023e-07 -3.491956364453230e-02 
 1.942000000000023e-07 -3.098648210283272e-02 
 1.943000000000023e-07 -2.693067654861148e-02 
 1.944000000000023e-07 -2.276820256393330e-02 
 1.945000000000023e-07 -1.851554520307319e-02 
 1.946000000000023e-07 -1.418956274712357e-02 
 1.947000000000023e-07 -9.807407151885883e-03 
 1.948000000000024e-07 -5.386463479398529e-03 
 1.949000000000024e-07 -9.442688042380354e-04 
 1.950000000000024e-07  3.501514885988044e-03 
 1.951000000000024e-07  7.933419769432959e-03 
 1.952000000000024e-07  1.233368476928565e-02 
 1.953000000000024e-07  1.668495223435373e-02 
 1.954000000000024e-07  2.097016453359446e-02 
 1.955000000000024e-07  2.517204126984041e-02 
 1.956000000000024e-07  2.927427268966820e-02 
 1.957000000000024e-07  3.326039482439036e-02 
 1.958000000000024e-07  3.711485608233112e-02 
 1.959000000000024e-07  4.082234523346839e-02 
 1.960000000000024e-07  4.436831714589529e-02 
 1.961000000000025e-07  4.773881490861043e-02 
 1.962000000000025e-07  5.092057207345224e-02 
 1.963000000000025e-07  5.390115265133377e-02 
 1.964000000000025e-07  5.666881049108619e-02 
 1.965000000000025e-07  5.921278268087060e-02 
 1.966000000000025e-07  6.152304349987614e-02 
 1.967000000000025e-07  6.359064062116748e-02 
 1.968000000000025e-07  6.540742827554635e-02 
 1.969000000000025e-07  6.696638339173822e-02 
 1.970000000000025e-07  6.826136235391456e-02 
 1.971000000000025e-07  6.928736736762153e-02 
 1.972000000000025e-07  7.004034501227063e-02 
 1.973000000000025e-07  7.051739345426444e-02 
 1.974000000000025e-07  7.071660576776773e-02 
 1.975000000000026e-07  7.063721968951442e-02 
 1.976000000000026e-07  7.027950084701340e-02 
 1.977000000000026e-07  6.964484188987807e-02 
 1.978000000000026e-07  6.873567748633480e-02 
 1.979000000000026e-07  6.755554129373920e-02 
 1.980000000000026e-07  6.610900397392072e-02 
 1.981000000000026e-07  6.440169622512704e-02 
 1.982000000000026e-07  6.244026168333283e-02 
 1.983000000000026e-07  6.023235319880338e-02 
 1.984000000000026e-07  5.778659386123430e-02 
 1.985000000000026e-07  5.511255230192047e-02 
 1.986000000000026e-07  5.222070658967159e-02 
 1.987000000000026e-07  4.912240319091765e-02 
 1.988000000000027e-07  4.582981983933299e-02 
 1.989000000000027e-07  4.235591181543086e-02 
 1.990000000000027e-07  3.871437125943400e-02 
 1.991000000000027e-07  3.491956363898696e-02 
 1.992000000000027e-07  3.098648210077259e-02 
 1.993000000000027e-07  2.693067655030124e-02 
 1.994000000000027e-07  2.276820256858425e-02 
 1.995000000000027e-07  1.851554520863363e-02 
 1.996000000000027e-07  1.418956275462913e-02 
 1.997000000000027e-07  9.807407160085990e-03 
 1.998000000000027e-07  5.386463486894755e-03 
 1.999000000000027e-07  9.442688117675679e-04 
 2.000000000000027e-07 -3.501514879896028e-03 
 2.001000000000028e-07 -7.933419760029370e-03 
 2.002000000000028e-07 -1.233368475913288e-02 
 2.003000000000028e-07 -1.668495222594135e-02 
 2.004000000000028e-07 -2.097016452666223e-02 
 2.005000000000028e-07 -2.517204126400685e-02 
 2.006000000000028e-07 -2.927427268411620e-02 
 2.007000000000028e-07 -3.326039481756071e-02 
 2.008000000000028e-07 -3.711485607483000e-02 
 2.009000000000028e-07 -4.082234522687056e-02 
 2.010000000000028e-07 -4.436831713835776e-02 
 2.011000000000028e-07 -4.773881490225373e-02 
 2.012000000000028e-07 -5.092057206924383e-02 
 2.013000000000028e-07 -5.390115264752970e-02 
 2.014000000000028e-07 -5.666881048603978e-02 
 2.015000000000029e-07 -5.921278267694174e-02 
 2.016000000000029e-07 -6.152304349560112e-02 
 2.017000000000029e-07 -6.359064061707764e-02 
 2.018000000000029e-07 -6.540742827145607e-02 
 2.019000000000029e-07 -6.696638338896199e-02 
 2.020000000000029e-07 -6.826136234934976e-02 
 2.021000000000029e-07 -6.928736736187480e-02 
 2.022000000000029e-07 -7.004034500592127e-02 
 2.023000000000029e-07 -7.051739344835362e-02 
 2.024000000000029e-07 -7.071660576514516e-02 
 2.025000000000029e-07 -7.063721969061776e-02 
 2.026000000000029e-07 -7.027950085258339e-02 
 2.027000000000029e-07 -6.964484189513920e-02 
 2.028000000000030e-07 -6.873567748861342e-02 
 2.029000000000030e-07 -6.755554129331265e-02 
 2.030000000000030e-07 -6.610900396736863e-02 
 2.031000000000030e-07 -6.440169621558978e-02 
 2.032000000000030e-07 -6.244026167660977e-02 
 2.033000000000030e-07 -6.023235319560571e-02 
 2.034000000000030e-07 -5.778659385935359e-02 
 2.035000000000030e-07 -5.511255230055423e-02 
 2.036000000000030e-07 -5.222070658670841e-02 
 2.037000000000030e-07 -4.912240318370298e-02 
 2.038000000000030e-07 -4.582981983286372e-02 
 2.039000000000030e-07 -4.235591181418075e-02 
 2.040000000000030e-07 -3.871437126230592e-02 
 2.041000000000031e-07 -3.491956364137128e-02 
 2.042000000000031e-07 -3.098648209958865e-02 
 2.043000000000031e-07 -2.693067654468306e-02 
 2.044000000000031e-07 -2.276820256311307e-02 
 2.045000000000031e-07 -1.851554520440901e-02 
 2.046000000000031e-07 -1.418956274881333e-02 
 2.047000000000031e-07 -9.807407151777081e-03 
 2.048000000000031e-07 -5.386463479009951e-03 
 2.049000000000031e-07 -9.442688057976767e-04 
 2.050000000000031e-07  3.501514884165946e-03 
 2.051000000000031e-07  7.933419766343874e-03 
 2.052000000000031e-07  1.233368476614105e-02 
 2.053000000000031e-07  1.668495223183797e-02 
 2.054000000000031e-07  2.097016453467315e-02 
 2.055000000000032e-07  2.517204127284867e-02 
 2.056000000000032e-07  2.927427269042315e-02 
 2.057000000000032e-07  3.326039482298482e-02 
 2.058000000000032e-07  3.711485608118759e-02 
 2.059000000000032e-07  4.082234523144068e-02 
 2.060000000000032e-07  4.436831714300427e-02 
 2.061000000000032e-07  4.773881490723930e-02 
 2.062000000000032e-07  5.092057207439393e-02 
 2.063000000000032e-07  5.390115265321582e-02 
 2.064000000000032e-07  5.666881049345429e-02 
 2.065000000000032e-07  5.921278268169794e-02 
 2.066000000000032e-07  6.152304350057047e-02 
 2.067000000000032e-07  6.359064062252440e-02 
 2.068000000000033e-07  6.540742827483559e-02 
 2.069000000000033e-07  6.696638339267191e-02 
 2.070000000000033e-07  6.826136235523239e-02 
 2.071000000000033e-07  6.928736736864383e-02 
 2.072000000000033e-07  7.004034501542744e-02 
 2.073000000000033e-07  7.051739345920671e-02 
 2.074000000000033e-07  7.071660577463246e-02 
 2.075000000000033e-07  7.063721969513037e-02 
 2.076000000000033e-07  7.027950085037027e-02 
 2.077000000000033e-07  6.964484189216735e-02 
 2.078000000000033e-07  6.873567748703935e-02 
 2.079000000000033e-07  6.755554129491892e-02 
 2.080000000000033e-07  6.610900397401864e-02 
 2.081000000000034e-07  6.440169622525960e-02 
 2.082000000000034e-07  6.244026168487915e-02 
 2.083000000000034e-07  6.023235320220288e-02 
 2.084000000000034e-07  5.778659386357243e-02 
 2.085000000000034e-07  5.511255230413536e-02 
 2.086000000000034e-07  5.222070659053624e-02 
 2.087000000000034e-07  4.912240319059746e-02 
 2.088000000000034e-07  4.582981983807644e-02 
 2.089000000000034e-07  4.235591181320331e-02 
 2.090000000000034e-07  3.871437125609622e-02 
 2.091000000000034e-07  3.491956363482362e-02 
 2.092000000000034e-07  3.098648209739352e-02 
 2.093000000000034e-07  2.693067654844228e-02 
 2.094000000000035e-07  2.276820256603918e-02 
 2.095000000000035e-07  1.851554520840137e-02 
 2.096000000000035e-07  1.418956275609773e-02 
 2.097000000000035e-07  9.807407162055526e-03 
 2.098000000000035e-07  5.386463490651305e-03 
 2.099000000000035e-07  9.442688149601253e-04 
 2.100000000000035e-07 -3.501514877195078e-03 
 2.101000000000035e-07 -7.933419759073690e-03 
 2.102000000000035e-07 -1.233368475753682e-02 
 2.103000000000035e-07 -1.668495222506872e-02 
 2.104000000000035e-07 -2.097016452614842e-02 
 2.105000000000035e-07 -2.517204126329631e-02 
 2.106000000000035e-07 -2.927427268290961e-02 
 2.107000000000035e-07 -3.326039481538423e-02 
 2.108000000000036e-07 -3.711485607298393e-02 
 2.109000000000036e-07 -4.082234522774986e-02 
 2.110000000000036e-07 -4.436831714038769e-02 
 2.111000000000036e-07 -4.773881490219845e-02 
 2.112000000000036e-07 -5.092057206926026e-02 
 2.113000000000036e-07 -5.390115264833262e-02 
 2.114000000000036e-07 -5.666881048769112e-02 
 2.115000000000036e-07 -5.921278267649877e-02 
 2.116000000000036e-07 -6.152304349406812e-02 
 2.117000000000036e-07 -6.359064061496467e-02 
 2.118000000000036e-07 -6.540742827126245e-02 
 2.119000000000036e-07 -6.696638339023298e-02 
 2.120000000000036e-07 -6.826136235047242e-02 
 2.121000000000037e-07 -6.928736736156216e-02 
 2.122000000000037e-07 -7.004034500619882e-02 
 2.123000000000037e-07 -7.051739344863583e-02 
 2.124000000000037e-07 -7.071660576465710e-02 
 2.125000000000037e-07 -7.063721969098857e-02 
 2.126000000000037e-07 -7.027950085470946e-02 
 2.127000000000037e-07 -6.964484189808084e-02 
 2.128000000000037e-07 -6.873567749158283e-02 
 2.129000000000037e-07 -6.755554129595187e-02 
 2.130000000000037e-07 -6.610900396947361e-02 
 2.131000000000037e-07 -6.440169621483638e-02 
 2.132000000000037e-07 -6.244026167482852e-02 
 2.133000000000037e-07 -6.023235319394993e-02 
 2.134000000000038e-07 -5.778659385628915e-02 
 2.135000000000038e-07 -5.511255229759326e-02 
 2.136000000000038e-07 -5.222070658336486e-02 
 2.137000000000038e-07 -4.912240318126848e-02 
 2.138000000000038e-07 -4.582981983131784e-02 
 2.139000000000038e-07 -4.235591181187681e-02 
 2.140000000000038e-07 -3.871437125940247e-02 
 2.141000000000038e-07 -3.491956363938975e-02 
 2.142000000000038e-07 -3.098648209857346e-02 
 2.143000000000038e-07 -2.693067654491221e-02 
 2.144000000000038e-07 -2.276820256226042e-02 
 2.145000000000038e-07 -1.851554520297416e-02 
 2.146000000000038e-07 -1.418956274667771e-02 
 2.147000000000038e-07 -9.807407151781966e-03 
 2.148000000000039e-07 -5.386463481791282e-03 
 2.149000000000039e-07 -9.442688079626116e-04 
 2.150000000000039e-07  3.501514883464729e-03 
 2.151000000000039e-07  7.933419768305416e-03 
 2.152000000000039e-07  1.233368476750973e-02 
 2.153000000000039e-07  1.668495223052346e-02 
 2.154000000000039e-07  2.097016452877165e-02 
 2.155000000000039e-07  2.517204126790995e-02 
 2.156000000000039e-07  2.927427268882310e-02 
 2.157000000000039e-07  3.326039482376597e-02 
 2.158000000000039e-07  3.711485608139098e-02 
 2.159000000000039e-07  4.082234523329298e-02 
 2.160000000000039e-07  4.436831714493117e-02 
 2.161000000000040e-07  4.773881490683740e-02 
 2.162000000000040e-07  5.092057207202383e-02 
 2.163000000000040e-07  5.390115265009032e-02 
 2.164000000000040e-07  5.666881049066852e-02 
 2.165000000000040e-07  5.921278268012231e-02 
 2.166000000000040e-07  6.152304349900439e-02 
 2.167000000000040e-07  6.359064061985942e-02 
 2.168000000000040e-07  6.540742827385904e-02 
 2.169000000000040e-07  6.696638339134120e-02 
 2.170000000000040e-07  6.826136235473301e-02 
 2.171000000000040e-07  6.928736736852570e-02 
 2.172000000000040e-07  7.004034501337575e-02 
 2.173000000000040e-07  7.051739345529784e-02 
 2.174000000000041e-07  7.071660577001659e-02 
 2.175000000000041e-07  7.063721969314840e-02 
 2.176000000000041e-07  7.027950085126422e-02 
 2.177000000000041e-07  6.964484189381115e-02 
 2.178000000000041e-07  6.873567749025655e-02 
 2.179000000000041e-07  6.755554129729324e-02 
 2.180000000000041e-07  6.610900397542974e-02 
 2.181000000000041e-07  6.440169622670333e-02 
 2.182000000000041e-07  6.244026168530858e-02 
 2.183000000000041e-07  6.023235320179676e-02 
 2.184000000000041e-07  5.778659386348717e-02 
 2.185000000000041e-07  5.511255230704970e-02 
 2.186000000000041e-07  5.222070659376787e-02 
 2.187000000000041e-07  4.912240319305017e-02 
 2.188000000000042e-07  4.582981984042744e-02 
 2.189000000000042e-07  4.235591181592246e-02 
 2.190000000000042e-07  3.871437126029909e-02 
 2.191000000000042e-07  3.491956363923210e-02 
 2.192000000000042e-07  3.098648210257471e-02 
 2.193000000000042e-07  2.693067655355552e-02 
 2.194000000000042e-07  2.276820256999823e-02 
 2.195000000000042e-07  1.851554520957244e-02 
 2.196000000000042e-07  1.418956275405847e-02 
 2.197000000000042e-07  9.807407159510895e-03 
 2.198000000000042e-07  5.386463487699444e-03 
 2.199000000000042e-07  9.442688111942488e-04 
 2.200000000000042e-07 -3.501514879947543e-03 
 2.201000000000043e-07 -7.933419760829619e-03 
 2.202000000000043e-07 -1.233368475840768e-02 
 2.203000000000043e-07 -1.668495222554611e-02 
 2.204000000000043e-07 -2.097016452709388e-02 
 2.205000000000043e-07 -2.517204126470984e-02 
 2.206000000000043e-07 -2.927427268288341e-02 
 2.207000000000043e-07 -3.326039481377618e-02 
 2.208000000000043e-07 -3.711485607064002e-02 
 2.209000000000043e-07 -4.082234522291062e-02 
 2.210000000000043e-07 -4.436831713490008e-02 
 2.211000000000043e-07 -4.773881489817322e-02 
 2.212000000000043e-07 -5.092057206647027e-02 
 2.213000000000043e-07 -5.390115264675366e-02 
 2.214000000000044e-07 -5.666881048540895e-02 
 2.215000000000044e-07 -5.921278267439245e-02 
 2.216000000000044e-07 -6.152304349302318e-02 
 2.217000000000044e-07 -6.359064061434916e-02 
 2.218000000000044e-07 -6.540742827107704e-02 
 2.219000000000044e-07 -6.696638338830962e-02 
 2.220000000000044e-07 -6.826136234844160e-02 
 2.221000000000044e-07 -6.928736736107477e-02 
 2.222000000000044e-07 -7.004034500618417e-02 
 2.223000000000044e-07 -7.051739344890851e-02 
 2.224000000000044e-07 -7.071660576372207e-02 
 2.225000000000044e-07 -7.063721968820813e-02 
 2.226000000000044e-07 -7.027950084998302e-02 
 2.227000000000044e-07 -6.964484189381626e-02 
 2.228000000000045e-07 -6.873567748917342e-02 
 2.229000000000045e-07 -6.755554129531527e-02 
 2.230000000000045e-07 -6.610900397041197e-02 
 2.231000000000045e-07 -6.440169621676128e-02 
 2.232000000000045e-07 -6.244026167617234e-02 
 2.233000000000045e-07 -6.023235319482234e-02 
 2.234000000000045e-07 -5.778659385783014e-02 
 2.235000000000045e-07 -5.511255230079359e-02 
 2.236000000000045e-07 -5.222070658673705e-02 
 2.237000000000045e-07 -4.912240318434069e-02 
 2.238000000000045e-07 -4.582981983354717e-02 
 2.239000000000045e-07 -4.235591181236620e-02 
 2.240000000000045e-07 -3.871437126017829e-02 
 2.241000000000046e-07 -3.491956364080506e-02 
 2.242000000000046e-07 -3.098648209994748e-02 
 2.243000000000046e-07 -2.693067654637904e-02 
 2.244000000000046e-07 -2.276820256294743e-02 
 2.245000000000046e-07 -1.851554520359233e-02 
 2.246000000000046e-07 -1.418956274894789e-02 
 2.247000000000046e-07 -9.807407154046821e-03 
 2.248000000000046e-07 -5.386463481721115e-03 
 2.249000000000046e-07 -9.442688083711737e-04 
 2.250000000000046e-07  3.501514881349532e-03 
 2.251000000000046e-07  7.933419767010008e-03 
 2.252000000000046e-07  1.233368476623253e-02 
 2.253000000000046e-07  1.668495222915922e-02 
 2.254000000000047e-07  2.097016452995293e-02 
 2.255000000000047e-07  2.517204126786998e-02 
 2.256000000000047e-07  2.927427268730609e-02 
 2.257000000000047e-07  3.326039482086918e-02 
 2.258000000000047e-07  3.711485607992460e-02 
 2.259000000000047e-07  4.082234523177020e-02 
 2.260000000000047e-07  4.436831714528999e-02 
 2.261000000000047e-07  4.773881490988741e-02 
 2.262000000000047e-07  5.092057207555900e-02 
 2.263000000000047e-07  5.390115265232476e-02 
 2.264000000000047e-07  5.666881049011141e-02 
 2.265000000000047e-07  5.921278267743602e-02 
 2.266000000000047e-07  6.152304349666093e-02 
 2.267000000000047e-07  6.359064062054864e-02 
 2.268000000000048e-07  6.540742827655710e-02 
 2.269000000000048e-07  6.696638339465011e-02 
 2.270000000000048e-07  6.826136235700897e-02 
 2.271000000000048e-07  6.928736737031094e-02 
 2.272000000000048e-07  7.004034501574385e-02 
 2.273000000000048e-07  7.051739345763419e-02 
 2.274000000000048e-07  7.071660577095407e-02 
 2.275000000000048e-07  7.063721969383985e-02 
 2.276000000000048e-07  7.027950085338097e-02 
 2.277000000000048e-07  6.964484189667974e-02 
 2.278000000000048e-07  6.873567749057097e-02 
 2.279000000000048e-07  6.755554129607044e-02 
 2.280000000000048e-07  6.610900397382258e-02 
 2.281000000000049e-07  6.440169622353364e-02 
 2.282000000000049e-07  6.244026168306838e-02 
 2.283000000000049e-07  6.023235320092257e-02 
 2.284000000000049e-07  5.778659386523488e-02 
 2.285000000000049e-07  5.511255230917045e-02 
 2.286000000000049e-07  5.222070659528200e-02 
 2.287000000000049e-07  4.912240319418393e-02 
 2.288000000000049e-07  4.582981984192713e-02 
 2.289000000000049e-07  4.235591181807186e-02 
 2.290000000000049e-07  3.871437126125876e-02 
 2.291000000000049e-07  3.491956364033033e-02 
 2.292000000000049e-07  3.098648210369337e-02 
 2.293000000000049e-07  2.693067655332460e-02 
 2.294000000000050e-07  2.276820257000134e-02 
 2.295000000000050e-07  1.851554520936016e-02 
 2.296000000000050e-07  1.418956275467442e-02 
 2.297000000000050e-07  9.807407160547843e-03 
 2.298000000000050e-07  5.386463488218585e-03 
 2.299000000000050e-07  9.442688132996757e-04 
 2.300000000000050e-07 -3.501514877890965e-03 
 2.301000000000050e-07 -7.933419760531191e-03 
 2.302000000000050e-07 -1.233368475924346e-02 
 2.303000000000050e-07 -1.668495222535826e-02 
 2.304000000000050e-07 -2.097016452572165e-02 
 2.305000000000050e-07 -2.517204126063888e-02 
 2.306000000000050e-07 -2.927427268003990e-02 
 2.307000000000051e-07 -3.326039481301724e-02 
 2.308000000000051e-07 -3.711485607058007e-02 
 2.309000000000051e-07 -4.082234522452399e-02 
 2.310000000000051e-07 -4.436831713782707e-02 
 2.311000000000051e-07 -4.773881490131826e-02 
 2.312000000000051e-07 -5.092057206827105e-02 
 2.313000000000051e-07 -5.390115264652695e-02 
 2.314000000000051e-07 -5.666881048494221e-02 
 2.315000000000051e-07 -5.921278267432384e-02 
 2.316000000000051e-07 -6.152304349348792e-02 
 2.317000000000051e-07 -6.359064061389486e-02 
 2.318000000000051e-07 -6.540742826805768e-02 
 2.319000000000051e-07 -6.696638338559846e-02 
 2.320000000000051e-07 -6.826136234758362e-02 
 2.321000000000052e-07 -6.928736736057317e-02 
 2.322000000000052e-07 -7.004034500493628e-02 
 2.323000000000052e-07 -7.051739344905616e-02 
 2.324000000000052e-07 -7.071660576454875e-02 
 2.325000000000052e-07 -7.063721968924619e-02 
 2.326000000000052e-07 -7.027950085053147e-02 
 2.327000000000052e-07 -6.964484189429765e-02 
 2.328000000000052e-07 -6.873567748989795e-02 
 2.329000000000052e-07 -6.755554129480457e-02 
 2.330000000000052e-07 -6.610900397030228e-02 
 2.331000000000052e-07 -6.440169621803205e-02 
 2.332000000000052e-07 -6.244026167886152e-02 
 2.333000000000052e-07 -6.023235319698572e-02 
 2.334000000000053e-07 -5.778659385922813e-02 
 2.335000000000053e-07 -5.511255229986034e-02 
 2.336000000000053e-07 -5.222070658315259e-02 
 2.337000000000053e-07 -4.912240318180228e-02 
 2.338000000000053e-07 -4.582981983325629e-02 
 2.339000000000053e-07 -4.235591181465503e-02 
 2.340000000000053e-07 -3.871437126199773e-02 
 2.341000000000053e-07 -3.491956364122872e-02 
 2.342000000000053e-07 -3.098648209971300e-02 
 2.343000000000053e-07 -2.693067654571912e-02 
 2.344000000000053e-07 -2.276820256203438e-02 
 2.345000000000053e-07 -1.851554520006138e-02 
 2.346000000000053e-07 -1.418956274486671e-02 
 2.347000000000054e-07 -9.807407151699810e-03 
 2.348000000000054e-07 -5.386463480941739e-03 
 2.349000000000054e-07 -9.442688082690331e-04 
 2.350000000000054e-07  3.501514880650536e-03 
 2.351000000000054e-07  7.933419763746841e-03 
 2.352000000000054e-07  1.233368476514540e-02 
 2.353000000000054e-07  1.668495223159772e-02 
 2.354000000000054e-07  2.097016453401279e-02 
 2.355000000000054e-07  2.517204127169936e-02 
 2.356000000000054e-07  2.927427269099336e-02 
 2.357000000000054e-07  3.326039482574217e-02 
 2.358000000000054e-07  3.711485608348131e-02 
 2.359000000000054e-07  4.082234523437256e-02 
 2.360000000000054e-07  4.436831714839240e-02 
 2.361000000000055e-07  4.773881491223264e-02 
 2.362000000000055e-07  5.092057207670564e-02 
 2.363000000000055e-07  5.390115265537121e-02 
 2.364000000000055e-07  5.666881049238559e-02 
 2.365000000000055e-07  5.921278268057306e-02 
 2.366000000000055e-07  6.152304349817572e-02 
 2.367000000000055e-07  6.359064062138975e-02 
 2.368000000000055e-07  6.540742827580615e-02 
 2.369000000000055e-07  6.696638339361471e-02 
 2.370000000000055e-07  6.826136235532165e-02 
 2.371000000000055e-07  6.928736736958752e-02 
 2.372000000000055e-07  7.004034501509371e-02 
 2.373000000000055e-07  7.051739345743502e-02 
 2.374000000000056e-07  7.071660577289962e-02 
 2.375000000000056e-07  7.063721969571346e-02 
 2.376000000000056e-07  7.027950085281764e-02 
 2.377000000000056e-07  6.964484189448816e-02 
 2.378000000000056e-07  6.873567749182508e-02 
 2.379000000000056e-07  6.755554129921881e-02 
 2.380000000000056e-07  6.610900397638741e-02 
 2.381000000000056e-07  6.440169622724201e-02 
 2.382000000000056e-07  6.244026168691152e-02 
 2.383000000000056e-07  6.023235320206410e-02 
 2.384000000000056e-07  5.778659386162865e-02 
 2.385000000000056e-07  5.511255230311130e-02 
 2.386000000000056e-07  5.222070658940847e-02 
 2.387000000000057e-07  4.912240318792005e-02 
 2.388000000000057e-07  4.582981983586354e-02 
 2.389000000000057e-07  4.235591181152731e-02 
 2.390000000000057e-07  3.871437125574939e-02 
 2.391000000000057e-07  3.491956363800020e-02 
 2.392000000000057e-07  3.098648210042532e-02 
 2.393000000000057e-07  2.693067655157133e-02 
 2.394000000000057e-07  2.276820256940137e-02 
 2.395000000000057e-07  1.851554520796572e-02 
 2.396000000000057e-07  1.418956275302063e-02 
 2.397000000000057e-07  9.807407160369763e-03 
 2.398000000000057e-07  5.386463488066706e-03 
 2.399000000000057e-07  9.442688120442355e-04 
 2.400000000000057e-07 -3.501514878740508e-03 
 2.401000000000058e-07 -7.933419758671345e-03 
 2.402000000000058e-07 -1.233368475725927e-02 
 2.403000000000058e-07 -1.668495222639432e-02 
 2.404000000000058e-07 -2.097016452814193e-02 
 2.405000000000058e-07 -2.517204126419159e-02 
 2.406000000000058e-07 -2.927427268276084e-02 
 2.407000000000058e-07 -3.326039481510890e-02 
 2.408000000000058e-07 -3.711485607426868e-02 
 2.409000000000058e-07 -4.082234522720229e-02 
 2.410000000000058e-07 -4.436831713862954e-02 
 2.411000000000058e-07 -4.773881490099940e-02 
 2.412000000000058e-07 -5.092057206904332e-02 
 2.413000000000058e-07 -5.390115264962336e-02 
 2.414000000000059e-07 -5.666881048816630e-02 
 2.415000000000059e-07 -5.921278267567809e-02 
 2.416000000000059e-07 -6.152304349284576e-02 
 2.417000000000059e-07 -6.359064061300979e-02 
 2.418000000000059e-07 -6.540742826763291e-02 
 2.419000000000059e-07 -6.696638338691741e-02 
 2.420000000000059e-07 -6.826136234725944e-02 
 2.421000000000059e-07 -6.928736735911434e-02 
 2.422000000000059e-07 -7.004034500400591e-02 
 2.423000000000059e-07 -7.051739344816110e-02 
 2.424000000000059e-07 -7.071660576458760e-02 
 2.425000000000059e-07 -7.063721969168335e-02 
 2.426000000000059e-07 -7.027950085484047e-02 
 2.427000000000060e-07 -6.964484189816300e-02 
 2.428000000000060e-07 -6.873567749145271e-02 
 2.429000000000060e-07 -6.755554129471686e-02 
 2.430000000000060e-07 -6.610900396818797e-02 
 2.431000000000060e-07 -6.440169621481773e-02 
 2.432000000000060e-07 -6.244026167575778e-02 
 2.433000000000060e-07 -6.023235319508302e-02 
 2.434000000000060e-07 -5.778659385726481e-02 
 2.435000000000060e-07 -5.511255229763656e-02 
 2.436000000000060e-07 -5.222070658338307e-02 
 2.437000000000060e-07 -4.912240318072669e-02 
 2.438000000000060e-07 -4.582981983051138e-02 
 2.439000000000060e-07 -4.235591181097043e-02 
 2.440000000000060e-07 -3.871437125919597e-02 
 2.441000000000061e-07 -3.491956364056925e-02 
 2.442000000000061e-07 -3.098648209912724e-02 
 2.443000000000061e-07 -2.693067654472658e-02 
 2.444000000000061e-07 -2.276820256112400e-02 
 2.445000000000061e-07 -1.851554520002452e-02 
 2.446000000000061e-07 -1.418956274327021e-02 
 2.447000000000061e-07 -9.807407150436376e-03 
 2.448000000000061e-07 -5.386463479580605e-03 
 2.449000000000061e-07 -9.442688061174209e-04 
 2.450000000000061e-07  3.501514884850288e-03 
 2.451000000000061e-07  7.933419768536787e-03 
 2.452000000000061e-07  1.233368476664687e-02 
 2.453000000000061e-07  1.668495223041422e-02 
 2.454000000000062e-07  2.097016453397726e-02 
 2.455000000000062e-07  2.517204127374173e-02 
 2.456000000000062e-07  2.927427269104754e-02 
 2.457000000000062e-07  3.326039482345911e-02 
 2.458000000000062e-07  3.711485607804832e-02 
 2.459000000000062e-07  4.082234522952710e-02 
 2.460000000000062e-07  4.436831714407052e-02 
 2.461000000000062e-07  4.773881490956811e-02 
 2.462000000000062e-07  5.092057207579703e-02 
 2.463000000000062e-07  5.390115265373874e-02 
 2.464000000000062e-07  5.666881049282058e-02 
 2.465000000000062e-07  5.921278267871899e-02 
 2.466000000000062e-07  6.152304349675708e-02 
 2.467000000000063e-07  6.359064061999287e-02 
 2.468000000000063e-07  6.540742827457180e-02 
 2.469000000000063e-07  6.696638339336558e-02 
 2.470000000000063e-07  6.826136235706892e-02 
 2.471000000000063e-07  6.928736737121355e-02 
 2.472000000000063e-07  7.004034501648682e-02 
 2.473000000000063e-07  7.051739345827968e-02 
 2.474000000000063e-07  7.071660577132399e-02 
 2.475000000000063e-07  7.063721969286840e-02 
 2.476000000000063e-07  7.027950085022816e-02 
 2.477000000000063e-07  6.964484189289344e-02 
 2.478000000000063e-07  6.873567748912723e-02 
 2.479000000000063e-07  6.755554129557240e-02 
 2.480000000000063e-07  6.610900397320263e-02 
 2.481000000000064e-07  6.440169622597924e-02 
 2.482000000000064e-07  6.244026168592165e-02 
 2.483000000000064e-07  6.023235320118525e-02 
 2.484000000000064e-07  5.778659386126028e-02 
 2.485000000000064e-07  5.511255230297607e-02 
 2.486000000000064e-07  5.222070659215472e-02 
 2.487000000000064e-07  4.912240319380290e-02 
 2.488000000000064e-07  4.582981984301471e-02 
 2.489000000000064e-07  4.235591181717124e-02 
 2.490000000000064e-07  3.871437125828070e-02 
 2.491000000000064e-07  3.491956363678161e-02 
 2.492000000000064e-07  3.098648209906729e-02 
 2.493000000000064e-07  2.693067654983805e-02 
 2.494000000000065e-07  2.276820256936807e-02 
 2.495000000000065e-07  1.851554520857324e-02 
 2.496000000000065e-07  1.418956275424588e-02 
 2.497000000000065e-07  9.807407159558856e-03 
 2.498000000000065e-07  5.386463487359272e-03 
 2.499000000000065e-07  9.442688120291365e-04 
 2.500000000000065e-07 -3.502903374269950e-03 
