 5.000000000000000e-08 -4.861640115745747e-03 
 5.010000000000000e-08 -8.044942122045873e-03 
 5.020000000000000e-08 -1.118282297610351e-02 
 5.030000000000000e-08 -1.428639804226162e-02 
 5.040000000000000e-08 -1.733360364136916e-02 
 5.050000000000000e-08 -2.031212584137387e-02 
 5.060000000000000e-08 -2.321049000456621e-02 
 5.070000000000000e-08 -2.601700576900856e-02 
 5.080000000000000e-08 -2.872078856814819e-02 
 5.090000000000001e-08 -3.131105296252801e-02 
 5.100000000000001e-08 -3.377765623232154e-02 
 5.110000000000001e-08 -3.611086336487723e-02 
 5.120000000000001e-08 -3.830147048021981e-02 
 5.130000000000001e-08 -4.034090030060233e-02 
 5.140000000000001e-08 -4.222106983045348e-02 
 5.150000000000001e-08 -4.393465684575393e-02 
 5.160000000000001e-08 -4.547485030178477e-02 
 5.170000000000001e-08 -4.683567350323470e-02 
 5.180000000000001e-08 -4.801170611196404e-02 
 5.190000000000001e-08 -4.899839685262686e-02 
 5.200000000000002e-08 -4.979180491539692e-02 
 5.210000000000002e-08 -5.038886928260533e-02 
 5.220000000000002e-08 -5.078719004628596e-02 
 5.230000000000002e-08 -5.098524271002125e-02 
 5.240000000000002e-08 -5.098220400928266e-02 
 5.250000000000002e-08 -5.077811127841425e-02 
 5.260000000000002e-08 -5.037372912201121e-02 
 5.270000000000002e-08 -4.977065955730198e-02 
 5.280000000000002e-08 -4.897124239999395e-02 
 5.290000000000002e-08 -4.797862392402763e-02 
 5.300000000000002e-08 -4.679668299751549e-02 
 5.310000000000003e-08 -4.543006613087730e-02 
 5.320000000000003e-08 -4.388413192607454e-02 
 5.330000000000003e-08 -4.216495956350941e-02 
 5.340000000000003e-08 -4.027930532135038e-02 
 5.350000000000003e-08 -3.823459046958955e-02 
 5.360000000000003e-08 -3.603886486844399e-02 
 5.370000000000003e-08 -3.370077916339698e-02 
 5.380000000000003e-08 -3.122955174447339e-02 
 5.390000000000003e-08 -2.863492914674293e-02 
 5.400000000000003e-08 -2.592715379607369e-02 
 5.410000000000003e-08 -2.311691572769181e-02 
 5.420000000000004e-08 -2.021531946337873e-02 
 5.430000000000004e-08 -1.723382957445740e-02 
 5.440000000000004e-08 -1.418423580532591e-02 
 5.450000000000004e-08 -1.107859454321813e-02 
 5.460000000000004e-08 -7.929191895097887e-03 
 5.470000000000004e-08 -4.748482798004439e-03 
 5.480000000000004e-08 -1.549052207708623e-03 
 5.490000000000004e-08  1.656446669656031e-03 
 5.500000000000004e-08  4.855303018664214e-03 
 5.510000000000004e-08  8.035006245212140e-03 
 5.520000000000004e-08  1.118282296499640e-02 
 5.530000000000005e-08  1.428639803117937e-02 
 5.540000000000005e-08  1.733360363360159e-02 
 5.550000000000005e-08  2.031212582664299e-02 
 5.560000000000005e-08  2.321048999779141e-02 
 5.570000000000005e-08  2.601700575592192e-02 
 5.580000000000005e-08  2.872078856211346e-02 
 5.590000000000005e-08  3.131105295144643e-02 
 5.600000000000005e-08  3.377765622615780e-02 
 5.610000000000005e-08  3.611086335598124e-02 
 5.620000000000005e-08  3.830147047290255e-02 
 5.630000000000005e-08  4.034090029142567e-02 
 5.640000000000006e-08  4.222106982122398e-02 
 5.650000000000006e-08  4.393465683869469e-02 
 5.660000000000006e-08  4.547485029329956e-02 
 5.670000000000006e-08  4.683567349584949e-02 
 5.680000000000006e-08  4.801170610285266e-02 
 5.690000000000006e-08  4.899839684732177e-02 
 5.700000000000006e-08  4.979180490752766e-02 
 5.710000000000006e-08  5.038886927756137e-02 
 5.720000000000006e-08  5.078719003796017e-02 
 5.730000000000006e-08  5.098524270516158e-02 
 5.740000000000006e-08  5.098220400019460e-02 
 5.750000000000006e-08  5.077811127430887e-02 
 5.760000000000007e-08  5.037372911399918e-02 
 5.770000000000007e-08  4.977065955182169e-02 
 5.780000000000007e-08  4.897124238891526e-02 
 5.790000000000007e-08  4.797862391601160e-02 
 5.800000000000007e-08  4.679668298490069e-02 
 5.810000000000007e-08  4.543006612226574e-02 
 5.820000000000007e-08  4.388413191214990e-02 
 5.830000000000007e-08  4.216495955498178e-02 
 5.840000000000007e-08  4.027930531016555e-02 
 5.850000000000007e-08  3.823459046268307e-02 
 5.860000000000007e-08  3.603886485827634e-02 
 5.870000000000008e-08  3.370077915695591e-02 
 5.880000000000008e-08  3.122955173305453e-02 
 5.890000000000008e-08  2.863492913895072e-02 
 5.900000000000008e-08  2.592715378411103e-02 
 5.910000000000008e-08  2.311691572070429e-02 
 5.920000000000008e-08  2.021531945501009e-02 
 5.930000000000008e-08  1.723382957146580e-02 
 5.940000000000008e-08  1.418423579877648e-02 
 5.950000000000008e-08  1.107859453956639e-02 
 5.960000000000008e-08  7.929191886393960e-03 
 5.970000000000008e-08  4.748482793008435e-03 
 5.980000000000007e-08  1.549052199050882e-03 
 5.990000000000007e-08 -1.656446674128009e-03 
 6.000000000000006e-08 -4.855303023390878e-03 
 6.010000000000006e-08 -8.035006253335419e-03 
 6.020000000000005e-08 -1.118282297334616e-02 
 6.030000000000004e-08 -1.428639803479270e-02 
 6.040000000000004e-08 -1.733360364708481e-02 
 6.050000000000003e-08 -2.031212582837694e-02 
 6.060000000000003e-08 -2.321049001033160e-02 
 6.070000000000002e-08 -2.601700575664601e-02 
 6.080000000000002e-08 -2.872078857348059e-02 
 6.090000000000001e-08 -3.131105295341086e-02 
 6.100000000000000e-08 -3.377765623785645e-02 
 6.110000000000000e-08 -3.611086336011304e-02 
 6.119999999999999e-08 -3.830147048373567e-02 
 6.129999999999999e-08 -4.034090029511583e-02 
 6.139999999999998e-08 -4.222106983154994e-02 
 6.149999999999997e-08 -4.393465684266906e-02 
 6.159999999999997e-08 -4.547485030182297e-02 
 6.169999999999996e-08 -4.683567350041096e-02 
 6.179999999999996e-08 -4.801170611053474e-02 
 6.189999999999995e-08 -4.899839684970875e-02 
 6.199999999999995e-08 -4.979180491343826e-02 
 6.209999999999994e-08 -5.038886928016995e-02 
 6.219999999999993e-08 -5.078719004245236e-02 
 6.229999999999993e-08 -5.098524270723348e-02 
 6.239999999999992e-08 -5.098220400608566e-02 
 6.249999999999992e-08 -5.077811127693388e-02 
 6.259999999999991e-08 -5.037372911879112e-02 
 6.269999999999991e-08 -4.977065955477511e-02 
 6.279999999999990e-08 -4.897124239561079e-02 
 6.289999999999989e-08 -4.797862392178365e-02 
 6.299999999999989e-08 -4.679668299408846e-02 
 6.309999999999988e-08 -4.543006612969513e-02 
 6.319999999999988e-08 -4.388413192267304e-02 
 6.329999999999987e-08 -4.216495956195265e-02 
 6.339999999999987e-08 -4.027930531718149e-02 
 6.349999999999986e-08 -3.823459046700961e-02 
 6.359999999999985e-08 -3.603886486466257e-02 
 6.369999999999985e-08 -3.370077916211867e-02 
 6.379999999999984e-08 -3.122955174160835e-02 
 6.389999999999984e-08 -2.863492914539467e-02 
 6.399999999999983e-08 -2.592715379278521e-02 
 6.409999999999983e-08 -2.311691572659780e-02 
 6.419999999999982e-08 -2.021531946149313e-02 
 6.429999999999981e-08 -1.723382957527431e-02 
 6.439999999999981e-08 -1.418423580478723e-02 
 6.449999999999980e-08 -1.107859454374260e-02 
 6.459999999999980e-08 -7.929191892483756e-03 
 6.469999999999979e-08 -4.748482796448350e-03 
 6.479999999999979e-08 -1.549052204573353e-03 
 6.489999999999978e-08  1.656446670810663e-03 
 6.499999999999977e-08  4.855303015826262e-03 
 6.509999999999977e-08  8.035006252187227e-03 
 6.519999999999976e-08  1.118282296655981e-02 
 6.529999999999976e-08  1.428639802723652e-02 
 6.539999999999975e-08  1.733360364130099e-02 
 6.549999999999975e-08  2.031212582021569e-02 
 6.559999999999974e-08  2.321049000580833e-02 
 6.569999999999973e-08  2.601700574910315e-02 
 6.579999999999973e-08  2.872078856897753e-02 
 6.589999999999972e-08  3.131105294606518e-02 
 6.599999999999972e-08  3.377765623142959e-02 
 6.609999999999971e-08  3.611086335140090e-02 
 6.619999999999971e-08  3.830147047634402e-02 
 6.629999999999970e-08  4.034090028754367e-02 
 6.639999999999969e-08  4.222106982290041e-02 
 6.649999999999969e-08  4.393465683437592e-02 
 6.659999999999968e-08  4.547485029288856e-02 
 6.669999999999968e-08  4.683567349183515e-02 
 6.679999999999967e-08  4.801170610196959e-02 
 6.689999999999967e-08  4.899839684435126e-02 
 6.699999999999966e-08  4.979180490764423e-02 
 6.709999999999965e-08  5.038886927644626e-02 
 6.719999999999965e-08  5.078719003721011e-02 
 6.729999999999964e-08  5.098524270254967e-02 
 6.739999999999964e-08  5.098220399943965e-02 
 6.749999999999963e-08  5.077811127330656e-02 
 6.759999999999963e-08  5.037372911393501e-02 
 6.769999999999962e-08  4.977065955148530e-02 
 6.779999999999961e-08  4.897124238984230e-02 
 6.789999999999961e-08  4.797862391700525e-02 
 6.799999999999960e-08  4.679668298684647e-02 
 6.809999999999960e-08  4.543006612397882e-02 
 6.819999999999959e-08  4.388413191413654e-02 
 6.829999999999959e-08  4.216495955612820e-02 
 6.839999999999958e-08  4.027930531017976e-02 
 6.849999999999957e-08  3.823459046175182e-02 
 6.859999999999957e-08  3.603886485770369e-02 
 6.869999999999956e-08  3.370077915651559e-02 
 6.879999999999956e-08  3.122955173304054e-02 
 6.889999999999955e-08  2.863492913915344e-02 
 6.899999999999955e-08  2.592715378554988e-02 
 6.909999999999954e-08  2.311691572258900e-02 
 6.919999999999953e-08  2.021531945707711e-02 
 6.929999999999953e-08  1.723382957290132e-02 
 6.939999999999952e-08  1.418423580006878e-02 
 6.949999999999952e-08  1.107859453993454e-02 
 6.959999999999951e-08  7.929191886791420e-03 
 6.969999999999951e-08  4.748482793785147e-03 
 6.979999999999950e-08  1.549052200081835e-03 
 6.989999999999949e-08 -1.656446674327405e-03 
 6.999999999999949e-08 -4.855303020330659e-03 
 7.009999999999948e-08 -8.035006258824806e-03 
 7.019999999999948e-08 -1.118282297305151e-02 
 7.029999999999947e-08 -1.428639803118492e-02 
 7.039999999999947e-08 -1.733360365042702e-02 
 7.049999999999946e-08 -2.031212582416542e-02 
 7.059999999999945e-08 -2.321049001504605e-02 
 7.069999999999945e-08 -2.601700575227173e-02 
 7.079999999999944e-08 -2.872078857722116e-02 
 7.089999999999944e-08 -3.131105294970493e-02 
 7.099999999999943e-08 -3.377765623970808e-02 
 7.109999999999943e-08 -3.611086335654301e-02 
 7.119999999999942e-08 -3.830147048570987e-02 
 7.129999999999941e-08 -4.034090029419857e-02 
 7.139999999999941e-08 -4.222106983298124e-02 
 7.149999999999940e-08 -4.393465684187658e-02 
 7.159999999999940e-08 -4.547485030336773e-02 
 7.169999999999939e-08 -4.683567350095519e-02 
 7.179999999999939e-08 -4.801170611190830e-02 
 7.189999999999938e-08 -4.899839685003160e-02 
 7.199999999999937e-08 -4.979180491261603e-02 
 7.209999999999937e-08 -5.038886927889941e-02 
 7.219999999999936e-08 -5.078719004173027e-02 
 7.229999999999936e-08 -5.098524270722571e-02 
 7.239999999999935e-08 -5.098220400588005e-02 
 7.249999999999935e-08 -5.077811127713816e-02 
 7.259999999999934e-08 -5.037372911849025e-02 
 7.269999999999933e-08 -4.977065955523341e-02 
 7.279999999999933e-08 -4.897124239595629e-02 
 7.289999999999932e-08 -4.797862392271690e-02 
 7.299999999999932e-08 -4.679668299328177e-02 
 7.309999999999931e-08 -4.543006612906320e-02 
 7.319999999999931e-08 -4.388413192113449e-02 
 7.329999999999930e-08 -4.216495956171595e-02 
 7.339999999999929e-08 -4.027930531734913e-02 
 7.349999999999929e-08 -3.823459046830679e-02 
 7.359999999999928e-08 -3.603886486434171e-02 
 7.369999999999928e-08 -3.370077916186309e-02 
 7.379999999999927e-08 -3.122955174085962e-02 
 7.389999999999927e-08 -2.863492914616006e-02 
 7.399999999999926e-08 -2.592715379357169e-02 
 7.409999999999925e-08 -2.311691572859687e-02 
 7.419999999999925e-08 -2.021531946179866e-02 
 7.429999999999924e-08 -1.723382957540887e-02 
 7.439999999999924e-08 -1.418423580326622e-02 
 7.449999999999923e-08 -1.107859454312243e-02 
 7.459999999999923e-08 -7.929191891469900e-03 
 7.469999999999922e-08 -4.748482796157250e-03 
 7.479999999999921e-08 -1.549052202944434e-03 
 7.489999999999921e-08  1.656446670697198e-03 
 7.499999999999920e-08  4.855303013035384e-03 
 7.509999999999920e-08  8.035006254455412e-03 
 7.519999999999919e-08  1.118282296631046e-02 
 7.529999999999919e-08  1.428639802445808e-02 
 7.539999999999918e-08  1.733360364420711e-02 
 7.549999999999917e-08  2.031212581542974e-02 
 7.559999999999917e-08  2.321049000835207e-02 
 7.569999999999916e-08  2.601700574450017e-02 
 7.579999999999916e-08  2.872078857099902e-02 
 7.589999999999915e-08  3.131105294291281e-02 
 7.599999999999915e-08  3.377765623486906e-02 
 7.609999999999914e-08  3.611086335060154e-02 
 7.619999999999913e-08  3.830147047906296e-02 
 7.629999999999913e-08  4.034090028699300e-02 
 7.639999999999912e-08  4.222106982732199e-02 
 7.649999999999912e-08  4.393465683774300e-02 
 7.659999999999911e-08  4.547485029777221e-02 
 7.669999999999911e-08  4.683567349407425e-02 
 7.679999999999910e-08  4.801170610488148e-02 
 7.689999999999909e-08  4.899839684550944e-02 
 7.699999999999909e-08  4.979180490932067e-02 
 7.709999999999908e-08  5.038886927704911e-02 
 7.719999999999908e-08  5.078719003916921e-02 
 7.729999999999907e-08  5.098524270402383e-02 
 7.739999999999907e-08  5.098220400025655e-02 
 7.749999999999906e-08  5.077811127261889e-02 
 7.759999999999905e-08  5.037372911333171e-02 
 7.769999999999905e-08  4.977065955011861e-02 
 7.779999999999904e-08  4.897124238815365e-02 
 7.789999999999904e-08  4.797862391463426e-02 
 7.799999999999903e-08  4.679668298429429e-02 
 7.809999999999903e-08  4.543006612168199e-02 
 7.819999999999902e-08  4.388413191299878e-02 
 7.829999999999901e-08  4.216495955515054e-02 
 7.839999999999901e-08  4.027930531001078e-02 
 7.849999999999900e-08  3.823459046213107e-02 
 7.859999999999900e-08  3.603886485796326e-02 
 7.869999999999899e-08  3.370077915617098e-02 
 7.879999999999899e-08  3.122955173379705e-02 
 7.889999999999898e-08  2.863492913973587e-02 
 7.899999999999897e-08  2.592715378485710e-02 
 7.909999999999897e-08  2.311691572067454e-02 
 7.919999999999896e-08  2.021531945586896e-02 
 7.929999999999896e-08  1.723382957303632e-02 
 7.939999999999895e-08  1.418423580090855e-02 
 7.949999999999895e-08  1.107859454005622e-02 
 7.959999999999894e-08  7.929191885747588e-03 
 7.969999999999893e-08  4.748482792032549e-03 
 7.979999999999893e-08  1.549052198152046e-03 
 7.989999999999892e-08 -1.656446675734058e-03 
 7.999999999999892e-08 -4.855303019421831e-03 
 8.009999999999891e-08 -8.035006262626210e-03 
 8.019999999999890e-08 -1.118282297495043e-02 
 8.029999999999890e-08 -1.428639803161369e-02 
 8.039999999999889e-08 -1.733360365314351e-02 
 8.049999999999889e-08 -2.031212582124198e-02 
 8.059999999999888e-08 -2.321049001595532e-02 
 8.069999999999888e-08 -2.601700574861376e-02 
 8.079999999999887e-08 -2.872078857774896e-02 
 8.089999999999886e-08 -3.131105294760728e-02 
 8.099999999999886e-08 -3.377765624142470e-02 
 8.109999999999885e-08 -3.611086335521585e-02 
 8.119999999999885e-08 -3.830147048535260e-02 
 8.129999999999884e-08 -4.034090029072579e-02 
 8.139999999999884e-08 -4.222106983078211e-02 
 8.149999999999883e-08 -4.393465683905640e-02 
 8.159999999999882e-08 -4.547485030125209e-02 
 8.169999999999882e-08 -4.683567349813211e-02 
 8.179999999999881e-08 -4.801170610999694e-02 
 8.189999999999881e-08 -4.899839684906393e-02 
 8.199999999999880e-08 -4.979180491351265e-02 
 8.209999999999880e-08 -5.038886927962261e-02 
 8.219999999999879e-08 -5.078719004140275e-02 
 8.229999999999878e-08 -5.098524270668769e-02 
 8.239999999999878e-08 -5.098220400565112e-02 
 8.249999999999877e-08 -5.077811127786513e-02 
 8.259999999999877e-08 -5.037372911926363e-02 
 8.269999999999876e-08 -4.977065955653726e-02 
 8.279999999999876e-08 -4.897124239607531e-02 
 8.289999999999875e-08 -4.797862392274799e-02 
 8.299999999999874e-08 -4.679668299281170e-02 
 8.309999999999874e-08 -4.543006612871259e-02 
 8.319999999999873e-08 -4.388413192025364e-02 
 8.329999999999873e-08 -4.216495956069211e-02 
 8.339999999999872e-08 -4.027930531548107e-02 
 8.349999999999872e-08 -3.823459046745703e-02 
 8.359999999999871e-08 -3.603886486376617e-02 
 8.369999999999870e-08 -3.370077916116276e-02 
 8.379999999999870e-08 -3.122955173969766e-02 
 8.389999999999869e-08 -2.863492914592691e-02 
 8.399999999999869e-08 -2.592715379235822e-02 
 8.409999999999868e-08 -2.311691572735763e-02 
 8.419999999999868e-08 -2.021531946158173e-02 
 8.429999999999867e-08 -1.723382957672670e-02 
 8.439999999999866e-08 -1.418423580488648e-02 
 8.449999999999866e-08 -1.107859454475135e-02 
 8.459999999999865e-08 -7.929191892652510e-03 
 8.469999999999865e-08 -4.748482798248022e-03 
 8.479999999999864e-08 -1.549052204249168e-03 
 8.489999999999864e-08  1.656446670115663e-03 
 8.499999999999863e-08  4.855303011900070e-03 
 8.509999999999862e-08  8.035006255171284e-03 
 8.519999999999862e-08  1.118282296535988e-02 
 8.529999999999861e-08  1.428639802219167e-02 
 8.539999999999861e-08  1.733360364443870e-02 
 8.549999999999860e-08  2.031212581250896e-02 
 8.559999999999860e-08  2.321049000987974e-02 
 8.569999999999859e-08  2.601700574254817e-02 
 8.579999999999858e-08  2.872078857202154e-02 
 8.589999999999858e-08  3.131105294079872e-02 
 8.599999999999857e-08  3.377765623447471e-02 
 8.609999999999857e-08  3.611086334745228e-02 
 8.619999999999856e-08  3.830147047820653e-02 
 8.629999999999856e-08  4.034090028440507e-02 
 8.639999999999855e-08  4.222106982571039e-02 
 8.649999999999854e-08  4.393465683538822e-02 
 8.659999999999854e-08  4.547485029636755e-02 
 8.669999999999853e-08  4.683567349197792e-02 
 8.679999999999853e-08  4.801170610440320e-02 
 8.689999999999852e-08  4.899839684417584e-02 
 8.699999999999852e-08  4.979180490715929e-02 
 8.709999999999851e-08  5.038886927445296e-02 
 8.719999999999850e-08  5.078719003699383e-02 
 8.729999999999850e-08  5.098524270190397e-02 
 8.739999999999849e-08  5.098220399934172e-02 
 8.749999999999849e-08  5.077811127253717e-02 
 8.759999999999848e-08  5.037372911350713e-02 
 8.769999999999848e-08  4.977065955049942e-02 
 8.779999999999847e-08  4.897124238926698e-02 
 8.789999999999846e-08  4.797862391588081e-02 
 8.799999999999846e-08  4.679668298591744e-02 
 8.809999999999845e-08  4.543006612319678e-02 
 8.819999999999845e-08  4.388413191502205e-02 
 8.829999999999844e-08  4.216495955723221e-02 
 8.839999999999844e-08  4.027930531123491e-02 
 8.849999999999843e-08  3.823459046212352e-02 
 8.859999999999842e-08  3.603886485732177e-02 
 8.869999999999842e-08  3.370077915639347e-02 
 8.879999999999841e-08  3.122955173382702e-02 
 8.889999999999841e-08  2.863492913949361e-02 
 8.899999999999840e-08  2.592715378470367e-02 
 8.909999999999840e-08  2.311691572006591e-02 
 8.919999999999839e-08  2.021531945380817e-02 
 8.929999999999838e-08  1.723382957059671e-02 
 8.939999999999838e-08  1.418423579852313e-02 
 8.949999999999837e-08  1.107859453859383e-02 
 8.959999999999837e-08  7.929191885502007e-03 
 8.969999999999836e-08  4.748482791238740e-03 
 8.979999999999836e-08  1.549052196966549e-03 
 8.989999999999835e-08 -1.656446676761236e-03 
 8.999999999999834e-08 -4.855303018571622e-03 
 9.009999999999834e-08 -8.035006263416022e-03 
 9.019999999999833e-08 -1.118282297409534e-02 
 9.029999999999833e-08 -1.428639803031206e-02 
 9.039999999999832e-08 -1.733360365334291e-02 
 9.049999999999832e-08 -2.031212581972142e-02 
 9.059999999999831e-08 -2.321049001716635e-02 
 9.069999999999830e-08 -2.601700574786681e-02 
 9.079999999999830e-08 -2.872078857924443e-02 
 9.089999999999829e-08 -3.131105294622571e-02 
 9.099999999999829e-08 -3.377765624084850e-02 
 9.109999999999828e-08 -3.611086335327451e-02 
 9.119999999999828e-08 -3.830147048604693e-02 
 9.129999999999827e-08 -4.034090029165194e-02 
 9.139999999999826e-08 -4.222106983263796e-02 
 9.149999999999826e-08 -4.393465683981890e-02 
 9.159999999999825e-08 -4.547485030320209e-02 
 9.169999999999825e-08 -4.683567350053597e-02 
 9.179999999999824e-08 -4.801170611280892e-02 
 9.189999999999824e-08 -4.899839685128771e-02 
 9.199999999999823e-08 -4.979180491470703e-02 
 9.209999999999822e-08 -5.038886928071240e-02 
 9.219999999999822e-08 -5.078719004230536e-02 
 9.229999999999821e-08 -5.098524270660687e-02 
 9.239999999999821e-08 -5.098220400458664e-02 
 9.249999999999820e-08 -5.077811127718990e-02 
 9.259999999999820e-08 -5.037372911940907e-02 
 9.269999999999819e-08 -4.977065955715121e-02 
 9.279999999999818e-08 -4.897124239657002e-02 
 9.289999999999818e-08 -4.797862392307906e-02 
 9.299999999999817e-08 -4.679668299344897e-02 
 9.309999999999817e-08 -4.543006612972533e-02 
 9.319999999999816e-08 -4.388413192084673e-02 
 9.329999999999816e-08 -4.216495956320765e-02 
 9.339999999999815e-08 -4.027930531834789e-02 
 9.349999999999814e-08 -3.823459046977029e-02 
 9.359999999999814e-08 -3.603886486512375e-02 
 9.369999999999813e-08 -3.370077916328307e-02 
 9.379999999999813e-08 -3.122955174158726e-02 
 9.389999999999812e-08 -2.863492914789756e-02 
 9.399999999999812e-08 -2.592715379426425e-02 
 9.409999999999811e-08 -2.311691572954411e-02 
 9.419999999999810e-08 -2.021531946278321e-02 
 9.429999999999810e-08 -1.723382957844777e-02 
 9.439999999999809e-08 -1.418423580568939e-02 
 9.449999999999809e-08 -1.107859454522520e-02 
 9.459999999999808e-08 -7.929191891808074e-03 
 9.469999999999808e-08 -4.748482797440667e-03 
 9.479999999999807e-08 -1.549052203328127e-03 
 9.489999999999806e-08  1.656446670734280e-03 
 9.499999999999806e-08  4.855303012264223e-03 
 9.509999999999805e-08  8.035006257461008e-03 
 9.519999999999805e-08  1.118282296684781e-02 
 9.529999999999804e-08  1.428639802243081e-02 
 9.539999999999804e-08  1.733360364605541e-02 
 9.549999999999803e-08  2.031212581253250e-02 
 9.559999999999802e-08  2.321049001190456e-02 
 9.569999999999802e-08  2.601700574263033e-02 
 9.579999999999801e-08  2.872078857369575e-02 
 9.589999999999801e-08  3.131105293981329e-02 
 9.599999999999800e-08  3.377765623415940e-02 
 9.609999999999800e-08  3.611086334538527e-02 
 9.619999999999799e-08  3.830147047715315e-02 
 9.629999999999798e-08  4.034090028312076e-02 
 9.639999999999798e-08  4.222106982623841e-02 
 9.649999999999797e-08  4.393465683481779e-02 
 9.659999999999797e-08  4.547485029687337e-02 
 9.669999999999796e-08  4.683567349290452e-02 
 9.679999999999796e-08  4.801170610432970e-02 
 9.689999999999795e-08  4.899839684318685e-02 
 9.699999999999794e-08  4.979180490691237e-02 
 9.709999999999794e-08  5.038886927349218e-02 
 9.719999999999793e-08  5.078719003602505e-02 
 9.729999999999793e-08  5.098524270134797e-02 
 9.739999999999792e-08  5.098220399970277e-02 
 9.749999999999792e-08  5.077811127328746e-02 
 9.759999999999791e-08  5.037372911500126e-02 
 9.769999999999790e-08  4.977065955125926e-02 
 9.779999999999790e-08  4.897124238912620e-02 
 9.789999999999789e-08  4.797862391526397e-02 
 9.799999999999789e-08  4.679668298487294e-02 
 9.809999999999788e-08  4.543006612200928e-02 
 9.819999999999788e-08  4.388413191370111e-02 
 9.829999999999787e-08  4.216495955490829e-02 
 9.839999999999786e-08  4.027930530903645e-02 
 9.849999999999786e-08  3.823459046069932e-02 
 9.859999999999785e-08  3.603886485774521e-02 
 9.869999999999785e-08  3.370077915688552e-02 
 9.879999999999784e-08  3.122955173369091e-02 
 9.889999999999783e-08  2.863492913950405e-02 
 9.899999999999783e-08  2.592715378553301e-02 
 9.909999999999782e-08  2.311691572137575e-02 
 9.919999999999782e-08  2.021531945619337e-02 
 9.929999999999781e-08  1.723382957278163e-02 
 9.939999999999781e-08  1.418423580072514e-02 
 9.949999999999780e-08  1.107859454049298e-02 
 9.959999999999779e-08  7.929191887569687e-03 
 9.969999999999779e-08  4.748482793549114e-03 
 9.979999999999778e-08  1.549052199527168e-03 
 9.989999999999778e-08 -1.656446674567658e-03 
 9.999999999999777e-08 -4.855303018208357e-03 
 1.000999999999978e-07 -8.035006264462963e-03 
 1.001999999999978e-07 -1.118282297394169e-02 
 1.002999999999978e-07 -1.428639802960685e-02 
 1.003999999999977e-07 -1.733360365409720e-02 
 1.004999999999977e-07 -2.031212581956998e-02 
 1.005999999999977e-07 -2.321049001832631e-02 
 1.006999999999977e-07 -2.601700574785792e-02 
 1.007999999999977e-07 -2.872078858025362e-02 
 1.008999999999977e-07 -3.131105294705705e-02 
 1.009999999999977e-07 -3.377765624320372e-02 
 1.010999999999977e-07 -3.611086335471825e-02 
 1.011999999999977e-07 -3.830147048702548e-02 
 1.012999999999977e-07 -4.034090029113968e-02 
 1.013999999999977e-07 -4.222106983156548e-02 
 1.014999999999977e-07 -4.393465683811959e-02 
 1.015999999999977e-07 -4.547485030150034e-02 
 1.016999999999977e-07 -4.683567349851914e-02 
 1.017999999999977e-07 -4.801170611126193e-02 
 1.018999999999977e-07 -4.899839684969498e-02 
 1.019999999999977e-07 -4.979180491391677e-02 
 1.020999999999977e-07 -5.038886928016728e-02 
 1.021999999999976e-07 -5.078719004254673e-02 
 1.022999999999976e-07 -5.098524270673988e-02 
 1.023999999999976e-07 -5.098220400453579e-02 
 1.024999999999976e-07 -5.077811127593823e-02 
 1.025999999999976e-07 -5.037372911740534e-02 
 1.026999999999976e-07 -4.977065955542104e-02 
 1.027999999999976e-07 -4.897124239555839e-02 
 1.028999999999976e-07 -4.797862392316543e-02 
 1.029999999999976e-07 -4.679668299311879e-02 
 1.030999999999976e-07 -4.543006612945977e-02 
 1.031999999999976e-07 -4.388413192085183e-02 
 1.032999999999976e-07 -4.216495956242494e-02 
 1.033999999999976e-07 -4.027930531695789e-02 
 1.034999999999976e-07 -3.823459046865674e-02 
 1.035999999999976e-07 -3.603886486472563e-02 
 1.036999999999976e-07 -3.370077916247438e-02 
 1.037999999999976e-07 -3.122955174070152e-02 
 1.038999999999975e-07 -2.863492914676602e-02 
 1.039999999999975e-07 -2.592715379318555e-02 
 1.040999999999975e-07 -2.311691572766805e-02 
 1.041999999999975e-07 -2.021531946081057e-02 
 1.042999999999975e-07 -1.723382957619024e-02 
 1.043999999999975e-07 -1.418423580348827e-02 
 1.044999999999975e-07 -1.107859454354299e-02 
 1.045999999999975e-07 -7.929191892266596e-03 
 1.046999999999975e-07 -4.748482798833775e-03 
 1.047999999999975e-07 -1.549052204273815e-03 
 1.048999999999975e-07  1.656446670484257e-03 
 1.049999999999975e-07  4.855303012231138e-03 
 1.050999999999975e-07  8.035006258476640e-03 
 1.051999999999975e-07  1.118282296756834e-02 
 1.052999999999975e-07  1.428639802320486e-02 
 1.053999999999975e-07  1.733360364644421e-02 
 1.054999999999975e-07  2.031212581122932e-02 
 1.055999999999975e-07  2.321049001033293e-02 
 1.056999999999974e-07  2.601700574000598e-02 
 1.057999999999974e-07  2.872078857201776e-02 
 1.058999999999974e-07  3.131105293805869e-02 
 1.059999999999974e-07  3.377765623397155e-02 
 1.060999999999974e-07  3.611086334570013e-02 
 1.061999999999974e-07  3.830147047831489e-02 
 1.062999999999974e-07  4.034090028345605e-02 
 1.063999999999974e-07  4.222106982617890e-02 
 1.064999999999974e-07  4.393465683494591e-02 
 1.065999999999974e-07  4.547485029709941e-02 
 1.066999999999974e-07  4.683567349205719e-02 
 1.067999999999974e-07  4.801170610392269e-02 
 1.068999999999974e-07  4.899839684271767e-02 
 1.069999999999974e-07  4.979180490698143e-02 
 1.070999999999974e-07  5.038886927369823e-02 
 1.071999999999974e-07  5.078719003686127e-02 
 1.072999999999974e-07  5.098524270263183e-02 
 1.073999999999973e-07  5.098220400050435e-02 
 1.074999999999973e-07  5.077811127387766e-02 
 1.075999999999973e-07  5.037372911496374e-02 
 1.076999999999973e-07  4.977065955078563e-02 
 1.077999999999973e-07  4.897124238849426e-02 
 1.078999999999973e-07  4.797862391452767e-02 
 1.079999999999973e-07  4.679668298458517e-02 
 1.080999999999973e-07  4.543006612151679e-02 
 1.081999999999973e-07  4.388413191355944e-02 
 1.082999999999973e-07  4.216495955477817e-02 
 1.083999999999973e-07  4.027930530865187e-02 
 1.084999999999973e-07  3.823459046022237e-02 
 1.085999999999973e-07  3.603886485640317e-02 
 1.086999999999973e-07  3.370077915497371e-02 
 1.087999999999973e-07  3.122955173340536e-02 
 1.088999999999973e-07  2.863492913960353e-02 
 1.089999999999973e-07  2.592715378465571e-02 
 1.090999999999973e-07  2.311691572028662e-02 
 1.091999999999972e-07  2.021531945475608e-02 
 1.092999999999972e-07  1.723382957177266e-02 
 1.093999999999972e-07  1.418423580010630e-02 
 1.094999999999972e-07  1.107859454012150e-02 
 1.095999999999972e-07  7.929191887476206e-03 
 1.096999999999972e-07  4.748482793568654e-03 
 1.097999999999972e-07  1.549052199606882e-03 
 1.098999999999972e-07 -1.656446675406986e-03 
 1.099999999999972e-07 -4.855303018907575e-03 
 1.100999999999972e-07 -8.035006265262989e-03 
 1.101999999999972e-07 -1.118282297421747e-02 
 1.102999999999972e-07 -1.428639802939835e-02 
 1.103999999999972e-07 -1.733360365456926e-02 
 1.104999999999972e-07 -2.031212581954844e-02 
 1.105999999999972e-07 -2.321049001857789e-02 
 1.106999999999972e-07 -2.601700574706722e-02 
 1.107999999999972e-07 -2.872078857879501e-02 
 1.108999999999971e-07 -3.131105294413983e-02 
 1.109999999999971e-07 -3.377765624037976e-02 
 1.110999999999971e-07 -3.611086335210945e-02 
 1.111999999999971e-07 -3.830147048514010e-02 
 1.112999999999971e-07 -4.034090029045045e-02 
 1.113999999999971e-07 -4.222106983207996e-02 
 1.114999999999971e-07 -4.393465683895204e-02 
 1.115999999999971e-07 -4.547485030197462e-02 
 1.116999999999971e-07 -4.683567349852891e-02 
 1.117999999999971e-07 -4.801170611092354e-02 
 1.118999999999971e-07 -4.899839684947338e-02 
 1.119999999999971e-07 -4.979180491334234e-02 
 1.120999999999971e-07 -5.038886927886854e-02 
 1.121999999999971e-07 -5.078719004027055e-02 
 1.122999999999971e-07 -5.098524270558968e-02 
 1.123999999999971e-07 -5.098220400435505e-02 
 1.124999999999971e-07 -5.077811127700471e-02 
 1.125999999999971e-07 -5.037372911813609e-02 
 1.126999999999970e-07 -4.977065955514770e-02 
 1.127999999999970e-07 -4.897124239420947e-02 
 1.128999999999970e-07 -4.797862392144481e-02 
 1.129999999999970e-07 -4.679668299200435e-02 
 1.130999999999970e-07 -4.543006612957834e-02 
 1.131999999999970e-07 -4.388413192111429e-02 
 1.132999999999970e-07 -4.216495956255795e-02 
 1.133999999999970e-07 -4.027930531782498e-02 
 1.134999999999970e-07 -3.823459047002720e-02 
 1.135999999999970e-07 -3.603886486538710e-02 
 1.136999999999970e-07 -3.370077916241576e-02 
 1.137999999999970e-07 -3.122955173976227e-02 
 1.138999999999970e-07 -2.863492914591870e-02 
 1.139999999999970e-07 -2.592715379351285e-02 
 1.140999999999970e-07 -2.311691573072183e-02 
 1.141999999999970e-07 -2.021531946476585e-02 
 1.142999999999970e-07 -1.723382957857744e-02 
 1.143999999999969e-07 -1.418423580472239e-02 
 1.144999999999969e-07 -1.107859454447357e-02 
 1.145999999999969e-07 -7.929191892089849e-03 
 1.146999999999969e-07 -4.748482797577669e-03 
 1.147999999999969e-07 -1.549052202186818e-03 
 1.148999999999969e-07  1.656446671616241e-03 
 1.149999999999969e-07  4.855303012025747e-03 
 1.150999999999969e-07  8.035006257974597e-03 
 1.151999999999969e-07  1.118282296645012e-02 
 1.152999999999969e-07  1.428639802225540e-02 
 1.153999999999969e-07  1.733360364718517e-02 
 1.154999999999969e-07  2.031212581249786e-02 
 1.155999999999969e-07  2.321049001131836e-02 
 1.156999999999969e-07  2.601700574060950e-02 
 1.157999999999969e-07  2.872078857348126e-02 
 1.158999999999969e-07  3.131105293913938e-02 
 1.159999999999969e-07  3.377765623548235e-02 
 1.160999999999969e-07  3.611086334760794e-02 
 1.161999999999968e-07  3.830147048099986e-02 
 1.162999999999968e-07  4.034090028629711e-02 
 1.163999999999968e-07  4.222106982864959e-02 
 1.164999999999968e-07  4.393465683571485e-02 
 1.165999999999968e-07  4.547485029712384e-02 
 1.166999999999968e-07  4.683567349193707e-02 
 1.167999999999968e-07  4.801170610403815e-02 
 1.168999999999968e-07  4.899839684296126e-02 
 1.169999999999968e-07  4.979180490693480e-02 
 1.170999999999968e-07  5.038886927370845e-02 
 1.171999999999968e-07  5.078719003700627e-02 
 1.172999999999968e-07  5.098524270251747e-02 
 1.173999999999968e-07  5.098220400029230e-02 
 1.174999999999968e-07  5.077811127320020e-02 
 1.175999999999968e-07  5.037372911430227e-02 
 1.176999999999968e-07  4.977065955084892e-02 
 1.177999999999968e-07  4.897124238920392e-02 
 1.178999999999967e-07  4.797862391444974e-02 
 1.179999999999967e-07  4.679668298406159e-02 
 1.180999999999967e-07  4.543006612136047e-02 
 1.181999999999967e-07  4.388413191275808e-02 
 1.182999999999967e-07  4.216495955453570e-02 
 1.183999999999967e-07  4.027930530885859e-02 
 1.184999999999967e-07  3.823459046021371e-02 
 1.185999999999967e-07  3.603886485686081e-02 
 1.186999999999967e-07  3.370077915599112e-02 
 1.187999999999967e-07  3.122955173332653e-02 
 1.188999999999967e-07  2.863492913855059e-02 
 1.189999999999967e-07  2.592715378334387e-02 
 1.190999999999967e-07  2.311691571930408e-02 
 1.191999999999967e-07  2.021531945461774e-02 
 1.192999999999967e-07  1.723382957212372e-02 
 1.193999999999967e-07  1.418423580029327e-02 
 1.194999999999967e-07  1.107859454002202e-02 
 1.195999999999967e-07  7.929191885857945e-03 
 1.196999999999967e-07  4.748482791440134e-03 
 1.197999999999967e-07  1.549052198432044e-03 
 1.198999999999967e-07 -1.656446675351253e-03 
 1.199999999999967e-07 -4.855303017234913e-03 
 1.200999999999967e-07 -8.035006263844569e-03 
 1.201999999999967e-07 -1.118282297325535e-02 
 1.202999999999968e-07 -1.428639802863518e-02 
 1.203999999999968e-07 -1.733360365407655e-02 
 1.204999999999968e-07 -2.031212581924535e-02 
 1.205999999999968e-07 -2.321049001805431e-02 
 1.206999999999968e-07 -2.601700574627608e-02 
 1.207999999999968e-07 -2.872078857936944e-02 
 1.208999999999968e-07 -3.131105294507086e-02 
 1.209999999999968e-07 -3.377765624201068e-02 
 1.210999999999968e-07 -3.611086335347147e-02 
 1.211999999999968e-07 -3.830147048567345e-02 
 1.212999999999968e-07 -4.034090028991266e-02 
 1.213999999999968e-07 -4.222106983167273e-02 
 1.214999999999968e-07 -4.393465683926245e-02 
 1.215999999999969e-07 -4.547485030282084e-02 
 1.216999999999969e-07 -4.683567349995443e-02 
 1.217999999999969e-07 -4.801170611157968e-02 
 1.218999999999969e-07 -4.899839684922225e-02 
 1.219999999999969e-07 -4.979180491338209e-02 
 1.220999999999969e-07 -5.038886928019282e-02 
 1.221999999999969e-07 -5.078719004222698e-02 
 1.222999999999969e-07 -5.098524270718663e-02 
 1.223999999999969e-07 -5.098220400493214e-02 
 1.224999999999969e-07 -5.077811127717058e-02 
 1.225999999999969e-07 -5.037372911839166e-02 
 1.226999999999969e-07 -4.977065955624793e-02 
 1.227999999999969e-07 -4.897124239553774e-02 
 1.228999999999970e-07 -4.797862392238650e-02 
 1.229999999999970e-07 -4.679668299203699e-02 
 1.230999999999970e-07 -4.543006612850187e-02 
 1.231999999999970e-07 -4.388413191960150e-02 
 1.232999999999970e-07 -4.216495956164490e-02 
 1.233999999999970e-07 -4.027930531663459e-02 
 1.234999999999970e-07 -3.823459046842603e-02 
 1.235999999999970e-07 -3.603886486337138e-02 
 1.236999999999970e-07 -3.370077916171610e-02 
 1.237999999999970e-07 -3.122955174018238e-02 
 1.238999999999970e-07 -2.863492914792221e-02 
 1.239999999999970e-07 -2.592715379544197e-02 
 1.240999999999970e-07 -2.311691573064545e-02 
 1.241999999999970e-07 -2.021531946318400e-02 
 1.242999999999971e-07 -1.723382957725317e-02 
 1.243999999999971e-07 -1.418423580506678e-02 
 1.244999999999971e-07 -1.107859454493321e-02 
 1.245999999999971e-07 -7.929191892750431e-03 
 1.246999999999971e-07 -4.748482798481612e-03 
 1.247999999999971e-07 -1.549052203247525e-03 
 1.248999999999971e-07  1.656446671583378e-03 
 1.249999999999971e-07  4.855303013050483e-03 
 1.250999999999971e-07  8.035006259715871e-03 
 1.251999999999971e-07  1.118282296807926e-02 
 1.252999999999971e-07  1.428639802332166e-02 
 1.253999999999971e-07  1.733360364751868e-02 
 1.254999999999971e-07  2.031212581165498e-02 
 1.255999999999972e-07  2.321049001207043e-02 
 1.256999999999972e-07  2.601700574174792e-02 
 1.257999999999972e-07  2.872078857469118e-02 
 1.258999999999972e-07  3.131105294009551e-02 
 1.259999999999972e-07  3.377765623621642e-02 
 1.260999999999972e-07  3.611086334812130e-02 
 1.261999999999972e-07  3.830147048122656e-02 
 1.262999999999972e-07  4.034090028646697e-02 
 1.263999999999972e-07  4.222106982966278e-02 
 1.264999999999972e-07  4.393465683732201e-02 
 1.265999999999972e-07  4.547485029949172e-02 
 1.266999999999972e-07  4.683567349454010e-02 
 1.267999999999972e-07  4.801170610712280e-02 
 1.268999999999973e-07  4.899839684530471e-02 
 1.269999999999973e-07  4.979180490820001e-02 
 1.270999999999973e-07  5.038886927463126e-02 
 1.271999999999973e-07  5.078719003743837e-02 
 1.272999999999973e-07  5.098524270250082e-02 
 1.273999999999973e-07  5.098220400156617e-02 
 1.274999999999973e-07  5.077811127483756e-02 
 1.275999999999973e-07  5.037372911580285e-02 
 1.276999999999973e-07  4.977065955119597e-02 
 1.277999999999973e-07  4.897124238892925e-02 
 1.278999999999973e-07  4.797862391497798e-02 
 1.279999999999973e-07  4.679668298478834e-02 
 1.280999999999973e-07  4.543006612157674e-02 
 1.281999999999973e-07  4.388413191416851e-02 
 1.282999999999974e-07  4.216495955539701e-02 
 1.283999999999974e-07  4.027930530896850e-02 
 1.284999999999974e-07  3.823459046030542e-02 
 1.285999999999974e-07  3.603886485824193e-02 
 1.286999999999974e-07  3.370077915738801e-02 
 1.287999999999974e-07  3.122955173381969e-02 
 1.288999999999974e-07  2.863492913904131e-02 
 1.289999999999974e-07  2.592715378484622e-02 
 1.290999999999974e-07  2.311691572053309e-02 
 1.291999999999974e-07  2.021531945499566e-02 
 1.292999999999974e-07  1.723382957209885e-02 
 1.293999999999974e-07  1.418423580004813e-02 
 1.294999999999974e-07  1.107859453963544e-02 
 1.295999999999975e-07  7.929191885528653e-03 
 1.296999999999975e-07  4.748482791449682e-03 
 1.297999999999975e-07  1.549052197680645e-03 
 1.298999999999975e-07 -1.656446676299828e-03 
 1.299999999999975e-07 -4.855303017915258e-03 
 1.300999999999975e-07 -8.035006264548450e-03 
 1.301999999999975e-07 -1.118282297406514e-02 
 1.302999999999975e-07 -1.428639803002341e-02 
 1.303999999999975e-07 -1.733360365503733e-02 
 1.304999999999975e-07 -2.031212581940500e-02 
 1.305999999999975e-07 -2.321049001989950e-02 
 1.306999999999975e-07 -2.601700574809507e-02 
 1.307999999999975e-07 -2.872078858031135e-02 
 1.308999999999976e-07 -3.131105294466341e-02 
 1.309999999999976e-07 -3.377765624144602e-02 
 1.310999999999976e-07 -3.611086335227420e-02 
 1.311999999999976e-07 -3.830147048568255e-02 
 1.312999999999976e-07 -4.034090029079307e-02 
 1.313999999999976e-07 -4.222106983276208e-02 
 1.314999999999976e-07 -4.393465683907882e-02 
 1.315999999999976e-07 -4.547485030151721e-02 
 1.316999999999976e-07 -4.683567349708495e-02 
 1.317999999999976e-07 -4.801170610898997e-02 
 1.318999999999976e-07 -4.899839684739793e-02 
 1.319999999999976e-07 -4.979180491195434e-02 
 1.320999999999976e-07 -5.038886927839781e-02 
 1.321999999999977e-07 -5.078719004038001e-02 
 1.322999999999977e-07 -5.098524270569471e-02 
 1.323999999999977e-07 -5.098220400476117e-02 
 1.324999999999977e-07 -5.077811127798348e-02 
 1.325999999999977e-07 -5.037372912045734e-02 
 1.326999999999977e-07 -4.977065955727356e-02 
 1.327999999999977e-07 -4.897124239602757e-02 
 1.328999999999977e-07 -4.797862392298158e-02 
 1.329999999999977e-07 -4.679668299365880e-02 
 1.330999999999977e-07 -4.543006613048628e-02 
 1.331999999999977e-07 -4.388413192177731e-02 
 1.332999999999977e-07 -4.216495956290789e-02 
 1.333999999999977e-07 -4.027930531760826e-02 
 1.334999999999977e-07 -3.823459046954780e-02 
 1.335999999999978e-07 -3.603886486464658e-02 
 1.336999999999978e-07 -3.370077916255854e-02 
 1.337999999999978e-07 -3.122955174087094e-02 
 1.338999999999978e-07 -2.863492914836918e-02 
 1.339999999999978e-07 -2.592715379455779e-02 
 1.340999999999978e-07 -2.311691573054486e-02 
 1.341999999999978e-07 -2.021531946369692e-02 
 1.342999999999978e-07 -1.723382957865516e-02 
 1.343999999999978e-07 -1.418423580602668e-02 
 1.344999999999978e-07 -1.107859454586757e-02 
 1.345999999999978e-07 -7.929191893614185e-03 
 1.346999999999978e-07 -4.748482798553555e-03 
 1.347999999999978e-07 -1.549052203030143e-03 
 1.348999999999979e-07  1.656446671004730e-03 
 1.349999999999979e-07  4.855303011841894e-03 
 1.350999999999979e-07  8.035006257727906e-03 
 1.351999999999979e-07  1.118282296615059e-02 
 1.352999999999979e-07  1.428639802193210e-02 
 1.353999999999979e-07  1.733360364640069e-02 
 1.354999999999979e-07  2.031212581123953e-02 
 1.355999999999979e-07  2.321049001159969e-02 
 1.356999999999979e-07  2.601700574150057e-02 
 1.357999999999979e-07  2.872078857487259e-02 
 1.358999999999979e-07  3.131105294026071e-02 
 1.359999999999979e-07  3.377765623608164e-02 
 1.360999999999979e-07  3.611086334748181e-02 
 1.361999999999980e-07  3.830147048055133e-02 
 1.362999999999980e-07  4.034090028566628e-02 
 1.363999999999980e-07  4.222106982921980e-02 
 1.364999999999980e-07  4.393465683716613e-02 
 1.365999999999980e-07  4.547485029963538e-02 
 1.366999999999980e-07  4.683567349445505e-02 
 1.367999999999980e-07  4.801170610668759e-02 
 1.368999999999980e-07  4.899839684465412e-02 
 1.369999999999980e-07  4.979180490806634e-02 
 1.370999999999980e-07  5.038886927434394e-02 
 1.371999999999980e-07  5.078719003646159e-02 
 1.372999999999980e-07  5.098524270164151e-02 
 1.373999999999980e-07  5.098220400030717e-02 
 1.374999999999980e-07  5.077811127323617e-02 
 1.375999999999981e-07  5.037372911477966e-02 
 1.376999999999981e-07  4.977065955139870e-02 
 1.377999999999981e-07  4.897124238934158e-02 
 1.378999999999981e-07  4.797862391510499e-02 
 1.379999999999981e-07  4.679668298492756e-02 
 1.380999999999981e-07  4.543006612255485e-02 
 1.381999999999981e-07  4.388413191511442e-02 
 1.382999999999981e-07  4.216495955687427e-02 
 1.383999999999981e-07  4.027930531097312e-02 
 1.384999999999981e-07  3.823459046231337e-02 
 1.385999999999981e-07  3.603886485896246e-02 
 1.386999999999981e-07  3.370077915716330e-02 
 1.387999999999981e-07  3.122955173426689e-02 
 1.388999999999982e-07  2.863492913989174e-02 
 1.389999999999982e-07  2.592715378498101e-02 
 1.390999999999982e-07  2.311691571953745e-02 
 1.391999999999982e-07  2.021531945387878e-02 
 1.392999999999982e-07  1.723382957106145e-02 
 1.393999999999982e-07  1.418423579976413e-02 
 1.394999999999982e-07  1.107859453929505e-02 
 1.395999999999982e-07  7.929191886405285e-03 
 1.396999999999982e-07  4.748482792729991e-03 
 1.397999999999982e-07  1.549052199254053e-03 
 1.398999999999982e-07 -1.656446675370571e-03 
 1.399999999999982e-07 -4.855303017258450e-03 
 1.400999999999982e-07 -8.035006264112798e-03 
 1.401999999999983e-07 -1.118282297270978e-02 
 1.402999999999983e-07 -1.428639802876575e-02 
 1.403999999999983e-07 -1.733360365393288e-02 
 1.404999999999983e-07 -2.031212581902953e-02 
 1.405999999999983e-07 -2.321049001883413e-02 
 1.406999999999983e-07 -2.601700574732191e-02 
 1.407999999999983e-07 -2.872078858069371e-02 
 1.408999999999983e-07 -3.131105294668424e-02 
 1.409999999999983e-07 -3.377765624277562e-02 
 1.410999999999983e-07 -3.611086335387093e-02 
 1.411999999999983e-07 -3.830147048733701e-02 
 1.412999999999983e-07 -4.034090029165238e-02 
 1.413999999999983e-07 -4.222106983306517e-02 
 1.414999999999983e-07 -4.393465683867559e-02 
 1.415999999999984e-07 -4.547485030234477e-02 
 1.416999999999984e-07 -4.683567349908402e-02 
 1.417999999999984e-07 -4.801170611099992e-02 
 1.418999999999984e-07 -4.899839684925467e-02 
 1.419999999999984e-07 -4.979180491324731e-02 
 1.420999999999984e-07 -5.038886928036801e-02 
 1.421999999999984e-07 -5.078719004268528e-02 
 1.422999999999984e-07 -5.098524270666616e-02 
 1.423999999999984e-07 -5.098220400486975e-02 
 1.424999999999984e-07 -5.077811127799281e-02 
 1.425999999999984e-07 -5.037372911945215e-02 
 1.426999999999984e-07 -4.977065955682303e-02 
 1.427999999999984e-07 -4.897124239583728e-02 
 1.428999999999985e-07 -4.797862392278374e-02 
 1.429999999999985e-07 -4.679668299313700e-02 
 1.430999999999985e-07 -4.543006613001399e-02 
 1.431999999999985e-07 -4.388413192182283e-02 
 1.432999999999985e-07 -4.216495956376520e-02 
 1.433999999999985e-07 -4.027930531807411e-02 
 1.434999999999985e-07 -3.823459046930089e-02 
 1.435999999999985e-07 -3.603886486361807e-02 
 1.436999999999985e-07 -3.370077916179048e-02 
 1.437999999999985e-07 -3.122955174019615e-02 
 1.438999999999985e-07 -2.863492914640964e-02 
 1.439999999999985e-07 -2.592715379298416e-02 
 1.440999999999985e-07 -2.311691572933405e-02 
 1.441999999999986e-07 -2.021531946351440e-02 
 1.442999999999986e-07 -1.723382957898911e-02 
 1.443999999999986e-07 -1.418423580597539e-02 
 1.444999999999986e-07 -1.107859454587690e-02 
 1.445999999999986e-07 -7.929191893175869e-03 
 1.446999999999986e-07 -4.748482798170528e-03 
 1.447999999999986e-07 -1.549052203445589e-03 
 1.448999999999986e-07  1.656446670592615e-03 
 1.449999999999986e-07  4.855303011374712e-03 
 1.450999999999986e-07  8.035006257793853e-03 
 1.451999999999986e-07  1.118282296748752e-02 
 1.452999999999986e-07  1.428639802379772e-02 
 1.453999999999986e-07  1.733360364974867e-02 
 1.454999999999986e-07  2.031212581405839e-02 
 1.455999999999987e-07  2.321049001366848e-02 
 1.456999999999987e-07  2.601700574178678e-02 
 1.457999999999987e-07  2.872078857377391e-02 
 1.458999999999987e-07  3.131105293832714e-02 
 1.459999999999987e-07  3.377765623488260e-02 
 1.460999999999987e-07  3.611086334573810e-02 
 1.461999999999987e-07  3.830147047853005e-02 
 1.462999999999987e-07  4.034090028414639e-02 
 1.463999999999987e-07  4.222106982730311e-02 
 1.464999999999987e-07  4.393465683538511e-02 
 1.465999999999987e-07  4.547485029747134e-02 
 1.466999999999987e-07  4.683567349205608e-02 
 1.467999999999987e-07  4.801170610460570e-02 
 1.468999999999988e-07  4.899839684362806e-02 
 1.469999999999988e-07  4.979180490784718e-02 
 1.470999999999988e-07  5.038886927455466e-02 
 1.471999999999988e-07  5.078719003725363e-02 
 1.472999999999988e-07  5.098524270177851e-02 
 1.473999999999988e-07  5.098220399938369e-02 
 1.474999999999988e-07  5.077811127252652e-02 
 1.475999999999988e-07  5.037372911335658e-02 
 1.476999999999988e-07  4.977065954988880e-02 
 1.477999999999988e-07  4.897124238929718e-02 
 1.478999999999988e-07  4.797862391628871e-02 
 1.479999999999988e-07  4.679668298638529e-02 
 1.480999999999988e-07  4.543006612359157e-02 
 1.481999999999989e-07  4.388413191511797e-02 
 1.482999999999989e-07  4.216495955649902e-02 
 1.483999999999989e-07  4.027930531040380e-02 
 1.484999999999989e-07  3.823459046273237e-02 
 1.485999999999989e-07  3.603886485982977e-02 
 1.486999999999989e-07  3.370077915842584e-02 
 1.487999999999989e-07  3.122955173544395e-02 
 1.488999999999989e-07  2.863492914127930e-02 
 1.489999999999989e-07  2.592715378740129e-02 
 1.490999999999989e-07  2.311691572263008e-02 
 1.491999999999989e-07  2.021531945646760e-02 
 1.492999999999989e-07  1.723382957133524e-02 
 1.493999999999989e-07  1.418423579874473e-02 
 1.494999999999989e-07  1.107859453887139e-02 
 1.495999999999990e-07  7.929191886206555e-03 
 1.496999999999990e-07  4.748482792585662e-03 
 1.497999999999990e-07  1.549052198220879e-03 
 1.498999999999990e-07 -1.656446675960987e-03 
 1.499999999999990e-07 -4.855303017789803e-03 
 1.500999999999990e-07 -8.035006264745848e-03 
 1.501999999999990e-07 -1.118282297401452e-02 
 1.502999999999990e-07 -1.428639803006604e-02 
 1.503999999999990e-07 -1.733360365530823e-02 
 1.504999999999990e-07 -2.031212581963926e-02 
 1.505999999999990e-07 -2.321049001968456e-02 
 1.506999999999990e-07 -2.601700574758059e-02 
 1.507999999999990e-07 -2.872078858011884e-02 
 1.508999999999991e-07 -3.131105294548497e-02 
 1.509999999999991e-07 -3.377765624195828e-02 
 1.510999999999991e-07 -3.611086335351876e-02 
 1.511999999999991e-07 -3.830147048720556e-02 
 1.512999999999991e-07 -4.034090029160531e-02 
 1.513999999999991e-07 -4.222106983346086e-02 
 1.514999999999991e-07 -4.393465683976494e-02 
 1.515999999999991e-07 -4.547485030247245e-02 
 1.516999999999991e-07 -4.683567349836104e-02 
 1.517999999999991e-07 -4.801170611038930e-02 
 1.518999999999991e-07 -4.899839684854901e-02 
 1.519999999999991e-07 -4.979180491304236e-02 
 1.520999999999991e-07 -5.038886927884079e-02 
 1.521999999999992e-07 -5.078719004142518e-02 
 1.522999999999992e-07 -5.098524270602067e-02 
 1.523999999999992e-07 -5.098220400440123e-02 
 1.524999999999992e-07 -5.077811127743792e-02 
 1.525999999999992e-07 -5.037372911988092e-02 
 1.526999999999992e-07 -4.977065955749693e-02 
 1.527999999999992e-07 -4.897124239662443e-02 
 1.528999999999992e-07 -4.797862392335395e-02 
 1.529999999999992e-07 -4.679668299377560e-02 
 1.530999999999992e-07 -4.543006613118017e-02 
 1.531999999999992e-07 -4.388413192335205e-02 
 1.532999999999992e-07 -4.216495956511679e-02 
 1.533999999999992e-07 -4.027930531857615e-02 
 1.534999999999993e-07 -3.823459046852373e-02 
 1.535999999999993e-07 -3.603886486351038e-02 
 1.536999999999993e-07 -3.370077916192038e-02 
 1.537999999999993e-07 -3.122955174063491e-02 
 1.538999999999993e-07 -2.863492914838250e-02 
 1.539999999999993e-07 -2.592715379494015e-02 
 1.540999999999993e-07 -2.311691573112418e-02 
 1.541999999999993e-07 -2.021531946454180e-02 
 1.542999999999993e-07 -1.723382957924824e-02 
 1.543999999999993e-07 -1.418423580551598e-02 
 1.544999999999993e-07 -1.107859454493654e-02 
 1.545999999999993e-07 -7.929191891775211e-03 
 1.546999999999993e-07 -4.748482796670173e-03 
 1.547999999999993e-07 -1.549052201809342e-03 
 1.548999999999994e-07  1.656446672463119e-03 
 1.549999999999994e-07  4.855303012805345e-03 
 1.550999999999994e-07  8.035006258991340e-03 
 1.551999999999994e-07  1.118282296709183e-02 
 1.552999999999994e-07  1.428639802214726e-02 
 1.553999999999994e-07  1.733360364749803e-02 
 1.554999999999994e-07  2.031212581208264e-02 
 1.555999999999994e-07  2.321049001282738e-02 
 1.556999999999994e-07  2.601700574144594e-02 
 1.557999999999994e-07  2.872078857419269e-02 
 1.558999999999994e-07  3.131105293962921e-02 
 1.559999999999994e-07  3.377765623657591e-02 
 1.560999999999994e-07  3.611086334809954e-02 
 1.561999999999995e-07  3.830147048097565e-02 
 1.562999999999995e-07  4.034090028565807e-02 
 1.563999999999995e-07  4.222106982761553e-02 
 1.564999999999995e-07  4.393465683427999e-02 
 1.565999999999995e-07  4.547485029576892e-02 
 1.566999999999995e-07  4.683567349092188e-02 
 1.567999999999995e-07  4.801170610409722e-02 
 1.568999999999995e-07  4.899839684345242e-02 
 1.569999999999995e-07  4.979180490740420e-02 
 1.570999999999995e-07  5.038886927450648e-02 
 1.571999999999995e-07  5.078719003721788e-02 
 1.572999999999995e-07  5.098524270173876e-02 
 1.573999999999995e-07  5.098220399967346e-02 
 1.574999999999996e-07  5.077811127264154e-02 
 1.575999999999996e-07  5.037372911279858e-02 
 1.576999999999996e-07  4.977065954953996e-02 
 1.577999999999996e-07  4.897124238870276e-02 
 1.578999999999996e-07  4.797862391535324e-02 
 1.579999999999996e-07  4.679668298593809e-02 
 1.580999999999996e-07  4.543006612378431e-02 
 1.581999999999996e-07  4.388413191622309e-02 
 1.582999999999996e-07  4.216495955793942e-02 
 1.583999999999996e-07  4.027930531121449e-02 
 1.584999999999996e-07  3.823459046278788e-02 
 1.585999999999996e-07  3.603886485958707e-02 
 1.586999999999996e-07  3.370077915827285e-02 
 1.587999999999996e-07  3.122955173470632e-02 
 1.588999999999997e-07  2.863492914032717e-02 
 1.589999999999997e-07  2.592715378536736e-02 
 1.590999999999997e-07  2.311691571941688e-02 
 1.591999999999997e-07  2.021531945368915e-02 
 1.592999999999997e-07  1.723382957102548e-02 
 1.593999999999997e-07  1.418423579953942e-02 
 1.594999999999997e-07  1.107859453842042e-02 
 1.595999999999997e-07  7.929191884512132e-03 
 1.596999999999997e-07  4.748482790469799e-03 
 1.597999999999997e-07  1.549052197145517e-03 
 1.598999999999997e-07 -1.656446676473022e-03 
 1.599999999999997e-07 -4.855303018342694e-03 
 1.600999999999997e-07 -8.035006265635802e-03 
 1.601999999999998e-07 -1.118282297489337e-02 
 1.602999999999998e-07 -1.428639803064091e-02 
 1.603999999999998e-07 -1.733360365575343e-02 
 1.604999999999998e-07 -2.031212582056363e-02 
 1.605999999999998e-07 -2.321049002018860e-02 
 1.606999999999998e-07 -2.601700574779331e-02 
 1.607999999999998e-07 -2.872078858103344e-02 
 1.608999999999998e-07 -3.131105294645709e-02 
 1.609999999999998e-07 -3.377765624374374e-02 
 1.610999999999998e-07 -3.611086335414559e-02 
 1.611999999999998e-07 -3.830147048692867e-02 
 1.612999999999998e-07 -4.034090029185644e-02 
 1.613999999999998e-07 -4.222106983384233e-02 
 1.614999999999999e-07 -4.393465684023212e-02 
 1.615999999999999e-07 -4.547485030329845e-02 
 1.616999999999999e-07 -4.683567349954454e-02 
 1.617999999999999e-07 -4.801170611130035e-02 
 1.618999999999999e-07 -4.899839684917451e-02 
 1.619999999999999e-07 -4.979180491271973e-02 
 1.620999999999999e-07 -5.038886927934816e-02 
 1.621999999999999e-07 -5.078719004133725e-02 
 1.622999999999999e-07 -5.098524270673543e-02 
 1.623999999999999e-07 -5.098220400570597e-02 
 1.624999999999999e-07 -5.077811127945564e-02 
 1.625999999999999e-07 -5.037372912079507e-02 
 1.626999999999999e-07 -4.977065955708482e-02 
 1.627999999999999e-07 -4.897124239618877e-02 
 1.629000000000000e-07 -4.797862392328467e-02 
 1.630000000000000e-07 -4.679668299349604e-02 
 1.631000000000000e-07 -4.543006612912026e-02 
 1.632000000000000e-07 -4.388413192035179e-02 
 1.633000000000000e-07 -4.216495956239763e-02 
 1.634000000000000e-07 -4.027930531767132e-02 
 1.635000000000000e-07 -3.823459046911903e-02 
 1.636000000000000e-07 -3.603886486412744e-02 
 1.637000000000000e-07 -3.370077916182757e-02 
 1.638000000000000e-07 -3.122955174019704e-02 
 1.639000000000000e-07 -2.863492914749100e-02 
 1.640000000000000e-07 -2.592715379385013e-02 
 1.641000000000000e-07 -2.311691572976882e-02 
 1.642000000000001e-07 -2.021531946317823e-02 
 1.643000000000001e-07 -1.723382957759068e-02 
 1.644000000000001e-07 -1.418423580462247e-02 
 1.645000000000001e-07 -1.107859454515414e-02 
 1.646000000000001e-07 -7.929191893291554e-03 
 1.647000000000001e-07 -4.748482798084819e-03 
 1.648000000000001e-07 -1.549052202778567e-03 
 1.649000000000001e-07  1.656446672094747e-03 
 1.650000000000001e-07  4.855303013714618e-03 
 1.651000000000001e-07  8.035006259885291e-03 
 1.652000000000001e-07  1.118282296821116e-02 
 1.653000000000001e-07  1.428639802276410e-02 
 1.654000000000001e-07  1.733360364699932e-02 
 1.655000000000002e-07  2.031212581194186e-02 
 1.656000000000002e-07  2.321049001265196e-02 
 1.657000000000002e-07  2.601700574177945e-02 
 1.658000000000002e-07  2.872078857532934e-02 
 1.659000000000002e-07  3.131105294038394e-02 
 1.660000000000002e-07  3.377765623644802e-02 
 1.661000000000002e-07  3.611086334813218e-02 
 1.662000000000002e-07  3.830147048102539e-02 
 1.663000000000002e-07  4.034090028463311e-02 
 1.664000000000002e-07  4.222106982740659e-02 
 1.665000000000002e-07  4.393465683519304e-02 
 1.666000000000002e-07  4.547485029736786e-02 
 1.667000000000002e-07  4.683567349214601e-02 
 1.668000000000002e-07  4.801170610460992e-02 
 1.669000000000003e-07  4.899839684314511e-02 
 1.670000000000003e-07  4.979180490714818e-02 
 1.671000000000003e-07  5.038886927367159e-02 
 1.672000000000003e-07  5.078719003638721e-02 
 1.673000000000003e-07  5.098524270044313e-02 
 1.674000000000003e-07  5.098220399842268e-02 
 1.675000000000003e-07  5.077811127092802e-02 
 1.676000000000003e-07  5.037372911210936e-02 
 1.677000000000003e-07  4.977065954877680e-02 
 1.678000000000003e-07  4.897124238837525e-02 
 1.679000000000003e-07  4.797862391585150e-02 
 1.680000000000003e-07  4.679668298610329e-02 
 1.681000000000003e-07  4.543006612273759e-02 
 1.682000000000004e-07  4.388413191380880e-02 
 1.683000000000004e-07  4.216495955580823e-02 
 1.684000000000004e-07  4.027930530984847e-02 
 1.685000000000004e-07  3.823459046140143e-02 
 1.686000000000004e-07  3.603886485869467e-02 
 1.687000000000004e-07  3.370077915696568e-02 
 1.688000000000004e-07  3.122955173390674e-02 
 1.689000000000004e-07  2.863492913975385e-02 
 1.690000000000004e-07  2.592715378460575e-02 
 1.691000000000004e-07  2.311691572003771e-02 
 1.692000000000004e-07  2.021531945414101e-02 
 1.693000000000004e-07  1.723382957005248e-02 
 1.694000000000004e-07  1.418423579777883e-02 
 1.695000000000005e-07  1.107859453747606e-02 
 1.696000000000005e-07  7.929191884270548e-03 
 1.697000000000005e-07  4.748482790261521e-03 
 1.698000000000005e-07  1.549052197037382e-03 
 1.699000000000005e-07 -1.656446676260082e-03 
 1.700000000000005e-07 -4.855303017333723e-03 
 1.701000000000005e-07 -8.035006264324629e-03 
 1.702000000000005e-07 -1.118282297305706e-02 
 1.703000000000005e-07 -1.428639802807807e-02 
 1.704000000000005e-07 -1.733360365338221e-02 
 1.705000000000005e-07 -2.031212581809827e-02 
 1.706000000000005e-07 -2.321049001882569e-02 
 1.707000000000005e-07 -2.601700574752908e-02 
 1.708000000000006e-07 -2.872078858116156e-02 
 1.709000000000006e-07 -3.131105294550052e-02 
 1.710000000000006e-07 -3.377765624231133e-02 
 1.711000000000006e-07 -3.611086335449931e-02 
 1.712000000000006e-07 -3.830147048727861e-02 
 1.713000000000006e-07 -4.034090029126758e-02 
 1.714000000000006e-07 -4.222106983207574e-02 
 1.715000000000006e-07 -4.393465683792641e-02 
 1.716000000000006e-07 -4.547485030101939e-02 
 1.717000000000006e-07 -4.683567349743090e-02 
 1.718000000000006e-07 -4.801170610919914e-02 
 1.719000000000006e-07 -4.899839684750429e-02 
 1.720000000000006e-07 -4.979180491255342e-02 
 1.721000000000006e-07 -5.038886927958286e-02 
 1.722000000000007e-07 -5.078719004168075e-02 
 1.723000000000007e-07 -5.098524270660199e-02 
 1.724000000000007e-07 -5.098220400629772e-02 
 1.725000000000007e-07 -5.077811127949694e-02 
 1.726000000000007e-07 -5.037372912186133e-02 
 1.727000000000007e-07 -4.977065955894466e-02 
 1.728000000000007e-07 -4.897124239745998e-02 
 1.729000000000007e-07 -4.797862392385444e-02 
 1.730000000000007e-07 -4.679668299315343e-02 
 1.731000000000007e-07 -4.543006612870371e-02 
 1.732000000000007e-07 -4.388413192042728e-02 
 1.733000000000007e-07 -4.216495956304067e-02 
 1.734000000000007e-07 -4.027930531854573e-02 
 1.735000000000008e-07 -3.823459047038025e-02 
 1.736000000000008e-07 -3.603886486499741e-02 
 1.737000000000008e-07 -3.370077916222503e-02 
 1.738000000000008e-07 -3.122955173939856e-02 
 1.739000000000008e-07 -2.863492914569932e-02 
 1.740000000000008e-07 -2.592715379310295e-02 
 1.741000000000008e-07 -2.311691572972041e-02 
 1.742000000000008e-07 -2.021531946340094e-02 
 1.743000000000008e-07 -1.723382957827679e-02 
 1.744000000000008e-07 -1.418423580512140e-02 
 1.745000000000008e-07 -1.107859454501159e-02 
 1.746000000000008e-07 -7.929191893196741e-03 
 1.747000000000008e-07 -4.748482798679232e-03 
 1.748000000000009e-07 -1.549052204435242e-03 
 1.749000000000009e-07  1.656446669611178e-03 
 1.750000000000009e-07  4.855303010226741e-03 
 1.751000000000009e-07  8.035006257284705e-03 
 1.752000000000009e-07  1.118282296588569e-02 
 1.753000000000009e-07  1.428639802117226e-02 
 1.754000000000009e-07  1.733360364670777e-02 
 1.755000000000009e-07  2.031212581097241e-02 
 1.756000000000009e-07  2.321049001209508e-02 
 1.757000000000009e-07  2.601700574110599e-02 
 1.758000000000009e-07  2.872078857413696e-02 
 1.759000000000009e-07  3.131105293928726e-02 
 1.760000000000009e-07  3.377765623613316e-02 
 1.761000000000009e-07  3.611086334744140e-02 
 1.762000000000010e-07  3.830147048016697e-02 
 1.763000000000010e-07  4.034090028551485e-02 
 1.764000000000010e-07  4.222106982918938e-02 
 1.765000000000010e-07  4.393465683717945e-02 
 1.766000000000010e-07  4.547485029907228e-02 
 1.767000000000010e-07  4.683567349413220e-02 
 1.768000000000010e-07  4.801170610506245e-02 
 1.769000000000010e-07  4.899839684274920e-02 
 1.770000000000010e-07  4.979180490636725e-02 
 1.771000000000010e-07  5.038886927299280e-02 
 1.772000000000010e-07  5.078719003592114e-02 
 1.773000000000010e-07  5.098524270133242e-02 
 1.774000000000010e-07  5.098220400032516e-02 
 1.775000000000011e-07  5.077811127215015e-02 
 1.776000000000011e-07  5.037372911196525e-02 
 1.777000000000011e-07  4.977065954847837e-02 
 1.778000000000011e-07  4.897124238709560e-02 
 1.779000000000011e-07  4.797862391375385e-02 
 1.780000000000011e-07  4.679668298461981e-02 
 1.781000000000011e-07  4.543006612223022e-02 
 1.782000000000011e-07  4.388413191362472e-02 
 1.783000000000011e-07  4.216495955495292e-02 
 1.784000000000011e-07  4.027930530895318e-02 
 1.785000000000011e-07  3.823459046106259e-02 
 1.786000000000011e-07  3.603886485856900e-02 
 1.787000000000011e-07  3.370077915761938e-02 
 1.788000000000012e-07  3.122955173505937e-02 
 1.789000000000012e-07  2.863492914098664e-02 
 1.790000000000012e-07  2.592715378602661e-02 
 1.791000000000012e-07  2.311691572101360e-02 
 1.792000000000012e-07  2.021531945592692e-02 
 1.793000000000012e-07  1.723382957094954e-02 
 1.794000000000012e-07  1.418423579782191e-02 
 1.795000000000012e-07  1.107859453737547e-02 
 1.796000000000012e-07  7.929191883267572e-03 
 1.797000000000012e-07  4.748482789533215e-03 
 1.798000000000012e-07  1.549052195860989e-03 
 1.799000000000012e-07 -1.656446677751777e-03 
 1.800000000000012e-07 -4.855303018884483e-03 
 1.801000000000012e-07 -8.035006265792788e-03 
 1.802000000000013e-07 -1.118282297456830e-02 
 1.803000000000013e-07 -1.428639802947429e-02 
 1.804000000000013e-07 -1.733360365437941e-02 
 1.805000000000013e-07 -2.031212581805719e-02 
 1.806000000000013e-07 -2.321049001850239e-02 
 1.807000000000013e-07 -2.601700574694221e-02 
 1.808000000000013e-07 -2.872078857966986e-02 
 1.809000000000013e-07 -3.131105294436720e-02 
 1.810000000000013e-07 -3.377765624108475e-02 
 1.811000000000013e-07 -3.611086335293656e-02 
 1.812000000000013e-07 -3.830147048691535e-02 
 1.813000000000013e-07 -4.034090029132509e-02 
 1.814000000000013e-07 -4.222106983346174e-02 
 1.815000000000014e-07 -4.393465683968234e-02 
 1.816000000000014e-07 -4.547485030285214e-02 
 1.817000000000014e-07 -4.683567349946172e-02 
 1.818000000000014e-07 -4.801170611065819e-02 
 1.819000000000014e-07 -4.899839684946117e-02 
 1.820000000000014e-07 -4.979180491389590e-02 
 1.821000000000014e-07 -5.038886927957331e-02 
 1.822000000000014e-07 -5.078719004119114e-02 
 1.823000000000014e-07 -5.098524270605531e-02 
 1.824000000000014e-07 -5.098220400518372e-02 
 1.825000000000014e-07 -5.077811127864451e-02 
 1.826000000000014e-07 -5.037372912047244e-02 
 1.827000000000014e-07 -4.977065955785709e-02 
 1.828000000000015e-07 -4.897124239650186e-02 
 1.829000000000015e-07 -4.797862392430252e-02 
 1.830000000000015e-07 -4.679668299430717e-02 
 1.831000000000015e-07 -4.543006613136358e-02 
 1.832000000000015e-07 -4.388413192261109e-02 
 1.833000000000015e-07 -4.216495956273425e-02 
 1.834000000000015e-07 -4.027930531767021e-02 
 1.835000000000015e-07 -3.823459046915301e-02 
 1.836000000000015e-07 -3.603886486438101e-02 
 1.837000000000015e-07 -3.370077916206515e-02 
 1.838000000000015e-07 -3.122955174076925e-02 
 1.839000000000015e-07 -2.863492914746191e-02 
 1.840000000000015e-07 -2.592715379419164e-02 
 1.841000000000015e-07 -2.311691573039676e-02 
 1.842000000000016e-07 -2.021531946432575e-02 
 1.843000000000016e-07 -1.723382957855990e-02 
 1.844000000000016e-07 -1.418423580420591e-02 
 1.845000000000016e-07 -1.107859454377125e-02 
 1.846000000000016e-07 -7.929191891947962e-03 
 1.847000000000016e-07 -4.748482797414688e-03 
 1.848000000000016e-07 -1.549052202088008e-03 
 1.849000000000016e-07  1.656446671853606e-03 
 1.850000000000016e-07  4.855303012207379e-03 
 1.851000000000016e-07  8.035006257497201e-03 
 1.852000000000016e-07  1.118282296620920e-02 
 1.853000000000016e-07  1.428639802256293e-02 
 1.854000000000016e-07  1.733360364783154e-02 
 1.855000000000017e-07  2.031212581338560e-02 
 1.856000000000017e-07  2.321049001331388e-02 
 1.857000000000017e-07  2.601700574288635e-02 
 1.858000000000017e-07  2.872078857588334e-02 
 1.859000000000017e-07  3.131105293995673e-02 
 1.860000000000017e-07  3.377765623679463e-02 
 1.861000000000017e-07  3.611086334662650e-02 
 1.862000000000017e-07  3.830147048005683e-02 
 1.863000000000017e-07  4.034090028510207e-02 
 1.864000000000017e-07  4.222106982891272e-02 
 1.865000000000017e-07  4.393465683645892e-02 
 1.866000000000017e-07  4.547485029822429e-02 
 1.867000000000017e-07  4.683567349280948e-02 
 1.868000000000018e-07  4.801170610429040e-02 
 1.869000000000018e-07  4.899839684342289e-02 
 1.870000000000018e-07  4.979180490807900e-02 
 1.871000000000018e-07  5.038886927404995e-02 
 1.872000000000018e-07  5.078719003658860e-02 
 1.873000000000018e-07  5.098524270238403e-02 
 1.874000000000018e-07  5.098220399898401e-02 
 1.875000000000018e-07  5.077811127248788e-02 
 1.876000000000018e-07  5.037372911360571e-02 
 1.877000000000018e-07  4.977065954980953e-02 
 1.878000000000018e-07  4.897124238685002e-02 
 1.879000000000018e-07  4.797862391312613e-02 
 1.880000000000018e-07  4.679668298399453e-02 
 1.881000000000018e-07  4.543006612182010e-02 
 1.882000000000019e-07  4.388413191423313e-02 
 1.883000000000019e-07  4.216495955581911e-02 
 1.884000000000019e-07  4.027930530913348e-02 
 1.885000000000019e-07  3.823459046162170e-02 
 1.886000000000019e-07  3.603886485877705e-02 
 1.887000000000019e-07  3.370077915695613e-02 
 1.888000000000019e-07  3.122955173351127e-02 
 1.889000000000019e-07  2.863492913878907e-02 
 1.890000000000019e-07  2.592715378388633e-02 
 1.891000000000019e-07  2.311691571996710e-02 
 1.892000000000019e-07  2.021531945494415e-02 
 1.893000000000019e-07  1.723382957180619e-02 
 1.894000000000019e-07  1.418423580011918e-02 
 1.895000000000020e-07  1.107859453964855e-02 
 1.896000000000020e-07  7.929191885992060e-03 
 1.897000000000020e-07  4.748482791813835e-03 
 1.898000000000020e-07  1.549052198343226e-03 
 1.899000000000020e-07 -1.656446675294632e-03 
 1.900000000000020e-07 -4.855303017217372e-03 
 1.901000000000020e-07 -8.035006265165290e-03 
 1.902000000000020e-07 -1.118282297356887e-02 
 1.903000000000020e-07 -1.428639803025522e-02 
 1.904000000000020e-07 -1.733360365520986e-02 
 1.905000000000020e-07 -2.031212581947894e-02 
 1.906000000000020e-07 -2.321049001947451e-02 
 1.907000000000020e-07 -2.601700574763899e-02 
 1.908000000000021e-07 -2.872078858009530e-02 
 1.909000000000021e-07 -3.131105294549008e-02 
 1.910000000000021e-07 -3.377765624291174e-02 
 1.911000000000021e-07 -3.611086335530911e-02 
 1.912000000000021e-07 -3.830147048780086e-02 
 1.913000000000021e-07 -4.034090029182447e-02 
 1.914000000000021e-07 -4.222106983320351e-02 
 1.915000000000021e-07 -4.393465684045994e-02 
 1.916000000000021e-07 -4.547485030359555e-02 
 1.917000000000021e-07 -4.683567349967444e-02 
 1.918000000000021e-07 -4.801170611219963e-02 
 1.919000000000021e-07 -4.899839684984109e-02 
 1.920000000000021e-07 -4.979180491423785e-02 
 1.921000000000022e-07 -5.038886928046882e-02 
 1.922000000000022e-07 -5.078719004259158e-02 
 1.923000000000022e-07 -5.098524270725169e-02 
 1.924000000000022e-07 -5.098220400590781e-02 
 1.925000000000022e-07 -5.077811127861942e-02 
 1.926000000000022e-07 -5.037372912174454e-02 
 1.927000000000022e-07 -4.977065955807425e-02 
 1.928000000000022e-07 -4.897124239702189e-02 
 1.929000000000022e-07 -4.797862392329066e-02 
 1.930000000000022e-07 -4.679668299349848e-02 
 1.931000000000022e-07 -4.543006613006062e-02 
 1.932000000000022e-07 -4.388413192131768e-02 
 1.933000000000022e-07 -4.216495956223465e-02 
 1.934000000000022e-07 -4.027930531734536e-02 
 1.935000000000023e-07 -3.823459046811228e-02 
 1.936000000000023e-07 -3.603886486410302e-02 
 1.937000000000023e-07 -3.370077916248593e-02 
 1.938000000000023e-07 -3.122955174167785e-02 
 1.939000000000023e-07 -2.863492914838961e-02 
 1.940000000000023e-07 -2.592715379481336e-02 
 1.941000000000023e-07 -2.311691572887153e-02 
 1.942000000000023e-07 -2.021531946151489e-02 
 1.943000000000023e-07 -1.723382957641650e-02 
 1.944000000000023e-07 -1.418423580386596e-02 
 1.945000000000023e-07 -1.107859454481264e-02 
 1.946000000000023e-07 -7.929191891800302e-03 
 1.947000000000023e-07 -4.748482795983389e-03 
 1.948000000000024e-07 -1.549052201813783e-03 
 1.949000000000024e-07  1.656446672693379e-03 
 1.950000000000024e-07  4.855303012521350e-03 
 1.951000000000024e-07  8.035006258468425e-03 
 1.952000000000024e-07  1.118282296616502e-02 
 1.953000000000024e-07  1.428639802175202e-02 
 1.954000000000024e-07  1.733360364745495e-02 
 1.955000000000024e-07  2.031212581226005e-02 
 1.956000000000024e-07  2.321049001218434e-02 
 1.957000000000024e-07  2.601700574192312e-02 
 1.958000000000024e-07  2.872078857549054e-02 
 1.959000000000024e-07  3.131105294051650e-02 
 1.960000000000024e-07  3.377765623638296e-02 
 1.961000000000025e-07  3.611086334748470e-02 
 1.962000000000025e-07  3.830147047947063e-02 
 1.963000000000025e-07  4.034090028399473e-02 
 1.964000000000025e-07  4.222106982693052e-02 
 1.965000000000025e-07  4.393465683548481e-02 
 1.966000000000025e-07  4.547485029755460e-02 
 1.967000000000025e-07  4.683567349294937e-02 
 1.968000000000025e-07  4.801170610499583e-02 
 1.969000000000025e-07  4.899839684364182e-02 
 1.970000000000025e-07  4.979180490741042e-02 
 1.971000000000025e-07  5.038886927383501e-02 
 1.972000000000025e-07  5.078719003750898e-02 
 1.973000000000025e-07  5.098524270264759e-02 
 1.974000000000025e-07  5.098220400067754e-02 
 1.975000000000026e-07  5.077811127313248e-02 
 1.976000000000026e-07  5.037372911324867e-02 
 1.977000000000026e-07  4.977065954982085e-02 
 1.978000000000026e-07  4.897124238891193e-02 
 1.979000000000026e-07  4.797862391512586e-02 
 1.980000000000026e-07  4.679668298534190e-02 
 1.981000000000026e-07  4.543006612321809e-02 
 1.982000000000026e-07  4.388413191521945e-02 
 1.983000000000026e-07  4.216495955676480e-02 
 1.984000000000026e-07  4.027930531111923e-02 
 1.985000000000026e-07  3.823459046259803e-02 
 1.986000000000026e-07  3.603886486036734e-02 
 1.987000000000026e-07  3.370077915872915e-02 
 1.988000000000027e-07  3.122955173529829e-02 
 1.989000000000027e-07  2.863492914107013e-02 
 1.990000000000027e-07  2.592715378671628e-02 
 1.991000000000027e-07  2.311691572124497e-02 
 1.992000000000027e-07  2.021531945499566e-02 
 1.993000000000027e-07  1.723382957061470e-02 
 1.994000000000027e-07  1.418423579891193e-02 
 1.995000000000027e-07  1.107859453882809e-02 
 1.996000000000027e-07  7.929191886576703e-03 
 1.997000000000027e-07  4.748482793194286e-03 
 1.998000000000027e-07  1.549052198767997e-03 
 1.999000000000027e-07 -1.656446675287304e-03 
 2.000000000000027e-07 -4.855303016860768e-03 
 2.001000000000028e-07 -8.035006264111910e-03 
 2.002000000000028e-07 -1.118282297407314e-02 
 2.003000000000028e-07 -1.428639802915832e-02 
 2.004000000000028e-07 -1.733360365555514e-02 
 2.005000000000028e-07 -2.031212581949404e-02 
 2.006000000000028e-07 -2.321049001939501e-02 
 2.007000000000028e-07 -2.601700574722954e-02 
 2.008000000000028e-07 -2.872078858082738e-02 
 2.009000000000028e-07 -3.131105294714343e-02 
 2.010000000000028e-07 -3.377765624403994e-02 
 2.011000000000028e-07 -3.611086335518143e-02 
 2.012000000000028e-07 -3.830147048808374e-02 
 2.013000000000028e-07 -4.034090029126336e-02 
 2.014000000000028e-07 -4.222106983293905e-02 
 2.015000000000029e-07 -4.393465683966569e-02 
 2.016000000000029e-07 -4.547485030281040e-02 
 2.017000000000029e-07 -4.683567349939155e-02 
 2.018000000000029e-07 -4.801170611114114e-02 
 2.019000000000029e-07 -4.899839684898355e-02 
 2.020000000000029e-07 -4.979180491356905e-02 
 2.021000000000029e-07 -5.038886927986019e-02 
 2.022000000000029e-07 -5.078719004264687e-02 
 2.023000000000029e-07 -5.098524270837035e-02 
 2.024000000000029e-07 -5.098220400637743e-02 
 2.025000000000029e-07 -5.077811127993059e-02 
 2.026000000000029e-07 -5.037372912041960e-02 
 2.027000000000029e-07 -4.977065955713744e-02 
 2.028000000000030e-07 -4.897124239553330e-02 
 2.029000000000030e-07 -4.797862392236896e-02 
 2.030000000000030e-07 -4.679668299182582e-02 
 2.031000000000030e-07 -4.543006612846523e-02 
 2.032000000000030e-07 -4.388413192036733e-02 
 2.033000000000030e-07 -4.216495956264055e-02 
 2.034000000000030e-07 -4.027930531767177e-02 
 2.035000000000030e-07 -3.823459046929933e-02 
 2.036000000000030e-07 -3.603886486518615e-02 
 2.037000000000030e-07 -3.370077916302550e-02 
 2.038000000000030e-07 -3.122955174144781e-02 
 2.039000000000030e-07 -2.863492914909616e-02 
 2.040000000000030e-07 -2.592715379631838e-02 
 2.041000000000031e-07 -2.311691573159358e-02 
 2.042000000000031e-07 -2.021531946476429e-02 
 2.043000000000031e-07 -1.723382957834407e-02 
 2.044000000000031e-07 -1.418423580542760e-02 
 2.045000000000031e-07 -1.107859454551141e-02 
 2.046000000000031e-07 -7.929191892956711e-03 
 2.047000000000031e-07 -4.748482797942266e-03 
 2.048000000000031e-07 -1.549052202733936e-03 
 2.049000000000031e-07  1.656446671494116e-03 
 2.050000000000031e-07  4.855303012871515e-03 
 2.051000000000031e-07  8.035006259671906e-03 
 2.052000000000031e-07  1.118282296786233e-02 
 2.053000000000031e-07  1.428639802416964e-02 
 2.054000000000031e-07  1.733360364897507e-02 
 2.055000000000032e-07  2.031212581338337e-02 
 2.056000000000032e-07  2.321049001409281e-02 
 2.057000000000032e-07  2.601700574218313e-02 
 2.058000000000032e-07  2.872078857580052e-02 
 2.059000000000032e-07  3.131105294107361e-02 
 2.060000000000032e-07  3.377765623736861e-02 
 2.061000000000032e-07  3.611086334842684e-02 
 2.062000000000032e-07  3.830147048187404e-02 
 2.063000000000032e-07  4.034090028560389e-02 
 2.064000000000032e-07  4.222106982810603e-02 
 2.065000000000032e-07  4.393465683497477e-02 
 2.066000000000032e-07  4.547485029700549e-02 
 2.067000000000032e-07  4.683567349327955e-02 
 2.068000000000033e-07  4.801170610477801e-02 
 2.069000000000033e-07  4.899839684326990e-02 
 2.070000000000033e-07  4.979180490747614e-02 
 2.071000000000033e-07  5.038886927324460e-02 
 2.072000000000033e-07  5.078719003656396e-02 
 2.073000000000033e-07  5.098524270057281e-02 
 2.074000000000033e-07  5.098220399878328e-02 
 2.075000000000033e-07  5.077811127287490e-02 
 2.076000000000033e-07  5.037372911421989e-02 
 2.077000000000033e-07  4.977065955027737e-02 
 2.078000000000033e-07  4.897124238846695e-02 
 2.079000000000033e-07  4.797862391422192e-02 
 2.080000000000033e-07  4.679668298359663e-02 
 2.081000000000034e-07  4.543006612096989e-02 
 2.082000000000034e-07  4.388413191312734e-02 
 2.083000000000034e-07  4.216495955428057e-02 
 2.084000000000034e-07  4.027930530891810e-02 
 2.085000000000034e-07  3.823459046102329e-02 
 2.086000000000034e-07  3.603886485830810e-02 
 2.087000000000034e-07  3.370077915738401e-02 
 2.088000000000034e-07  3.122955173380881e-02 
 2.089000000000034e-07  2.863492914049370e-02 
 2.090000000000034e-07  2.592715378627974e-02 
 2.091000000000034e-07  2.311691572135399e-02 
 2.092000000000034e-07  2.021531945565580e-02 
 2.093000000000034e-07  1.723382957110142e-02 
 2.094000000000035e-07  1.418423579881911e-02 
 2.095000000000035e-07  1.107859453693449e-02 
 2.096000000000035e-07  7.929191883464082e-03 
 2.097000000000035e-07  4.748482789588282e-03 
 2.098000000000035e-07  1.549052197203249e-03 
 2.099000000000035e-07 -1.656446677153145e-03 
 2.100000000000035e-07 -4.855303019107415e-03 
 2.101000000000035e-07 -8.035006266157163e-03 
 2.102000000000035e-07 -1.118282297416240e-02 
 2.103000000000035e-07 -1.428639802894338e-02 
 2.104000000000035e-07 -1.733360365397818e-02 
 2.105000000000035e-07 -2.031212581871622e-02 
 2.106000000000035e-07 -2.321049001813935e-02 
 2.107000000000035e-07 -2.601700574679544e-02 
 2.108000000000036e-07 -2.872078858060179e-02 
 2.109000000000036e-07 -3.131105294559333e-02 
 2.110000000000036e-07 -3.377765624305673e-02 
 2.111000000000036e-07 -3.611086335488545e-02 
 2.112000000000036e-07 -3.830147048768850e-02 
 2.113000000000036e-07 -4.034090029083703e-02 
 2.114000000000036e-07 -4.222106983242746e-02 
 2.115000000000036e-07 -4.393465683983000e-02 
 2.116000000000036e-07 -4.547485030250087e-02 
 2.117000000000036e-07 -4.683567349913997e-02 
 2.118000000000036e-07 -4.801170611042371e-02 
 2.119000000000036e-07 -4.899839684824103e-02 
 2.120000000000036e-07 -4.979180491181712e-02 
 2.121000000000037e-07 -5.038886927991904e-02 
 2.122000000000037e-07 -5.078719004135723e-02 
 2.123000000000037e-07 -5.098524270678340e-02 
 2.124000000000037e-07 -5.098220400557385e-02 
 2.125000000000037e-07 -5.077811127840892e-02 
 2.126000000000037e-07 -5.037372912082194e-02 
 2.127000000000037e-07 -4.977065955913740e-02 
 2.128000000000037e-07 -4.897124239808570e-02 
 2.129000000000037e-07 -4.797862392540564e-02 
 2.130000000000037e-07 -4.679668299482809e-02 
 2.131000000000037e-07 -4.543006613122658e-02 
 2.132000000000037e-07 -4.388413192191876e-02 
 2.133000000000037e-07 -4.216495956293587e-02 
 2.134000000000038e-07 -4.027930531764934e-02 
 2.135000000000038e-07 -3.823459046833344e-02 
 2.136000000000038e-07 -3.603886486400176e-02 
 2.137000000000038e-07 -3.370077916222547e-02 
 2.138000000000038e-07 -3.122955173977093e-02 
 2.139000000000038e-07 -2.863492914708488e-02 
 2.140000000000038e-07 -2.592715379426669e-02 
 2.141000000000038e-07 -2.311691573029329e-02 
 2.142000000000038e-07 -2.021531946349553e-02 
 2.143000000000038e-07 -1.723382957811492e-02 
 2.144000000000038e-07 -1.418423580433070e-02 
 2.145000000000038e-07 -1.107859454534066e-02 
 2.146000000000038e-07 -7.929191893109255e-03 
 2.147000000000038e-07 -4.748482797717557e-03 
 2.148000000000039e-07 -1.549052202903134e-03 
 2.149000000000039e-07  1.656446671108203e-03 
 2.150000000000039e-07  4.855303012325951e-03 
 2.151000000000039e-07  8.035006259025312e-03 
 2.152000000000039e-07  1.118282296740869e-02 
 2.153000000000039e-07  1.428639802167098e-02 
 2.154000000000039e-07  1.733360364665892e-02 
 2.155000000000039e-07  2.031212581164477e-02 
 2.156000000000039e-07  2.321049001321929e-02 
 2.157000000000039e-07  2.601700574343901e-02 
 2.158000000000039e-07  2.872078857658855e-02 
 2.159000000000039e-07  3.131105294115200e-02 
 2.160000000000039e-07  3.377765623770057e-02 
 2.161000000000040e-07  3.611086334966962e-02 
 2.162000000000040e-07  3.830147048132604e-02 
 2.163000000000040e-07  4.034090028600312e-02 
 2.164000000000040e-07  4.222106982866958e-02 
 2.165000000000040e-07  4.393465683524478e-02 
 2.166000000000040e-07  4.547485029613330e-02 
 2.167000000000040e-07  4.683567349103535e-02 
 2.168000000000040e-07  4.801170610428929e-02 
 2.169000000000040e-07  4.899839684344531e-02 
 2.170000000000040e-07  4.979180490792867e-02 
 2.171000000000040e-07  5.038886927458752e-02 
 2.172000000000040e-07  5.078719003797572e-02 
 2.173000000000040e-07  5.098524270164018e-02 
 2.174000000000041e-07  5.098220400020459e-02 
 2.175000000000041e-07  5.077811127200715e-02 
 2.176000000000041e-07  5.037372911360283e-02 
 2.177000000000041e-07  4.977065955010374e-02 
 2.178000000000041e-07  4.897124238786255e-02 
 2.179000000000041e-07  4.797862391424812e-02 
 2.180000000000041e-07  4.679668298417305e-02 
 2.181000000000041e-07  4.543006612266121e-02 
 2.182000000000041e-07  4.388413191487550e-02 
 2.183000000000041e-07  4.216495955659405e-02 
 2.184000000000041e-07  4.027930530859525e-02 
 2.185000000000041e-07  3.823459045975675e-02 
 2.186000000000041e-07  3.603886485672936e-02 
 2.187000000000041e-07  3.370077915676783e-02 
 2.188000000000042e-07  3.122955173426356e-02 
 2.189000000000042e-07  2.863492914057164e-02 
 2.190000000000042e-07  2.592715378606059e-02 
 2.191000000000042e-07  2.311691572098140e-02 
 2.192000000000042e-07  2.021531945590738e-02 
 2.193000000000042e-07  1.723382957289954e-02 
 2.194000000000042e-07  1.418423580021644e-02 
 2.195000000000042e-07  1.107859454038351e-02 
 2.196000000000042e-07  7.929191886047349e-03 
 2.197000000000042e-07  4.748482791645081e-03 
 2.198000000000042e-07  1.549052198554168e-03 
 2.199000000000042e-07 -1.656446675821766e-03 
 2.200000000000042e-07 -4.855303018425960e-03 
 2.201000000000043e-07 -8.035006264808686e-03 
 2.202000000000043e-07 -1.118282297313566e-02 
 2.203000000000043e-07 -1.428639802813825e-02 
 2.204000000000043e-07 -1.733360365409631e-02 
 2.205000000000043e-07 -2.031212581944430e-02 
 2.206000000000043e-07 -2.321049001912767e-02 
 2.207000000000043e-07 -2.601700574794519e-02 
 2.208000000000043e-07 -2.872078858196891e-02 
 2.209000000000043e-07 -3.131105294649328e-02 
 2.210000000000043e-07 -3.377765624254092e-02 
 2.211000000000043e-07 -3.611086335284130e-02 
 2.212000000000043e-07 -3.830147048539634e-02 
 2.213000000000043e-07 -4.034090028925430e-02 
 2.214000000000044e-07 -4.222106983118068e-02 
 2.215000000000044e-07 -4.393465683804765e-02 
 2.216000000000044e-07 -4.547485030019560e-02 
 2.217000000000044e-07 -4.683567349697348e-02 
 2.218000000000044e-07 -4.801170610967254e-02 
 2.219000000000044e-07 -4.899839684846086e-02 
 2.220000000000044e-07 -4.979180491319601e-02 
 2.221000000000044e-07 -5.038886927916497e-02 
 2.222000000000044e-07 -5.078719004177246e-02 
 2.223000000000044e-07 -5.098524270638882e-02 
 2.224000000000044e-07 -5.098220400428488e-02 
 2.225000000000044e-07 -5.077811127731380e-02 
 2.226000000000044e-07 -5.037372911943949e-02 
 2.227000000000044e-07 -4.977065955705839e-02 
 2.228000000000045e-07 -4.897124239769823e-02 
 2.229000000000045e-07 -4.797862392445662e-02 
 2.230000000000045e-07 -4.679668299464201e-02 
 2.231000000000045e-07 -4.543006613201284e-02 
 2.232000000000045e-07 -4.388413192402574e-02 
 2.233000000000045e-07 -4.216495956547339e-02 
 2.234000000000045e-07 -4.027930532017088e-02 
 2.235000000000045e-07 -3.823459047106947e-02 
 2.236000000000045e-07 -3.603886486538244e-02 
 2.237000000000045e-07 -3.370077916261183e-02 
 2.238000000000045e-07 -3.122955174065445e-02 
 2.239000000000045e-07 -2.863492914796373e-02 
 2.240000000000045e-07 -2.592715379558741e-02 
 2.241000000000046e-07 -2.311691573161667e-02 
 2.242000000000046e-07 -2.021531946354238e-02 
 2.243000000000046e-07 -1.723382957814668e-02 
 2.244000000000046e-07 -1.418423580450012e-02 
 2.245000000000046e-07 -1.107859454420179e-02 
 2.246000000000046e-07 -7.929191892953824e-03 
 2.247000000000046e-07 -4.748482798503151e-03 
 2.248000000000046e-07 -1.549052204207424e-03 
 2.249000000000046e-07  1.656446670367462e-03 
 2.250000000000046e-07  4.855303011200629e-03 
 2.251000000000046e-07  8.035006258414246e-03 
 2.252000000000046e-07  1.118282296614126e-02 
 2.253000000000046e-07  1.428639802117537e-02 
 2.254000000000047e-07  1.733360364677683e-02 
 2.255000000000047e-07  2.031212581241992e-02 
 2.256000000000047e-07  2.321049001214037e-02 
 2.257000000000047e-07  2.601700574106669e-02 
 2.258000000000047e-07  2.872078857437832e-02 
 2.259000000000047e-07  3.131105293896308e-02 
 2.260000000000047e-07  3.377765623533246e-02 
 2.261000000000047e-07  3.611086334609359e-02 
 2.262000000000047e-07  3.830147048005617e-02 
 2.263000000000047e-07  4.034090028553039e-02 
 2.264000000000047e-07  4.222106982788554e-02 
 2.265000000000047e-07  4.393465683528031e-02 
 2.266000000000047e-07  4.547485029754617e-02 
 2.267000000000047e-07  4.683567349210227e-02 
 2.268000000000048e-07  4.801170610521899e-02 
 2.269000000000048e-07  4.899839684329299e-02 
 2.270000000000048e-07  4.979180490716018e-02 
 2.271000000000048e-07  5.038886927378594e-02 
 2.272000000000048e-07  5.078719003651155e-02 
 2.273000000000048e-07  5.098524270203475e-02 
 2.274000000000048e-07  5.098220399971587e-02 
 2.275000000000048e-07  5.077811127358722e-02 
 2.276000000000048e-07  5.037372911532856e-02 
 2.277000000000048e-07  4.977065955174198e-02 
 2.278000000000048e-07  4.897124238984585e-02 
 2.279000000000048e-07  4.797862391570429e-02 
 2.280000000000048e-07  4.679668298653761e-02 
 2.281000000000049e-07  4.543006612436606e-02 
 2.282000000000049e-07  4.388413191664431e-02 
 2.283000000000049e-07  4.216495955794608e-02 
 2.284000000000049e-07  4.027930531216040e-02 
 2.285000000000049e-07  3.823459046318112e-02 
 2.286000000000049e-07  3.603886485950092e-02 
 2.287000000000049e-07  3.370077915811276e-02 
 2.288000000000049e-07  3.122955173455466e-02 
 2.289000000000049e-07  2.863492913994903e-02 
 2.290000000000049e-07  2.592715378563537e-02 
 2.291000000000049e-07  2.311691572029595e-02 
 2.292000000000049e-07  2.021531945499122e-02 
 2.293000000000049e-07  1.723382957126729e-02 
 2.294000000000050e-07  1.418423579967287e-02 
 2.295000000000050e-07  1.107859453868842e-02 
 2.296000000000050e-07  7.929191885680975e-03 
 2.297000000000050e-07  4.748482791704589e-03 
 2.298000000000050e-07  1.549052197923562e-03 
 2.299000000000050e-07 -1.656446676641998e-03 
 2.300000000000050e-07 -4.855303017937018e-03 
 2.301000000000050e-07 -8.035006264988542e-03 
 2.302000000000050e-07 -1.118282297406203e-02 
 2.303000000000050e-07 -1.428639802972942e-02 
 2.304000000000050e-07 -1.733360365350034e-02 
 2.305000000000050e-07 -2.031212581760489e-02 
 2.306000000000050e-07 -2.321049001768816e-02 
 2.307000000000051e-07 -2.601700574684296e-02 
 2.308000000000051e-07 -2.872078858019078e-02 
 2.309000000000051e-07 -3.131105294563663e-02 
 2.310000000000051e-07 -3.377765624194362e-02 
 2.311000000000051e-07 -3.611086335447333e-02 
 2.312000000000051e-07 -3.830147048762589e-02 
 2.313000000000051e-07 -4.034090029220727e-02 
 2.314000000000051e-07 -4.222106983380369e-02 
 2.315000000000051e-07 -4.393465684021991e-02 
 2.316000000000051e-07 -4.547485030335574e-02 
 2.317000000000051e-07 -4.683567349938511e-02 
 2.318000000000051e-07 -4.801170611109229e-02 
 2.319000000000051e-07 -4.899839684922580e-02 
 2.320000000000051e-07 -4.979180491347623e-02 
 2.321000000000052e-07 -5.038886927969832e-02 
 2.322000000000052e-07 -5.078719004172472e-02 
 2.323000000000052e-07 -5.098524270731897e-02 
 2.324000000000052e-07 -5.098220400572107e-02 
 2.325000000000052e-07 -5.077811127837406e-02 
 2.326000000000052e-07 -5.037372912066207e-02 
 2.327000000000052e-07 -4.977065955784332e-02 
 2.328000000000052e-07 -4.897124239653539e-02 
 2.329000000000052e-07 -4.797862392341967e-02 
 2.330000000000052e-07 -4.679668299335815e-02 
 2.331000000000052e-07 -4.543006612919109e-02 
 2.332000000000052e-07 -4.388413192096396e-02 
 2.333000000000052e-07 -4.216495956321875e-02 
 2.334000000000053e-07 -4.027930531756141e-02 
 2.335000000000053e-07 -3.823459046877509e-02 
 2.336000000000053e-07 -3.603886486491281e-02 
 2.337000000000053e-07 -3.370077916324399e-02 
 2.338000000000053e-07 -3.122955174145625e-02 
 2.339000000000053e-07 -2.863492914721433e-02 
 2.340000000000053e-07 -2.592715379394361e-02 
 2.341000000000053e-07 -2.311691573025154e-02 
 2.342000000000053e-07 -2.021531946392896e-02 
 2.343000000000053e-07 -1.723382957881991e-02 
 2.344000000000053e-07 -1.418423580537809e-02 
 2.345000000000053e-07 -1.107859454449978e-02 
 2.346000000000053e-07 -7.929191892061649e-03 
 2.347000000000054e-07 -4.748482797927167e-03 
 2.348000000000054e-07 -1.549052203540846e-03 
 2.349000000000054e-07  1.656446670682765e-03 
 2.350000000000054e-07  4.855303011872092e-03 
 2.351000000000054e-07  8.035006258927169e-03 
 2.352000000000054e-07  1.118282296828976e-02 
 2.353000000000054e-07  1.428639802432885e-02 
 2.354000000000054e-07  1.733360364866199e-02 
 2.355000000000054e-07  2.031212581343533e-02 
 2.356000000000054e-07  2.321049001453179e-02 
 2.357000000000054e-07  2.601700574438226e-02 
 2.358000000000054e-07  2.872078857642957e-02 
 2.359000000000054e-07  3.131105294084957e-02 
 2.360000000000054e-07  3.377765623526829e-02 
 2.361000000000055e-07  3.611086334606783e-02 
 2.362000000000055e-07  3.830147047914245e-02 
 2.363000000000055e-07  4.034090028336834e-02 
 2.364000000000055e-07  4.222106982642515e-02 
 2.365000000000055e-07  4.393465683412745e-02 
 2.366000000000055e-07  4.547485029662002e-02 
 2.367000000000055e-07  4.683567349138307e-02 
 2.368000000000055e-07  4.801170610556138e-02 
 2.369000000000055e-07  4.899839684513241e-02 
 2.370000000000055e-07  4.979180490899049e-02 
 2.371000000000055e-07  5.038886927524278e-02 
 2.372000000000055e-07  5.078719003745658e-02 
 2.373000000000055e-07  5.098524270087790e-02 
 2.374000000000056e-07  5.098220399817688e-02 
 2.375000000000056e-07  5.077811127218301e-02 
 2.376000000000056e-07  5.037372911429827e-02 
 2.377000000000056e-07  4.977065955026294e-02 
 2.378000000000056e-07  4.897124238867767e-02 
 2.379000000000056e-07  4.797862391502816e-02 
 2.380000000000056e-07  4.679668298476480e-02 
 2.381000000000056e-07  4.543006612204525e-02 
 2.382000000000056e-07  4.388413191358054e-02 
 2.383000000000056e-07  4.216495955548583e-02 
 2.384000000000056e-07  4.027930530975121e-02 
 2.385000000000056e-07  3.823459046118827e-02 
 2.386000000000056e-07  3.603886485871377e-02 
 2.387000000000057e-07  3.370077915867342e-02 
 2.388000000000057e-07  3.122955173578279e-02 
 2.389000000000057e-07  2.863492914163390e-02 
 2.390000000000057e-07  2.592715378738797e-02 
 2.391000000000057e-07  2.311691572230856e-02 
 2.392000000000057e-07  2.021531945579458e-02 
 2.393000000000057e-07  1.723382957198716e-02 
 2.394000000000057e-07  1.418423580010586e-02 
 2.395000000000057e-07  1.107859453975735e-02 
 2.396000000000057e-07  7.929191885592157e-03 
 2.397000000000057e-07  4.748482791550934e-03 
 2.398000000000057e-07  1.549052196927914e-03 
 2.399000000000057e-07 -1.656446675649903e-03 
 2.400000000000057e-07 -4.855303017227364e-03 
 2.401000000000058e-07 -8.035006264175859e-03 
 2.402000000000058e-07 -1.118282297323647e-02 
 2.403000000000058e-07 -1.428639802811027e-02 
 2.404000000000058e-07 -1.733360365328585e-02 
 2.405000000000058e-07 -2.031212581825637e-02 
 2.406000000000058e-07 -2.321049001737840e-02 
 2.407000000000058e-07 -2.601700574591037e-02 
 2.408000000000058e-07 -2.872078858003868e-02 
 2.409000000000058e-07 -3.131105294500425e-02 
 2.410000000000058e-07 -3.377765624165874e-02 
 2.411000000000058e-07 -3.611086335438918e-02 
 2.412000000000058e-07 -3.830147048722776e-02 
 2.413000000000058e-07 -4.034090029102333e-02 
 2.414000000000059e-07 -4.222106983153862e-02 
 2.415000000000059e-07 -4.393465683859965e-02 
 2.416000000000059e-07 -4.547485030142373e-02 
 2.417000000000059e-07 -4.683567349733275e-02 
 2.418000000000059e-07 -4.801170610904948e-02 
 2.419000000000059e-07 -4.899839684800167e-02 
 2.420000000000059e-07 -4.979180491232094e-02 
 2.421000000000059e-07 -5.038886927900998e-02 
 2.422000000000059e-07 -5.078719004132548e-02 
 2.423000000000059e-07 -5.098524270634663e-02 
 2.424000000000059e-07 -5.098220400403464e-02 
 2.425000000000059e-07 -5.077811127777254e-02 
 2.426000000000059e-07 -5.037372911998883e-02 
 2.427000000000060e-07 -4.977065955854987e-02 
 2.428000000000060e-07 -4.897124239678363e-02 
 2.429000000000060e-07 -4.797862392398677e-02 
 2.430000000000060e-07 -4.679668299390194e-02 
 2.431000000000060e-07 -4.543006613013945e-02 
 2.432000000000060e-07 -4.388413192155460e-02 
 2.433000000000060e-07 -4.216495956329669e-02 
 2.434000000000060e-07 -4.027930531785118e-02 
 2.435000000000060e-07 -3.823459046939370e-02 
 2.436000000000060e-07 -3.603886486408792e-02 
 2.437000000000060e-07 -3.370077916105019e-02 
 2.438000000000060e-07 -3.122955173903330e-02 
 2.439000000000060e-07 -2.863492914587984e-02 
 2.440000000000060e-07 -2.592715379215949e-02 
 2.441000000000061e-07 -2.311691572794494e-02 
 2.442000000000061e-07 -2.021531946176314e-02 
 2.443000000000061e-07 -1.723382957676156e-02 
 2.444000000000061e-07 -1.418423580371675e-02 
 2.445000000000061e-07 -1.107859454453708e-02 
 2.446000000000061e-07 -7.929191892539489e-03 
 2.447000000000061e-07 -4.748482797845011e-03 
 2.448000000000061e-07 -1.549052203138501e-03 
 2.449000000000061e-07  1.656446672450684e-03 
 2.450000000000061e-07  4.855303014315027e-03 
 2.451000000000061e-07  8.035006259772715e-03 
 2.452000000000061e-07  1.118282296796069e-02 
 2.453000000000061e-07  1.428639802278964e-02 
 2.454000000000062e-07  1.733360364764458e-02 
 2.455000000000062e-07  2.031212581260045e-02 
 2.456000000000062e-07  2.321049001288733e-02 
 2.457000000000062e-07  2.601700574275867e-02 
 2.458000000000062e-07  2.872078857567706e-02 
 2.459000000000062e-07  3.131105294106562e-02 
 2.460000000000062e-07  3.377765623807272e-02 
 2.461000000000062e-07  3.611086334810154e-02 
 2.462000000000062e-07  3.830147048088040e-02 
 2.463000000000062e-07  4.034090028574977e-02 
 2.464000000000062e-07  4.222106982776497e-02 
 2.465000000000062e-07  4.393465683566378e-02 
 2.466000000000062e-07  4.547485029743492e-02 
 2.467000000000063e-07  4.683567349317763e-02 
 2.468000000000063e-07  4.801170610678351e-02 
 2.469000000000063e-07  4.899839684600749e-02 
 2.470000000000063e-07  4.979180491007429e-02 
 2.471000000000063e-07  5.038886927591180e-02 
 2.472000000000063e-07  5.078719003826015e-02 
 2.473000000000063e-07  5.098524270164129e-02 
 2.474000000000063e-07  5.098220399959907e-02 
 2.475000000000063e-07  5.077811127334431e-02 
 2.476000000000063e-07  5.037372911465510e-02 
 2.477000000000063e-07  4.977065955012661e-02 
 2.478000000000063e-07  4.897124238811901e-02 
 2.479000000000063e-07  4.797862391470709e-02 
 2.480000000000063e-07  4.679668298400963e-02 
 2.481000000000064e-07  4.543006612195266e-02 
 2.482000000000064e-07  4.388413191441143e-02 
 2.483000000000064e-07  4.216495955599120e-02 
 2.484000000000064e-07  4.027930530990353e-02 
 2.485000000000064e-07  3.823459046241062e-02 
 2.486000000000064e-07  3.603886485939234e-02 
 2.487000000000064e-07  3.370077915804193e-02 
 2.488000000000064e-07  3.122955173417052e-02 
 2.489000000000064e-07  2.863492913963950e-02 
 2.490000000000064e-07  2.592715378594912e-02 
 2.491000000000064e-07  2.311691572106644e-02 
 2.492000000000064e-07  2.021531945541843e-02 
 2.493000000000064e-07  1.723382957249786e-02 
 2.494000000000065e-07  1.418423580028216e-02 
 2.495000000000065e-07  1.107859453991944e-02 
 2.496000000000065e-07  7.929191886101528e-03 
 2.497000000000065e-07  4.748482792355624e-03 
 2.498000000000065e-07  1.549052199365519e-03 
 2.499000000000065e-07 -1.656446674362932e-03 
 2.500000000000065e-07 -4.857187481072556e-03 
