 2.000000000000000e-09  1.309018246595417e-01 
 2.004000000000000e-09  1.138395419769709e-01 
 2.008000000000000e-09  9.620976186952346e-02 
 2.012000000000000e-09  7.831219802981115e-02 
 2.016000000000000e-09  6.009549552525240e-02 
 2.020000000000000e-09  4.163383618900962e-02 
 2.024000000000000e-09  2.300339332522450e-02 
 2.028000000000000e-09  4.280635906896091e-03 
 2.032000000000000e-09 -1.445820174289247e-02 
 2.036000000000000e-09 -3.313610305592407e-02 
 2.040000000000000e-09 -5.167636060096603e-02 
 2.044000000000000e-09 -7.000318794371507e-02 
 2.048000000000000e-09 -8.804206718345897e-02 
 2.052000000000000e-09 -1.057199522868926e-01 
 2.056000000000000e-09 -1.229656965839157e-01 
 2.060000000000000e-09 -1.397103372017807e-01 
 2.064000000000000e-09 -1.558874513543858e-01 
 2.068000000000000e-09 -1.714334061288034e-01 
 2.072000000000000e-09 -1.862876339702808e-01 
 2.076000000000000e-09 -2.003928301660478e-01 
 2.080000000000000e-09 -2.136951520941055e-01 
 2.084000000000000e-09 -2.261443587250196e-01 
 2.088000000000000e-09 -2.376939406550262e-01 
 2.092000000000000e-09 -2.483012039754915e-01 
 2.096000000000000e-09 -2.579273419509183e-01 
 2.100000000000000e-09 -2.665374726756955e-01 
 2.104000000000000e-09 -2.741006673749626e-01 
 2.108000000000000e-09 -2.805899564018799e-01 
 2.112000000000000e-09 -2.859823317159849e-01 
 2.116000000000000e-09 -2.902587379272656e-01 
 2.120000000000000e-09 -2.934040662828445e-01 
 2.124000000000000e-09 -2.954071460828709e-01 
 2.128000000000000e-09 -2.962607440310105e-01 
 2.132000000000000e-09 -2.959615666372930e-01 
 2.136000000000000e-09 -2.945102725449624e-01 
 2.140000000000000e-09 -2.919114894976289e-01 
 2.144000000000000e-09 -2.881738395182953e-01 
 2.148000000000000e-09 -2.833099662405993e-01 
 2.152000000000000e-09 -2.773365652597060e-01 
 2.156000000000000e-09 -2.702744108414883e-01 
 2.160000000000000e-09 -2.621483779862865e-01 
 2.164000000000000e-09 -2.529874531069802e-01 
 2.168000000000000e-09 -2.428247314014431e-01 
 2.172000000000000e-09 -2.316973947445549e-01 
 2.176000000000000e-09 -2.196466681583815e-01 
 2.180000000000000e-09 -2.067177498405091e-01 
 2.183999999999999e-09 -1.929597134825318e-01 
 2.187999999999999e-09 -1.784253794107147e-01 
 2.191999999999999e-09 -1.631711544073426e-01 
 2.195999999999999e-09 -1.472568385078592e-01 
 2.199999999999999e-09 -1.307453998901451e-01 
 2.203999999999999e-09 -1.137027178388976e-01 
 2.207999999999999e-09 -9.619729621014628e-02 
 2.211999999999999e-09 -7.829994902388249e-02 
 2.215999999999999e-09 -6.008346148193144e-02 
 2.219999999999999e-09 -4.162201547027111e-02 
 2.223999999999999e-09 -2.299178425928261e-02 
 2.227999999999999e-09 -4.269236806554222e-03 
 2.231999999999999e-09  1.446939258853330e-02 
 2.235999999999999e-09  3.314708744566053e-02 
 2.239999999999999e-09  5.168714042098399e-02 
 2.243999999999999e-09  7.001376519241198e-02 
 2.247999999999999e-09  8.805244399102596e-02 
 2.251999999999999e-09  1.057301309405552e-01 
 2.255999999999999e-09  1.229756795375012e-01 
 2.259999999999999e-09  1.397201270889190e-01 
 2.263999999999999e-09  1.558970509916846e-01 
 2.267999999999999e-09  1.714428185209296e-01 
 2.271999999999999e-09  1.862968623075436e-01 
 2.275999999999999e-09  2.004018778224412e-01 
 2.279999999999999e-09  2.137040226190696e-01 
 2.283999999999999e-09  2.261530558344562e-01 
 2.287999999999999e-09  2.377024682172744e-01 
 2.291999999999999e-09  2.483095659961205e-01 
 2.295999999999999e-09  2.579355425533012e-01 
 2.299999999999999e-09  2.665455160804764e-01 
 2.303999999999999e-09  2.741085578765627e-01 
 2.307999999999999e-09  2.805976983437097e-01 
 2.311999999999999e-09  2.859899294640413e-01 
 2.315999999999999e-09  2.902661958441906e-01 
 2.319999999999999e-09  2.934113887004661e-01 
 2.323999999999999e-09  2.954143372757267e-01 
 2.327999999999999e-09  2.962678081906727e-01 
 2.331999999999999e-09  2.959685078480665e-01 
 2.335999999999999e-09  2.945170869252276e-01 
 2.339999999999999e-09  2.919181813678873e-01 
 2.343999999999999e-09  2.881804235153551e-01 
 2.347999999999999e-09  2.833164471892011e-01 
 2.351999999999999e-09  2.773429443979341e-01 
 2.355999999999999e-09  2.702806900583854e-01 
 2.359999999999999e-09  2.621545594281367e-01 
 2.363999999999999e-09  2.529935389835791e-01 
 2.367999999999999e-09  2.428307238747149e-01 
 2.371999999999999e-09  2.317032958676268e-01 
 2.375999999999999e-09  2.196524798475221e-01 
 2.379999999999999e-09  2.067234738574846e-01 
 2.383999999999999e-09  1.929653514348044e-01 
 2.387999999999999e-09  1.784309327503908e-01 
 2.391999999999999e-09  1.631766244419741e-01 
 2.395999999999999e-09  1.472622264063732e-01 
 2.399999999999999e-09  1.307507066988816e-01 
 2.403999999999999e-09  1.137079444902374e-01 
 2.407999999999999e-09  9.620244354019425e-02 
 2.411999999999999e-09  7.830501778335641e-02 
 2.415999999999999e-09  6.008845235300875e-02 
 2.419999999999999e-09  4.162692907088861e-02 
 2.423999999999999e-09  2.299662118655821e-02 
 2.427999999999999e-09  4.273997626635051e-03 
 2.431999999999999e-09 -1.446470734155003e-02 
 2.435999999999999e-09 -3.314247724096031e-02 
 2.439999999999999e-09 -5.168260472706709e-02 
 2.443999999999999e-09 -7.000930346630252e-02 
 2.447999999999999e-09 -8.804805566958684e-02 
 2.451999999999999e-09 -1.057258154303771e-01 
 2.455999999999999e-09 -1.229714362096135e-01 
 2.459999999999999e-09 -1.397159552730267e-01 
 2.463999999999999e-09 -1.558929499741026e-01 
 2.467999999999999e-09 -1.714387875414798e-01 
 2.471999999999998e-09 -1.862929005596339e-01 
 2.475999999999998e-09 -2.003979844521240e-01 
 2.479999999999998e-09 -2.137001967273111e-01 
 2.483999999999998e-09 -2.261492964795173e-01 
 2.487999999999998e-09 -2.376987744180177e-01 
 2.491999999999998e-09 -2.483059367367433e-01 
 2.495999999999998e-09 -2.579319767885182e-01 
 2.499999999999998e-09 -2.665420127418900e-01 
 2.503999999999998e-09 -2.741051158790726e-01 
 2.507999999999998e-09 -2.805943165932285e-01 
 2.511999999999998e-09 -2.859866068652355e-01 
 2.515999999999998e-09 -2.902629313066543e-01 
 2.519999999999998e-09 -2.934081811480844e-01 
 2.523999999999998e-09 -2.954111856529980e-01 
 2.527999999999998e-09 -2.962647114700583e-01 
 2.531999999999998e-09 -2.959654650356216e-01 
 2.535999999999998e-09 -2.945141049042210e-01 
 2.539999999999998e-09 -2.919152587138480e-01 
 2.543999999999998e-09 -2.881775483689337e-01 
 2.547999999999998e-09 -2.833136173718496e-01 
 2.551999999999998e-09 -2.773401611786883e-01 
 2.555999999999998e-09 -2.702779539058950e-01 
 2.559999999999998e-09 -2.621518704004593e-01 
 2.563999999999998e-09 -2.529908969183714e-01 
 2.567999999999998e-09 -2.428281284982678e-01 
 2.571999999999998e-09 -2.317007468564412e-01 
 2.575999999999998e-09 -2.196499768585420e-01 
 2.579999999999998e-09 -2.067210165501794e-01 
 2.583999999999998e-09 -1.929629394742696e-01 
 2.587999999999998e-09 -1.784285658168780e-01 
 2.591999999999998e-09 -1.631743022257170e-01 
 2.595999999999998e-09 -1.472599486102601e-01 
 2.599999999999998e-09 -1.307484730318320e-01 
 2.603999999999998e-09 -1.137057546664781e-01 
 2.607999999999998e-09 -9.620029727106694e-02 
 2.611999999999998e-09 -7.830291477653795e-02 
 2.615999999999998e-09 -6.008639230381263e-02 
 2.619999999999998e-09 -4.162491166267834e-02 
 2.623999999999998e-09 -2.299464607522594e-02 
 2.627999999999998e-09 -4.272064446599444e-03 
 2.631999999999998e-09  1.446659898299618e-02 
 2.635999999999998e-09  3.314432777169785e-02 
 2.639999999999998e-09  5.168441460982720e-02 
 2.643999999999998e-09  7.001107320134992e-02 
 2.647999999999998e-09  8.804978579861533e-02 
 2.651999999999998e-09  1.057275065398269e-01 
 2.655999999999998e-09  1.229730889327536e-01 
 2.659999999999998e-09  1.397175702918876e-01 
 2.663999999999998e-09  1.558945280187825e-01 
 2.667999999999998e-09  1.714403293919275e-01 
 2.671999999999998e-09  1.862944070431438e-01 
 2.675999999999998e-09  2.003994564437948e-01 
 2.679999999999998e-09  2.137016351464109e-01 
 2.683999999999998e-09  2.261507022882610e-01 
 2.687999999999998e-09  2.377001486176331e-01 
 2.691999999999998e-09  2.483072803636657e-01 
 2.695999999999998e-09  2.579332909101981e-01 
 2.699999999999998e-09  2.665432984517033e-01 
 2.703999999999998e-09  2.741063742904457e-01 
 2.707999999999998e-09  2.805955488339644e-01 
 2.711999999999998e-09  2.859878140711321e-01 
 2.715999999999998e-09  2.902641146157730e-01 
 2.719999999999998e-09  2.934093416930010e-01 
 2.723999999999998e-09  2.954123245551274e-01 
 2.727999999999998e-09  2.962658298332266e-01 
 2.731999999999998e-09  2.959665639399052e-01 
 2.735999999999998e-09  2.945151853989409e-01 
 2.739999999999998e-09  2.919163218144698e-01 
 2.743999999999998e-09  2.881785950497335e-01 
 2.747999999999998e-09  2.833146485641431e-01 
 2.751999999999998e-09  2.773411777646742e-01 
 2.755999999999998e-09  2.702789567175010e-01 
 2.759999999999998e-09  2.621528602170571e-01 
 2.763999999999997e-09  2.529918744631705e-01 
 2.767999999999997e-09  2.428290944400970e-01 
 2.771999999999997e-09  2.317017018079635e-01 
 2.775999999999997e-09  2.196509213767461e-01 
 2.779999999999997e-09  2.067219511369500e-01 
 2.783999999999997e-09  1.929638645787959e-01 
 2.787999999999997e-09  1.784294818358081e-01 
 2.791999999999997e-09  1.631752095071439e-01 
 2.795999999999997e-09  1.472608474545654e-01 
 2.799999999999997e-09  1.307493636949530e-01 
 2.803999999999997e-09  1.137066373620126e-01 
 2.807999999999997e-09  9.620117217444779e-02 
 2.811999999999997e-09  7.830378202626598e-02 
 2.815999999999997e-09  6.008725200557219e-02 
 2.819999999999997e-09  4.162576388963046e-02 
 2.823999999999997e-09  2.299549087761221e-02 
 2.827999999999997e-09  4.272901850669975e-03 
 2.831999999999997e-09 -1.446576897787732e-02 
 2.835999999999997e-09 -3.314350518788878e-02 
 2.839999999999997e-09 -5.168359948769474e-02 
 2.843999999999997e-09 -7.001026559674361e-02 
 2.847999999999997e-09 -8.804898578222975e-02 
 2.851999999999997e-09 -1.057267141949705e-01 
 2.855999999999997e-09 -1.229723043542847e-01 
 2.859999999999997e-09 -1.397167935837569e-01 
 2.863999999999997e-09 -1.558937592953296e-01 
 2.867999999999997e-09 -1.714395687748782e-01 
 2.871999999999997e-09 -1.862936546622822e-01 
 2.875999999999997e-09 -2.003987124351365e-01 
 2.879999999999997e-09 -2.137008996537828e-01 
 2.883999999999997e-09 -2.261499754607197e-01 
 2.887999999999997e-09 -2.376994306102653e-01 
 2.891999999999997e-09 -2.483065713369417e-01 
 2.895999999999997e-09 -2.579325910291990e-01 
 2.899999999999997e-09 -2.665426078870246e-01 
 2.903999999999997e-09 -2.741056932169350e-01 
 2.907999999999997e-09 -2.805948774305662e-01 
 2.911999999999997e-09 -2.859871525204227e-01 
 2.915999999999997e-09 -2.902634631036649e-01 
 2.919999999999997e-09 -2.934087004082426e-01 
 2.923999999999997e-09 -2.954116936886553e-01 
 2.927999999999997e-09 -2.962652095772993e-01 
 2.931999999999997e-09 -2.959659544872100e-01 
 2.935999999999997e-09 -2.945145869422190e-01 
 2.939999999999997e-09 -2.919157345439767e-01 
 2.943999999999997e-09 -2.881780191543657e-01 
 2.947999999999997e-09 -2.833140842281556e-01 
 2.951999999999997e-09 -2.773406251678687e-01 
 2.955999999999997e-09 -2.702784160330767e-01 
 2.959999999999997e-09 -2.621523316105321e-01 
 2.963999999999997e-09 -2.529913580919958e-01 
 2.967999999999997e-09 -2.428285904497671e-01 
 2.971999999999997e-09 -2.317012103335072e-01 
 2.975999999999997e-09 -2.196504425403218e-01 
 2.979999999999997e-09 -2.067214850462480e-01 
 2.983999999999997e-09 -1.929634113262981e-01 
 2.987999999999997e-09 -1.784290414984557e-01 
 2.991999999999997e-09 -1.631747821433196e-01 
 2.995999999999997e-09 -1.472604331051643e-01 
 2.999999999999997e-09 -1.307489623814870e-01 
 3.003999999999997e-09 -1.137062490864800e-01 
 3.007999999999997e-09 -9.620079691778916e-02 
 3.011999999999997e-09 -7.830341974863586e-02 
 3.015999999999997e-09 -6.008690264449523e-02 
 3.019999999999997e-09 -4.162542735983266e-02 
 3.023999999999997e-09 -2.299516707170746e-02 
 3.027999999999997e-09 -4.272590638922047e-03 
 3.031999999999997e-09  1.446606775056125e-02 
 3.035999999999997e-09  3.314379170218107e-02 
 3.039999999999997e-09  5.168387394735063e-02 
 3.043999999999997e-09  7.001052823074971e-02 
 3.047999999999997e-09  8.804923684264754e-02 
 3.051999999999996e-09  1.057269539590786e-01 
 3.055999999999996e-09  1.229725331238471e-01 
 3.059999999999996e-09  1.397170116856570e-01 
 3.063999999999996e-09  1.558939670804165e-01 
 3.067999999999996e-09  1.714397666179686e-01 
 3.071999999999996e-09  1.862938429620424e-01 
 3.075999999999996e-09  2.003988916124735e-01 
 3.079999999999996e-09  2.137010701508100e-01 
 3.083999999999996e-09  2.261501377399342e-01 
 3.087999999999996e-09  2.376995851521069e-01 
 3.091999999999996e-09  2.483067186401104e-01 
 3.095999999999996e-09  2.579327316064717e-01 
 3.099999999999996e-09  2.665427422642577e-01 
 3.103999999999996e-09  2.741058219303778e-01 
 3.107999999999996e-09  2.805950010243248e-01 
 3.111999999999996e-09  2.859872715446767e-01 
 3.115999999999996e-09  2.902635781102276e-01 
 3.119999999999996e-09  2.934088119486700e-01 
 3.123999999999996e-09  2.954118023116927e-01 
 3.127999999999996e-09  2.962653158241837e-01 
 3.131999999999996e-09  2.959660588910318e-01 
 3.135999999999996e-09  2.945146900234119e-01 
 3.139999999999996e-09  2.919158368090462e-01 
 3.143999999999996e-09  2.881781210922438e-01 
 3.147999999999996e-09  2.833141863077582e-01 
 3.151999999999996e-09  2.773407278369850e-01 
 3.155999999999996e-09  2.702785197154669e-01 
 3.159999999999996e-09  2.621524367050272e-01 
 3.163999999999996e-09  2.529914649703096e-01 
 3.167999999999996e-09  2.428286994570570e-01 
 3.171999999999996e-09  2.317013217858426e-01 
 3.175999999999996e-09  2.196505567244174e-01 
 3.179999999999996e-09  2.067216022198699e-01 
 3.183999999999996e-09  1.929635317180427e-01 
 3.187999999999996e-09  1.784291653069072e-01 
 3.191999999999996e-09  1.631749095383492e-01 
 3.195999999999996e-09  1.472605642283122e-01 
 3.199999999999996e-09  1.307490973458751e-01 
 3.203999999999996e-09  1.137063879779907e-01 
 3.207999999999996e-09  9.620093979516753e-02 
 3.211999999999996e-09  7.830356664488392e-02 
 3.215999999999996e-09  6.008705356796717e-02 
 3.219999999999996e-09  4.162558229370283e-02 
 3.223999999999996e-09  2.299532597710030e-02 
 3.227999999999996e-09  4.272753455918377e-03 
 3.231999999999996e-09 -1.446590110655688e-02 
 3.235999999999996e-09 -3.314362133817461e-02 
 3.239999999999996e-09 -5.168369999087385e-02 
 3.243999999999996e-09 -7.001035082738660e-02 
 3.247999999999996e-09 -8.804905615819969e-02 
 3.251999999999996e-09 -1.057267701766254e-01 
 3.255999999999996e-09 -1.229723464451373e-01 
 3.259999999999996e-09 -1.397168223295768e-01 
 3.263999999999996e-09 -1.558937752829692e-01 
 3.267999999999996e-09 -1.714395726314235e-01 
 3.271999999999996e-09 -1.862936470540673e-01 
 3.275999999999996e-09 -2.003986940659646e-01 
 3.279999999999996e-09 -2.137008712628647e-01 
 3.283999999999996e-09 -2.261499378207317e-01 
 3.287999999999996e-09 -2.376993845250950e-01 
 3.291999999999996e-09 -2.483065176387131e-01 
 3.295999999999996e-09 -2.579325305759403e-01 
 3.299999999999996e-09 -2.665425415573417e-01 
 3.303999999999996e-09 -2.741056219081011e-01 
 3.307999999999996e-09 -2.805947912062345e-01 
 3.311999999999996e-09 -2.859870522837713e-01 
 3.315999999999996e-09 -2.902633646483086e-01 
 3.319999999999996e-09 -2.934086071756739e-01 
 3.323999999999996e-09 -2.954116041617132e-01 
 3.327999999999996e-09 -2.962651232277638e-01 
 3.331999999999996e-09 -2.959658713238165e-01 
 3.335999999999996e-09 -2.945145072810427e-01 
 3.339999999999995e-09 -2.919156588727581e-01 
 3.343999999999995e-09 -2.881779480523841e-01 
 3.347999999999995e-09 -2.833140183227960e-01 
 3.351999999999995e-09 -2.773405651000209e-01 
 3.355999999999995e-09 -2.702783624422302e-01 
 3.359999999999995e-09 -2.621522851156048e-01 
 3.363999999999995e-09 -2.529913192871844e-01 
 3.367999999999995e-09 -2.428285598925530e-01 
 3.371999999999995e-09 -2.317011885436586e-01 
 3.375999999999995e-09 -2.196504299923023e-01 
 3.379999999999995e-09 -2.067214821703214e-01 
 3.383999999999995e-09 -1.929634185027345e-01 
 3.387999999999995e-09 -1.784290590602957e-01 
 3.391999999999995e-09 -1.631748103717587e-01 
 3.395999999999995e-09 -1.472604722331372e-01 
 3.399999999999995e-09 -1.307490125900159e-01 
 3.403999999999995e-09 -1.137063105083840e-01 
 3.407999999999995e-09 -9.620086963613872e-02 
 3.411999999999995e-09 -7.830350379901496e-02 
 3.415999999999995e-09 -6.008699801474737e-02 
 3.419999999999995e-09 -4.162553398999602e-02 
 3.423999999999995e-09 -2.299528486005986e-02 
 3.427999999999995e-09 -4.272719442125705e-03 
 3.431999999999995e-09  1.446592812465219e-02 
 3.435999999999995e-09  3.314364148985938e-02 
 3.439999999999995e-09  5.168371342620315e-02 
 3.443999999999995e-09  7.001035771560549e-02 
 3.447999999999995e-09  8.804905668923801e-02 
 3.451999999999995e-09  1.057267645599032e-01 
 3.455999999999995e-09  1.229723349096581e-01 
 3.459999999999995e-09  1.397168051234141e-01 
 3.463999999999995e-09  1.558937526735216e-01 
 3.467999999999995e-09  1.714395449040742e-01 
 3.471999999999995e-09  1.862936145122394e-01 
 3.475999999999995e-09  2.003986570300142e-01 
 3.479999999999995e-09  2.137008300688583e-01 
 3.483999999999995e-09  2.261498928210117e-01 
 3.487999999999995e-09  2.376993360854596e-01 
 3.491999999999995e-09  2.483064661380525e-01 
 3.495999999999995e-09  2.579324764041284e-01 
 3.499999999999995e-09  2.665424851151861e-01 
 3.503999999999995e-09  2.741055636037775e-01 
 3.507999999999995e-09  2.805947423017661e-01 
 3.511999999999995e-09  2.859870132165097e-01 
 3.515999999999995e-09  2.902633209720691e-01 
 3.519999999999995e-09  2.934085567971327e-01 
 3.523999999999995e-09  2.954115499399399e-01 
 3.527999999999995e-09  2.962650670200078e-01 
 3.531999999999995e-09  2.959658144297908e-01 
 3.535999999999995e-09  2.945144506659025e-01 
 3.539999999999995e-09  2.919156032968062e-01 
 3.543999999999995e-09  2.881778941440849e-01 
 3.547999999999995e-09  2.833139666163780e-01 
 3.551999999999995e-09  2.773405160643796e-01 
 3.555999999999995e-09  2.702783164916371e-01 
 3.559999999999995e-09  2.621522426232636e-01 
 3.563999999999995e-09  2.529912805864201e-01 
 3.567999999999995e-09  2.428285252862552e-01 
 3.571999999999995e-09  2.317011583004738e-01 
 3.575999999999995e-09  2.196504043538052e-01 
 3.579999999999995e-09  2.067214613483426e-01 
 3.583999999999995e-09  1.929634026835814e-01 
 3.587999999999995e-09  1.784290484024122e-01 
 3.591999999999995e-09  1.631748050093984e-01 
 3.595999999999995e-09  1.472604722747057e-01 
 3.599999999999995e-09  1.307490181200368e-01 
 3.603999999999995e-09  1.137063215868945e-01 
 3.607999999999995e-09  9.620088630052681e-02 
 3.611999999999995e-09  7.830352606263791e-02 
 3.615999999999995e-09  6.008702587035586e-02 
 3.619999999999995e-09  4.162556740684398e-02 
 3.623999999999995e-09  2.299532378781066e-02 
 3.627999999999995e-09  4.272763810956093e-03 
 3.631999999999994e-09 -1.446587840707636e-02 
 3.635999999999994e-09 -3.314358653667071e-02 
 3.639999999999994e-09 -5.168365336932812e-02 
 3.643999999999994e-09 -7.001029270648296e-02 
 3.647999999999994e-09 -8.804898689616358e-02 
 3.651999999999994e-09 -1.057266901701883e-01 
 3.655999999999994e-09 -1.229722561279480e-01 
 3.659999999999994e-09 -1.397167221720323e-01 
 3.663999999999994e-09 -1.558936657913588e-01 
 3.667999999999994e-09 -1.714394543470048e-01 
 3.671999999999994e-09 -1.862935205511835e-01 
 3.675999999999994e-09 -2.003985599517710e-01 
 3.679999999999994e-09 -2.137007301746419e-01 
 3.683999999999994e-09 -2.261497904252083e-01 
 3.687999999999994e-09 -2.376992315157023e-01 
 3.691999999999994e-09 -2.483063597329771e-01 
 3.695999999999994e-09 -2.579323685131927e-01 
 3.699999999999994e-09 -2.665423760957202e-01 
 3.703999999999994e-09 -2.741054538222685e-01 
 3.707999999999994e-09 -2.805946321292521e-01 
 3.711999999999994e-09 -2.859869030281743e-01 
 3.715999999999994e-09 -2.902632111459895e-01 
 3.719999999999994e-09 -2.934084477118517e-01 
 3.723999999999994e-09 -2.954114419729481e-01 
 3.727999999999995e-09 -2.962649605436463e-01 
 3.731999999999995e-09 -2.959657098130171e-01 
 3.735999999999995e-09 -2.945143482699344e-01 
 3.739999999999996e-09 -2.919155034734242e-01 
 3.743999999999996e-09 -2.881777972341817e-01 
 3.747999999999997e-09 -2.833138729482887e-01 
 3.751999999999997e-09 -2.773404259527448e-01 
 3.755999999999997e-09 -2.702782302352427e-01 
 3.759999999999998e-09 -2.621521605034691e-01 
 3.763999999999998e-09 -2.529912028660268e-01 
 3.767999999999999e-09 -2.428284522094630e-01 
 3.771999999999999e-09 -2.317010900915495e-01 
 3.775999999999999e-09 -2.196503412162336e-01 
 3.780000000000000e-09 -2.067214034642122e-01 
 3.784000000000000e-09 -1.929633502137031e-01 
 3.788000000000001e-09 -1.784290014852701e-01 
 3.792000000000001e-09 -1.631747637618703e-01 
 3.796000000000001e-09 -1.472604367910435e-01 
 3.800000000000002e-09 -1.307489884737683e-01 
 3.804000000000002e-09 -1.137062978292764e-01 
 3.808000000000003e-09 -9.620086846128206e-02 
 3.812000000000003e-09 -7.830351415044934e-02 
 3.816000000000003e-09 -6.008701987320464e-02 
 3.820000000000004e-09 -4.162556729121647e-02 
 3.824000000000004e-09 -2.299532950139405e-02 
 3.828000000000005e-09 -4.272775282552210e-03 
 3.832000000000005e-09  1.446586126978211e-02 
 3.836000000000005e-09  3.314356384636863e-02 
 3.840000000000006e-09  5.168362525734338e-02 
 3.844000000000006e-09  7.001025932153571e-02 
 3.848000000000007e-09  8.804894840535482e-02 
 3.852000000000007e-09  1.057266467577014e-01 
 3.856000000000007e-09  1.229722079958133e-01 
 3.860000000000008e-09  1.397166695393901e-01 
 3.864000000000008e-09  1.558936088938356e-01 
 3.868000000000009e-09  1.714393934362173e-01 
 3.872000000000009e-09  1.862934558950435e-01 
 3.876000000000009e-09  2.003984918322717e-01 
 3.880000000000010e-09  2.137006588890662e-01 
 3.884000000000010e-09  2.261497162835884e-01 
 3.888000000000011e-09  2.376991548406515e-01 
 3.892000000000011e-09  2.483062808588397e-01 
 3.896000000000011e-09  2.579322877839996e-01 
 3.900000000000012e-09  2.665422938645818e-01 
 3.904000000000012e-09  2.741053704490466e-01 
 3.908000000000013e-09  2.805945479804164e-01 
 3.912000000000013e-09  2.859868184735830e-01 
 3.916000000000013e-09  2.902631265580538e-01 
 3.920000000000014e-09  2.934083634626827e-01 
 3.924000000000014e-09  2.954113584338502e-01 
 3.928000000000015e-09  2.962648780828909e-01 
 3.932000000000015e-09  2.959656287927077e-01 
 3.936000000000015e-09  2.945142690447962e-01 
 3.940000000000016e-09  2.919154263899559e-01 
 3.944000000000016e-09  2.881777226275675e-01 
 3.948000000000017e-09  2.833138011411629e-01 
 3.952000000000017e-09  2.773403572534188e-01 
 3.956000000000017e-09  2.702781649364550e-01 
 3.960000000000018e-09  2.621520988817698e-01 
 3.964000000000018e-09  2.529911451800091e-01 
 3.968000000000019e-09  2.428283986985904e-01 
 3.972000000000019e-09  2.317010409753584e-01 
 3.976000000000019e-09  2.196502966941596e-01 
 3.980000000000020e-09  2.067213637149905e-01 
 3.984000000000020e-09  1.929633153952954e-01 
 3.988000000000021e-09  1.784289717335783e-01 
 3.992000000000021e-09  1.631747391919154e-01 
 3.996000000000021e-09  1.472604174967316e-01 
 4.000000000000022e-09  1.307489745274202e-01 
 4.004000000000022e-09  1.137062892823897e-01 
 4.008000000000023e-09  9.620086534449346e-02 
 4.012000000000023e-09  7.830351647467193e-02 
 4.016000000000023e-09  6.008702762744900e-02 
 4.020000000000024e-09  4.162558044581033e-02 
 4.024000000000024e-09  2.299534800855696e-02 
 4.028000000000025e-09  4.272799075655698e-03 
 4.032000000000025e-09 -1.446583227706100e-02 
 4.036000000000025e-09 -3.314352976059176e-02 
 4.040000000000026e-09 -5.168358620174729e-02 
 4.044000000000026e-09 -7.001021543734787e-02 
 4.048000000000027e-09 -8.804889984955366e-02 
 4.052000000000027e-09 -1.057265937050209e-01 
 4.056000000000027e-09 -1.229721506369206e-01 
 4.060000000000028e-09 -1.397166080817236e-01 
 4.064000000000028e-09 -1.558935435597943e-01 
 4.068000000000029e-09 -1.714393244637566e-01 
 4.072000000000029e-09 -1.862933835375316e-01 
 4.076000000000029e-09 -2.003984163569452e-01 
 4.080000000000030e-09 -2.137005805767904e-01 
 4.084000000000030e-09 -2.261496354271966e-01 
 4.088000000000031e-09 -2.376990717456104e-01 
 4.092000000000031e-09 -2.483061958409585e-01 
 4.096000000000031e-09 -2.579322011683867e-01 
 4.100000000000032e-09 -2.665422059856004e-01 
 4.104000000000032e-09 -2.741052816473171e-01 
 4.108000000000033e-09 -2.805944586017568e-01 
 4.112000000000033e-09 -2.859867288683078e-01 
 4.116000000000033e-09 -2.902630370780646e-01 
 4.120000000000034e-09 -2.934082744610962e-01 
 4.124000000000034e-09 -2.954112702611051e-01 
 4.128000000000035e-09 -2.962647910870964e-01 
 4.132000000000035e-09 -2.959655433170827e-01 
 4.136000000000035e-09 -2.945141854256732e-01 
 4.140000000000036e-09 -2.919153449541028e-01 
 4.144000000000036e-09 -2.881776436927557e-01 
 4.148000000000037e-09 -2.833137250131208e-01 
 4.152000000000037e-09 -2.773402842243735e-01 
 4.156000000000037e-09 -2.702780952837101e-01 
 4.160000000000038e-09 -2.621520328674953e-01 
 4.164000000000038e-09 -2.529910830482773e-01 
 4.168000000000039e-09 -2.428283406768115e-01 
 4.172000000000039e-09 -2.317009872720304e-01 
 4.176000000000039e-09 -2.196502474978104e-01 
 4.180000000000040e-09 -2.067213191952737e-01 
 4.184000000000040e-09 -1.929632757012474e-01 
 4.188000000000041e-09 -1.784289369943552e-01 
 4.192000000000041e-09 -1.631747095164613e-01 
 4.196000000000041e-09 -1.472603929737133e-01 
 4.200000000000042e-09 -1.307489552246484e-01 
 4.204000000000042e-09 -1.137062752478588e-01 
 4.208000000000043e-09 -9.620085660738109e-02 
 4.212000000000043e-09 -7.830351304349215e-02 
 4.216000000000043e-09 -6.008702949292832e-02 
 4.220000000000044e-09 -4.162558757765389e-02 
 4.224000000000044e-09 -2.299536035961403e-02 
 4.228000000000045e-09 -4.272816582631123e-03 
 4.232000000000045e-09  1.446580969886391e-02 
 4.236000000000045e-09  3.314350221321938e-02 
 4.240000000000046e-09  5.168355380455303e-02 
 4.244000000000046e-09  7.001017832515721e-02 
 4.248000000000047e-09  8.804885817444141e-02 
 4.252000000000047e-09  1.057265476350917e-01 
 4.256000000000047e-09  1.229721003558000e-01 
 4.260000000000048e-09  1.397165537886105e-01 
 4.264000000000048e-09  1.558934854697140e-01 
 4.268000000000049e-09  1.714392628058752e-01 
 4.272000000000049e-09  1.862933185550286e-01 
 4.276000000000049e-09  2.003983483072709e-01 
 4.280000000000050e-09  2.137005097298417e-01 
 4.284000000000050e-09  2.261495620659497e-01 
 4.288000000000051e-09  2.376989961638181e-01 
 4.292000000000051e-09  2.483061183421915e-01 
 4.296000000000051e-09  2.579321220663444e-01 
 4.300000000000052e-09  2.665421256013545e-01 
 4.304000000000052e-09  2.741052003086737e-01 
 4.308000000000053e-09  2.805943766424439e-01 
 4.312000000000053e-09  2.859866466246404e-01 
 4.316000000000053e-09  2.902629548894395e-01 
 4.320000000000054e-09  2.934081926665573e-01 
 4.324000000000054e-09  2.954111891986000e-01 
 4.328000000000055e-09  2.962647110916978e-01 
 4.332000000000055e-09  2.959654647181988e-01 
 4.336000000000055e-09  2.945141085472085e-01 
 4.340000000000056e-09  2.919152701116283e-01 
 4.344000000000056e-09  2.881775711912706e-01 
 4.348000000000057e-09  2.833136551465907e-01 
 4.352000000000057e-09  2.773402172736188e-01 
 4.356000000000057e-09  2.702780315165687e-01 
 4.360000000000058e-09  2.621519725347188e-01 
 4.364000000000058e-09  2.529910263864847e-01 
 4.368000000000059e-09  2.428282879034356e-01 
 4.372000000000059e-09  2.317009385874149e-01 
 4.376000000000059e-09  2.196502030838507e-01 
 4.380000000000060e-09  2.067212792149578e-01 
 4.384000000000060e-09  1.929632402980852e-01 
 4.388000000000061e-09  1.784289062926572e-01 
 4.392000000000061e-09  1.631746836208805e-01 
 4.396000000000061e-09  1.472603719693222e-01 
 4.400000000000062e-09  1.307489391774661e-01 
 4.404000000000062e-09  1.137062642048150e-01 
 4.408000000000063e-09  9.620085059571437e-02 
 4.412000000000063e-09  7.830351207237918e-02 
 4.416000000000063e-09  6.008703355270306e-02 
 4.420000000000064e-09  4.162559664050924e-02 
 4.424000000000064e-09  2.299537438064014e-02 
 4.428000000000065e-09  4.272835500847449e-03 
 4.432000000000065e-09 -1.446578596288184e-02 
 4.436000000000065e-09 -3.314347375785864e-02 
 4.440000000000066e-09 -5.168352074285920e-02 
 4.444000000000066e-09 -7.001014078716494e-02 
 4.448000000000067e-09 -8.804881630521066e-02 
 4.452000000000067e-09 -1.057265015943436e-01 
 4.456000000000067e-09 -1.229720503196026e-01 
 4.460000000000068e-09 -1.397164999470437e-01 
 4.464000000000068e-09 -1.558934280276549e-01 
 4.468000000000069e-09 -1.714392019826230e-01 
 4.472000000000069e-09 -1.862932545833766e-01 
 4.476000000000069e-09 -2.003982814323964e-01 
 4.480000000000070e-09 -2.137004402102578e-01 
 4.484000000000070e-09 -2.261494901711227e-01 
 4.488000000000071e-09 -2.376989221740082e-01 
 4.492000000000071e-09 -2.483060425485686e-01 
 4.496000000000071e-09 -2.579320447681663e-01 
 4.500000000000072e-09 -2.665420367382474e-01 
 4.504000000000072e-09 -2.741051000095838e-01 
 4.508000000000073e-09 -2.805942793473868e-01 
 4.512000000000073e-09 -2.859865551956045e-01 
 4.516000000000073e-09 -2.902628674051990e-01 
 4.520000000000074e-09 -2.934081081194488e-01 
 4.524000000000074e-09 -2.954111070845868e-01 
 4.528000000000075e-09 -2.962646312022372e-01 
 4.532000000000075e-09 -2.959653870195507e-01 
 4.536000000000075e-09 -2.945140331095617e-01 
 4.540000000000076e-09 -2.919151970706457e-01 
 4.544000000000076e-09 -2.881775007193201e-01 
 4.548000000000077e-09 -2.833135874403077e-01 
 4.552000000000077e-09 -2.773401525377932e-01 
 4.556000000000077e-09 -2.702779699618989e-01 
 4.560000000000078e-09 -2.621519143670152e-01 
 4.564000000000078e-09 -2.529909718061516e-01 
 4.568000000000079e-09 -2.428282370996087e-01 
 4.572000000000079e-09 -2.317008917394601e-01 
 4.576000000000079e-09 -2.196501603544245e-01 
 4.580000000000080e-09 -2.067212407531160e-01 
 4.584000000000080e-09 -1.929632062353752e-01 
 4.588000000000081e-09 -1.784288767444915e-01 
 4.592000000000081e-09 -1.631746586845688e-01 
 4.596000000000081e-09 -1.472603517244622e-01 
 4.600000000000082e-09 -1.307489236852231e-01 
 4.604000000000082e-09 -1.137062535094664e-01 
 4.608000000000083e-09 -9.620084472290813e-02 
 4.612000000000083e-09 -7.830351103032918e-02 
 4.616000000000083e-09 -6.008703733222909e-02 
 4.620000000000084e-09 -4.162560521398007e-02 
 4.624000000000084e-09 -2.299538770615328e-02 
 4.628000000000085e-09 -4.272853519523778e-03 
 4.632000000000085e-09  1.446576332865135e-02 
 4.636000000000085e-09  3.314344660023139e-02 
 4.640000000000086e-09  5.168348917226240e-02 
 4.644000000000086e-09  7.001010492671256e-02 
 4.648000000000087e-09  8.804877629386354e-02 
 4.652000000000087e-09  1.057264575863748e-01 
 4.656000000000087e-09  1.229720024826015e-01 
 4.660000000000088e-09  1.397164484633961e-01 
 4.664000000000088e-09  1.558933730937824e-01 
 4.668000000000089e-09  1.714391438083505e-01 
 4.672000000000089e-09  1.862931933912835e-01 
 4.676000000000089e-09  2.003982174585799e-01 
 4.680000000000090e-09  2.137003737010721e-01 
 4.684000000000090e-09  2.261494213855171e-01 
 4.688000000000091e-09  2.376988513806788e-01 
 4.692000000000091e-09  2.483059700255597e-01 
 4.696000000000091e-09  2.579319708026269e-01 
 4.700000000000092e-09  2.665419719909163e-01 
 4.704000000000092e-09  2.741050449653151e-01 
 4.708000000000093e-09  2.805942201887883e-01 
 4.712000000000093e-09  2.859864896914244e-01 
 4.716000000000093e-09  2.902627981099108e-01 
 4.720000000000094e-09  2.934080366756928e-01 
 4.724000000000094e-09  2.954110346285372e-01 
 4.728000000000095e-09  2.962645585689254e-01 
 4.732000000000095e-09  2.959653148597359e-01 
 4.736000000000095e-09  2.945139619577268e-01 
 4.740000000000096e-09  2.919151273809459e-01 
 4.744000000000096e-09  2.881774328908526e-01 
 4.748000000000097e-09  2.833135218260314e-01 
 4.752000000000097e-09  2.773400894590643e-01 
 4.756000000000097e-09  2.702779097071932e-01 
 4.760000000000098e-09  2.621518572017978e-01 
 4.764000000000098e-09  2.529909179702106e-01 
 4.768000000000099e-09  2.428281868121287e-01 
 4.772000000000099e-09  2.317008451958884e-01 
 4.776000000000099e-09  2.196501177325860e-01 
 4.780000000000100e-09  2.067212022080511e-01 
 4.784000000000100e-09  1.929631719047382e-01 
 4.788000000000101e-09  1.784288467447297e-01 
 4.792000000000101e-09  1.631746331144788e-01 
 4.796000000000101e-09  1.472603306634621e-01 
 4.800000000000102e-09  1.307489071955210e-01 
 4.804000000000102e-09  1.137062416336825e-01 
 4.808000000000103e-09  9.620083748689545e-02 
 4.812000000000103e-09  7.830350844285583e-02 
 4.816000000000103e-09  6.008703938439020e-02 
 4.820000000000104e-09  4.162561188028491e-02 
 4.824000000000104e-09  2.299539894517721e-02 
 4.828000000000105e-09  4.272869275439461e-03 
 4.832000000000105e-09 -1.446574312941884e-02 
 4.836000000000105e-09 -3.314342204737208e-02 
 4.840000000000106e-09 -5.168346037011062e-02 
 4.844000000000106e-09 -7.001007199422915e-02 
 4.848000000000107e-09 -8.804873936410829e-02 
 4.852000000000107e-09 -1.057264168065188e-01 
 4.856000000000107e-09 -1.229719580138244e-01 
 4.860000000000108e-09 -1.397164004808680e-01 
 4.864000000000108e-09 -1.558933217850562e-01 
 4.868000000000109e-09 -1.714390893750188e-01 
 4.872000000000109e-09 -1.862931360467082e-01 
 4.876000000000109e-09 -2.003981574285207e-01 
 4.880000000000110e-09 -2.137003112227829e-01 
 4.884000000000110e-09 -2.261493567063555e-01 
 4.888000000000111e-09 -2.376987847582290e-01 
 4.892000000000111e-09 -2.483059017270657e-01 
 4.896000000000111e-09 -2.579319011021726e-01 
 4.900000000000112e-09 -2.665419011712236e-01 
 4.904000000000112e-09 -2.741049733137850e-01 
 4.908000000000113e-09 -2.805941479980305e-01 
 4.912000000000113e-09 -2.859864172565851e-01 
 4.916000000000113e-09 -2.902627257283523e-01 
 4.920000000000114e-09 -2.934079646453256e-01 
 4.924000000000114e-09 -2.954109632457416e-01 
 4.928000000000115e-09 -2.962644881275405e-01 
 4.932000000000115e-09 -2.959652456492543e-01 
 4.936000000000115e-09 -2.945138942620862e-01 
 4.940000000000116e-09 -2.919150614764363e-01 
 4.944000000000116e-09 -2.881773690457377e-01 
 4.948000000000117e-09 -2.833134602980358e-01 
 4.952000000000117e-09 -2.773400266614816e-01 
 4.956000000000117e-09 -2.702778466705107e-01 
 4.960000000000118e-09 -2.621517997754870e-01 
 4.964000000000118e-09 -2.529908665506966e-01 
 4.968000000000119e-09 -2.428281403402712e-01 
 4.972000000000119e-09 -2.317008031516119e-01 
 4.976000000000119e-09 -2.196500798711041e-01 
 4.980000000000120e-09 -2.067211684402617e-01 
 4.984000000000120e-09 -1.929631422197353e-01 
 4.988000000000121e-09 -1.784288211725382e-01 
 4.992000000000121e-09 -1.631746117024644e-01 
 4.996000000000121e-09 -1.472603134626684e-01 
 5.000000000000122e-09 -1.307488942534683e-01 
 5.004000000000122e-09 -1.137062329886938e-01 
 5.008000000000122e-09 -9.620083316641903e-02 
 5.012000000000123e-09 -7.830350845896739e-02 
 5.016000000000123e-09 -6.008704373657103e-02 
 5.020000000000124e-09 -4.162562055064001e-02 
 5.024000000000124e-09 -2.299541190255461e-02 
 5.028000000000124e-09 -4.272886474083748e-03 
 5.032000000000125e-09  1.446572175260741e-02 
 5.036000000000125e-09  3.314339657270793e-02 
 5.040000000000126e-09  5.168343089157545e-02 
 5.044000000000126e-09  7.001003862057864e-02 
 5.048000000000126e-09  8.804870221798033e-02 
 5.052000000000127e-09  1.057263760245437e-01 
 5.056000000000127e-09  1.229719137470866e-01 
 5.060000000000128e-09  1.397163528930623e-01 
 5.064000000000128e-09  1.558932710544685e-01 
 5.068000000000128e-09  1.714390356908755e-01 
 5.072000000000129e-09  1.862930796116711e-01 
 5.076000000000129e-09  2.003980984565432e-01 
 5.080000000000130e-09  2.137002499390199e-01 
 5.084000000000130e-09  2.261492933467757e-01 
 5.088000000000130e-09  2.376987195680424e-01 
 5.092000000000131e-09  2.483058349604397e-01 
 5.096000000000131e-09  2.579318330211331e-01 
 5.100000000000132e-09  2.665418320446671e-01 
 5.104000000000132e-09  2.741049034160383e-01 
 5.108000000000132e-09  2.805940776080211e-01 
 5.112000000000133e-09  2.859863466564889e-01 
 5.116000000000133e-09  2.902626552025074e-01 
 5.120000000000134e-09  2.934078944775464e-01 
 5.124000000000134e-09  2.954108937198903e-01 
 5.128000000000134e-09  2.962644195230646e-01 
 5.132000000000135e-09  2.959651782435195e-01 
 5.136000000000135e-09  2.945138283263078e-01 
 5.140000000000136e-09  2.919149972748438e-01 
 5.144000000000136e-09  2.881773068336613e-01 
 5.148000000000136e-09  2.833134003215152e-01 
 5.152000000000137e-09  2.773399729904891e-01 
 5.156000000000137e-09  2.702777987324718e-01 
 5.160000000000138e-09  2.621517521531169e-01 
 5.164000000000138e-09  2.529908192512664e-01 
 5.168000000000138e-09  2.428280947971437e-01 
 5.172000000000139e-09  2.317007602291588e-01 
 5.176000000000139e-09  2.196500401255284e-01 
 5.180000000000140e-09  2.067211322410687e-01 
 5.184000000000140e-09  1.929631098233013e-01 
 5.188000000000140e-09  1.784287927622401e-01 
 5.192000000000141e-09  1.631745874104880e-01 
 5.196000000000141e-09  1.472602933839831e-01 
 5.200000000000142e-09  1.307488784540141e-01 
 5.204000000000142e-09  1.137062215097746e-01 
 5.208000000000142e-09  9.620082602829250e-02 
 5.212000000000143e-09  7.830350566424293e-02 
 5.216000000000143e-09  6.008704526947106e-02 
 5.220000000000144e-09  4.162562638107659e-02 
 5.224000000000144e-09  2.299542198434601e-02 
 5.228000000000144e-09  4.272900748251374e-03 
 5.232000000000145e-09 -1.446570336037389e-02 
 5.236000000000145e-09 -3.314337415043767e-02 
 5.240000000000146e-09 -5.168340454069487e-02 
 5.244000000000146e-09 -7.001000845477279e-02 
 5.248000000000146e-09 -8.804866836420544e-02 
 5.252000000000147e-09 -1.057263386212668e-01 
 5.256000000000147e-09 -1.229718729454952e-01 
 5.260000000000148e-09 -1.397163088568583e-01 
 5.264000000000148e-09 -1.558932239577207e-01 
 5.268000000000148e-09 -1.714389857210499e-01 
 5.272000000000149e-09 -1.862930269657568e-01 
 5.276000000000149e-09 -2.003980433429957e-01 
 5.280000000000150e-09 -2.137001925769475e-01 
 5.284000000000150e-09 -2.261492339631959e-01 
 5.288000000000150e-09 -2.376986584012704e-01 
 5.292000000000151e-09 -2.483057722548159e-01 
 5.296000000000151e-09 -2.579317690301517e-01 
 5.300000000000152e-09 -2.665417670261654e-01 
 5.304000000000152e-09 -2.741048376348880e-01 
 5.308000000000152e-09 -2.805940113319885e-01 
 5.312000000000153e-09 -2.859862801574304e-01 
 5.316000000000153e-09 -2.902625887530252e-01 
 5.320000000000154e-09 -2.934078283505301e-01 
 5.324000000000154e-09 -2.954108281874430e-01 
 5.328000000000154e-09 -2.962643548544386e-01 
 5.332000000000155e-09 -2.959651147042517e-01 
 5.336000000000155e-09 -2.945137661769672e-01 
 5.340000000000156e-09 -2.919149367684717e-01 
 5.344000000000156e-09 -2.881772482164853e-01 
 5.348000000000156e-09 -2.833133438302404e-01 
 5.352000000000157e-09 -2.773399188505281e-01 
 5.356000000000157e-09 -2.702777471590614e-01 
 5.360000000000158e-09 -2.621517033481373e-01 
 5.364000000000158e-09 -2.529907734050258e-01 
 5.368000000000158e-09 -2.428280520846036e-01 
 5.372000000000159e-09 -2.317007208120723e-01 
 5.376000000000159e-09 -2.196500041497940e-01 
 5.380000000000160e-09 -2.067210998371340e-01 
 5.384000000000160e-09 -1.929630811074716e-01 
 5.388000000000160e-09 -1.784287678343990e-01 
 5.392000000000161e-09 -1.631745663544528e-01 
 5.396000000000161e-09 -1.472602762686552e-01 
 5.400000000000162e-09 -1.307488653314675e-01 
 5.404000000000162e-09 -1.137062124182009e-01 
 5.408000000000162e-09 -9.620082099011462e-02 
 5.412000000000163e-09 -7.830350468608849e-02 
 5.416000000000163e-09 -6.008704834444600e-02 
 5.420000000000164e-09 -4.162563348583781e-02 
 5.424000000000164e-09 -2.299543308370566e-02 
 5.428000000000164e-09 -4.272915792430609e-03 
 5.432000000000165e-09  1.446568443566143e-02 
 5.436000000000165e-09  3.314335142351688e-02 
 5.440000000000166e-09  5.168337810349577e-02 
 5.444000000000166e-09  7.000997841167944e-02 
 5.448000000000166e-09  8.804863483096526e-02 
 5.452000000000167e-09  1.057263017280619e-01 
 5.456000000000167e-09  1.229718328329401e-01 
 5.460000000000168e-09  1.397162656782722e-01 
 5.464000000000168e-09  1.558931778789425e-01 
 5.468000000000168e-09  1.714389369168998e-01 
 5.472000000000169e-09  1.862929756246068e-01 
 5.476000000000169e-09  2.003979896624939e-01 
 5.480000000000170e-09  2.137001367637490e-01 
 5.484000000000170e-09  2.261491762358210e-01 
 5.488000000000170e-09  2.376985989854079e-01 
 5.492000000000171e-09  2.483057019899846e-01 
 5.496000000000171e-09  2.579316877989042e-01 
 5.500000000000172e-09  2.665416877694504e-01 
 5.504000000000172e-09  2.741047630594533e-01 
 5.508000000000172e-09  2.805939397614825e-01 
 5.512000000000173e-09  2.859862106954894e-01 
 5.516000000000173e-09  2.902625209382359e-01 
 5.520000000000174e-09  2.934077619779112e-01 
 5.524000000000174e-09  2.954107632042837e-01 
 5.528000000000174e-09  2.962642913020381e-01 
 5.532000000000175e-09  2.959650526843420e-01 
 5.536000000000175e-09  2.945137058244385e-01 
 5.540000000000176e-09  2.919148782458645e-01 
 5.544000000000176e-09  2.881771916954905e-01 
 5.548000000000176e-09  2.833132894918799e-01 
 5.552000000000177e-09  2.773398668748741e-01 
 5.556000000000177e-09  2.702776977250707e-01 
 5.560000000000178e-09  2.621516566291016e-01 
 5.564000000000178e-09  2.529907295669211e-01 
 5.568000000000178e-09  2.428280112830725e-01 
 5.572000000000179e-09  2.317006831922477e-01 
 5.576000000000179e-09  2.196499698440171e-01 
 5.580000000000180e-09  2.067210689667043e-01 
 5.584000000000180e-09  1.929630537779499e-01 
 5.588000000000180e-09  1.784287441388823e-01 
 5.592000000000181e-09  1.631745463713958e-01 
 5.596000000000181e-09  1.472602600623993e-01 
 5.600000000000182e-09  1.307488529510170e-01 
 5.604000000000182e-09  1.137062038983387e-01 
 5.608000000000182e-09  9.620081635052991e-02 
 5.612000000000183e-09  7.830350393499330e-02 
 5.616000000000183e-09  6.008705147274718e-02 
 5.620000000000184e-09  4.162564047171813e-02 
 5.624000000000184e-09  2.299544389206432e-02 
 5.628000000000184e-09  4.272930376885142e-03 
 5.632000000000185e-09 -1.446566613741140e-02 
 5.636000000000185e-09 -3.314332948768950e-02 
 5.640000000000186e-09 -5.168335261694779e-02 
 5.644000000000186e-09 -7.000994947419414e-02 
 5.648000000000186e-09 -8.804860255480662e-02 
 5.652000000000187e-09 -1.057262662368750e-01 
 5.656000000000187e-09 -1.229717942616944e-01 
 5.660000000000188e-09 -1.397162241744301e-01 
 5.664000000000188e-09 -1.558931335999780e-01 
 5.668000000000188e-09 -1.714388900328476e-01 
 5.672000000000189e-09 -1.862929263134738e-01 
 5.676000000000189e-09 -2.003979381138166e-01 
 5.680000000000190e-09 -2.137000831777254e-01 
 5.684000000000190e-09 -2.261491208196000e-01 
 5.688000000000190e-09 -2.376985419547903e-01 
 5.692000000000191e-09 -2.483056529631789e-01 
 5.696000000000191e-09 -2.579316473650524e-01 
 5.700000000000192e-09 -2.665416434719061e-01 
 5.704000000000192e-09 -2.741047126844158e-01 
 5.708000000000192e-09 -2.805938854873546e-01 
 5.712000000000193e-09 -2.859861539253692e-01 
 5.716000000000193e-09 -2.902624626429886e-01 
 5.720000000000194e-09 -2.934077028742663e-01 
 5.724000000000194e-09 -2.954107038533429e-01 
 5.728000000000194e-09 -2.962642321667586e-01 
 5.732000000000195e-09 -2.959649941597866e-01 
 5.736000000000195e-09 -2.945136482622950e-01 
 5.740000000000196e-09 -2.919148219579166e-01 
 5.744000000000196e-09 -2.881771369703923e-01 
 5.748000000000196e-09 -2.833132365906343e-01 
 5.752000000000197e-09 -2.773398160408349e-01 
 5.756000000000197e-09 -2.702776491814989e-01 
 5.760000000000198e-09 -2.621516105819728e-01 
 5.764000000000198e-09 -2.529906862042788e-01 
 5.768000000000198e-09 -2.428279707786158e-01 
 5.772000000000199e-09 -2.317006457009381e-01 
 5.776000000000199e-09 -2.196499355081842e-01 
 5.780000000000200e-09 -2.067210379100075e-01 
 5.784000000000200e-09 -1.929630261114230e-01 
 5.788000000000200e-09 -1.784287199561234e-01 
 5.792000000000201e-09 -1.631745257520425e-01 
 5.796000000000201e-09 -1.472602430697822e-01 
 5.800000000000202e-09 -1.307488396354248e-01 
 5.804000000000202e-09 -1.137061942950854e-01 
 5.808000000000202e-09 -9.620081048079321e-02 
 5.812000000000203e-09 -7.830350180515921e-02 
 5.816000000000203e-09 -6.008705307692708e-02 
 5.820000000000204e-09 -4.162564578915706e-02 
 5.824000000000204e-09 -2.299545289031535e-02 
 5.828000000000204e-09 -4.272943009206998e-03 
 5.832000000000205e-09  1.446564992797406e-02 
 5.836000000000205e-09  3.314330977330471e-02 
 5.840000000000206e-09  5.168332948291621e-02 
 5.844000000000206e-09  7.000992301540521e-02 
 5.848000000000206e-09  8.804857287794832e-02 
 5.852000000000207e-09  1.057262334608353e-01 
 5.856000000000207e-09  1.229717585159289e-01 
 5.860000000000208e-09  1.397161856001290e-01 
 5.864000000000208e-09  1.558930923480304e-01 
 5.868000000000208e-09  1.714388462644454e-01 
 5.872000000000209e-09  1.862928802014387e-01 
 5.876000000000209e-09  2.003978898387508e-01 
 5.880000000000210e-09  2.137000329311398e-01 
 5.884000000000210e-09  2.261490688003249e-01 
 5.888000000000210e-09  2.376984883703779e-01 
 5.892000000000211e-09  2.483055980293596e-01 
 5.896000000000211e-09  2.579315913020643e-01 
 5.900000000000212e-09  2.665415865060980e-01 
 5.904000000000212e-09  2.741046550481738e-01 
 5.908000000000212e-09  2.805938274160504e-01 
 5.912000000000213e-09  2.859860956564568e-01 
 5.916000000000213e-09  2.902624044165523e-01 
 5.920000000000214e-09  2.934076449290439e-01 
 5.924000000000214e-09  2.954106464274466e-01 
 5.928000000000214e-09  2.962641754977824e-01 
 5.932000000000215e-09  2.959649384806093e-01 
 5.936000000000215e-09  2.945135938008625e-01 
 5.940000000000216e-09  2.919147689373107e-01 
 5.944000000000216e-09  2.881770856058981e-01 
 5.948000000000216e-09  2.833131870899588e-01 
 5.952000000000217e-09  2.773397686025740e-01 
 5.956000000000217e-09  2.702776039935131e-01 
 5.960000000000218e-09  2.621515678226247e-01 
 5.964000000000218e-09  2.529906460402476e-01 
 5.968000000000218e-09  2.428279333628893e-01 
 5.972000000000219e-09  2.317006111763131e-01 
 5.976000000000219e-09  2.196499040021944e-01 
 5.980000000000220e-09  2.067210095379686e-01 
 5.984000000000220e-09  1.929630009750269e-01 
 5.988000000000220e-09  1.784286981422429e-01 
 5.992000000000221e-09  1.631745073353716e-01 
 5.996000000000221e-09  1.472602281106710e-01 
 6.000000000000222e-09  1.307488281799110e-01 
 6.004000000000222e-09  1.137061863761186e-01 
 6.008000000000222e-09  9.620080611794002e-02 
 6.012000000000223e-09  7.830350100385886e-02 
 6.016000000000223e-09  6.008705583182206e-02 
 6.020000000000224e-09  4.162565207949243e-02 
 6.024000000000224e-09  2.299546268474018e-02 
 6.028000000000224e-09  4.272958901532675e-03 
 6.032000000000225e-09 -1.446562644517790e-02 
 6.036000000000225e-09 -3.314328156295154e-02 
 6.040000000000226e-09 -5.168329851384712e-02 
 6.044000000000226e-09 -7.000988958718501e-02 
 6.048000000000226e-09 -8.804853715374783e-02 
 6.052000000000227e-09 -1.057261955387698e-01 
 6.056000000000227e-09 -1.229717184668093e-01 
 6.060000000000228e-09 -1.397161434926559e-01 
 6.064000000000228e-09 -1.558930482551801e-01 
 6.068000000000228e-09 -1.714388002755651e-01 
 6.072000000000229e-09 -1.862928324168074e-01 
 6.076000000000229e-09 -2.003978403779190e-01 
 6.080000000000230e-09 -2.136999819228009e-01 
 6.084000000000230e-09 -2.261490163932587e-01 
 6.088000000000230e-09 -2.376984347215796e-01 
 6.092000000000231e-09 -2.483055433113819e-01 
 6.096000000000231e-09 -2.579315356957759e-01 
 6.100000000000232e-09 -2.665415302051164e-01 
 6.104000000000232e-09 -2.741045982499850e-01 
 6.108000000000232e-09 -2.805937703275934e-01 
 6.112000000000233e-09 -2.859860384881845e-01 
 6.116000000000233e-09 -2.902623473850345e-01 
 6.120000000000234e-09 -2.934075882497815e-01 
 6.124000000000234e-09 -2.954105903195392e-01 
 6.128000000000234e-09 -2.962641201783369e-01 
 6.132000000000235e-09 -2.959648841652391e-01 
 6.136000000000235e-09 -2.945135407012747e-01 
 6.140000000000236e-09 -2.919147172620618e-01 
 6.144000000000236e-09 -2.881770355549520e-01 
 6.148000000000236e-09 -2.833131388583348e-01 
 6.152000000000237e-09 -2.773397223781950e-01 
 6.156000000000237e-09 -2.702775599526204e-01 
 6.160000000000238e-09 -2.621515261333194e-01 
 6.164000000000238e-09 -2.529906068579590e-01 
 6.168000000000238e-09 -2.428278968355642e-01 
 6.172000000000239e-09 -2.317005774359098e-01 
 6.176000000000239e-09 -2.196498731718766e-01 
 6.180000000000240e-09 -2.067209817253346e-01 
 6.184000000000240e-09 -1.929629762758562e-01 
 6.188000000000240e-09 -1.784286766407472e-01 
 6.192000000000241e-09 -1.631744891007134e-01 
 6.196000000000241e-09 -1.472602131998837e-01 
 6.200000000000242e-09 -1.307488166369861e-01 
 6.204000000000242e-09 -1.137061782321620e-01 
 6.208000000000242e-09 -9.620080139158382e-02 
 6.212000000000243e-09 -7.830349970151573e-02 
 6.216000000000243e-09 -6.008705794476832e-02 
 6.220000000000244e-09 -4.162565758947423e-02 
 6.224000000000244e-09 -2.299547156092174e-02 
 6.228000000000244e-09 -4.272968467546434e-03 
 6.232000000000245e-09  1.446561779473576e-02 
 6.236000000000245e-09  3.314327110076398e-02 
 6.240000000000246e-09  5.168328442704251e-02 
 6.244000000000246e-09  7.000987175620743e-02 
 6.248000000000246e-09  8.804851561605531e-02 
 6.252000000000247e-09  1.057261704181016e-01 
 6.256000000000247e-09  1.229716899362217e-01 
 6.260000000000248e-09  1.397161117449723e-01 
 6.264000000000248e-09  1.558930135025633e-01 
 6.268000000000248e-09  1.714387627312899e-01 
 6.272000000000249e-09  1.862927923020798e-01 
 6.276000000000249e-09  2.003977979144373e-01 
 6.280000000000250e-09  2.136999373372639e-01 
 6.284000000000250e-09  2.261489699116535e-01 
 6.288000000000250e-09  2.376983865750955e-01 
 6.292000000000251e-09  2.483054937279308e-01 
 6.296000000000251e-09  2.579314849099665e-01 
 6.300000000000252e-09  2.665414784478655e-01 
 6.304000000000252e-09  2.741045457568578e-01 
 6.308000000000252e-09  2.805937173326329e-01 
 6.312000000000253e-09  2.859859852260858e-01 
 6.316000000000253e-09  2.902622940872932e-01 
 6.320000000000254e-09  2.934075351489298e-01 
 6.324000000000254e-09  2.954105376437706e-01 
 6.328000000000254e-09  2.962640681529827e-01 
 6.332000000000255e-09  2.959648330105569e-01 
 6.336000000000255e-09  2.945134906336528e-01 
 6.340000000000256e-09  2.919146684902176e-01 
 6.344000000000256e-09  2.881769882802745e-01 
 6.348000000000256e-09  2.833130932768322e-01 
 6.352000000000257e-09  2.773396786729072e-01 
 6.356000000000257e-09  2.702775183001380e-01 
 6.360000000000258e-09  2.621514866982961e-01 
 6.364000000000258e-09  2.529905697956956e-01 
 6.368000000000258e-09  2.428278622879265e-01 
 6.372000000000259e-09  2.317005455350234e-01 
 6.376000000000259e-09  2.196498440351959e-01 
 6.380000000000260e-09  2.067209554607778e-01 
 6.384000000000260e-09  1.929629529768100e-01 
 6.388000000000260e-09  1.784286563882294e-01 
 6.392000000000261e-09  1.631744719625239e-01 
 6.396000000000261e-09  1.472601992320541e-01 
 6.400000000000262e-09  1.307488058827815e-01 
 6.404000000000262e-09  1.137061707217448e-01 
 6.408000000000262e-09  9.620079714359164e-02 
 6.412000000000263e-09  7.830349872159026e-02 
 6.416000000000263e-09  6.008706022740640e-02 
 6.420000000000264e-09  4.162566311724980e-02 
 6.424000000000264e-09  2.299548030489262e-02 
 6.428000000000264e-09  4.272980387300507e-03 
 6.432000000000265e-09 -1.446560275057074e-02 
 6.436000000000265e-09 -3.314325299419707e-02 
 6.440000000000266e-09 -5.168326333360618e-02 
 6.444000000000266e-09 -7.000984775776331e-02 
 6.448000000000266e-09 -8.804848880812166e-02 
 6.452000000000267e-09 -1.057261409031813e-01 
 6.456000000000267e-09 -1.229716578282734e-01 
 6.460000000000268e-09 -1.397160771685417e-01 
 6.464000000000268e-09 -1.558929765883512e-01 
 6.468000000000268e-09 -1.714387236223249e-01 
 6.472000000000269e-09 -1.862927511497787e-01 
 6.476000000000269e-09 -2.003977548773417e-01 
 6.480000000000270e-09 -2.136998925830866e-01 
 6.484000000000270e-09 -2.261489236140388e-01 
 6.488000000000270e-09 -2.376983389158740e-01 
 6.492000000000271e-09 -2.483054448967659e-01 
 6.496000000000271e-09 -2.579314350993789e-01 
 6.500000000000272e-09 -2.665414278570681e-01 
 6.504000000000272e-09 -2.741044945896274e-01 
 6.508000000000272e-09 -2.805936657940964e-01 
 6.512000000000273e-09 -2.859859335249562e-01 
 6.516000000000273e-09 -2.902622424333394e-01 
 6.520000000000274e-09 -2.934074837530323e-01 
 6.524000000000274e-09 -2.954104867141902e-01 
 6.528000000000274e-09 -2.962640178976879e-01 
 6.532000000000275e-09 -2.959647836335528e-01 
 6.536000000000275e-09 -2.945134423349343e-01 
 6.540000000000276e-09 -2.919146214645774e-01 
 6.544000000000276e-09 -2.881769427184246e-01 
 6.548000000000276e-09 -2.833130493592848e-01 
 6.552000000000277e-09 -2.773396365739975e-01 
 6.556000000000277e-09 -2.702774781859407e-01 
 6.560000000000278e-09 -2.621514487243557e-01 
 6.564000000000278e-09 -2.529905341067522e-01 
 6.568000000000278e-09 -2.428278290198866e-01 
 6.572000000000279e-09 -2.317005148117772e-01 
 6.576000000000279e-09 -2.196498159696247e-01 
 6.580000000000280e-09 -2.067209301532742e-01 
 6.584000000000280e-09 -1.929629305166269e-01 
 6.588000000000280e-09 -1.784286368514003e-01 
 6.592000000000281e-09 -1.631744554150760e-01 
 6.596000000000281e-09 -1.472601857263260e-01 
 6.600000000000282e-09 -1.307487954597644e-01 
 6.604000000000282e-09 -1.137061634104004e-01 
 6.608000000000282e-09 -9.620079296030859e-02 
 6.612000000000283e-09 -7.830349767201206e-02 
 6.616000000000283e-09 -6.008706230587890e-02 
 6.620000000000284e-09 -4.162566830593128e-02 
 6.624000000000284e-09 -2.299548857581790e-02 
 6.628000000000284e-09 -4.272991702659823e-03 
 6.632000000000285e-09  1.446558843963786e-02 
 6.636000000000285e-09  3.314323574925737e-02 
 6.640000000000286e-09  5.168324322394824e-02 
 6.644000000000286e-09  7.000982486583673e-02 
 6.648000000000286e-09  8.804846322153637e-02 
 6.652000000000287e-09  1.057261127230689e-01 
 6.656000000000287e-09  1.229716271630927e-01 
 6.660000000000288e-09  1.397160441360672e-01 
 6.664000000000288e-09  1.558929413167789e-01 
 6.668000000000288e-09  1.714386862466029e-01 
 6.672000000000289e-09  1.862927118142039e-01 
 6.676000000000289e-09  2.003977137346826e-01 
 6.680000000000290e-09  2.136998497934322e-01 
 6.684000000000290e-09  2.261488793451587e-01 
 6.688000000000290e-09  2.376982933416425e-01 
 6.692000000000291e-09  2.483053981974166e-01 
 6.696000000000291e-09  2.579313874604665e-01 
 6.700000000000292e-09  2.665413794697553e-01 
 6.704000000000292e-09  2.741044456480468e-01 
 6.708000000000292e-09  2.805936164955098e-01 
 6.712000000000293e-09  2.859858840695724e-01 
 6.716000000000293e-09  2.902621930216611e-01 
 6.720000000000294e-09  2.934074345863071e-01 
 6.724000000000294e-09  2.954104379929219e-01 
 6.728000000000294e-09  2.962639698192553e-01 
 6.732000000000295e-09  2.959647363951945e-01 
 6.736000000000295e-09  2.945133961276183e-01 
 6.740000000000296e-09  2.919145764753610e-01 
 6.744000000000296e-09  2.881768991283900e-01 
 6.748000000000296e-09  2.833130073420125e-01 
 6.752000000000297e-09  2.773395962968888e-01 
 6.756000000000297e-09  2.702774398069847e-01 
 6.760000000000298e-09  2.621514123931217e-01 
 6.764000000000298e-09  2.529904999630137e-01 
 6.768000000000298e-09  2.428277971933488e-01 
 6.772000000000299e-09  2.317004854201450e-01 
 6.776000000000299e-09  2.196497891210107e-01 
 6.780000000000300e-09  2.067209059448896e-01 
 6.784000000000300e-09  1.929629090329374e-01 
 6.788000000000300e-09  1.784286181666168e-01 
 6.792000000000301e-09  1.631744395908914e-01 
 6.796000000000301e-09  1.472601728132545e-01 
 6.800000000000302e-09  1.307487854966798e-01 
 6.804000000000302e-09  1.137061564254562e-01 
 6.808000000000302e-09  9.620078896955420e-02 
 6.812000000000303e-09  7.830349668045322e-02 
 6.816000000000303e-09  6.008706430800892e-02 
 6.820000000000304e-09  4.162567328517852e-02 
 6.824000000000304e-09  2.299549650589938e-02 
 6.828000000000304e-09  4.273002547435567e-03 
 6.832000000000305e-09 -1.446557472805665e-02 
 6.836000000000305e-09 -3.314321922964858e-02 
 6.840000000000306e-09 -5.168322396263747e-02 
 6.844000000000306e-09 -7.000980294003689e-02 
 6.848000000000306e-09 -8.804843871853762e-02 
 6.852000000000307e-09 -1.057260857369879e-01 
 6.856000000000307e-09 -1.229715977988537e-01 
 6.860000000000308e-09 -1.397160125055148e-01 
 6.864000000000308e-09 -1.558929075429774e-01 
 6.868000000000308e-09 -1.714386504598515e-01 
 6.872000000000309e-09 -1.862926741522575e-01 
 6.876000000000309e-09 -2.003976743432663e-01 
 6.880000000000310e-09 -2.136998088254281e-01 
 6.884000000000310e-09 -2.261488369621620e-01 
 6.888000000000310e-09 -2.376982497092470e-01 
 6.892000000000311e-09 -2.483053534886190e-01 
 6.896000000000311e-09 -2.579313418529532e-01 
 6.900000000000312e-09 -2.665413331457493e-01 
 6.904000000000312e-09 -2.741043987936758e-01 
 6.908000000000312e-09 -2.805935693005450e-01 
 6.912000000000313e-09 -2.859858367244925e-01 
 6.916000000000313e-09 -2.902621457195629e-01 
 6.920000000000314e-09 -2.934073875188676e-01 
 6.924000000000314e-09 -2.954103913525978e-01 
 6.928000000000314e-09 -2.962639237960367e-01 
 6.932000000000315e-09 -2.959646911755291e-01 
 6.936000000000315e-09 -2.945133518966552e-01 
 6.940000000000316e-09 -2.919145334114284e-01 
 6.944000000000316e-09 -2.881768574039785e-01 
 6.948000000000316e-09 -2.833129671259136e-01 
 6.952000000000317e-09 -2.773395577471591e-01 
 6.956000000000317e-09 -2.702774030752826e-01 
 6.960000000000318e-09 -2.621513776224891e-01 
 6.964000000000318e-09 -2.529904672874839e-01 
 6.968000000000318e-09 -2.428277667983725e-01 
 6.972000000000319e-09 -2.317004584818214e-01 
 6.976000000000319e-09 -2.196497661348413e-01 
 6.980000000000320e-09 -2.067208860523948e-01 
 6.984000000000320e-09 -1.929628918287207e-01 
 6.988000000000320e-09 -1.784286034957994e-01 
 6.992000000000321e-09 -1.631744274061973e-01 
 6.996000000000321e-09 -1.472601631291734e-01 
 7.000000000000322e-09 -1.307487783461792e-01 
 7.004000000000322e-09 -1.137061518499198e-01 
 7.008000000000322e-09 -9.620078700623935e-02 
 7.012000000000323e-09 -7.830349735997189e-02 
 7.016000000000323e-09 -6.008706764973581e-02 
 7.020000000000324e-09 -4.162567929581762e-02 
 7.024000000000324e-09 -2.299550518391058e-02 
 7.028000000000324e-09 -4.273013878361098e-03 
 7.032000000000325e-09  1.446556077231698e-02 
 7.036000000000325e-09  3.314320268750137e-02 
 7.040000000000326e-09  5.168320488620104e-02 
 7.044000000000326e-09  7.000978138907499e-02 
 7.048000000000326e-09  8.804841476524849e-02 
 7.052000000000327e-09  1.057260594634286e-01 
 7.056000000000327e-09  1.229715692959346e-01 
 7.060000000000328e-09  1.397159818752041e-01 
 7.064000000000328e-09  1.558928748954553e-01 
 7.068000000000328e-09  1.714386159146386e-01 
 7.072000000000329e-09  1.862926378369725e-01 
 7.076000000000329e-09  2.003976363935802e-01 
 7.080000000000330e-09  2.136997693860678e-01 
 7.084000000000330e-09  2.261487961826969e-01 
 7.088000000000330e-09  2.376982077480481e-01 
 7.092000000000331e-09  2.483053105082496e-01 
 7.096000000000331e-09  2.579312980230428e-01 
 7.100000000000332e-09  2.665412886392335e-01 
 7.104000000000332e-09  2.741043537866199e-01 
 7.108000000000332e-09  2.805935239735344e-01 
 7.112000000000333e-09  2.859857912596699e-01 
 7.116000000000333e-09  2.902621003003687e-01 
 7.120000000000334e-09  2.934073423292738e-01 
 7.124000000000334e-09  2.954103465753217e-01 
 7.128000000000334e-09  2.962638796141357e-01 
 7.132000000000335e-09  2.959646477664688e-01 
 7.136000000000335e-09  2.945133094356218e-01 
 7.140000000000336e-09  2.919144920701700e-01 
 7.144000000000336e-09  2.881768173483574e-01 
 7.148000000000336e-09  2.833129285145501e-01 
 7.152000000000337e-09  2.773395207330926e-01 
 7.156000000000337e-09  2.702773678037529e-01 
 7.160000000000338e-09  2.621513442302934e-01 
 7.164000000000338e-09  2.529904359023325e-01 
 7.168000000000338e-09  2.428277374756913e-01 
 7.172000000000339e-09  2.317004302699051e-01 
 7.176000000000339e-09  2.196497387386547e-01 
 7.180000000000340e-09  2.067208605119930e-01 
 7.184000000000340e-09  1.929628687088059e-01 
 7.188000000000340e-09  1.784285830900831e-01 
 7.192000000000341e-09  1.631744098777670e-01 
 7.196000000000341e-09  1.472601485577449e-01 
 7.200000000000342e-09  1.307487667718252e-01 
 7.204000000000342e-09  1.137061432830020e-01 
 7.208000000000342e-09  9.620078144038580e-02 
 7.212000000000343e-09  7.830349477469056e-02 
 7.216000000000343e-09  6.008706801512709e-02 
 7.220000000000344e-09  4.162568257301302e-02 
 7.224000000000344e-09  2.299551132503197e-02 
 7.228000000000344e-09  4.273022829853090e-03 
 7.232000000000345e-09 -1.446554907115782e-02 
 7.236000000000345e-09 -3.314318830730123e-02 
 7.240000000000346e-09 -5.168318790195769e-02 
 7.244000000000346e-09 -7.000976188472841e-02 
 7.248000000000346e-09 -8.804839282982790e-02 
 7.252000000000347e-09 -1.057260351935838e-01 
 7.256000000000347e-09 -1.229715427959182e-01 
 7.260000000000348e-09 -1.397159532557879e-01 
 7.264000000000348e-09 -1.558928442742555e-01 
 7.268000000000348e-09 -1.714385834159611e-01 
 7.272000000000349e-09 -1.862926035926176e-01 
 7.276000000000349e-09 -2.003976005409971e-01 
 7.280000000000350e-09 -2.136997320685019e-01 
 7.284000000000350e-09 -2.261487575499839e-01 
 7.288000000000350e-09 -2.376981679553722e-01 
 7.292000000000351e-09 -2.483052697162815e-01 
 7.296000000000351e-09 -2.579312563957590e-01 
 7.300000000000352e-09 -2.665412463450094e-01 
 7.304000000000352e-09 -2.741043109981476e-01 
 7.308000000000352e-09 -2.805934808651722e-01 
 7.312000000000353e-09 -2.859857480067154e-01 
 7.316000000000353e-09 -2.902620570805166e-01 
 7.320000000000354e-09 -2.934072993195094e-01 
 7.324000000000354e-09 -2.954103039523273e-01 
 7.328000000000354e-09 -2.962638375512494e-01 
 7.332000000000355e-09 -2.959646064378909e-01 
 7.336000000000355e-09 -2.945132690089625e-01 
 7.340000000000356e-09 -2.919144527104067e-01 
 7.344000000000356e-09 -2.881767792138508e-01 
 7.348000000000356e-09 -2.833128917590026e-01 
 7.352000000000357e-09 -2.773394855027593e-01 
 7.356000000000357e-09 -2.702773342375426e-01 
 7.360000000000358e-09 -2.621513124597437e-01 
 7.364000000000358e-09 -2.529904060497881e-01 
 7.368000000000358e-09 -2.428277096551934e-01 
 7.372000000000359e-09 -2.317004045849647e-01 
 7.376000000000359e-09 -2.196497152861028e-01 
 7.380000000000360e-09 -2.067208393748956e-01 
 7.384000000000360e-09 -1.929628499631590e-01 
 7.388000000000360e-09 -1.784285667992123e-01 
 7.392000000000361e-09 -1.631743960962861e-01 
 7.396000000000361e-09 -1.472601373307754e-01 
 7.400000000000362e-09 -1.307487581341373e-01 
 7.404000000000362e-09 -1.137061372576333e-01 
 7.408000000000362e-09 -9.620077804219385e-02 
 7.412000000000363e-09 -7.830349400837200e-02 
 7.416000000000363e-09 -6.008706987595502e-02 
 7.420000000000364e-09 -4.162568704628811e-02 
 7.424000000000364e-09 -2.299551838732761e-02 
 7.428000000000364e-09 -4.273032449134462e-03 
 7.432000000000365e-09  1.446553693745223e-02 
 7.436000000000365e-09  3.314317370817221e-02 
 7.440000000000366e-09  5.168317089775520e-02 
 7.444000000000366e-09  7.000974254293979e-02 
 7.448000000000366e-09  8.804837122623432e-02 
 7.452000000000367e-09  1.057260114115337e-01 
 7.456000000000366e-09  1.229715169270698e-01 
 7.460000000000366e-09  1.397159253994307e-01 
 7.464000000000365e-09  1.558928145368643e-01 
 7.468000000000365e-09  1.714385519119954e-01 
 7.472000000000365e-09  1.862925704432037e-01 
 7.476000000000364e-09  2.003975658742156e-01 
 7.480000000000364e-09  2.136996960191286e-01 
 7.484000000000363e-09  2.261487202587578e-01 
 7.488000000000363e-09  2.376981295689014e-01 
 7.492000000000362e-09  2.483052303852276e-01 
 7.496000000000362e-09  2.579312162766474e-01 
 7.500000000000362e-09  2.665412055983767e-01 
 7.504000000000361e-09  2.741042697865579e-01 
 7.508000000000361e-09  2.805934393552469e-01 
 7.512000000000360e-09  2.859857063662390e-01 
 7.516000000000360e-09  2.902620154776465e-01 
 7.520000000000359e-09  2.934072579240481e-01 
 7.524000000000359e-09  2.954102629319768e-01 
 7.528000000000359e-09  2.962637970743758e-01 
 7.532000000000358e-09  2.959645666672532e-01 
 7.536000000000358e-09  2.945132301062643e-01 
 7.540000000000357e-09  2.919144148314721e-01 
 7.544000000000357e-09  2.881767425125470e-01 
 7.548000000000357e-09  2.833128563806655e-01 
 7.552000000000356e-09  2.773394515886149e-01 
 7.556000000000356e-09  2.702773019195286e-01 
 7.560000000000355e-09  2.621512818632796e-01 
 7.564000000000355e-09  2.529903772927531e-01 
 7.568000000000354e-09  2.428276828468299e-01 
 7.572000000000354e-09  2.317003798242823e-01 
 7.576000000000354e-09  2.196496926639906e-01 
 7.580000000000353e-09  2.067208189719398e-01 
 7.584000000000353e-09  1.929628318517906e-01 
 7.588000000000352e-09  1.784285510400458e-01 
 7.592000000000352e-09  1.631743827431205e-01 
 7.596000000000351e-09  1.472601264247650e-01 
 7.600000000000351e-09  1.307487497083244e-01 
 7.604000000000351e-09  1.137061313358068e-01 
 7.608000000000350e-09  9.620077463752175e-02 
 7.612000000000350e-09  7.830349312537876e-02 
 7.616000000000349e-09  6.008707151052661e-02 
 7.620000000000349e-09  4.162569118304660e-02 
 7.624000000000348e-09  2.299552500502600e-02 
 7.628000000000348e-09  4.273041517066645e-03 
 7.632000000000348e-09 -1.446552545910151e-02 
 7.636000000000347e-09 -3.314315986842331e-02 
 7.640000000000347e-09 -5.168315475390450e-02 
 7.644000000000346e-09 -7.000972415813500e-02 
 7.648000000000346e-09 -8.804835067416761e-02 
 7.652000000000345e-09 -1.057259887718267e-01 
 7.656000000000345e-09 -1.229714922879381e-01 
 7.660000000000345e-09 -1.397158988553180e-01 
 7.664000000000344e-09 -1.558927861904582e-01 
 7.668000000000344e-09 -1.714385218722079e-01 
 7.672000000000343e-09 -1.862925388267218e-01 
 7.676000000000343e-09 -2.003975328037590e-01 
 7.680000000000342e-09 -2.136996616237976e-01 
 7.684000000000342e-09 -2.261486846730865e-01 
 7.688000000000342e-09 -2.376980929320940e-01 
 7.692000000000341e-09 -2.483051928432261e-01 
 7.696000000000341e-09 -2.579311779788993e-01 
 7.700000000000340e-09 -2.665411666974773e-01 
 7.704000000000340e-09 -2.741042304406163e-01 
 7.708000000000339e-09 -2.805933997209538e-01 
 7.712000000000339e-09 -2.859856666057521e-01 
 7.716000000000339e-09 -2.902619757521365e-01 
 7.720000000000338e-09 -2.934072183956520e-01 
 7.724000000000338e-09 -2.954102237629967e-01 
 7.728000000000337e-09 -2.962637584222232e-01 
 7.732000000000337e-09 -2.959645286907586e-01 
 7.736000000000336e-09 -2.945131929600648e-01 
 7.740000000000336e-09 -2.919143786655896e-01 
 7.744000000000336e-09 -2.881767074725770e-01 
 7.748000000000335e-09 -2.833128226074830e-01 
 7.752000000000335e-09 -2.773394192154282e-01 
 7.756000000000334e-09 -2.702772710745238e-01 
 7.760000000000334e-09 -2.621512526665422e-01 
 7.764000000000333e-09 -2.529903498558888e-01 
 7.768000000000333e-09 -2.428276572739705e-01 
 7.772000000000333e-09 -2.317003562124000e-01 
 7.776000000000332e-09 -2.196496710984555e-01 
 7.780000000000332e-09 -2.067207995307161e-01 
 7.784000000000331e-09 -1.929628146030886e-01 
 7.788000000000331e-09 -1.784285360444375e-01 
 7.792000000000330e-09 -1.631743700487220e-01 
 7.796000000000330e-09 -1.472601160741807e-01 
 7.800000000000330e-09 -1.307487417312689e-01 
 7.804000000000329e-09 -1.137061257553249e-01 
 7.808000000000329e-09 -9.620077146647077e-02 
 7.812000000000328e-09 -7.830349236859035e-02 
 7.816000000000328e-09 -6.008707316190254e-02 
 7.820000000000327e-09 -4.162569523133541e-02 
 7.824000000000327e-09 -2.299553142720612e-02 
 7.828000000000327e-09 -4.273050285050317e-03 
 7.832000000000326e-09  1.446551438450427e-02 
 7.836000000000326e-09  3.314314653378503e-02 
 7.840000000000325e-09  5.168313921274859e-02 
 7.844000000000325e-09  7.000970647393245e-02 
 7.848000000000324e-09  8.804833091465092e-02 
 7.852000000000324e-09  1.057259670140915e-01 
 7.856000000000324e-09  1.229714686153827e-01 
 7.860000000000323e-09  1.397158733602115e-01 
 7.864000000000323e-09  1.558927589707313e-01 
 7.868000000000322e-09  1.714384930318982e-01 
 7.872000000000322e-09  1.862925084769582e-01 
 7.876000000000321e-09  2.003975010626533e-01 
 7.880000000000321e-09  2.136996286142629e-01 
 7.884000000000321e-09  2.261486505240917e-01 
 7.888000000000320e-09  2.376980577785144e-01 
 7.892000000000320e-09  2.483051568233527e-01 
 7.896000000000319e-09  2.579311412354155e-01 
 7.900000000000319e-09  2.665411293779893e-01 
 7.904000000000318e-09  2.741041926942831e-01 
 7.908000000000318e-09  2.805933617010155e-01 
 7.912000000000318e-09  2.859856284650326e-01 
 7.916000000000317e-09  2.902619376463371e-01 
 7.920000000000317e-09  2.934071804787175e-01 
 7.924000000000316e-09  2.954101861892313e-01 
 7.928000000000316e-09  2.962637213450470e-01 
 7.932000000000315e-09  2.959644922610678e-01 
 7.936000000000315e-09  2.945131573251210e-01 
 7.940000000000315e-09  2.919143439700262e-01 
 7.944000000000314e-09  2.881766738550993e-01 
 7.948000000000314e-09  2.833127902023103e-01 
 7.952000000000313e-09  2.773393881517103e-01 
 7.956000000000313e-09  2.702772414736287e-01 
 7.960000000000312e-09  2.621512246440103e-01 
 7.964000000000312e-09  2.529903235194020e-01 
 7.968000000000312e-09  2.428276327228041e-01 
 7.972000000000311e-09  2.317003335377574e-01 
 7.976000000000311e-09  2.196496503835501e-01 
 7.980000000000310e-09  2.067207808509739e-01 
 7.984000000000310e-09  1.929627980232009e-01 
 7.988000000000309e-09  1.784285216215498e-01 
 7.992000000000309e-09  1.631743578312399e-01 
 7.996000000000309e-09  1.472601060991732e-01 
 8.000000000000308e-09  1.307487340302824e-01 
 8.004000000000308e-09  1.137061203489207e-01 
 8.008000000000307e-09  9.620076836801061e-02 
 8.012000000000307e-09  7.830349158138006e-02 
 8.016000000000306e-09  6.008707468235031e-02 
 8.020000000000306e-09  4.162569904542579e-02 
 8.024000000000306e-09  2.299553751550576e-02 
 8.028000000000305e-09  4.273058618906589e-03 
 8.032000000000305e-09 -1.446550384067891e-02 
 8.036000000000304e-09 -3.314313382546175e-02 
 8.040000000000304e-09 -5.168312439229794e-02 
 8.044000000000304e-09 -7.000968959994580e-02 
 8.048000000000303e-09 -8.804831205476660e-02 
 8.052000000000303e-09 -1.057259462405717e-01 
 8.056000000000302e-09 -1.229714460086822e-01 
 8.060000000000302e-09 -1.397158490077022e-01 
 8.064000000000301e-09 -1.558927329657518e-01 
 8.068000000000301e-09 -1.714384654758341e-01 
 8.072000000000301e-09 -1.862924794755312e-01 
 8.076000000000300e-09 -2.003974707282072e-01 
 8.080000000000300e-09 -2.136995970650677e-01 
 8.084000000000299e-09 -2.261486178837302e-01 
 8.088000000000299e-09 -2.376980241754225e-01 
 8.092000000000298e-09 -2.483051223906934e-01 
 8.096000000000298e-09 -2.579311061105862e-01 
 8.100000000000298e-09 -2.665410937009591e-01 
 8.104000000000297e-09 -2.741041566080238e-01 
 8.108000000000297e-09 -2.805933253512674e-01 
 8.112000000000296e-09 -2.859855920004040e-01 
 8.116000000000296e-09 -2.902619012138046e-01 
 8.120000000000295e-09 -2.934071442280082e-01 
 8.124000000000295e-09 -2.954101502665092e-01 
 8.128000000000295e-09 -2.962636858978760e-01 
 8.132000000000294e-09 -2.959644574339735e-01 
 8.136000000000294e-09 -2.945131232583806e-01 
 8.140000000000293e-09 -2.919143108025843e-01 
 8.144000000000293e-09 -2.881766417199447e-01 
 8.148000000000292e-09 -2.833127592284521e-01 
 8.152000000000292e-09 -2.773393584612798e-01 
 8.156000000000292e-09 -2.702772131851434e-01 
 8.160000000000291e-09 -2.621511978665536e-01 
 8.164000000000291e-09 -2.529902983553249e-01 
 8.168000000000290e-09 -2.428276092684154e-01 
 8.172000000000290e-09 -2.317003118802781e-01 
 8.176000000000289e-09 -2.196496306027118e-01 
 8.180000000000289e-09 -2.067207630181969e-01 
 8.184000000000289e-09 -1.929627822006950e-01 
 8.188000000000288e-09 -1.784285078645631e-01 
 8.192000000000288e-09 -1.631743461842365e-01 
 8.196000000000287e-09 -1.472600966008972e-01 
 8.200000000000287e-09 -1.307487267085907e-01 
 8.204000000000286e-09 -1.137061152246410e-01 
 8.208000000000286e-09 -9.620076545272127e-02 
 8.212000000000286e-09 -7.830349087911870e-02 
 8.216000000000285e-09 -6.008707618943276e-02 
 8.220000000000285e-09 -4.162570274910848e-02 
 8.224000000000284e-09 -2.299554339591481e-02 
 8.228000000000284e-09 -4.273066649698620e-03 
 8.232000000000283e-09  1.446549369497063e-02 
 8.236000000000283e-09  3.314312160722466e-02 
 8.240000000000283e-09  5.168311015168925e-02 
 8.244000000000282e-09  7.000967339362774e-02 
 8.248000000000282e-09  8.804829394577851e-02 
 8.252000000000281e-09  1.057259263002273e-01 
 8.256000000000281e-09  1.229714243132651e-01 
 8.260000000000280e-09  1.397158256413711e-01 
 8.264000000000280e-09  1.558927080168235e-01 
 8.268000000000280e-09  1.714384390417578e-01 
 8.272000000000279e-09  1.862924516574775e-01 
 8.276000000000279e-09  2.003974416344381e-01 
 8.280000000000278e-09  2.136995668084030e-01 
 8.284000000000278e-09  2.261485865823243e-01 
 8.288000000000277e-09  2.376979919526523e-01 
 8.292000000000277e-09  2.483050893734866e-01 
 8.296000000000277e-09  2.579310724299440e-01 
 8.300000000000276e-09  2.665410594918880e-01 
 8.304000000000276e-09  2.741041220078655e-01 
 8.308000000000275e-09  2.805932904993265e-01 
 8.312000000000275e-09  2.859855570370442e-01 
 8.316000000000274e-09  2.902618662826595e-01 
 8.320000000000274e-09  2.934071094693440e-01 
 8.324000000000274e-09  2.954101158237172e-01 
 8.328000000000273e-09  2.962636519102639e-01 
 8.332000000000273e-09  2.959644240385901e-01 
 8.336000000000272e-09  2.945130905928000e-01 
 8.340000000000272e-09  2.919142789968601e-01 
 8.344000000000271e-09  2.881766109036570e-01 
 8.348000000000271e-09  2.833127295231854e-01 
 8.352000000000271e-09  2.773393299858631e-01 
 8.356000000000270e-09  2.702771860511914e-01 
 8.360000000000270e-09  2.621511721787178e-01 
 8.364000000000269e-09  2.529902742131700e-01 
 8.368000000000269e-09  2.428275867635588e-01 
 8.372000000000268e-09  2.317002910959385e-01 
 8.376000000000268e-09  2.196496116156759e-01 
 8.380000000000268e-09  2.067207458956677e-01 
 8.384000000000267e-09  1.929627670030118e-01 
 8.388000000000267e-09  1.784284946437058e-01 
 8.392000000000266e-09  1.631743349847010e-01 
 8.396000000000266e-09  1.472600874582035e-01 
 8.400000000000265e-09  1.307487196498691e-01 
 8.404000000000265e-09  1.137061102697814e-01 
 8.408000000000265e-09  9.620076261288446e-02 
 8.412000000000264e-09  7.830349015852534e-02 
 8.416000000000264e-09  6.008707758419973e-02 
 8.420000000000263e-09  4.162570624733775e-02 
 8.424000000000263e-09  2.299554897933476e-02 
 8.428000000000262e-09  4.273074291042178e-03 
 8.432000000000262e-09 -1.446548402792658e-02 
 8.436000000000262e-09 -3.314310995587277e-02 
 8.440000000000261e-09 -5.168309656381709e-02 
 8.444000000000261e-09 -7.000965792361313e-02 
 8.448000000000260e-09 -8.804827665349180e-02 
 8.452000000000260e-09 -1.057259072538237e-01 
 8.456000000000259e-09 -1.229714035870444e-01 
 8.460000000000259e-09 -1.397158033142638e-01 
 8.464000000000259e-09 -1.558926841754946e-01 
 8.468000000000258e-09 -1.714384137777873e-01 
 8.472000000000258e-09 -1.862924250683360e-01 
 8.476000000000257e-09 -2.003974138230138e-01 
 8.480000000000257e-09 -2.136995378838904e-01 
 8.484000000000256e-09 -2.261485566578294e-01 
 8.488000000000256e-09 -2.376979611449137e-01 
 8.492000000000256e-09 -2.483050578061867e-01 
 8.496000000000255e-09 -2.579310402272466e-01 
 8.500000000000255e-09 -2.665410267832904e-01 
 8.504000000000254e-09 -2.741040889247444e-01 
 8.508000000000254e-09 -2.805932571746448e-01 
 8.512000000000254e-09 -2.859855236071374e-01 
 8.516000000000253e-09 -2.902618328819861e-01 
 8.520000000000253e-09 -2.934070762347842e-01 
 8.524000000000252e-09 -2.954100828899313e-01 
 8.528000000000252e-09 -2.962636194126207e-01 
 8.532000000000251e-09 -2.959643921095694e-01 
 8.536000000000251e-09 -2.945130593614813e-01 
 8.540000000000251e-09 -2.919142485895381e-01 
 8.544000000000250e-09 -2.881765814426158e-01 
 8.548000000000250e-09 -2.833127011276675e-01 
 8.552000000000249e-09 -2.773393027675164e-01 
 8.556000000000249e-09 -2.702771601169323e-01 
 8.560000000000248e-09 -2.621511476299974e-01 
 8.564000000000248e-09 -2.529902511440980e-01 
 8.568000000000248e-09 -2.428275652614449e-01 
 8.572000000000247e-09 -2.317002712413281e-01 
 8.576000000000247e-09 -2.196495934808897e-01 
 8.580000000000246e-09 -2.067207295474098e-01 
 8.584000000000246e-09 -1.929627524983903e-01 
 8.588000000000245e-09 -1.784284820323219e-01 
 8.592000000000245e-09 -1.631743243089083e-01 
 8.596000000000245e-09 -1.472600787512750e-01 
 8.600000000000244e-09 -1.307487129385336e-01 
 8.604000000000244e-09 -1.137061055727955e-01 
 8.608000000000243e-09 -9.620075994238064e-02 
 8.612000000000243e-09 -7.830348951654997e-02 
 8.616000000000242e-09 -6.008707896736709e-02 
 8.620000000000242e-09 -4.162570964362544e-02 
 8.624000000000242e-09 -2.299555437153344e-02 
 8.628000000000241e-09 -4.273081655206568e-03 
 8.632000000000241e-09  1.446547472419368e-02 
 8.636000000000240e-09  3.314309875299060e-02 
 8.640000000000240e-09  5.168308350624073e-02 
 8.644000000000239e-09  7.000964306356749e-02 
 8.648000000000239e-09  8.804826005030364e-02 
 8.652000000000239e-09  1.057258889711790e-01 
 8.656000000000238e-09  1.229713836961679e-01 
 8.660000000000238e-09  1.397157818899259e-01 
 8.664000000000237e-09  1.558926613011593e-01 
 8.668000000000237e-09  1.714383895411196e-01 
 8.672000000000236e-09  1.862923995633832e-01 
 8.676000000000236e-09  2.003973871484295e-01 
 8.680000000000236e-09  2.136995101430585e-01 
 8.684000000000235e-09  2.261485279594133e-01 
 8.688000000000235e-09  2.376979316021313e-01 
 8.692000000000234e-09  2.483050275339647e-01 
 8.696000000000234e-09  2.579310093479101e-01 
 8.700000000000233e-09  2.665409954188922e-01 
 8.704000000000233e-09  2.741040572019537e-01 
 8.708000000000233e-09  2.805932252213417e-01 
 8.712000000000232e-09  2.859854915522035e-01 
 8.716000000000232e-09  2.902618008559590e-01 
 8.720000000000231e-09  2.934070443672816e-01 
 8.724000000000231e-09  2.954100513117039e-01 
 8.728000000000230e-09  2.962635882519151e-01 
 8.732000000000230e-09  2.959643614926200e-01 
 8.736000000000230e-09  2.945130294117981e-01 
 8.740000000000229e-09  2.919142194299682e-01 
 8.744000000000229e-09  2.881765531890474e-01 
 8.748000000000228e-09  2.833126738932750e-01 
 8.752000000000228e-09  2.773392766601219e-01 
 8.756000000000227e-09  2.702771352388620e-01 
 8.760000000000227e-09  2.621511240779935e-01 
 8.764000000000227e-09  2.529902290097681e-01 
 8.768000000000226e-09  2.428275446270636e-01 
 8.772000000000226e-09  2.317002521848224e-01 
 8.776000000000225e-09  2.196495760715482e-01 
 8.780000000000225e-09  2.067207138476554e-01 
 8.784000000000224e-09  1.929627385632262e-01 
 8.788000000000224e-09  1.784284699101129e-01 
 8.792000000000224e-09  1.631743140387201e-01 
 8.796000000000223e-09  1.472600703669897e-01 
 8.800000000000223e-09  1.307487064655817e-01 
 8.804000000000222e-09  1.137061010275424e-01 
 8.808000000000222e-09  9.620075733600686e-02 
 8.812000000000221e-09  7.830348885358518e-02 
 8.816000000000221e-09  6.008708024317855e-02 
 8.820000000000221e-09  4.162571284881622e-02 
 8.824000000000220e-09  2.299555948701482e-02 
 8.828000000000220e-09  4.273088657765101e-03 
 8.832000000000219e-09 -1.446546586489106e-02 
 8.836000000000219e-09 -3.314308807461330e-02 
 8.840000000000218e-09 -5.168307105225978e-02 
 8.844000000000218e-09 -7.000962888433904e-02 
 8.848000000000218e-09 -8.804824420104396e-02 
 8.852000000000217e-09 -1.057258715137088e-01 
 8.856000000000217e-09 -1.229713646975412e-01 
 8.860000000000216e-09 -1.397157614246751e-01 
 8.864000000000216e-09 -1.558926394468543e-01 
 8.868000000000215e-09 -1.714383663825760e-01 
 8.872000000000215e-09 -1.862923751913108e-01 
 8.876000000000215e-09 -2.003973616559289e-01 
 8.880000000000214e-09 -2.136994836298669e-01 
 8.884000000000214e-09 -2.261485005285273e-01 
 8.888000000000213e-09 -2.376979033624718e-01 
 8.892000000000213e-09 -2.483049985969696e-01 
 8.896000000000212e-09 -2.579309798281972e-01 
 8.900000000000212e-09 -2.665409654358495e-01 
 8.904000000000212e-09 -2.741040268747215e-01 
 8.908000000000211e-09 -2.805931946739042e-01 
 8.912000000000211e-09 -2.859854609076704e-01 
 8.916000000000210e-09 -2.902617702379748e-01 
 8.920000000000210e-09 -2.934070139024914e-01 
 8.924000000000209e-09 -2.954100211225401e-01 
 8.928000000000209e-09 -2.962635584622122e-01 
 8.932000000000209e-09 -2.959643322236851e-01 
 8.936000000000208e-09 -2.945130007828483e-01 
 8.940000000000208e-09 -2.919141915561272e-01 
 8.944000000000207e-09 -2.881765261831677e-01 
 8.948000000000207e-09 -2.833126478631227e-01 
 8.952000000000206e-09 -2.773392517096465e-01 
 8.956000000000206e-09 -2.702771114656626e-01 
 8.960000000000206e-09 -2.621511015748812e-01 
 8.964000000000205e-09 -2.529902078623056e-01 
 8.968000000000205e-09 -2.428275249170948e-01 
 8.972000000000204e-09 -2.317002339851015e-01 
 8.976000000000204e-09 -2.196495594498664e-01 
 8.980000000000203e-09 -2.067206988620249e-01 
 8.984000000000203e-09 -1.929627252688100e-01 
 8.988000000000203e-09 -1.784284583509308e-01 
 8.992000000000202e-09 -1.631743042538805e-01 
 8.996000000000202e-09 -1.472600623874349e-01 
 9.000000000000201e-09 -1.307487003148076e-01 
 9.004000000000201e-09 -1.137060967246626e-01 
 9.008000000000201e-09 -9.620075488967927e-02 
 9.012000000000200e-09 -7.830348826688649e-02 
 9.016000000000200e-09 -6.008708151311026e-02 
 9.020000000000199e-09 -4.162571596465625e-02 
 9.024000000000199e-09 -2.299556443292516e-02 
 9.028000000000198e-09 -4.273095411814865e-03 
 9.032000000000198e-09  1.446545733355720e-02 
 9.036000000000198e-09  3.314307780129155e-02 
 9.040000000000197e-09  5.168305907998771e-02 
 9.044000000000197e-09  7.000961525958971e-02 
 9.048000000000196e-09  8.804822897747044e-02 
 9.052000000000196e-09  1.057258547500517e-01 
 9.056000000000195e-09  1.229713464589040e-01 
 9.060000000000195e-09  1.397157417807762e-01 
 9.064000000000195e-09  1.558926184745850e-01 
 9.068000000000194e-09  1.714383441617091e-01 
 9.072000000000194e-09  1.862923518066797e-01 
 9.076000000000193e-09  2.003973371989041e-01 
 9.080000000000193e-09  2.136994581955669e-01 
 9.084000000000192e-09  2.261484742166839e-01 
 9.088000000000192e-09  2.376978762754156e-01 
 9.092000000000192e-09  2.483049708426570e-01 
 9.096000000000191e-09  2.579309515167250e-01 
 9.100000000000191e-09  2.665409366796467e-01 
 9.104000000000190e-09  2.741039977902586e-01 
 9.108000000000190e-09  2.805931653777209e-01 
 9.112000000000189e-09  2.859854315182853e-01 
 9.116000000000189e-09  2.902617408751440e-01 
 9.120000000000189e-09  2.934069846849914e-01 
 9.124000000000188e-09  2.954099921704705e-01 
 9.128000000000188e-09  2.962635298913305e-01 
 9.132000000000187e-09  2.959643041521087e-01 
 9.136000000000187e-09  2.945129733233924e-01 
 9.140000000000186e-09  2.919141648207852e-01 
 9.144000000000186e-09  2.881765002788139e-01 
 9.148000000000186e-09  2.833126228924456e-01 
 9.152000000000185e-09  2.773392277727273e-01 
 9.156000000000185e-09  2.702770886562176e-01 
 9.160000000000184e-09  2.621510799811677e-01 
 9.164000000000184e-09  2.529901875676366e-01 
 9.168000000000183e-09  2.428275059974538e-01 
 9.172000000000183e-09  2.317002165116619e-01 
 9.176000000000183e-09  2.196495434865042e-01 
 9.180000000000182e-09  2.067206844671947e-01 
 9.184000000000182e-09  1.929627124913775e-01 
 9.188000000000181e-09  1.784284472349444e-01 
 9.192000000000181e-09  1.631742948368995e-01 
 9.196000000000180e-09  1.472600546982399e-01 
 9.200000000000180e-09  1.307486943784752e-01 
 9.204000000000180e-09  1.137060925559759e-01 
 9.208000000000179e-09  9.620075249917903e-02 
 9.212000000000179e-09  7.830348765765649e-02 
 9.216000000000178e-09  6.008708268193175e-02 
 9.220000000000178e-09  4.162571889994382e-02 
 9.224000000000177e-09  2.299556912047507e-02 
 9.228000000000177e-09  4.273101829614490e-03 
 9.232000000000177e-09 -1.446544921340376e-02 
 9.236000000000176e-09 -3.314306801283706e-02 
 9.240000000000176e-09 -5.168304766339915e-02 
 9.244000000000175e-09 -7.000960226168829e-02 
 9.248000000000175e-09 -8.804821444851285e-02 
 9.252000000000174e-09 -1.057258387471371e-01 
 9.256000000000174e-09 -1.229713290437182e-01 
 9.260000000000174e-09 -1.397157230204620e-01 
 9.264000000000173e-09 -1.558925984415005e-01 
 9.268000000000173e-09 -1.714383229326302e-01 
 9.272000000000172e-09 -1.862923294638925e-01 
 9.276000000000172e-09 -2.003973138298054e-01 
 9.280000000000171e-09 -2.136994338899836e-01 
 9.284000000000171e-09 -2.261484490703936e-01 
 9.288000000000171e-09 -2.376978503879261e-01 
 9.292000000000170e-09 -2.483049443147642e-01 
 9.296000000000170e-09 -2.579309244560832e-01 
 9.300000000000169e-09 -2.665409091936528e-01 
 9.304000000000169e-09 -2.741039699891088e-01 
 9.308000000000168e-09 -2.805931373735424e-01 
 9.312000000000168e-09 -2.859854034257552e-01 
 9.316000000000168e-09 -2.902617128079794e-01 
 9.320000000000167e-09 -2.934069567571309e-01 
 9.324000000000167e-09 -2.954099644953876e-01 
 9.328000000000166e-09 -2.962635025833629e-01 
 9.332000000000166e-09 -2.959642773206417e-01 
 9.336000000000165e-09 -2.945129470787913e-01 
 9.340000000000165e-09 -2.919141392683744e-01 
 9.344000000000165e-09 -2.881764755223135e-01 
 9.348000000000164e-09 -2.833125990314658e-01 
 9.352000000000164e-09 -2.773392048998415e-01 
 9.356000000000163e-09 -2.702770668636605e-01 
 9.360000000000163e-09 -2.621510593523766e-01 
 9.364000000000162e-09 -2.529901681827251e-01 
 9.368000000000162e-09 -2.428274879297696e-01 
 9.372000000000162e-09 -2.317001998287207e-01 
 9.376000000000161e-09 -2.196495282494979e-01 
 9.380000000000161e-09 -2.067206707307143e-01 
 9.384000000000160e-09 -1.929627003043013e-01 
 9.388000000000160e-09 -1.784284366392175e-01 
 9.392000000000159e-09 -1.631742858674805e-01 
 9.396000000000159e-09 -1.472600473848615e-01 
 9.400000000000159e-09 -1.307486887417788e-01 
 9.404000000000158e-09 -1.137060886124317e-01 
 9.408000000000158e-09 -9.620075025774710e-02 
 9.412000000000157e-09 -7.830348712191437e-02 
 9.416000000000157e-09 -6.008708384762684e-02 
 9.420000000000156e-09 -4.162572175960477e-02 
 9.424000000000156e-09 -2.299557365746807e-02 
 9.428000000000156e-09 -4.273108023479466e-03 
 9.432000000000155e-09  1.446544139009376e-02 
 9.436000000000155e-09  3.314305859308320e-02 
 9.440000000000154e-09  5.168303668547125e-02 
 9.444000000000154e-09  7.000958976812299e-02 
 9.448000000000153e-09  8.804820048930395e-02 
 9.452000000000153e-09  1.057258233768188e-01 
 9.456000000000153e-09  1.229713123207041e-01 
 9.460000000000152e-09  1.397157050099622e-01 
 9.464000000000152e-09  1.558925792123951e-01 
 9.468000000000151e-09  1.714383025583963e-01 
 9.472000000000151e-09  1.862923080235355e-01 
 9.476000000000150e-09  2.003972914061158e-01 
 9.480000000000150e-09  2.136994105704542e-01 
 9.484000000000150e-09  2.261484249462828e-01 
 9.488000000000149e-09  2.376978255533793e-01 
 9.492000000000149e-09  2.483049188690707e-01 
 9.496000000000148e-09  2.579308984986941e-01 
 9.500000000000148e-09  2.665408828294566e-01 
 9.504000000000148e-09  2.741039433234080e-01 
 9.508000000000147e-09  2.805931105142196e-01 
 9.512000000000147e-09  2.859853764803937e-01 
 9.516000000000146e-09  2.902616858866378e-01 
 9.520000000000146e-09  2.934069299696951e-01 
 9.524000000000145e-09  2.954099379507495e-01 
 9.528000000000145e-09  2.962634763889929e-01 
 9.532000000000145e-09  2.959642515840606e-01 
 9.536000000000144e-09  2.945129219037395e-01 
 9.540000000000144e-09  2.919141147564708e-01 
 9.544000000000143e-09  2.881764517720300e-01 
 9.548000000000143e-09  2.833125761369004e-01 
 9.552000000000142e-09  2.773391829541083e-01 
 9.556000000000142e-09  2.702770459500865e-01 
 9.560000000000142e-09  2.621510395546718e-01 
 9.564000000000141e-09  2.529901495753144e-01 
 9.568000000000141e-09  2.428274705836930e-01 
 9.572000000000140e-09  2.317001838089308e-01 
 9.576000000000140e-09  2.196495136133176e-01 
 9.580000000000139e-09  2.067206575322036e-01 
 9.584000000000139e-09  1.929626885889366e-01 
 9.588000000000139e-09  1.784284264477023e-01 
 9.592000000000138e-09  1.631742772325069e-01 
 9.596000000000138e-09  1.472600403347535e-01 
 9.600000000000137e-09  1.307486832978988e-01 
 9.604000000000137e-09  1.137060847896016e-01 
 9.608000000000136e-09  9.620074806472800e-02 
 9.612000000000136e-09  7.830348656213815e-02 
 9.616000000000136e-09  6.008708491696169e-02 
 9.620000000000135e-09  4.162572444952772e-02 
 9.624000000000135e-09  2.299557795332774e-02 
 9.628000000000134e-09  4.273113905753689e-03 
 9.632000000000134e-09 -1.446543394706268e-02 
 9.636000000000133e-09 -3.314304962058046e-02 
 9.640000000000133e-09 -5.168302622125154e-02 
 9.644000000000133e-09 -7.000957785402662e-02 
 9.648000000000132e-09 -8.804818717176843e-02 
 9.652000000000132e-09 -1.057258087072022e-01 
 9.656000000000131e-09 -1.229712963562513e-01 
 9.660000000000131e-09 -1.397156878124299e-01 
 9.664000000000130e-09 -1.558925608472279e-01 
 9.668000000000130e-09 -1.714382830974870e-01 
 9.672000000000130e-09 -1.862922875423365e-01 
 9.676000000000129e-09 -2.003972699828420e-01 
 9.680000000000129e-09 -2.136993882892657e-01 
 9.684000000000128e-09 -2.261484018936404e-01 
 9.688000000000128e-09 -2.376978018212217e-01 
 9.692000000000127e-09 -2.483048945507953e-01 
 9.696000000000127e-09 -2.579308736913113e-01 
 9.700000000000127e-09 -2.665408576319219e-01 
 9.704000000000126e-09 -2.741039178369862e-01 
 9.708000000000126e-09 -2.805930848422102e-01 
 9.712000000000125e-09 -2.859853507263690e-01 
 9.716000000000125e-09 -2.902616601559167e-01 
 9.720000000000124e-09 -2.934069043663277e-01 
 9.724000000000124e-09 -2.954099125797041e-01 
 9.728000000000124e-09 -2.962634513540334e-01 
 9.732000000000123e-09 -2.959642269864777e-01 
 9.736000000000123e-09 -2.945128978441798e-01 
 9.740000000000122e-09 -2.919140913320115e-01 
 9.744000000000122e-09 -2.881764290766036e-01 
 9.748000000000121e-09 -2.833125542627259e-01 
 9.752000000000121e-09 -2.773391619860730e-01 
 9.756000000000121e-09 -2.702770259720779e-01 
 9.760000000000120e-09 -2.621510206436604e-01 
 9.764000000000120e-09 -2.529901318048680e-01 
 9.768000000000119e-09 -2.428274540204107e-01 
 9.772000000000119e-09 -2.317001685148234e-01 
 9.776000000000118e-09 -2.196494996458931e-01 
 9.780000000000118e-09 -2.067206449401251e-01 
 9.784000000000118e-09 -1.929626774174480e-01 
 9.788000000000117e-09 -1.784284167346151e-01 
 9.792000000000117e-09 -1.631742690108275e-01 
 9.796000000000116e-09 -1.472600336307508e-01 
 9.800000000000116e-09 -1.307486781313152e-01 
 9.804000000000115e-09 -1.137060811755823e-01 
 9.808000000000115e-09 -9.620074601085093e-02 
 9.812000000000115e-09 -7.830348607120285e-02 
 9.816000000000114e-09 -6.008708598713142e-02 
 9.820000000000114e-09 -4.162572707113199e-02 
 9.824000000000113e-09 -2.299558211308650e-02 
 9.828000000000113e-09 -4.273119583988461e-03 
 9.832000000000112e-09  1.446542677501839e-02 
 9.836000000000112e-09  3.314304098458720e-02 
 9.840000000000112e-09  5.168301615543314e-02 
 9.844000000000111e-09  7.000956639980771e-02 
 9.848000000000111e-09  8.804817437388124e-02 
 9.852000000000110e-09  1.057257946153563e-01 
 9.856000000000110e-09  1.229712810251264e-01 
 9.860000000000109e-09  1.397156713002339e-01 
 9.864000000000109e-09  1.558925432174583e-01 
 9.868000000000109e-09  1.714382644184873e-01 
 9.872000000000108e-09  1.862922678851646e-01 
 9.876000000000108e-09  2.003972494242809e-01 
 9.880000000000107e-09  2.136993669093918e-01 
 9.884000000000107e-09  2.261483797766051e-01 
 9.888000000000106e-09  2.376977790523522e-01 
 9.892000000000106e-09  2.483048712210074e-01 
 9.896000000000106e-09  2.579308498934161e-01 
 9.900000000000105e-09  2.665408334604304e-01 
 9.904000000000105e-09  2.741038933896771e-01 
 9.908000000000104e-09  2.805930602163960e-01 
 9.912000000000104e-09  2.859853260223915e-01 
 9.916000000000103e-09  2.902616354742471e-01 
 9.920000000000103e-09  2.934068798072356e-01 
 9.924000000000103e-09  2.954098882437981e-01 
 9.928000000000102e-09  2.962634273392066e-01 
 9.932000000000102e-09  2.959642033909715e-01 
 9.936000000000101e-09  2.945128747631462e-01 
 9.940000000000101e-09  2.919140688595951e-01 
 9.944000000000100e-09  2.881764073024922e-01 
 9.948000000000100e-09  2.833125332735333e-01 
 9.952000000000100e-09  2.773391418657019e-01 
 9.956000000000099e-09  2.702770067984712e-01 
 9.960000000000099e-09  2.621510024919473e-01 
 9.964000000000098e-09  2.529901147451312e-01 
 9.968000000000098e-09  2.428274381166311e-01 
 9.972000000000097e-09  2.317001538268624e-01 
 9.976000000000097e-09  2.196494862266878e-01 
 9.980000000000097e-09  2.067206328385680e-01 
 9.984000000000096e-09  1.929626666759852e-01 
 9.988000000000096e-09  1.784284073899620e-01 
 9.992000000000095e-09  1.631742610934594e-01 
 9.996000000000095e-09  1.472600271662969e-01 
 1.000000000000009e-08  1.308012617027947e-01 
