 2.000000000000000e-09  1.368838876974077e-01 
 2.004000000000000e-09  1.195800951974881e-01 
 2.008000000000000e-09  1.016619020457039e-01 
 2.012000000000000e-09  8.345178333536918e-02 
 2.016000000000000e-09  6.489162711221397e-02 
 2.020000000000000e-09  4.605957782022818e-02 
 2.024000000000000e-09  2.703620013165597e-02 
 2.028000000000000e-09  7.902685403690768e-03 
 2.032000000000000e-09 -1.125989797309401e-02 
 2.036000000000000e-09 -3.036983251239267e-02 
 2.040000000000000e-09 -4.934593658826048e-02 
 2.044000000000000e-09 -6.810811897883928e-02 
 2.048000000000000e-09 -8.657780634125167e-02 
 2.052000000000000e-09 -1.046782494840355e-01 
 2.056000000000000e-09 -1.223350473315765e-01 
 2.060000000000000e-09 -1.394765335796069e-01 
 2.064000000000000e-09 -1.560341992437690e-01 
 2.068000000000000e-09 -1.719429926928560e-01 
 2.072000000000000e-09 -1.871416086120501e-01 
 2.076000000000000e-09 -2.015726786658143e-01 
 2.080000000000000e-09 -2.151829326426808e-01 
 2.084000000000000e-09 -2.279232781890510e-01 
 2.088000000000000e-09 -2.397488461127870e-01 
 2.092000000000000e-09 -2.506189703013226e-01 
 2.096000000000000e-09 -2.604971387482899e-01 
 2.100000000000000e-09 -2.693508982479944e-01 
 2.104000000000000e-09 -2.771517437737134e-01 
 2.108000000000000e-09 -2.838749837497028e-01 
 2.112000000000000e-09 -2.894996081982144e-01 
 2.116000000000000e-09 -2.940081556592236e-01 
 2.120000000000000e-09 -2.973866013916608e-01 
 2.124000000000000e-09 -2.996242640081870e-01 
 2.128000000000000e-09 -3.007137474446682e-01 
 2.132000000000000e-09 -3.006509139719977e-01 
 2.136000000000000e-09 -2.994348986436153e-01 
 2.140000000000000e-09 -2.970681578358383e-01 
 2.144000000000000e-09 -2.935565557266295e-01 
 2.148000000000000e-09 -2.889094780268888e-01 
 2.152000000000000e-09 -2.831399712797140e-01 
 2.156000000000000e-09 -2.762648946229636e-01 
 2.160000000000000e-09 -2.683050786822851e-01 
 2.164000000000000e-09 -2.592854777684657e-01 
 2.168000000000000e-09 -2.492353086696943e-01 
 2.172000000000000e-09 -2.381881633777745e-01 
 2.176000000000000e-09 -2.261820897283906e-01 
 2.180000000000000e-09 -2.132596300206031e-01 
 2.183999999999999e-09 -1.994678137646733e-01 
 2.187999999999999e-09 -1.848580981107859e-01 
 2.191999999999999e-09 -1.694862549503329e-01 
 2.195999999999999e-09 -1.534122020037407e-01 
 2.199999999999999e-09 -1.366997797247995e-01 
 2.203999999999999e-09 -1.194164745423207e-01 
 2.207999999999999e-09 -1.016330926758333e-01 
 2.211999999999999e-09 -8.342338774723679e-02 
 2.215999999999999e-09 -6.486364819429769e-02 
 2.219999999999999e-09 -4.603201860757755e-02 
 2.223999999999999e-09 -2.700906352473620e-02 
 2.227999999999999e-09 -7.875974142395048e-03 
 2.231999999999999e-09  1.128618132342307e-02 
 2.235999999999999e-09  3.039568576827589e-02 
 2.239999999999999e-09  4.937135804787562e-02 
 2.243999999999999e-09  6.813310752871393e-02 
 2.247999999999999e-09  8.660236153495759e-02 
 2.251999999999999e-09  1.047023716347764e-01 
 2.255999999999999e-09  1.223587375743307e-01 
 2.259999999999999e-09  1.394997939350797e-01 
 2.263999999999999e-09  1.560570326590476e-01 
 2.267999999999999e-09  1.719654030778091e-01 
 2.271999999999999e-09  1.871636008545039e-01 
 2.275999999999999e-09  2.015942586382655e-01 
 2.279999999999999e-09  2.152041071885553e-01 
 2.283999999999999e-09  2.279440550971872e-01 
 2.287999999999999e-09  2.397692340718749e-01 
 2.291999999999999e-09  2.506389788415218e-01 
 2.295999999999999e-09  2.605167561133455e-01 
 2.299999999999999e-09  2.693701340561947e-01 
 2.303999999999999e-09  2.771706388652300e-01 
 2.307999999999999e-09  2.838935562217193e-01 
 2.311999999999999e-09  2.895178662493918e-01 
 2.315999999999999e-09  2.940261093341598e-01 
 2.319999999999999e-09  2.974042617250519e-01 
 2.323999999999999e-09  2.996416424744421e-01 
 2.327999999999999e-09  3.007308556439010e-01 
 2.331999999999999e-09  3.006677633599959e-01 
 2.335999999999999e-09  2.994515003695080e-01 
 2.339999999999999e-09  2.970845225705365e-01 
 2.343999999999999e-09  2.935726935625913e-01 
 2.347999999999999e-09  2.889253983615045e-01 
 2.351999999999999e-09  2.831556827573711e-01 
 2.355999999999999e-09  2.762804050636263e-01 
 2.359999999999999e-09  2.683203950595527e-01 
 2.363999999999999e-09  2.593006061796335e-01 
 2.367999999999999e-09  2.492502543471951e-01 
 2.371999999999999e-09  2.382029306934448e-01 
 2.375999999999999e-09  2.261966822339576e-01 
 2.379999999999999e-09  2.132740504783195e-01 
 2.383999999999999e-09  1.994820642085449e-01 
 2.387999999999999e-09  1.848721798987563e-01 
 2.391999999999999e-09  1.695001688364810e-01 
 2.395999999999999e-09  1.534259482028597e-01 
 2.399999999999999e-09  1.367133579899846e-01 
 2.403999999999999e-09  1.194298842343913e-01 
 2.407999999999999e-09  1.016463328409953e-01 
 2.411999999999999e-09  8.343645718511716e-02 
 2.415999999999999e-09  6.487654553207811e-02 
 2.419999999999999e-09  4.604474234455402e-02 
 2.423999999999999e-09  2.702161217573806e-02 
 2.427999999999999e-09  7.888346245647604e-03 
 2.431999999999999e-09 -1.127398720267525e-02 
 2.435999999999999e-09 -3.038367094062000e-02 
 2.439999999999999e-09 -4.935952365191465e-02 
 2.443999999999999e-09 -6.812145448146723e-02 
 2.447999999999999e-09 -8.659089049575019e-02 
 2.451999999999999e-09 -1.046910829654548e-01 
 2.455999999999999e-09 -1.223476313114760e-01 
 2.459999999999999e-09 -1.394888697642922e-01 
 2.463999999999999e-09 -1.560462898974762e-01 
 2.467999999999999e-09 -1.719548406610611e-01 
 2.471999999999998e-09 -1.871532173296413e-01 
 2.475999999999998e-09 -2.015840521635015e-01 
 2.479999999999998e-09 -2.151940755393595e-01 
 2.483999999999998e-09 -2.279341956781762e-01 
 2.487999999999998e-09 -2.397595439367053e-01 
 2.491999999999998e-09 -2.506294547179044e-01 
 2.495999999999998e-09 -2.605074164864456e-01 
 2.499999999999998e-09 -2.693609764542031e-01 
 2.503999999999998e-09 -2.771616299513437e-01 
 2.507999999999998e-09 -2.838846856902162e-01 
 2.511999999999998e-09 -2.895091339059783e-01 
 2.515999999999998e-09 -2.940175132736340e-01 
 2.519999999999998e-09 -2.973957991036202e-01 
 2.523999999999998e-09 -2.996333099780073e-01 
 2.527999999999998e-09 -3.007226497201116e-01 
 2.531999999999998e-09 -3.006596804086501e-01 
 2.535999999999998e-09 -2.994435368300545e-01 
 2.539999999999998e-09 -2.970766750255633e-01 
 2.543999999999998e-09 -2.935649587755051e-01 
 2.547999999999998e-09 -2.889177733416357e-01 
 2.551999999999998e-09 -2.831481647750278e-01 
 2.555999999999998e-09 -2.762729916884232e-01 
 2.559999999999998e-09 -2.683130841600327e-01 
 2.563999999999998e-09 -2.592933959421735e-01 
 2.567999999999998e-09 -2.492431432618756e-01 
 2.571999999999998e-09 -2.381959175578112e-01 
 2.575999999999998e-09 -2.261897661290981e-01 
 2.579999999999998e-09 -2.132672307606382e-01 
 2.583999999999998e-09 -1.994753404787946e-01 
 2.587999999999998e-09 -1.848655519859697e-01 
 2.591999999999998e-09 -1.694936367632884e-01 
 2.595999999999998e-09 -1.534195121640045e-01 
 2.599999999999998e-09 -1.367070183175763e-01 
 2.603999999999998e-09 -1.194236413727676e-01 
 2.607999999999998e-09 -1.016401873130306e-01 
 2.611999999999998e-09 -8.343040956711079e-02 
 2.615999999999998e-09 -6.487059642131143e-02 
 2.619999999999998e-09 -4.603889234091785e-02 
 2.623999999999998e-09 -2.701586182479510e-02 
 2.627999999999998e-09 -7.882696034763548e-03 
 2.631999999999998e-09  1.127953685169913e-02 
 2.635999999999998e-09  3.038911971199898e-02 
 2.639999999999998e-09  4.936487135851575e-02 
 2.643999999999998e-09  6.812670108530039e-02 
 2.647999999999998e-09  8.659603612678257e-02 
 2.651999999999998e-09  1.046961279403993e-01 
 2.655999999999998e-09  1.223525761494439e-01 
 2.659999999999998e-09  1.394937152009650e-01 
 2.663999999999998e-09  1.560510368953762e-01 
 2.667999999999998e-09  1.719594904174535e-01 
 2.671999999999998e-09  1.871577712820778e-01 
 2.675999999999998e-09  2.015885119903147e-01 
 2.679999999999998e-09  2.151984431585863e-01 
 2.683999999999998e-09  2.279384732406107e-01 
 2.687999999999998e-09  2.397637338166589e-01 
 2.691999999999998e-09  2.506335594993452e-01 
 2.695999999999998e-09  2.605114389446084e-01 
 2.699999999999998e-09  2.693649195357952e-01 
 2.703999999999998e-09  2.771654967481567e-01 
 2.707999999999998e-09  2.838884794125125e-01 
 2.711999999999998e-09  2.895128578517465e-01 
 2.715999999999998e-09  2.940211707966758e-01 
 2.719999999999998e-09  2.973993935803156e-01 
 2.723999999999998e-09  2.996368447738131e-01 
 2.727999999999998e-09  3.007261281550706e-01 
 2.731999999999998e-09  3.006631057269440e-01 
 2.735999999999998e-09  2.994469121674443e-01 
 2.739999999999998e-09  2.970800033819769e-01 
 2.743999999999998e-09  2.935682429899515e-01 
 2.747999999999998e-09  2.889210160705051e-01 
 2.751999999999998e-09  2.831513684733589e-01 
 2.755999999999998e-09  2.762761585984006e-01 
 2.759999999999998e-09  2.683162162992028e-01 
 2.763999999999997e-09  2.592964950997674e-01 
 2.767999999999997e-09  2.492462109972613e-01 
 2.771999999999997e-09  2.381989552031167e-01 
 2.775999999999997e-09  2.261927747954453e-01 
 2.779999999999997e-09  2.132702113470861e-01 
 2.783999999999997e-09  1.994782936849684e-01 
 2.787999999999997e-09  1.848684783261736e-01 
 2.791999999999997e-09  1.694965365818186e-01 
 2.795999999999997e-09  1.534223856520311e-01 
 2.799999999999997e-09  1.367098655303884e-01 
 2.803999999999997e-09  1.194264622488417e-01 
 2.807999999999997e-09  1.016429816905102e-01 
 2.811999999999997e-09  8.343317720213239e-02 
 2.815999999999997e-09  6.487333700411213e-02 
 2.819999999999997e-09  4.604160550650516e-02 
 2.823999999999997e-09  2.701854718791097e-02 
 2.827999999999997e-09  7.885353191811717e-03 
 2.831999999999997e-09 -1.127690832533190e-02 
 2.835999999999997e-09 -3.038652023846922e-02 
 2.839999999999997e-09 -4.936230134792208e-02 
 2.843999999999997e-09 -6.812416092462392e-02 
 2.847999999999997e-09 -8.659352617216332e-02 
 2.851999999999997e-09 -1.046936485089738e-01 
 2.855999999999997e-09 -1.223501275163263e-01 
 2.859999999999997e-09 -1.394912975931089e-01 
 2.863999999999997e-09 -1.560486504899306e-01 
 2.867999999999997e-09 -1.719571353400955e-01 
 2.871999999999997e-09 -1.871554476057007e-01 
 2.875999999999997e-09 -2.015862197359488e-01 
 2.879999999999997e-09 -2.151961822974724e-01 
 2.883999999999997e-09 -2.279362436956829e-01 
 2.887999999999997e-09 -2.397615354668163e-01 
 2.891999999999997e-09 -2.506313921839900e-01 
 2.895999999999997e-09 -2.605093024693477e-01 
 2.899999999999997e-09 -2.693628136768691e-01 
 2.903999999999997e-09 -2.771634212603553e-01 
 2.907999999999997e-09 -2.838864340359530e-01 
 2.911999999999997e-09 -2.895108423188406e-01 
 2.915999999999997e-09 -2.940191848389220e-01 
 2.919999999999997e-09 -2.973974369358940e-01 
 2.923999999999997e-09 -2.996349171937807e-01 
 2.927999999999997e-09 -3.007242294098706e-01 
 2.931999999999997e-09 -3.006612356108649e-01 
 2.935999999999997e-09 -2.994450705035701e-01 
 2.939999999999997e-09 -2.970781900256905e-01 
 2.943999999999997e-09 -2.935664578309438e-01 
 2.947999999999997e-09 -2.889192590335865e-01 
 2.951999999999997e-09 -2.831496395205564e-01 
 2.955999999999997e-09 -2.762744577257781e-01 
 2.959999999999997e-09 -2.683145435371701e-01 
 2.963999999999997e-09 -2.592948505093511e-01 
 2.967999999999997e-09 -2.492445946683186e-01 
 2.971999999999997e-09 -2.381973672500131e-01 
 2.975999999999997e-09 -2.261912153535199e-01 
 2.979999999999997e-09 -2.132686805694028e-01 
 2.983999999999997e-09 -1.994767917367355e-01 
 2.987999999999997e-09 -1.848670053806458e-01 
 2.991999999999997e-09 -1.694950928160486e-01 
 2.995999999999997e-09 -1.534209712432766e-01 
 2.999999999999997e-09 -1.367084806504728e-01 
 3.003999999999997e-09 -1.194251070606942e-01 
 3.007999999999997e-09 -1.016416563433111e-01 
 3.011999999999997e-09 -8.343188182646344e-02 
 3.015999999999997e-09 -6.487207170884801e-02 
 3.019999999999997e-09 -4.604037037414432e-02 
 3.023999999999997e-09 -2.701734226620367e-02 
 3.027999999999997e-09 -7.884178494588667e-03 
 3.031999999999997e-09  1.127805282351169e-02 
 3.035999999999997e-09  3.038763460894511e-02 
 3.039999999999997e-09  4.936338571309395e-02 
 3.043999999999997e-09  6.812521546036354e-02 
 3.047999999999997e-09  8.659455111363989e-02 
 3.051999999999996e-09  1.046946441547068e-01 
 3.055999999999996e-09  1.223510942324095e-01 
 3.059999999999996e-09  1.394922358181026e-01 
 3.063999999999996e-09  1.560495607383077e-01 
 3.067999999999996e-09  1.719580182026288e-01 
 3.071999999999996e-09  1.871563037546116e-01 
 3.075999999999996e-09  2.015870499238988e-01 
 3.079999999999996e-09  2.151969873573267e-01 
 3.083999999999996e-09  2.279370245397372e-01 
 3.087999999999996e-09  2.397622930847678e-01 
 3.091999999999996e-09  2.506321276377386e-01 
 3.095999999999996e-09  2.605100168883214e-01 
 3.099999999999996e-09  2.693635082527599e-01 
 3.103999999999996e-09  2.771640972377174e-01 
 3.107999999999996e-09  2.838870927038593e-01 
 3.111999999999996e-09  2.895114850019316e-01 
 3.115999999999996e-09  2.940198128856921e-01 
 3.119999999999996e-09  2.973980517084183e-01 
 3.123999999999996e-09  2.996355200552414e-01 
 3.127999999999996e-09  3.007248217137295e-01 
 3.131999999999996e-09  3.006618186881695e-01 
 3.135999999999996e-09  2.994456456525039e-01 
 3.139999999999996e-09  2.970787584997476e-01 
 3.143999999999996e-09  2.935670208299714e-01 
 3.147999999999996e-09  2.889198176945995e-01 
 3.151999999999996e-09  2.831501949092636e-01 
 3.155999999999996e-09  2.762750108310859e-01 
 3.159999999999996e-09  2.683150952657405e-01 
 3.163999999999996e-09  2.592954016829578e-01 
 3.167999999999996e-09  2.492451460203906e-01 
 3.171999999999996e-09  2.381979194262964e-01 
 3.175999999999996e-09  2.261917689130106e-01 
 3.179999999999996e-09  2.132692359850132e-01 
 3.183999999999996e-09  1.994773493999542e-01 
 3.187999999999996e-09  1.848675656048107e-01 
 3.191999999999996e-09  1.694956558419527e-01 
 3.195999999999996e-09  1.534215372433669e-01 
 3.199999999999996e-09  1.367090497352379e-01 
 3.203999999999996e-09  1.194256792831396e-01 
 3.207999999999996e-09  1.016422317063901e-01 
 3.211999999999996e-09  8.343246028772366e-02 
 3.215999999999996e-09  6.487265318523949e-02 
 3.219999999999996e-09  4.604095474493342e-02 
 3.223999999999996e-09  2.701792938619008e-02 
 3.227999999999996e-09  7.884768191126490e-03 
 3.231999999999996e-09 -1.127746074996416e-02 
 3.235999999999996e-09 -3.038704038099382e-02 
 3.239999999999996e-09 -4.936278957274620e-02 
 3.243999999999996e-09 -6.812461766613342e-02 
 3.247999999999996e-09 -8.659395193956509e-02 
 3.251999999999996e-09 -1.046940438902046e-01 
 3.255999999999996e-09 -1.223504931810533e-01 
 3.259999999999996e-09 -1.394916342987331e-01 
 3.263999999999996e-09 -1.560489590846625e-01 
 3.267999999999996e-09 -1.719574167648119e-01 
 3.271999999999996e-09 -1.871557028991866e-01 
 3.275999999999996e-09 -2.015864500348474e-01 
 3.279999999999996e-09 -2.151963888360156e-01 
 3.283999999999996e-09 -2.279364278071476e-01 
 3.287999999999996e-09 -2.397616985791213e-01 
 3.291999999999996e-09 -2.506315358168210e-01 
 3.295999999999996e-09 -2.605094282281581e-01 
 3.299999999999996e-09 -2.693629232473658e-01 
 3.303999999999996e-09 -2.771635163983288e-01 
 3.307999999999996e-09 -2.838865165573443e-01 
 3.311999999999996e-09 -2.895109140887486e-01 
 3.315999999999996e-09 -2.940192477589387e-01 
 3.319999999999996e-09 -2.973974929299310e-01 
 3.323999999999996e-09 -2.996349681939168e-01 
 3.327999999999996e-09 -3.007242773411014e-01 
 3.331999999999996e-09 -3.006612823762473e-01 
 3.335999999999996e-09 -2.994451179690127e-01 
 3.339999999999995e-09 -2.970782400047443e-01 
 3.343999999999995e-09 -2.935665120716695e-01 
 3.347999999999995e-09 -2.889193192061816e-01 
 3.351999999999995e-09 -2.831497072036888e-01 
 3.355999999999995e-09 -2.762745343993913e-01 
 3.359999999999995e-09 -2.683146305722168e-01 
 3.363999999999995e-09 -2.592949491636412e-01 
 3.367999999999995e-09 -2.492447060801979e-01 
 3.371999999999995e-09 -2.381974924370081e-01 
 3.375999999999995e-09 -2.261913552121744e-01 
 3.379999999999995e-09 -2.132688358761232e-01 
 3.383999999999995e-09 -1.994769631510378e-01 
 3.387999999999995e-09 -1.848671934486470e-01 
 3.391999999999995e-09 -1.694952979758195e-01 
 3.395999999999995e-09 -1.534211938315977e-01 
 3.399999999999995e-09 -1.367087209086764e-01 
 3.403999999999995e-09 -1.194253651406045e-01 
 3.407999999999995e-09 -1.016419323150917e-01 
 3.411999999999995e-09 -8.343217568393779e-02 
 3.415999999999995e-09 -6.487238337644641e-02 
 3.419999999999995e-09 -4.604069970688851e-02 
 3.423999999999995e-09 -2.701768906832225e-02 
 3.427999999999995e-09 -7.884542513387771e-03 
 3.431999999999995e-09  1.127767189819373e-02 
 3.435999999999995e-09  3.038723714225799e-02 
 3.439999999999995e-09  4.936297212070162e-02 
 3.443999999999995e-09  6.812478620810225e-02 
 3.447999999999995e-09  8.659410671591061e-02 
 3.451999999999995e-09  1.046941851760090e-01 
 3.455999999999995e-09  1.223506212901295e-01 
 3.459999999999995e-09  1.394917495830601e-01 
 3.463999999999995e-09  1.560490619372059e-01 
 3.467999999999995e-09  1.719575076221158e-01 
 3.471999999999995e-09  1.871557822401311e-01 
 3.475999999999995e-09  2.015865183830607e-01 
 3.479999999999995e-09  2.151964467600793e-01 
 3.483999999999995e-09  2.279364759191997e-01 
 3.487999999999995e-09  2.397617375348591e-01 
 3.491999999999995e-09  2.506315663133263e-01 
 3.495999999999995e-09  2.605094510022230e-01 
 3.499999999999995e-09  2.693629390706485e-01 
 3.503999999999995e-09  2.771635260753054e-01 
 3.507999999999995e-09  2.838865209197163e-01 
 3.511999999999995e-09  2.895109139910890e-01 
 3.515999999999995e-09  2.940192440726006e-01 
 3.519999999999995e-09  2.973974865366273e-01 
 3.523999999999995e-09  2.996349599785801e-01 
 3.527999999999995e-09  3.007242681870892e-01 
 3.531999999999995e-09  3.006612731561327e-01 
 3.535999999999995e-09  2.994451095390644e-01 
 3.539999999999995e-09  2.970782331975914e-01 
 3.543999999999995e-09  2.935665076911349e-01 
 3.547999999999995e-09  2.889193180195326e-01 
 3.551999999999995e-09  2.831497099379112e-01 
 3.555999999999995e-09  2.762745417353911e-01 
 3.559999999999995e-09  2.683146431424919e-01 
 3.563999999999995e-09  2.592949675475715e-01 
 3.567999999999995e-09  2.492447308035279e-01 
 3.571999999999995e-09  2.381975203059685e-01 
 3.575999999999995e-09  2.261913865282148e-01 
 3.579999999999995e-09  2.132688758169401e-01 
 3.583999999999995e-09  1.994770128950201e-01 
 3.587999999999995e-09  1.848672525739152e-01 
 3.591999999999995e-09  1.694953662838348e-01 
 3.595999999999995e-09  1.534212712379723e-01 
 3.599999999999995e-09  1.367088073664915e-01 
 3.603999999999995e-09  1.194254606177241e-01 
 3.607999999999995e-09  1.016420367694550e-01 
 3.611999999999995e-09  8.343228906269928e-02 
 3.615999999999995e-09  6.487250560386126e-02 
 3.619999999999995e-09  4.604083068976905e-02 
 3.623999999999995e-09  2.701782869132252e-02 
 3.627999999999995e-09  7.884690646042358e-03 
 3.631999999999994e-09 -1.127751541522759e-02 
 3.635999999999994e-09 -3.038707248788342e-02 
 3.639999999999994e-09 -4.936279949891631e-02 
 3.643999999999994e-09 -6.812460584320590e-02 
 3.647999999999994e-09 -8.659391885557799e-02 
 3.651999999999994e-09 -1.046939900905102e-01 
 3.655999999999994e-09 -1.223504192739053e-01 
 3.659999999999994e-09 -1.394915409554267e-01 
 3.663999999999994e-09 -1.560488470455876e-01 
 3.667999999999994e-09 -1.719572868401622e-01 
 3.671999999999994e-09 -1.871555559719189e-01 
 3.675999999999994e-09 -2.015862870599952e-01 
 3.679999999999994e-09 -2.151962108454786e-01 
 3.683999999999994e-09 -2.279362359045480e-01 
 3.687999999999994e-09 -2.397614939425399e-01 
 3.691999999999994e-09 -2.506313196935017e-01 
 3.695999999999994e-09 -2.605092019329831e-01 
 3.699999999999994e-09 -2.693626881553044e-01 
 3.703999999999994e-09 -2.771632739415342e-01 
 3.707999999999994e-09 -2.838862682148424e-01 
 3.711999999999994e-09 -2.895106613802136e-01 
 3.715999999999994e-09 -2.940189922337764e-01 
 3.719999999999994e-09 -2.973972361568034e-01 
 3.723999999999994e-09 -2.996347117510052e-01 
 3.727999999999995e-09 -3.007240228034123e-01 
 3.731999999999995e-09 -3.006610313038272e-01 
 3.735999999999995e-09 -2.994448718955285e-01 
 3.739999999999996e-09 -2.970780004252886e-01 
 3.743999999999996e-09 -2.935662804318637e-01 
 3.747999999999997e-09 -2.889190968905231e-01 
 3.751999999999997e-09 -2.831494955278842e-01 
 3.755999999999997e-09 -2.762743346003340e-01 
 3.759999999999998e-09 -2.683144438020131e-01 
 3.763999999999998e-09 -2.592947764832916e-01 
 3.767999999999999e-09 -2.492445484554739e-01 
 3.771999999999999e-09 -2.381973507375994e-01 
 3.775999999999999e-09 -2.261912302092934e-01 
 3.780000000000000e-09 -2.132687282422534e-01 
 3.784000000000000e-09 -1.994768734634160e-01 
 3.788000000000001e-09 -1.848671221913962e-01 
 3.792000000000001e-09 -1.694952455434908e-01 
 3.796000000000001e-09 -1.534211605327949e-01 
 3.800000000000002e-09 -1.367087069717030e-01 
 3.804000000000002e-09 -1.194253707178090e-01 
 3.808000000000003e-09 -1.016419574883987e-01 
 3.812000000000003e-09 -8.343222046903342e-02 
 3.816000000000003e-09 -6.487244772587086e-02 
 3.820000000000004e-09 -4.604078351374152e-02 
 3.824000000000004e-09 -2.701779217399736e-02 
 3.828000000000005e-09 -7.884664710630318e-03 
 3.832000000000005e-09  1.127753087457695e-02 
 3.836000000000005e-09  3.038707760737758e-02 
 3.840000000000006e-09  4.936279444174829e-02 
 3.844000000000006e-09  6.812459080145761e-02 
 3.848000000000007e-09  8.659389404886575e-02 
 3.852000000000007e-09  1.046939557673410e-01 
 3.856000000000007e-09  1.223503757120845e-01 
 3.860000000000008e-09  1.394914884649223e-01 
 3.864000000000008e-09  1.560487859671653e-01 
 3.868000000000009e-09  1.719572175491981e-01 
 3.872000000000009e-09  1.871554788760159e-01 
 3.876000000000009e-09  2.015862026040569e-01 
 3.880000000000010e-09  2.151961195065928e-01 
 3.884000000000010e-09  2.279361381965863e-01 
 3.888000000000011e-09  2.397613904123119e-01 
 3.892000000000011e-09  2.506312109216364e-01 
 3.896000000000011e-09  2.605090885304371e-01 
 3.900000000000012e-09  2.693625707624863e-01 
 3.904000000000012e-09  2.771631532246364e-01 
 3.908000000000013e-09  2.838861448633518e-01 
 3.912000000000013e-09  2.895105361015546e-01 
 3.916000000000013e-09  2.940188657497760e-01 
 3.920000000000014e-09  2.973971091991288e-01 
 3.924000000000014e-09  2.996345850553319e-01 
 3.928000000000015e-09  3.007238971043358e-01 
 3.932000000000015e-09  3.006609073288495e-01 
 3.936000000000015e-09  2.994447503597548e-01 
 3.940000000000016e-09  2.970778820265070e-01 
 3.944000000000016e-09  2.935661658442963e-01 
 3.948000000000017e-09  2.889189867608610e-01 
 3.952000000000017e-09  2.831493904705227e-01 
 3.956000000000017e-09  2.762742351925911e-01 
 3.960000000000018e-09  2.683143505821257e-01 
 3.964000000000018e-09  2.592946899468429e-01 
 3.968000000000019e-09  2.492444690546129e-01 
 3.972000000000019e-09  2.381972788784141e-01 
 3.976000000000019e-09  2.261911662518514e-01 
 3.980000000000020e-09  2.132686725023234e-01 
 3.984000000000020e-09  1.994768262107680e-01 
 3.988000000000021e-09  1.848670846411409e-01 
 3.992000000000021e-09  1.694952183142133e-01 
 3.996000000000021e-09  1.534211445480551e-01 
 4.000000000000022e-09  1.367087023716671e-01 
 4.004000000000022e-09  1.194253750879950e-01 
 4.008000000000023e-09  1.016419698418218e-01 
 4.012000000000023e-09  8.343224107361280e-02 
 4.016000000000023e-09  6.487247675228414e-02 
 4.020000000000024e-09  4.604082107778495e-02 
 4.024000000000024e-09  2.701783833242644e-02 
 4.028000000000025e-09  7.884719472540880e-03 
 4.032000000000025e-09 -1.127746755004466e-02 
 4.036000000000025e-09 -3.038700580266429e-02 
 4.040000000000026e-09 -4.936271427746597e-02 
 4.044000000000026e-09 -6.812450243127888e-02 
 4.048000000000027e-09 -8.659379765754238e-02 
 4.052000000000027e-09 -1.046938515711897e-01 
 4.056000000000027e-09 -1.223502639578822e-01 
 4.060000000000028e-09 -1.394913694296491e-01 
 4.064000000000028e-09 -1.560486599590929e-01 
 4.068000000000029e-09 -1.719570849080805e-01 
 4.072000000000029e-09 -1.871553399743870e-01 
 4.076000000000029e-09 -2.015860578446906e-01 
 4.080000000000030e-09 -2.151959693261363e-01 
 4.084000000000030e-09 -2.279359830625634e-01 
 4.088000000000031e-09 -2.397612308236097e-01 
 4.092000000000031e-09 -2.506310474064959e-01 
 4.096000000000031e-09 -2.605089216459153e-01 
 4.100000000000032e-09 -2.693624010920357e-01 
 4.104000000000032e-09 -2.771629813744747e-01 
 4.108000000000033e-09 -2.838859714615418e-01 
 4.112000000000033e-09 -2.895103617925079e-01 
 4.116000000000033e-09 -2.940186911912377e-01 
 4.120000000000034e-09 -2.973969350586982e-01 
 4.124000000000034e-09 -2.996344120035339e-01 
 4.128000000000035e-09 -3.007237258121300e-01 
 4.132000000000035e-09 -3.006607384618674e-01 
 4.136000000000035e-09 -2.994445845726141e-01 
 4.140000000000036e-09 -2.970777199582981e-01 
 4.144000000000036e-09 -2.935660081141724e-01 
 4.148000000000037e-09 -2.889188339632849e-01 
 4.152000000000037e-09 -2.831492431709637e-01 
 4.156000000000037e-09 -2.762740939239237e-01 
 4.160000000000038e-09 -2.683142158417842e-01 
 4.164000000000038e-09 -2.592945621943441e-01 
 4.168000000000039e-09 -2.492443487089187e-01 
 4.172000000000039e-09 -2.381971663181037e-01 
 4.176000000000039e-09 -2.261910618135534e-01 
 4.180000000000040e-09 -2.132685764804760e-01 
 4.184000000000040e-09 -1.994767388598664e-01 
 4.188000000000041e-09 -1.848670051864909e-01 
 4.192000000000041e-09 -1.694951464981909e-01 
 4.196000000000041e-09 -1.534210797303412e-01 
 4.200000000000042e-09 -1.367086446236057e-01 
 4.204000000000042e-09 -1.194253269670895e-01 
 4.208000000000043e-09 -1.016419324130631e-01 
 4.212000000000043e-09 -8.343221408786405e-02 
 4.216000000000043e-09 -6.487246000129154e-02 
 4.220000000000044e-09 -4.604081435129537e-02 
 4.224000000000044e-09 -2.701784143419950e-02 
 4.228000000000045e-09 -7.884732207111611e-03 
 4.232000000000045e-09  1.127744538005793e-02 
 4.236000000000045e-09  3.038697440140758e-02 
 4.240000000000046e-09  4.936267385821402e-02 
 4.244000000000046e-09  6.812445322104566e-02 
 4.248000000000047e-09  8.659373989906882e-02 
 4.252000000000047e-09  1.046937855253596e-01 
 4.256000000000047e-09  1.223501899054531e-01 
 4.260000000000048e-09  1.394912876745753e-01 
 4.264000000000048e-09  1.560485708300376e-01 
 4.268000000000049e-09  1.719569887589740e-01 
 4.272000000000049e-09  1.871552371864631e-01 
 4.276000000000049e-09  2.015859488286438e-01 
 4.280000000000050e-09  2.151958545205073e-01 
 4.284000000000050e-09  2.279358629355368e-01 
 4.288000000000051e-09  2.397611058722395e-01 
 4.292000000000051e-09  2.506309181559434e-01 
 4.296000000000051e-09  2.605087886483632e-01 
 4.300000000000052e-09  2.693622649248737e-01 
 4.304000000000052e-09  2.771628426371526e-01 
 4.308000000000053e-09  2.838858307734271e-01 
 4.312000000000053e-09  2.895102197891806e-01 
 4.316000000000053e-09  2.940185485218569e-01 
 4.320000000000054e-09  2.973967923794225e-01 
 4.324000000000054e-09  2.996342699750352e-01 
 4.328000000000055e-09  3.007235850937042e-01 
 4.332000000000055e-09  3.006605997068075e-01 
 4.336000000000055e-09  2.994444484242649e-01 
 4.340000000000056e-09  2.970775870431328e-01 
 4.344000000000056e-09  2.935658790395721e-01 
 4.348000000000057e-09  2.889187093107641e-01 
 4.352000000000057e-09  2.831491234935193e-01 
 4.356000000000057e-09  2.762739797427263e-01 
 4.360000000000058e-09  2.683141076425830e-01 
 4.364000000000058e-09  2.592944604243526e-01 
 4.368000000000059e-09  2.492442537777722e-01 
 4.372000000000059e-09  2.381970785929086e-01 
 4.376000000000059e-09  2.261909816217695e-01 
 4.380000000000060e-09  2.132685041083615e-01 
 4.384000000000060e-09  1.994766745527867e-01 
 4.388000000000061e-09  1.848669491519592e-01 
 4.392000000000061e-09  1.694950989049913e-01 
 4.396000000000061e-09  1.534210407117520e-01 
 4.400000000000062e-09  1.367086142793772e-01 
 4.404000000000062e-09  1.194253053636611e-01 
 4.408000000000063e-09  1.016419195879887e-01 
 4.412000000000063e-09  8.343221004945001e-02 
 4.416000000000063e-09  6.487246473207797e-02 
 4.420000000000064e-09  4.604082780734409e-02 
 4.424000000000064e-09  2.701786355016900e-02 
 4.428000000000065e-09  7.884762895237429e-03 
 4.432000000000065e-09 -1.127740623132745e-02 
 4.436000000000065e-09 -3.038692692583034e-02 
 4.440000000000066e-09 -4.936261821322141e-02 
 4.444000000000066e-09 -6.812438958453448e-02 
 4.448000000000067e-09 -8.659366847200900e-02 
 4.452000000000067e-09 -1.046937065313180e-01 
 4.456000000000067e-09 -1.223501035923480e-01 
 4.460000000000068e-09 -1.394911943149442e-01 
 4.464000000000068e-09 -1.560484707224186e-01 
 4.468000000000069e-09 -1.719568822295585e-01 
 4.472000000000069e-09 -1.871551245886502e-01 
 4.476000000000069e-09 -2.015858305445200e-01 
 4.480000000000070e-09 -2.151957309609243e-01 
 4.484000000000070e-09 -2.279357345398276e-01 
 4.488000000000071e-09 -2.397609731079680e-01 
 4.492000000000071e-09 -2.506307815180300e-01 
 4.496000000000071e-09 -2.605086486575940e-01 
 4.500000000000072e-09 -2.693621221261520e-01 
 4.504000000000072e-09 -2.771626975974808e-01 
 4.508000000000073e-09 -2.838856840778714e-01 
 4.512000000000073e-09 -2.895100720395765e-01 
 4.516000000000073e-09 -2.940184003310002e-01 
 4.520000000000074e-09 -2.973966443689946e-01 
 4.524000000000074e-09 -2.996341227698485e-01 
 4.528000000000075e-09 -3.007234393188782e-01 
 4.532000000000075e-09 -3.006604559814494e-01 
 4.536000000000075e-09 -2.994443073572981e-01 
 4.540000000000076e-09 -2.970774492297681e-01 
 4.544000000000076e-09 -2.935657450546036e-01 
 4.548000000000077e-09 -2.889185797069900e-01 
 4.552000000000077e-09 -2.831489987961322e-01 
 4.556000000000077e-09 -2.762738604468176e-01 
 4.560000000000078e-09 -2.683139942092452e-01 
 4.564000000000078e-09 -2.592943532798735e-01 
 4.568000000000079e-09 -2.492441533100234e-01 
 4.572000000000079e-09 -2.381969851528449e-01 
 4.576000000000079e-09 -2.261908955208529e-01 
 4.580000000000080e-09 -2.132684256192494e-01 
 4.584000000000080e-09 -1.994766039105338e-01 
 4.588000000000081e-09 -1.848668865533458e-01 
 4.592000000000081e-09 -1.694950445124288e-01 
 4.596000000000081e-09 -1.534209946529526e-01 
 4.600000000000082e-09 -1.367085766492036e-01 
 4.604000000000082e-09 -1.194252762274033e-01 
 4.608000000000083e-09 -1.016418989815921e-01 
 4.612000000000083e-09 -8.343219798216417e-02 
 4.616000000000083e-09 -6.487246118735790e-02 
 4.620000000000084e-09 -4.604083274427495e-02 
 4.624000000000084e-09 -2.701787690668311e-02 
 4.628000000000085e-09 -7.884784588492622e-03 
 4.632000000000085e-09  1.127737630736014e-02 
 4.636000000000085e-09  3.038688889949626e-02 
 4.640000000000086e-09  4.936257223375407e-02 
 4.644000000000086e-09  6.812433582321198e-02 
 4.648000000000087e-09  8.659360712099229e-02 
 4.652000000000087e-09  1.046936378041448e-01 
 4.656000000000087e-09  1.223500277271405e-01 
 4.660000000000088e-09  1.394911115736654e-01 
 4.664000000000088e-09  1.560483813921216e-01 
 4.668000000000089e-09  1.719567866234124e-01 
 4.672000000000089e-09  1.871550230474694e-01 
 4.676000000000089e-09  2.015857234360618e-01 
 4.680000000000090e-09  2.151956186807285e-01 
 4.684000000000090e-09  2.279356175113012e-01 
 4.688000000000091e-09  2.397608517816030e-01 
 4.692000000000091e-09  2.506306563705962e-01 
 4.696000000000091e-09  2.605085201912356e-01 
 4.700000000000092e-09  2.693619908653724e-01 
 4.704000000000092e-09  2.771625640886963e-01 
 4.708000000000093e-09  2.838855488861793e-01 
 4.712000000000093e-09  2.895099357440443e-01 
 4.716000000000093e-09  2.940182635234698e-01 
 4.720000000000094e-09  2.973965076484177e-01 
 4.724000000000094e-09  2.996339867394260e-01 
 4.728000000000095e-09  3.007233045803535e-01 
 4.732000000000095e-09  3.006603231320750e-01 
 4.736000000000095e-09  2.994441769839329e-01 
 4.740000000000096e-09  2.970773219055971e-01 
 4.744000000000096e-09  2.935656213341946e-01 
 4.748000000000097e-09  2.889184601221728e-01 
 4.752000000000097e-09  2.831488838526743e-01 
 4.756000000000097e-09  2.762737506206210e-01 
 4.760000000000098e-09  2.683138899450643e-01 
 4.764000000000098e-09  2.592942549877835e-01 
 4.768000000000099e-09  2.492440613639806e-01 
 4.772000000000099e-09  2.381968998893944e-01 
 4.776000000000099e-09  2.261908172392806e-01 
 4.780000000000100e-09  2.132683545823513e-01 
 4.784000000000100e-09  1.994765403434924e-01 
 4.788000000000101e-09  1.848668306465111e-01 
 4.792000000000101e-09  1.694949964201395e-01 
 4.796000000000101e-09  1.534209544982659e-01 
 4.800000000000102e-09  1.367085445231560e-01 
 4.804000000000102e-09  1.194252521914763e-01 
 4.808000000000103e-09  1.016418830704868e-01 
 4.812000000000103e-09  8.343219020484405e-02 
 4.816000000000103e-09  6.487246152728510e-02 
 4.820000000000104e-09  4.604084116171947e-02 
 4.824000000000104e-09  2.701789334193450e-02 
 4.828000000000105e-09  7.884808961550860e-03 
 4.832000000000105e-09 -1.127734409861425e-02 
 4.836000000000105e-09 -3.038684897857635e-02 
 4.840000000000106e-09 -4.936252474403169e-02 
 4.844000000000106e-09 -6.812428092876566e-02 
 4.848000000000107e-09 -8.659354500637129e-02 
 4.852000000000107e-09 -1.046935686749464e-01 
 4.856000000000107e-09 -1.223499518107900e-01 
 4.860000000000108e-09 -1.394910291210589e-01 
 4.864000000000108e-09 -1.560482926781965e-01 
 4.868000000000109e-09 -1.719566919481910e-01 
 4.872000000000109e-09 -1.871549227364779e-01 
 4.876000000000109e-09 -2.015856178413848e-01 
 4.880000000000110e-09 -2.151955081805461e-01 
 4.884000000000110e-09 -2.279355025107650e-01 
 4.888000000000111e-09 -2.397607327109066e-01 
 4.892000000000111e-09 -2.506305336867625e-01 
 4.896000000000111e-09 -2.605083943732671e-01 
 4.900000000000112e-09 -2.693618624163197e-01 
 4.904000000000112e-09 -2.771624335306879e-01 
 4.908000000000113e-09 -2.838854167583587e-01 
 4.912000000000113e-09 -2.895098026012528e-01 
 4.916000000000113e-09 -2.940181299306937e-01 
 4.920000000000114e-09 -2.973963741784986e-01 
 4.924000000000114e-09 -2.996338539693200e-01 
 4.928000000000115e-09 -3.007231730852975e-01 
 4.932000000000115e-09 -3.006601934826429e-01 
 4.936000000000115e-09 -2.994440497420323e-01 
 4.940000000000116e-09 -2.970771976189501e-01 
 4.944000000000116e-09 -2.935655005331161e-01 
 4.948000000000117e-09 -2.889183433156552e-01 
 4.952000000000117e-09 -2.831487715245808e-01 
 4.956000000000117e-09 -2.762736432269031e-01 
 4.960000000000118e-09 -2.683137879105812e-01 
 4.964000000000118e-09 -2.592941587044528e-01 
 4.968000000000119e-09 -2.492439711899568e-01 
 4.972000000000119e-09 -2.381968161472461e-01 
 4.976000000000119e-09 -2.261907402156949e-01 
 4.980000000000120e-09 -2.132682845281790e-01 
 4.984000000000120e-09 -1.994764774746995e-01 
 4.988000000000121e-09 -1.848667751449478e-01 
 4.992000000000121e-09 -1.694949484349362e-01 
 4.996000000000121e-09 -1.534209141464586e-01 
 5.000000000000122e-09 -1.367085118917171e-01 
 5.004000000000122e-09 -1.194252273411038e-01 
 5.008000000000122e-09 -1.016418660332352e-01 
 5.012000000000123e-09 -8.343218098904437e-02 
 5.016000000000123e-09 -6.487246011846715e-02 
 5.020000000000124e-09 -4.604084752136295e-02 
 5.024000000000124e-09 -2.701790741295262e-02 
 5.028000000000124e-09 -7.884830667675757e-03 
 5.032000000000125e-09  1.127731485532735e-02 
 5.036000000000125e-09  3.038681231587326e-02 
 5.040000000000126e-09  4.936248079952676e-02 
 5.044000000000126e-09  6.812422985944266e-02 
 5.048000000000126e-09  8.659348698886760e-02 
 5.052000000000127e-09  1.046935039068160e-01 
 5.056000000000127e-09  1.223498805101375e-01 
 5.060000000000128e-09  1.394909515282148e-01 
 5.064000000000128e-09  1.560482090571327e-01 
 5.068000000000128e-09  1.719566025865280e-01 
 5.072000000000129e-09  1.871548279468271e-01 
 5.076000000000129e-09  2.015855179610577e-01 
 5.080000000000130e-09  2.151954035731656e-01 
 5.084000000000130e-09  2.279353935642368e-01 
 5.088000000000130e-09  2.397606198398723e-01 
 5.092000000000131e-09  2.506304173278417e-01 
 5.096000000000131e-09  2.605082749880845e-01 
 5.100000000000132e-09  2.693617404865849e-01 
 5.104000000000132e-09  2.771623095574411e-01 
 5.108000000000132e-09  2.838852912601957e-01 
 5.112000000000133e-09  2.895096761103115e-01 
 5.116000000000133e-09  2.940180029895940e-01 
 5.120000000000134e-09  2.973962473373339e-01 
 5.124000000000134e-09  2.996337277809795e-01 
 5.128000000000134e-09  3.007230481028187e-01 
 5.132000000000135e-09  3.006600702532221e-01 
 5.136000000000135e-09  2.994439288048338e-01 
 5.140000000000136e-09  2.970770794999738e-01 
 5.144000000000136e-09  2.935653857415468e-01 
 5.148000000000136e-09  2.889182323394355e-01 
 5.152000000000137e-09  2.831486648287482e-01 
 5.156000000000137e-09  2.762735412485595e-01 
 5.160000000000138e-09  2.683136910579709e-01 
 5.164000000000138e-09  2.592940673534239e-01 
 5.168000000000138e-09  2.492438856840202e-01 
 5.172000000000139e-09  2.381967367959064e-01 
 5.176000000000139e-09  2.261906672941656e-01 
 5.180000000000140e-09  2.132682182773680e-01 
 5.184000000000140e-09  1.994764181016935e-01 
 5.188000000000140e-09  1.848667228235001e-01 
 5.192000000000141e-09  1.694949033079212e-01 
 5.196000000000141e-09  1.534208763265248e-01 
 5.200000000000142e-09  1.367084814630637e-01 
 5.204000000000142e-09  1.194252043599473e-01 
 5.208000000000142e-09  1.016418505319230e-01 
 5.212000000000143e-09  8.343217297509220e-02 
 5.216000000000143e-09  6.487245957696430e-02 
 5.220000000000144e-09  4.604085441611971e-02 
 5.224000000000144e-09  2.701792168895167e-02 
 5.228000000000144e-09  7.884852251994090e-03 
 5.232000000000145e-09 -1.127728605694855e-02 
 5.236000000000145e-09 -3.038677641607990e-02 
 5.240000000000146e-09 -4.936243793077821e-02 
 5.244000000000146e-09 -6.812418017206134e-02 
 5.248000000000146e-09 -8.659343065244585e-02 
 5.252000000000147e-09 -1.046934411099620e-01 
 5.256000000000147e-09 -1.223498114624704e-01 
 5.260000000000148e-09 -1.394908764606715e-01 
 5.264000000000148e-09 -1.560481282222259e-01 
 5.268000000000148e-09 -1.719565162600958e-01 
 5.272000000000149e-09 -1.871547364281554e-01 
 5.276000000000149e-09 -2.015854215737241e-01 
 5.280000000000150e-09 -2.151953026653706e-01 
 5.284000000000150e-09 -2.279352885080090e-01 
 5.288000000000150e-09 -2.397605110317711e-01 
 5.292000000000151e-09 -2.506303051873271e-01 
 5.296000000000151e-09 -2.605081599560233e-01 
 5.300000000000152e-09 -2.693616230252980e-01 
 5.304000000000152e-09 -2.771621901473531e-01 
 5.308000000000152e-09 -2.838851703973244e-01 
 5.312000000000153e-09 -2.895095543047974e-01 
 5.316000000000153e-09 -2.940178807614728e-01 
 5.320000000000154e-09 -2.973961252128752e-01 
 5.324000000000154e-09 -2.996336062905882e-01 
 5.328000000000154e-09 -3.007229277759504e-01 
 5.332000000000155e-09 -3.006599516145729e-01 
 5.336000000000155e-09 -2.994438123712106e-01 
 5.340000000000156e-09 -2.970769657751515e-01 
 5.344000000000156e-09 -2.935652752131428e-01 
 5.348000000000156e-09 -2.889181254757203e-01 
 5.352000000000157e-09 -2.831485620741945e-01 
 5.356000000000157e-09 -2.762734430218763e-01 
 5.360000000000158e-09 -2.683135977505380e-01 
 5.364000000000158e-09 -2.592939793259692e-01 
 5.368000000000158e-09 -2.492438032653359e-01 
 5.372000000000159e-09 -2.381966602826981e-01 
 5.376000000000159e-09 -2.261905969501621e-01 
 5.380000000000160e-09 -2.132681543335604e-01 
 5.384000000000160e-09 -1.994763607566181e-01 
 5.388000000000160e-09 -1.848666722440591e-01 
 5.392000000000161e-09 -1.694948596311896e-01 
 5.396000000000161e-09 -1.534208396602246e-01 
 5.400000000000162e-09 -1.367084518871042e-01 
 5.404000000000162e-09 -1.194251819294401e-01 
 5.408000000000162e-09 -1.016418352769524e-01 
 5.412000000000163e-09 -8.343216490371752e-02 
 5.416000000000163e-09 -6.487245867507951e-02 
 5.420000000000164e-09 -4.604086064856894e-02 
 5.424000000000164e-09 -2.701793500341054e-02 
 5.428000000000164e-09 -7.884872577957225e-03 
 5.432000000000165e-09  1.127725880938613e-02 
 5.436000000000165e-09  3.038674235537009e-02 
 5.440000000000166e-09  4.936239718329105e-02 
 5.444000000000166e-09  6.812413288242247e-02 
 5.448000000000166e-09  8.659337698266079e-02 
 5.452000000000167e-09  1.046933812416722e-01 
 5.456000000000167e-09  1.223497455956544e-01 
 5.460000000000168e-09  1.394908048167753e-01 
 5.464000000000168e-09  1.560480510439550e-01 
 5.468000000000168e-09  1.719564338108910e-01 
 5.472000000000169e-09  1.871546489960902e-01 
 5.476000000000169e-09  2.015853294692196e-01 
 5.480000000000170e-09  2.151952062215328e-01 
 5.484000000000170e-09  2.279351880825304e-01 
 5.488000000000170e-09  2.397604070041623e-01 
 5.492000000000171e-09  2.506301979596106e-01 
 5.496000000000171e-09  2.605080499522083e-01 
 5.500000000000172e-09  2.693615106876530e-01 
 5.504000000000172e-09  2.771620759371900e-01 
 5.508000000000172e-09  2.838850547902343e-01 
 5.512000000000173e-09  2.895094377891136e-01 
 5.516000000000173e-09  2.940177638366670e-01 
 5.520000000000174e-09  2.973960083842826e-01 
 5.524000000000174e-09  2.996334900657309e-01 
 5.528000000000174e-09  3.007228126628760e-01 
 5.532000000000175e-09  3.006598381173822e-01 
 5.536000000000175e-09  2.994437009837485e-01 
 5.540000000000176e-09  2.970768569815430e-01 
 5.544000000000176e-09  2.935651694805643e-01 
 5.548000000000176e-09  2.889180232532911e-01 
 5.552000000000177e-09  2.831484637886481e-01 
 5.556000000000177e-09  2.762733490757361e-01 
 5.560000000000178e-09  2.683135085180615e-01 
 5.564000000000178e-09  2.592938951525730e-01 
 5.568000000000178e-09  2.492437244669166e-01 
 5.572000000000179e-09  2.381965871436940e-01 
 5.576000000000179e-09  2.261905297231754e-01 
 5.580000000000180e-09  2.132680932394075e-01 
 5.584000000000180e-09  1.994763059859981e-01 
 5.588000000000180e-09  1.848666239573440e-01 
 5.592000000000181e-09  1.694948179593592e-01 
 5.596000000000181e-09  1.534208047060162e-01 
 5.600000000000182e-09  1.367084237291039e-01 
 5.604000000000182e-09  1.194251606189596e-01 
 5.608000000000182e-09  1.016418208438541e-01 
 5.612000000000183e-09  8.343215735448872e-02 
 5.616000000000183e-09  6.487245799626074e-02 
 5.620000000000184e-09  4.604086680702757e-02 
 5.624000000000184e-09  2.701794794879753e-02 
 5.628000000000184e-09  7.884892242396191e-03 
 5.632000000000185e-09 -1.127723251197210e-02 
 5.636000000000185e-09 -3.038670952833478e-02 
 5.640000000000186e-09 -4.936235794884425e-02 
 5.644000000000186e-09 -6.812408737858178e-02 
 5.648000000000186e-09 -8.659332536445419e-02 
 5.652000000000187e-09 -1.046933236833905e-01 
 5.656000000000187e-09 -1.223496822904018e-01 
 5.660000000000188e-09 -1.394907359752118e-01 
 5.664000000000188e-09 -1.560479768988934e-01 
 5.668000000000188e-09 -1.719563546163343e-01 
 5.672000000000189e-09 -1.871545650265638e-01 
 5.676000000000189e-09 -2.015852410217622e-01 
 5.680000000000190e-09 -2.151951136169679e-01 
 5.684000000000190e-09 -2.279350916632685e-01 
 5.688000000000190e-09 -2.397603071333689e-01 
 5.692000000000191e-09 -2.506300950237126e-01 
 5.696000000000191e-09 -2.605079443567329e-01 
 5.700000000000192e-09 -2.693614028570970e-01 
 5.704000000000192e-09 -2.771619663128027e-01 
 5.708000000000192e-09 -2.838849438289168e-01 
 5.712000000000193e-09 -2.895093259594428e-01 
 5.716000000000193e-09 -2.940176516155657e-01 
 5.720000000000194e-09 -2.973958962570895e-01 
 5.724000000000194e-09 -2.996333785199283e-01 
 5.728000000000194e-09 -3.007227021849701e-01 
 5.732000000000195e-09 -3.006597291893309e-01 
 5.736000000000195e-09 -2.994435940813545e-01 
 5.740000000000196e-09 -2.970767525671130e-01 
 5.744000000000196e-09 -2.935650680026856e-01 
 5.748000000000196e-09 -2.889179251419018e-01 
 5.752000000000197e-09 -2.831483694526336e-01 
 5.756000000000197e-09 -2.762732589002574e-01 
 5.760000000000198e-09 -2.683134228618993e-01 
 5.764000000000198e-09 -2.592938143482586e-01 
 5.768000000000198e-09 -2.492436488164804e-01 
 5.772000000000199e-09 -2.381965169196336e-01 
 5.776000000000199e-09 -2.261904651679654e-01 
 5.780000000000200e-09 -2.132680345651785e-01 
 5.784000000000200e-09 -1.994762533757282e-01 
 5.788000000000200e-09 -1.848665775635823e-01 
 5.792000000000201e-09 -1.694947779082270e-01 
 5.796000000000201e-09 -1.534207710974922e-01 
 5.800000000000202e-09 -1.367083966359566e-01 
 5.804000000000202e-09 -1.194251400922770e-01 
 5.808000000000202e-09 -1.016418069109317e-01 
 5.812000000000203e-09 -8.343215002207849e-02 
 5.816000000000203e-09 -6.487245725228696e-02 
 5.820000000000204e-09 -4.604087261879641e-02 
 5.824000000000204e-09 -2.701796026793701e-02 
 5.828000000000204e-09 -7.884911004317985e-03 
 5.832000000000205e-09  1.127720738914384e-02 
 5.836000000000205e-09  3.038667814540830e-02 
 5.840000000000206e-09  4.936232042081734e-02 
 5.844000000000206e-09  6.812404383899207e-02 
 5.848000000000206e-09  8.659327596312671e-02 
 5.852000000000207e-09  1.046932685856650e-01 
 5.856000000000207e-09  1.223496216810727e-01 
 5.860000000000208e-09  1.394906700579099e-01 
 5.864000000000208e-09  1.560479058957327e-01 
 5.868000000000208e-09  1.719562787712192e-01 
 5.872000000000209e-09  1.871544846026794e-01 
 5.876000000000209e-09  2.015851563053186e-01 
 5.880000000000210e-09  2.151950249137613e-01 
 5.884000000000210e-09  2.279349993004889e-01 
 5.888000000000210e-09  2.397602114616761e-01 
 5.892000000000211e-09  2.506299964123366e-01 
 5.896000000000211e-09  2.605078431949082e-01 
 5.900000000000212e-09  2.693612995518224e-01 
 5.904000000000212e-09  2.771618612869311e-01 
 5.908000000000212e-09  2.838848375196963e-01 
 5.912000000000213e-09  2.895092188167889e-01 
 5.916000000000213e-09  2.940175440975941e-01 
 5.920000000000214e-09  2.973957888281731e-01 
 5.924000000000214e-09  2.996332716471515e-01 
 5.928000000000214e-09  3.007225963346765e-01 
 5.932000000000215e-09  3.006596248250397e-01 
 5.936000000000215e-09  2.994434916567288e-01 
 5.940000000000216e-09  2.970766525273520e-01 
 5.944000000000216e-09  2.935649707774812e-01 
 5.948000000000216e-09  2.889178311432796e-01 
 5.952000000000217e-09  2.831482790734676e-01 
 5.956000000000217e-09  2.762731725089056e-01 
 5.960000000000218e-09  2.683133408033855e-01 
 5.964000000000218e-09  2.592937369406991e-01 
 5.968000000000218e-09  2.492435763492669e-01 
 5.972000000000219e-09  2.381964496546631e-01 
 5.976000000000219e-09  2.261904033372240e-01 
 5.980000000000220e-09  2.132679783718761e-01 
 5.984000000000220e-09  1.994762029943065e-01 
 5.988000000000220e-09  1.848665331427544e-01 
 5.992000000000221e-09  1.694947395672060e-01 
 5.996000000000221e-09  1.534207389314322e-01 
 6.000000000000222e-09  1.367083707163239e-01 
 6.004000000000222e-09  1.194251204670334e-01 
 6.008000000000222e-09  1.016417936063956e-01 
 6.012000000000223e-09  8.343214304479218e-02 
 6.016000000000223e-09  6.487245659080365e-02 
 6.020000000000224e-09  4.604087824190373e-02 
 6.024000000000224e-09  2.701797212949764e-02 
 6.028000000000224e-09  7.884929041962252e-03 
 6.032000000000225e-09 -1.127718325519211e-02 
 6.036000000000225e-09 -3.038664800903312e-02 
 6.040000000000226e-09 -4.936228439530232e-02 
 6.044000000000226e-09 -6.812400205034663e-02 
 6.048000000000226e-09 -8.659322855507234e-02 
 6.052000000000227e-09 -1.046932157175444e-01 
 6.056000000000227e-09 -1.223495635290561e-01 
 6.060000000000228e-09 -1.394906068177910e-01 
 6.064000000000228e-09 -1.560478377806209e-01 
 6.068000000000228e-09 -1.719562060142366e-01 
 6.072000000000229e-09 -1.871544074567950e-01 
 6.076000000000229e-09 -2.015850750437753e-01 
 6.080000000000230e-09 -2.151949398299191e-01 
 6.084000000000230e-09 -2.279349107105375e-01 
 6.088000000000230e-09 -2.397601196993335e-01 
 6.092000000000231e-09 -2.506299018320712e-01 
 6.096000000000231e-09 -2.605077461693979e-01 
 6.100000000000232e-09 -2.693612004710735e-01 
 6.104000000000232e-09 -2.771617605575472e-01 
 6.108000000000232e-09 -2.838847355610028e-01 
 6.112000000000233e-09 -2.895091160590284e-01 
 6.116000000000233e-09 -2.940174409811764e-01 
 6.120000000000234e-09 -2.973956857967999e-01 
 6.124000000000234e-09 -2.996331691492387e-01 
 6.128000000000234e-09 -3.007224948181135e-01 
 6.132000000000235e-09 -3.006595247317567e-01 
 6.136000000000235e-09 -2.994433934252343e-01 
 6.140000000000236e-09 -2.970765565813165e-01 
 6.144000000000236e-09 -2.935648775304323e-01 
 6.148000000000236e-09 -2.889177409894983e-01 
 6.152000000000237e-09 -2.831481923889254e-01 
 6.156000000000237e-09 -2.762730896481829e-01 
 6.160000000000238e-09 -2.683132620967053e-01 
 6.164000000000238e-09 -2.592936626924356e-01 
 6.168000000000238e-09 -2.492435068377201e-01 
 6.172000000000239e-09 -2.381963851297355e-01 
 6.176000000000239e-09 -2.261903440222834e-01 
 6.180000000000240e-09 -2.132679244617979e-01 
 6.184000000000240e-09 -1.994761546572281e-01 
 6.188000000000240e-09 -1.848664905190489e-01 
 6.192000000000241e-09 -1.694947027733065e-01 
 6.196000000000241e-09 -1.534207080581318e-01 
 6.200000000000242e-09 -1.367083458310070e-01 
 6.204000000000242e-09 -1.194251016154908e-01 
 6.208000000000242e-09 -1.016417808150969e-01 
 6.212000000000243e-09 -8.343213632066515e-02 
 6.216000000000243e-09 -6.487245592093949e-02 
 6.220000000000244e-09 -4.604088359756808e-02 
 6.224000000000244e-09 -2.701798346576467e-02 
 6.228000000000244e-09 -7.884946299764550e-03 
 6.232000000000245e-09  1.127716015179558e-02 
 6.236000000000245e-09  3.038661915215712e-02 
 6.240000000000246e-09  4.936224989115345e-02 
 6.244000000000246e-09  6.812396202109383e-02 
 6.248000000000246e-09  8.659318313821984e-02 
 6.252000000000247e-09  1.046931650662124e-01 
 6.256000000000247e-09  1.223495078127623e-01 
 6.260000000000248e-09  1.394905462221896e-01 
 6.264000000000248e-09  1.560477725119647e-01 
 6.268000000000248e-09  1.719561362947850e-01 
 6.272000000000249e-09  1.871543335288930e-01 
 6.276000000000249e-09  2.015849971702028e-01 
 6.280000000000250e-09  2.151948582923939e-01 
 6.284000000000250e-09  2.279348258107419e-01 
 6.288000000000250e-09  2.397600317581050e-01 
 6.292000000000251e-09  2.506298111888681e-01 
 6.296000000000251e-09  2.605076531810973e-01 
 6.300000000000252e-09  2.693611055133953e-01 
 6.304000000000252e-09  2.771616640186645e-01 
 6.308000000000252e-09  2.838846378436930e-01 
 6.312000000000253e-09  2.895090175755581e-01 
 6.316000000000253e-09  2.940173421524253e-01 
 6.320000000000254e-09  2.973955870508291e-01 
 6.324000000000254e-09  2.996330709144794e-01 
 6.328000000000254e-09  3.007223975230566e-01 
 6.332000000000255e-09  3.006594288028746e-01 
 6.336000000000255e-09  2.994432992789413e-01 
 6.340000000000256e-09  2.970764646277975e-01 
 6.344000000000256e-09  2.935647881628447e-01 
 6.348000000000256e-09  2.889176545883245e-01 
 6.352000000000257e-09  2.831481093142059e-01 
 6.356000000000257e-09  2.762730102395405e-01 
 6.360000000000258e-09  2.683131866698716e-01 
 6.364000000000258e-09  2.592935915405574e-01 
 6.368000000000258e-09  2.492434402263992e-01 
 6.372000000000259e-09  2.381963232996798e-01 
 6.376000000000259e-09  2.261902871866166e-01 
 6.380000000000260e-09  2.132678728079327e-01 
 6.384000000000260e-09  1.994761083453405e-01 
 6.388000000000260e-09  1.848664496851455e-01 
 6.392000000000261e-09  1.694946675272586e-01 
 6.396000000000261e-09  1.534206784875813e-01 
 6.400000000000262e-09  1.367083220017875e-01 
 6.404000000000262e-09  1.194250835717643e-01 
 6.408000000000262e-09  1.016417685807376e-01 
 6.412000000000263e-09  8.343212990165938e-02 
 6.416000000000263e-09  6.487245530715313e-02 
 6.420000000000264e-09  4.604088875943901e-02 
 6.424000000000264e-09  2.701799436107244e-02 
 6.428000000000264e-09  7.884962871969492e-03 
 6.432000000000265e-09 -1.127713797617780e-02 
 6.436000000000265e-09 -3.038659146073286e-02 
 6.440000000000266e-09 -4.936221678632791e-02 
 6.444000000000266e-09 -6.812392361954345e-02 
 6.448000000000266e-09 -8.659313957086034e-02 
 6.452000000000267e-09 -1.046931164799556e-01 
 6.456000000000267e-09 -1.223494543711432e-01 
 6.460000000000268e-09 -1.394904881043377e-01 
 6.464000000000268e-09 -1.560477099127251e-01 
 6.468000000000268e-09 -1.719560694289743e-01 
 6.472000000000269e-09 -1.871542626295284e-01 
 6.476000000000269e-09 -2.015849224877702e-01 
 6.480000000000270e-09 -2.151947800984946e-01 
 6.484000000000270e-09 -2.279347443926856e-01 
 6.488000000000270e-09 -2.397599474244334e-01 
 6.492000000000271e-09 -2.506297242654290e-01 
 6.496000000000271e-09 -2.605075640108296e-01 
 6.500000000000272e-09 -2.693610144538736e-01 
 6.504000000000272e-09 -2.771615714438429e-01 
 6.508000000000272e-09 -2.838845441384645e-01 
 6.512000000000273e-09 -2.895089231364372e-01 
 6.516000000000273e-09 -2.940172473830325e-01 
 6.520000000000274e-09 -2.973954923598168e-01 
 6.524000000000274e-09 -2.996329767131958e-01 
 6.528000000000274e-09 -3.007223042238893e-01 
 6.532000000000275e-09 -3.006593368119583e-01 
 6.536000000000275e-09 -2.994432089989225e-01 
 6.540000000000276e-09 -2.970763764486446e-01 
 6.544000000000276e-09 -2.935647024641201e-01 
 6.548000000000276e-09 -2.889175717334740e-01 
 6.552000000000277e-09 -2.831480296480260e-01 
 6.556000000000277e-09 -2.762729340876362e-01 
 6.560000000000278e-09 -2.683131143363342e-01 
 6.564000000000278e-09 -2.592935233038185e-01 
 6.568000000000278e-09 -2.492433763433581e-01 
 6.572000000000279e-09 -2.381962639998765e-01 
 6.576000000000279e-09 -2.261902326754779e-01 
 6.580000000000280e-09 -2.132678232639833e-01 
 6.584000000000280e-09 -1.994760639235906e-01 
 6.588000000000280e-09 -1.848664105142284e-01 
 6.592000000000281e-09 -1.694946337143932e-01 
 6.596000000000281e-09 -1.534206501158533e-01 
 6.600000000000282e-09 -1.367082991341455e-01 
 6.604000000000282e-09 -1.194250662500611e-01 
 6.608000000000282e-09 -1.016417568289878e-01 
 6.612000000000283e-09 -8.343212372594166e-02 
 6.616000000000283e-09 -6.487245469537228e-02 
 6.620000000000284e-09 -4.604089368533693e-02 
 6.624000000000284e-09 -2.701800478406646e-02 
 6.628000000000284e-09 -7.884978736946380e-03 
 6.632000000000285e-09  1.127711673868603e-02 
 6.636000000000285e-09  3.038656493536962e-02 
 6.640000000000286e-09  4.936218507086032e-02 
 6.644000000000286e-09  6.812388682616799e-02 
 6.648000000000286e-09  8.659309782612290e-02 
 6.652000000000287e-09  1.046930699242594e-01 
 6.656000000000287e-09  1.223494031594310e-01 
 6.660000000000288e-09  1.394904324088007e-01 
 6.664000000000288e-09  1.560476499218861e-01 
 6.668000000000288e-09  1.719560053471714e-01 
 6.672000000000289e-09  1.871541946810300e-01 
 6.676000000000289e-09  2.015848509126830e-01 
 6.680000000000290e-09  2.151947051556853e-01 
 6.684000000000290e-09  2.279346663599142e-01 
 6.688000000000290e-09  2.397598665963994e-01 
 6.692000000000291e-09  2.506296409541200e-01 
 6.696000000000291e-09  2.605074785452688e-01 
 6.700000000000292e-09  2.693609271783011e-01 
 6.704000000000292e-09  2.771614827151963e-01 
 6.708000000000292e-09  2.838844543262331e-01 
 6.712000000000293e-09  2.895088326199238e-01 
 6.716000000000293e-09  2.940171565489522e-01 
 6.720000000000294e-09  2.973954016012594e-01 
 6.724000000000294e-09  2.996328864256959e-01 
 6.728000000000294e-09  3.007222147998982e-01 
 6.732000000000295e-09  3.006592486433657e-01 
 6.736000000000295e-09  2.994431224691991e-01 
 6.740000000000296e-09  2.970762919334911e-01 
 6.744000000000296e-09  2.935646203260993e-01 
 6.748000000000296e-09  2.889174923209472e-01 
 6.752000000000297e-09  2.831479532928709e-01 
 6.756000000000297e-09  2.762728611017513e-01 
 6.760000000000298e-09  2.683130450102187e-01 
 6.764000000000298e-09  2.592934579063471e-01 
 6.768000000000298e-09  2.492433151200091e-01 
 6.772000000000299e-09  2.381962071705566e-01 
 6.776000000000299e-09  2.261901804367898e-01 
 6.780000000000300e-09  2.132677757878838e-01 
 6.784000000000300e-09  1.994760213568103e-01 
 6.788000000000300e-09  1.848663729821087e-01 
 6.792000000000301e-09  1.694946013186538e-01 
 6.796000000000301e-09  1.534206229371708e-01 
 6.800000000000302e-09  1.367082772307420e-01 
 6.804000000000302e-09  1.194250496641835e-01 
 6.808000000000302e-09  1.016417455824197e-01 
 6.812000000000303e-09  8.343211782453253e-02 
 6.816000000000303e-09  6.487245412918163e-02 
 6.820000000000304e-09  4.604089842744941e-02 
 6.824000000000304e-09  2.701801479583033e-02 
 6.828000000000304e-09  7.884993966035481e-03 
 6.832000000000305e-09 -1.127709635957785e-02 
 6.836000000000305e-09 -3.038653948578407e-02 
 6.840000000000306e-09 -4.936215464577209e-02 
 6.844000000000306e-09 -6.812385153289391e-02 
 6.848000000000306e-09 -8.659305778580162e-02 
 6.852000000000307e-09 -1.046930252714429e-01 
 6.856000000000307e-09 -1.223493540432514e-01 
 6.860000000000308e-09 -1.394903789943154e-01 
 6.864000000000308e-09 -1.560475923884699e-01 
 6.868000000000308e-09 -1.719559438939022e-01 
 6.872000000000309e-09 -1.871541295191541e-01 
 6.876000000000309e-09 -2.015847822740362e-01 
 6.880000000000310e-09 -2.151946332892152e-01 
 6.884000000000310e-09 -2.279345915304489e-01 
 6.888000000000310e-09 -2.397597890874934e-01 
 6.892000000000311e-09 -2.506295610644074e-01 
 6.896000000000311e-09 -2.605073965910343e-01 
 6.900000000000312e-09 -2.693608434878554e-01 
 6.904000000000312e-09 -2.771613976313310e-01 
 6.908000000000312e-09 -2.838843682039043e-01 
 6.912000000000313e-09 -2.895087458223662e-01 
 6.916000000000313e-09 -2.940170694482873e-01 
 6.920000000000314e-09 -2.973953145729653e-01 
 6.924000000000314e-09 -2.996327998477313e-01 
 6.928000000000314e-09 -3.007221290498618e-01 
 6.932000000000315e-09 -3.006591640967911e-01 
 6.936000000000315e-09 -2.994430394936536e-01 
 6.940000000000316e-09 -2.970762108893796e-01 
 6.944000000000316e-09 -2.935645415617500e-01 
 6.948000000000316e-09 -2.889174161697552e-01 
 6.952000000000317e-09 -2.831478800724962e-01 
 6.956000000000317e-09 -2.762727911110323e-01 
 6.960000000000318e-09 -2.683129785287139e-01 
 6.964000000000318e-09 -2.592933951909453e-01 
 6.968000000000318e-09 -2.492432564049096e-01 
 6.972000000000319e-09 -2.381961526689267e-01 
 6.976000000000319e-09 -2.261901303356737e-01 
 6.980000000000320e-09 -2.132677302523476e-01 
 6.984000000000320e-09 -1.994759805287387e-01 
 6.988000000000320e-09 -1.848663369803081e-01 
 6.992000000000321e-09 -1.694945702410333e-01 
 6.996000000000321e-09 -1.534205968600109e-01 
 7.000000000000322e-09 -1.367082562127333e-01 
 7.004000000000322e-09 -1.194250337435374e-01 
 7.008000000000322e-09 -1.016417347806691e-01 
 7.012000000000323e-09 -8.343211214723212e-02 
 7.016000000000323e-09 -6.487245356649218e-02 
 7.020000000000324e-09 -4.604090295412888e-02 
 7.024000000000324e-09 -2.701802437419509e-02 
 7.028000000000324e-09 -7.885008546628214e-03 
 7.032000000000325e-09  1.127707684114476e-02 
 7.036000000000325e-09  3.038651510746426e-02 
 7.040000000000326e-09  4.936212549728225e-02 
 7.044000000000326e-09  6.812381771753984e-02 
 7.048000000000326e-09  8.659301941864861e-02 
 7.052000000000327e-09  1.046929824831135e-01 
 7.056000000000327e-09  1.223493069760000e-01 
 7.060000000000328e-09  1.394903278060013e-01 
 7.064000000000328e-09  1.560475372530377e-01 
 7.068000000000328e-09  1.719558849979119e-01 
 7.072000000000329e-09  1.871540670696614e-01 
 7.076000000000329e-09  2.015847164910465e-01 
 7.080000000000330e-09  2.151945644108437e-01 
 7.084000000000330e-09  2.279345198123881e-01 
 7.088000000000330e-09  2.397597147995096e-01 
 7.092000000000331e-09  2.506294844947234e-01 
 7.096000000000331e-09  2.605073180404345e-01 
 7.100000000000332e-09  2.693607632727497e-01 
 7.104000000000332e-09  2.771613160804280e-01 
 7.108000000000332e-09  2.838842856571500e-01 
 7.112000000000333e-09  2.895086626294150e-01 
 7.116000000000333e-09  2.940169859631339e-01 
 7.120000000000334e-09  2.973952311573584e-01 
 7.124000000000334e-09  2.996327168645021e-01 
 7.128000000000334e-09  3.007220468611862e-01 
 7.132000000000335e-09  3.006590830615186e-01 
 7.136000000000335e-09  2.994429599661994e-01 
 7.140000000000336e-09  2.970761332129619e-01 
 7.144000000000336e-09  2.935644660704924e-01 
 7.148000000000336e-09  2.889173431842278e-01 
 7.152000000000337e-09  2.831478098965308e-01 
 7.156000000000337e-09  2.762727240319220e-01 
 7.160000000000338e-09  2.683129148128405e-01 
 7.164000000000338e-09  2.592933350865723e-01 
 7.168000000000338e-09  2.492432001362168e-01 
 7.172000000000339e-09  2.381961004384383e-01 
 7.176000000000339e-09  2.261900823240772e-01 
 7.180000000000340e-09  2.132676866186394e-01 
 7.184000000000340e-09  1.994759414074228e-01 
 7.188000000000340e-09  1.848663024864567e-01 
 7.192000000000341e-09  1.694945404676922e-01 
 7.196000000000341e-09  1.534205718811208e-01 
 7.200000000000342e-09  1.367082360834520e-01 
 7.204000000000342e-09  1.194250185006602e-01 
 7.208000000000342e-09  1.016417244454964e-01 
 7.212000000000343e-09  8.343210672494905e-02 
 7.216000000000343e-09  6.487245304695044e-02 
 7.220000000000344e-09  4.604090731386101e-02 
 7.224000000000344e-09  2.701803357783206e-02 
 7.228000000000344e-09  7.885022544936504e-03 
 7.232000000000345e-09 -1.127705810926827e-02 
 7.236000000000345e-09 -3.038649171493368e-02 
 7.240000000000346e-09 -4.936209753216403e-02 
 7.244000000000346e-09 -6.812378527865448e-02 
 7.248000000000346e-09 -8.659298261675374e-02 
 7.252000000000347e-09 -1.046929414412805e-01 
 7.256000000000347e-09 -1.223492618333442e-01 
 7.260000000000348e-09 -1.394902787122252e-01 
 7.264000000000348e-09 -1.560474843739463e-01 
 7.268000000000348e-09 -1.719558285148253e-01 
 7.272000000000349e-09 -1.871540071785098e-01 
 7.276000000000349e-09 -2.015846534055559e-01 
 7.280000000000350e-09 -2.151944983578939e-01 
 7.284000000000350e-09 -2.279344510365906e-01 
 7.288000000000350e-09 -2.397596435610367e-01 
 7.292000000000351e-09 -2.506294110678855e-01 
 7.296000000000351e-09 -2.605072427150050e-01 
 7.300000000000352e-09 -2.693606863530302e-01 
 7.304000000000352e-09 -2.771612378805139e-01 
 7.308000000000352e-09 -2.838842065027283e-01 
 7.312000000000353e-09 -2.895085828542272e-01 
 7.316000000000353e-09 -2.940169059097593e-01 
 7.320000000000354e-09 -2.973951511697674e-01 
 7.324000000000354e-09 -2.996326372898730e-01 
 7.328000000000354e-09 -3.007219680481810e-01 
 7.332000000000355e-09 -3.006590053546458e-01 
 7.336000000000355e-09 -2.994428837031526e-01 
 7.340000000000356e-09 -2.970760587249603e-01 
 7.344000000000356e-09 -2.935643936774524e-01 
 7.348000000000356e-09 -2.889172731932779e-01 
 7.352000000000357e-09 -2.831477425988105e-01 
 7.356000000000357e-09 -2.762726597029976e-01 
 7.360000000000358e-09 -2.683128537096611e-01 
 7.364000000000358e-09 -2.592932774444643e-01 
 7.368000000000358e-09 -2.492431461716613e-01 
 7.372000000000359e-09 -2.381960503460299e-01 
 7.376000000000359e-09 -2.261900362768525e-01 
 7.380000000000360e-09 -2.132676447670026e-01 
 7.384000000000360e-09 -1.994759038819982e-01 
 7.388000000000360e-09 -1.848662693967800e-01 
 7.392000000000361e-09 -1.694945119040412e-01 
 7.396000000000361e-09 -1.534205479135640e-01 
 7.400000000000362e-09 -1.367082167646707e-01 
 7.404000000000362e-09 -1.194250038673932e-01 
 7.408000000000362e-09 -1.016417145172088e-01 
 7.412000000000363e-09 -8.343210150555258e-02 
 7.416000000000363e-09 -6.487245252861484e-02 
 7.420000000000364e-09 -4.604091147426992e-02 
 7.424000000000364e-09 -2.701804238051508e-02 
 7.428000000000364e-09 -7.885035944887875e-03 
 7.432000000000365e-09  1.127704017114439e-02 
 7.436000000000365e-09  3.038646931036482e-02 
 7.440000000000366e-09  4.936207074339904e-02 
 7.444000000000366e-09  6.812375419955252e-02 
 7.448000000000366e-09  8.659294735531553e-02 
 7.452000000000367e-09  1.046929021159961e-01 
 7.456000000000366e-09  1.223492185752040e-01 
 7.460000000000366e-09  1.394902316671605e-01 
 7.464000000000365e-09  1.560474337002393e-01 
 7.468000000000365e-09  1.719557743864115e-01 
 7.472000000000365e-09  1.871539497840242e-01 
 7.476000000000364e-09  2.015845929470377e-01 
 7.480000000000364e-09  2.151944350548600e-01 
 7.484000000000363e-09  2.279343851229161e-01 
 7.488000000000363e-09  2.397595752852553e-01 
 7.492000000000362e-09  2.506293406953102e-01 
 7.496000000000362e-09  2.605071705232911e-01 
 7.500000000000362e-09  2.693606126306571e-01 
 7.504000000000361e-09  2.771611629307937e-01 
 7.508000000000361e-09  2.838841306373165e-01 
 7.512000000000360e-09  2.895085063945828e-01 
 7.516000000000360e-09  2.940168291824419e-01 
 7.520000000000359e-09  2.973950745061889e-01 
 7.524000000000359e-09  2.996325610235944e-01 
 7.528000000000359e-09  3.007218925118074e-01 
 7.532000000000358e-09  3.006589308783429e-01 
 7.536000000000358e-09  2.994428106111686e-01 
 7.540000000000357e-09  2.970759873347100e-01 
 7.544000000000357e-09  2.935643242957284e-01 
 7.548000000000357e-09  2.889172061133629e-01 
 7.552000000000356e-09  2.831476781022522e-01 
 7.556000000000356e-09  2.762725980518299e-01 
 7.560000000000355e-09  2.683127951492823e-01 
 7.564000000000355e-09  2.592932222033975e-01 
 7.568000000000354e-09  2.492430944563022e-01 
 7.572000000000354e-09  2.381960023424146e-01 
 7.576000000000354e-09  2.261899921508466e-01 
 7.580000000000353e-09  2.132676046631037e-01 
 7.584000000000353e-09  1.994758679262105e-01 
 7.588000000000352e-09  1.848662376935426e-01 
 7.592000000000352e-09  1.694944845394364e-01 
 7.596000000000351e-09  1.534205249563065e-01 
 7.600000000000351e-09  1.367081982643334e-01 
 7.604000000000351e-09  1.194249898579010e-01 
 7.608000000000350e-09  1.016417050186522e-01 
 7.612000000000350e-09  8.343209652206873e-02 
 7.616000000000349e-09  6.487245205197567e-02 
 7.620000000000349e-09  4.604091548130285e-02 
 7.624000000000348e-09  2.701805083910358e-02 
 7.628000000000348e-09  7.885048810543083e-03 
 7.632000000000348e-09 -1.127702295430311e-02 
 7.636000000000347e-09 -3.038644781152300e-02 
 7.640000000000347e-09 -4.936204504125996e-02 
 7.644000000000346e-09 -6.812372438556125e-02 
 7.648000000000346e-09 -8.659291353117204e-02 
 7.652000000000345e-09 -1.046928643956591e-01 
 7.656000000000345e-09 -1.223491770847378e-01 
 7.660000000000345e-09 -1.394901865450571e-01 
 7.664000000000344e-09 -1.560473850997468e-01 
 7.668000000000344e-09 -1.719557224735002e-01 
 7.672000000000343e-09 -1.871538947387066e-01 
 7.676000000000343e-09 -2.015845349651588e-01 
 7.680000000000342e-09 -2.151943743455664e-01 
 7.684000000000342e-09 -2.279343219111869e-01 
 7.688000000000342e-09 -2.397595098104954e-01 
 7.692000000000341e-09 -2.506292732097002e-01 
 7.696000000000341e-09 -2.605071012920099e-01 
 7.700000000000340e-09 -2.693605419342697e-01 
 7.704000000000340e-09 -2.771610910577573e-01 
 7.708000000000339e-09 -2.838840578867083e-01 
 7.712000000000339e-09 -2.895084330738644e-01 
 7.716000000000339e-09 -2.940167556050075e-01 
 7.720000000000338e-09 -2.973950009897302e-01 
 7.724000000000338e-09 -2.996324878889041e-01 
 7.728000000000337e-09 -3.007218200768187e-01 
 7.732000000000337e-09 -3.006588594593194e-01 
 7.736000000000336e-09 -2.994427405197280e-01 
 7.740000000000336e-09 -2.970759188746108e-01 
 7.744000000000336e-09 -2.935642577605568e-01 
 7.748000000000335e-09 -2.889171417862078e-01 
 7.752000000000335e-09 -2.831476162505080e-01 
 7.756000000000334e-09 -2.762725389287839e-01 
 7.760000000000334e-09 -2.683127389910123e-01 
 7.764000000000333e-09 -2.592931692259377e-01 
 7.768000000000333e-09 -2.492430448582486e-01 
 7.772000000000333e-09 -2.381959563031764e-01 
 7.776000000000332e-09 -2.261899498287949e-01 
 7.780000000000332e-09 -2.132675661984234e-01 
 7.784000000000331e-09 -1.994758334378819e-01 
 7.788000000000331e-09 -1.848662072820471e-01 
 7.792000000000330e-09 -1.694944582868043e-01 
 7.796000000000330e-09 -1.534205029283235e-01 
 7.800000000000330e-09 -1.367081805094141e-01 
 7.804000000000329e-09 -1.194249764087161e-01 
 7.808000000000329e-09 -1.016416958934077e-01 
 7.812000000000328e-09 -8.343209172534571e-02 
 7.816000000000328e-09 -6.487245157571309e-02 
 7.820000000000327e-09 -4.604091930392684e-02 
 7.824000000000327e-09 -2.701805892961318e-02 
 7.828000000000327e-09 -7.885061126287951e-03 
 7.832000000000326e-09  1.127700646781093e-02 
 7.836000000000326e-09  3.038642721937279e-02 
 7.840000000000325e-09  4.936202041981730e-02 
 7.844000000000325e-09  6.812369582153011e-02 
 7.848000000000324e-09  8.659288112291108e-02 
 7.852000000000324e-09  1.046928282523751e-01 
 7.856000000000324e-09  1.223491373271290e-01 
 7.860000000000323e-09  1.394901433063200e-01 
 7.864000000000323e-09  1.560473385258767e-01 
 7.868000000000322e-09  1.719556727243230e-01 
 7.872000000000322e-09  1.871538419869765e-01 
 7.876000000000321e-09  2.015844793978712e-01 
 7.880000000000321e-09  2.151943161647640e-01 
 7.884000000000321e-09  2.279342613307289e-01 
 7.888000000000320e-09  2.397594470598783e-01 
 7.892000000000320e-09  2.506292085315973e-01 
 7.896000000000319e-09  2.605070349414600e-01 
 7.900000000000319e-09  2.693604741769366e-01 
 7.904000000000318e-09  2.771610221724385e-01 
 7.908000000000318e-09  2.838839881609960e-01 
 7.912000000000318e-09  2.895083628011506e-01 
 7.916000000000317e-09  2.940166850863872e-01 
 7.920000000000317e-09  2.973949305291783e-01 
 7.924000000000316e-09  2.996324177927014e-01 
 7.928000000000316e-09  3.007217506518178e-01 
 7.932000000000315e-09  3.006587910086445e-01 
 7.936000000000315e-09  2.994426733418805e-01 
 7.940000000000315e-09  2.970758532610753e-01 
 7.944000000000314e-09  2.935641939926992e-01 
 7.948000000000314e-09  2.889170801351124e-01 
 7.952000000000313e-09  2.831475569719197e-01 
 7.956000000000313e-09  2.762724822665090e-01 
 7.960000000000312e-09  2.683126851701125e-01 
 7.964000000000312e-09  2.592931184548473e-01 
 7.968000000000312e-09  2.492429973281673e-01 
 7.972000000000311e-09  2.381959121841817e-01 
 7.976000000000311e-09  2.261899092739910e-01 
 7.980000000000310e-09  2.132675293407811e-01 
 7.984000000000310e-09  1.994758003923423e-01 
 7.988000000000309e-09  1.848661781452421e-01 
 7.992000000000309e-09  1.694944331379187e-01 
 7.996000000000309e-09  1.534204818290252e-01 
 8.000000000000308e-09  1.367081635061567e-01 
 8.004000000000308e-09  1.194249635340920e-01 
 8.008000000000307e-09  1.016416871639798e-01 
 8.012000000000307e-09  8.343208714676464e-02 
 8.016000000000306e-09  6.487245113792994e-02 
 8.020000000000306e-09  4.604092298806961e-02 
 8.024000000000306e-09  2.701806670489759e-02 
 8.028000000000305e-09  7.885072952362293e-03 
 8.032000000000305e-09 -1.127699064321419e-02 
 8.036000000000304e-09 -3.038640745916865e-02 
 8.040000000000304e-09 -4.936199679679021e-02 
 8.044000000000304e-09 -6.812366841944595e-02 
 8.048000000000303e-09 -8.659285003459871e-02 
 8.052000000000303e-09 -1.046927935828990e-01 
 8.056000000000302e-09 -1.223490991932046e-01 
 8.060000000000302e-09 -1.394901018345642e-01 
 8.064000000000301e-09 -1.560472938573678e-01 
 8.068000000000301e-09 -1.719556250111545e-01 
 8.072000000000301e-09 -1.871537913958541e-01 
 8.076000000000300e-09 -2.015844261069972e-01 
 8.080000000000300e-09 -2.151942603670296e-01 
 8.084000000000299e-09 -2.279342032337741e-01 
 8.088000000000299e-09 -2.397593868823460e-01 
 8.092000000000298e-09 -2.506291465052328e-01 
 8.096000000000298e-09 -2.605069713116936e-01 
 8.100000000000298e-09 -2.693604091999475e-01 
 8.104000000000297e-09 -2.771609561138133e-01 
 8.108000000000297e-09 -2.838839212959243e-01 
 8.112000000000296e-09 -2.895082954122223e-01 
 8.116000000000296e-09 -2.940166174614109e-01 
 8.120000000000295e-09 -2.973948629612413e-01 
 8.124000000000295e-09 -2.996323505752059e-01 
 8.128000000000295e-09 -3.007216840773625e-01 
 8.132000000000294e-09 -3.006587253679467e-01 
 8.136000000000294e-09 -2.994426089211506e-01 
 8.140000000000293e-09 -2.970757903395287e-01 
 8.144000000000293e-09 -2.935641328410363e-01 
 8.148000000000292e-09 -2.889170210124430e-01 
 8.152000000000292e-09 -2.831475001249766e-01 
 8.156000000000292e-09 -2.762724279270019e-01 
 8.160000000000291e-09 -2.683126335541886e-01 
 8.164000000000291e-09 -2.592930697635776e-01 
 8.168000000000290e-09 -2.492429517422785e-01 
 8.172000000000290e-09 -2.381958698690010e-01 
 8.176000000000289e-09 -2.261898703756877e-01 
 8.180000000000289e-09 -2.132674939872672e-01 
 8.184000000000289e-09 -1.994757686936754e-01 
 8.188000000000288e-09 -1.848661501936189e-01 
 8.192000000000288e-09 -1.694944090086459e-01 
 8.196000000000287e-09 -1.534204615827104e-01 
 8.200000000000287e-09 -1.367081471870435e-01 
 8.204000000000286e-09 -1.194249511721708e-01 
 8.208000000000286e-09 -1.016416787761862e-01 
 8.212000000000286e-09 -8.343208273754144e-02 
 8.216000000000285e-09 -6.487245069926217e-02 
 8.220000000000285e-09 -4.604092650061986e-02 
 8.224000000000284e-09 -2.701807413963309e-02 
 8.228000000000284e-09 -7.885084270128573e-03 
 8.232000000000283e-09  1.127697549217999e-02 
 8.236000000000283e-09  3.038638853438869e-02 
 8.240000000000283e-09  4.936197416836308e-02 
 8.244000000000282e-09  6.812364216784772e-02 
 8.248000000000282e-09  8.659282025080017e-02 
 8.252000000000281e-09  1.046927603658290e-01 
 8.256000000000281e-09  1.223490626537647e-01 
 8.260000000000280e-09  1.394900620968276e-01 
 8.264000000000280e-09  1.560472510537974e-01 
 8.268000000000280e-09  1.719555792890652e-01 
 8.272000000000279e-09  1.871537429136794e-01 
 8.276000000000279e-09  2.015843750376654e-01 
 8.280000000000278e-09  2.151942068949761e-01 
 8.284000000000278e-09  2.279341475563541e-01 
 8.288000000000277e-09  2.397593292105267e-01 
 8.292000000000277e-09  2.506290870618937e-01 
 8.296000000000277e-09  2.605069103312641e-01 
 8.300000000000276e-09  2.693603469271748e-01 
 8.304000000000276e-09  2.771608928049050e-01 
 8.308000000000275e-09  2.838838572139899e-01 
 8.312000000000275e-09  2.895082308284049e-01 
 8.316000000000274e-09  2.940165526516827e-01 
 8.320000000000274e-09  2.973947982049436e-01 
 8.324000000000274e-09  2.996322861537550e-01 
 8.328000000000273e-09  3.007216202725091e-01 
 8.332000000000273e-09  3.006586624582377e-01 
 8.336000000000272e-09  2.994425471818707e-01 
 8.340000000000272e-09  2.970757300373532e-01 
 8.344000000000271e-09  2.935640742355674e-01 
 8.348000000000271e-09  2.889169643516754e-01 
 8.352000000000271e-09  2.831474456456640e-01 
 8.356000000000270e-09  2.762723758519057e-01 
 8.360000000000270e-09  2.683125840911966e-01 
 8.364000000000269e-09  2.592930231027797e-01 
 8.368000000000269e-09  2.492429080599639e-01 
 8.372000000000268e-09  2.381958293230859e-01 
 8.376000000000268e-09  2.261898331044367e-01 
 8.380000000000268e-09  2.132674601138955e-01 
 8.384000000000267e-09  1.994757383234926e-01 
 8.388000000000267e-09  1.848661234160982e-01 
 8.392000000000266e-09  1.694943858967690e-01 
 8.396000000000266e-09  1.534204421920595e-01 
 8.400000000000265e-09  1.367081315620027e-01 
 8.404000000000265e-09  1.194249393406501e-01 
 8.408000000000265e-09  1.016416707549972e-01 
 8.412000000000264e-09  8.343207853052448e-02 
 8.416000000000264e-09  6.487245029933320e-02 
 8.420000000000263e-09  4.604092988879316e-02 
 8.424000000000263e-09  2.701808128793104e-02 
 8.428000000000262e-09  7.885095141453746e-03 
 8.432000000000262e-09 -1.127696094554409e-02 
 8.436000000000262e-09 -3.038637037062131e-02 
 8.440000000000261e-09 -4.936195245481656e-02 
 8.444000000000261e-09 -6.812361698046132e-02 
 8.448000000000260e-09 -8.659279167511258e-02 
 8.452000000000260e-09 -1.046927284991135e-01 
 8.456000000000259e-09 -1.223490276022829e-01 
 8.460000000000259e-09 -1.394900239784711e-01 
 8.464000000000259e-09 -1.560472099971832e-01 
 8.468000000000258e-09 -1.719555354344546e-01 
 8.472000000000258e-09 -1.871536964132829e-01 
 8.476000000000257e-09 -2.015843260568566e-01 
 8.480000000000257e-09 -2.151941556107637e-01 
 8.484000000000256e-09 -2.279340941579573e-01 
 8.488000000000256e-09 -2.397592738999546e-01 
 8.492000000000256e-09 -2.506290300532701e-01 
 8.496000000000255e-09 -2.605068518480085e-01 
 8.500000000000255e-09 -2.693602872062097e-01 
 8.504000000000254e-09 -2.771608320888870e-01 
 8.508000000000254e-09 -2.838837957566076e-01 
 8.512000000000254e-09 -2.895081688886290e-01 
 8.516000000000253e-09 -2.940164904954332e-01 
 8.520000000000253e-09 -2.973947360999722e-01 
 8.524000000000252e-09 -2.996322243702456e-01 
 8.528000000000252e-09 -3.007215590802939e-01 
 8.532000000000251e-09 -3.006586021249149e-01 
 8.536000000000251e-09 -2.994424879693687e-01 
 8.540000000000251e-09 -2.970756722030909e-01 
 8.544000000000250e-09 -2.935640180274897e-01 
 8.548000000000250e-09 -2.889169100084059e-01 
 8.552000000000249e-09 -2.831473933943602e-01 
 8.556000000000249e-09 -2.762723259048991e-01 
 8.560000000000248e-09 -2.683125366482528e-01 
 8.564000000000248e-09 -2.592929783477516e-01 
 8.568000000000248e-09 -2.492428661598023e-01 
 8.572000000000247e-09 -2.381957904286640e-01 
 8.576000000000247e-09 -2.261897973502442e-01 
 8.580000000000246e-09 -2.132674276176694e-01 
 8.584000000000246e-09 -1.994757091864745e-01 
 8.588000000000245e-09 -1.848660977228871e-01 
 8.592000000000245e-09 -1.694943637172290e-01 
 8.596000000000245e-09 -1.534204235813341e-01 
 8.600000000000244e-09 -1.367081165608433e-01 
 8.604000000000244e-09 -1.194249279766595e-01 
 8.608000000000243e-09 -1.016416630429759e-01 
 8.612000000000243e-09 -8.343207447521195e-02 
 8.616000000000242e-09 -6.487244989365593e-02 
 8.620000000000242e-09 -4.604093311509061e-02 
 8.624000000000242e-09 -2.701808811846718e-02 
 8.628000000000241e-09 -7.885105541422632e-03 
 8.632000000000241e-09  1.127694702273274e-02 
 8.636000000000240e-09  3.038635297940928e-02 
 8.640000000000240e-09  4.936193165935876e-02 
 8.644000000000239e-09  6.812359285536829e-02 
 8.648000000000239e-09  8.659276430259766e-02 
 8.652000000000239e-09  1.046926979710001e-01 
 8.656000000000238e-09  1.223489940211842e-01 
 8.660000000000238e-09  1.394899874563009e-01 
 8.664000000000237e-09  1.560471706579776e-01 
 8.668000000000237e-09  1.719554934128222e-01 
 8.672000000000236e-09  1.871536518554411e-01 
 8.676000000000236e-09  2.015842791205795e-01 
 8.680000000000236e-09  2.151941064658427e-01 
 8.684000000000235e-09  2.279340429861350e-01 
 8.688000000000235e-09  2.397592208951522e-01 
 8.692000000000234e-09  2.506289754189481e-01 
 8.696000000000234e-09  2.605067958018186e-01 
 8.700000000000233e-09  2.693602299719799e-01 
 8.704000000000233e-09  2.771607739022732e-01 
 8.708000000000233e-09  2.838837368591713e-01 
 8.712000000000232e-09  2.895081095299190e-01 
 8.716000000000232e-09  2.940164309283038e-01 
 8.720000000000231e-09  2.973946765824746e-01 
 8.724000000000231e-09  2.996321651604403e-01 
 8.728000000000230e-09  3.007215004377528e-01 
 8.732000000000230e-09  3.006585443051761e-01 
 8.736000000000230e-09  2.994424312255723e-01 
 8.740000000000229e-09  2.970756167804840e-01 
 8.744000000000229e-09  2.935639641638659e-01 
 8.748000000000228e-09  2.889168579323185e-01 
 8.752000000000228e-09  2.831473433231473e-01 
 8.756000000000227e-09  2.762722780432458e-01 
 8.760000000000227e-09  2.683124911868564e-01 
 8.764000000000227e-09  2.592929354626730e-01 
 8.768000000000226e-09  2.492428260111037e-01 
 8.772000000000226e-09  2.381957531616532e-01 
 8.776000000000225e-09  2.261897630944478e-01 
 8.780000000000225e-09  2.132673964848522e-01 
 8.784000000000224e-09  1.994756812741585e-01 
 8.788000000000224e-09  1.848660731115057e-01 
 8.792000000000224e-09  1.694943424746178e-01 
 8.796000000000223e-09  1.534204057597464e-01 
 8.800000000000223e-09  1.367081021988845e-01 
 8.804000000000222e-09  1.194249171026769e-01 
 8.808000000000222e-09  1.016416556710880e-01 
 8.812000000000221e-09  8.343207060855917e-02 
 8.816000000000221e-09  6.487244952565874e-02 
 8.820000000000221e-09  4.604093622788241e-02 
 8.824000000000220e-09  2.701809468806005e-02 
 8.828000000000220e-09  7.885115532442200e-03 
 8.832000000000219e-09 -1.127693365321392e-02 
 8.836000000000219e-09 -3.038633628534626e-02 
 8.840000000000218e-09 -4.936191170268955e-02 
 8.844000000000218e-09 -6.812356970539923e-02 
 8.848000000000218e-09 -8.659273803977285e-02 
 8.852000000000217e-09 -1.046926686838603e-01 
 8.856000000000217e-09 -1.223489618069920e-01 
 8.860000000000216e-09 -1.394899524234852e-01 
 8.864000000000216e-09 -1.560471329253588e-01 
 8.868000000000215e-09 -1.719554531080174e-01 
 8.872000000000215e-09 -1.871536091187505e-01 
 8.876000000000215e-09 -2.015842341040184e-01 
 8.880000000000214e-09 -2.151940593321271e-01 
 8.884000000000214e-09 -2.279339939100922e-01 
 8.888000000000213e-09 -2.397591700612960e-01 
 8.892000000000213e-09 -2.506289230252428e-01 
 8.896000000000212e-09 -2.605067420528684e-01 
 8.900000000000212e-09 -2.693601750850760e-01 
 8.904000000000212e-09 -2.771607181014133e-01 
 8.908000000000211e-09 -2.838836803773228e-01 
 8.912000000000211e-09 -2.895080526052949e-01 
 8.916000000000210e-09 -2.940163738052326e-01 
 8.920000000000210e-09 -2.973946195070281e-01 
 8.924000000000209e-09 -2.996321083802838e-01 
 8.928000000000209e-09 -3.007214442006367e-01 
 8.932000000000209e-09 -3.006584888565977e-01 
 8.936000000000208e-09 -2.994423768074357e-01 
 8.940000000000208e-09 -2.970755636284479e-01 
 8.944000000000207e-09 -2.935639125067708e-01 
 8.948000000000207e-09 -2.889168079893061e-01 
 8.952000000000206e-09 -2.831472953020979e-01 
 8.956000000000206e-09 -2.762722321404718e-01 
 8.960000000000206e-09 -2.683124475847958e-01 
 8.964000000000205e-09 -2.592928943306614e-01 
 8.968000000000205e-09 -2.492427875038246e-01 
 8.972000000000204e-09 -2.381957174170211e-01 
 8.976000000000204e-09 -2.261897302351077e-01 
 8.980000000000203e-09 -2.132673666201583e-01 
 8.984000000000203e-09 -1.994756544959468e-01 
 8.988000000000203e-09 -1.848660494992167e-01 
 8.992000000000202e-09 -1.694943220908520e-01 
 8.996000000000202e-09 -1.534203886563859e-01 
 9.000000000000201e-09 -1.367080884133323e-01 
 9.004000000000201e-09 -1.194249066592121e-01 
 9.008000000000201e-09 -1.016416485848275e-01 
 9.012000000000200e-09 -8.343206688243754e-02 
 9.016000000000200e-09 -6.487244915375001e-02 
 9.020000000000199e-09 -4.604093919417451e-02 
 9.024000000000199e-09 -2.701810096689883e-02 
 9.028000000000198e-09 -7.885125091963374e-03 
 9.032000000000198e-09  1.127692085657372e-02 
 9.036000000000198e-09  3.038632030042265e-02 
 9.040000000000197e-09  4.936189259006696e-02 
 9.044000000000197e-09  6.812354753203920e-02 
 9.048000000000196e-09  8.659271288230386e-02 
 9.052000000000196e-09  1.046926406254585e-01 
 9.056000000000195e-09  1.223489309425076e-01 
 9.060000000000195e-09  1.394899188561212e-01 
 9.064000000000195e-09  1.560470967684431e-01 
 9.068000000000194e-09  1.719554144858115e-01 
 9.072000000000194e-09  1.871535681663694e-01 
 9.076000000000193e-09  2.015841909655265e-01 
 9.080000000000193e-09  2.151940141637851e-01 
 9.084000000000192e-09  2.279339468791317e-01 
 9.088000000000192e-09  2.397591213460988e-01 
 9.092000000000192e-09  2.506288728124417e-01 
 9.096000000000191e-09  2.605066905423818e-01 
 9.100000000000191e-09  2.693601224825795e-01 
 9.104000000000190e-09  2.771606646233122e-01 
 9.108000000000190e-09  2.838836262461637e-01 
 9.112000000000189e-09  2.895079980491335e-01 
 9.116000000000189e-09  2.940163190576275e-01 
 9.120000000000189e-09  2.973945648042786e-01 
 9.124000000000188e-09  2.996320539616726e-01 
 9.128000000000188e-09  3.007213903019919e-01 
 9.132000000000187e-09  3.006584357149384e-01 
 9.136000000000187e-09  2.994423246536912e-01 
 9.140000000000186e-09  2.970755126891551e-01 
 9.144000000000186e-09  2.935638630014075e-01 
 9.148000000000186e-09  2.889167601261367e-01 
 9.152000000000185e-09  2.831472492822620e-01 
 9.156000000000185e-09  2.762721881510153e-01 
 9.160000000000184e-09  2.683124058016961e-01 
 9.164000000000184e-09  2.592928549159286e-01 
 9.168000000000183e-09  2.492427506041697e-01 
 9.172000000000183e-09  2.381956831658432e-01 
 9.176000000000183e-09  2.261896987518330e-01 
 9.180000000000182e-09  2.132673380063519e-01 
 9.184000000000182e-09  1.994756288419239e-01 
 9.188000000000181e-09  1.848660268794493e-01 
 9.192000000000181e-09  1.694943025670597e-01 
 9.196000000000180e-09  1.534203722762051e-01 
 9.200000000000180e-09  1.367080752135443e-01 
 9.204000000000180e-09  1.194248966651301e-01 
 9.208000000000179e-09  1.016416418089250e-01 
 9.212000000000179e-09  8.343206332847686e-02 
 9.216000000000178e-09  6.487244881597576e-02 
 9.220000000000178e-09  4.604094205603459e-02 
 9.224000000000177e-09  2.701810700514429e-02 
 9.228000000000177e-09  7.885134274722816e-03 
 9.232000000000177e-09 -1.127690856908004e-02 
 9.236000000000176e-09 -3.038630495779771e-02 
 9.240000000000176e-09 -4.936187424804928e-02 
 9.244000000000175e-09 -6.812352625575713e-02 
 9.248000000000175e-09 -8.659268874409420e-02 
 9.252000000000174e-09 -1.046926137075737e-01 
 9.256000000000174e-09 -1.223489013353962e-01 
 9.260000000000174e-09 -1.394898866579375e-01 
 9.264000000000173e-09 -1.560470620880317e-01 
 9.268000000000173e-09 -1.719553774417442e-01 
 9.272000000000172e-09 -1.871535288872650e-01 
 9.276000000000172e-09 -2.015841495909925e-01 
 9.280000000000171e-09 -2.151939708429396e-01 
 9.284000000000171e-09 -2.279339017723547e-01 
 9.288000000000171e-09 -2.397590746237039e-01 
 9.292000000000170e-09 -2.506288246552870e-01 
 9.296000000000170e-09 -2.605066411398944e-01 
 9.300000000000169e-09 -2.693600720342015e-01 
 9.304000000000169e-09 -2.771606133354343e-01 
 9.308000000000168e-09 -2.838835743319557e-01 
 9.312000000000168e-09 -2.895079457294507e-01 
 9.316000000000168e-09 -2.940162665551305e-01 
 9.320000000000167e-09 -2.973945123446864e-01 
 9.324000000000167e-09 -2.996320017739316e-01 
 9.328000000000166e-09 -3.007213386141789e-01 
 9.332000000000166e-09 -3.006583847515174e-01 
 9.336000000000165e-09 -2.994422746379373e-01 
 9.340000000000165e-09 -2.970754638375035e-01 
 9.344000000000165e-09 -2.935638155228517e-01 
 9.348000000000164e-09 -2.889167142230837e-01 
 9.352000000000164e-09 -2.831472051450037e-01 
 9.356000000000163e-09 -2.762721459608972e-01 
 9.360000000000163e-09 -2.683123657268869e-01 
 9.364000000000162e-09 -2.592928171107882e-01 
 9.368000000000162e-09 -2.492427152110590e-01 
 9.372000000000162e-09 -2.381956503123384e-01 
 9.376000000000161e-09 -2.261896685505160e-01 
 9.380000000000161e-09 -2.132673105571570e-01 
 9.384000000000160e-09 -1.994756042299191e-01 
 9.388000000000160e-09 -1.848660051768825e-01 
 9.392000000000159e-09 -1.694942838323925e-01 
 9.396000000000159e-09 -1.534203565561789e-01 
 9.400000000000159e-09 -1.367080625418602e-01 
 9.404000000000158e-09 -1.194248870655095e-01 
 9.408000000000158e-09 -1.016416352945377e-01 
 9.412000000000157e-09 -8.343205990353653e-02 
 9.416000000000157e-09 -6.487244847290441e-02 
 9.420000000000156e-09 -4.604094478066756e-02 
 9.424000000000156e-09 -2.701811277542276e-02 
 9.428000000000156e-09 -7.885143059855437e-03 
 9.432000000000155e-09  1.127689680772193e-02 
 9.436000000000155e-09  3.038629026678308e-02 
 9.440000000000154e-09  4.936185668194781e-02 
 9.444000000000154e-09  6.812350587700067e-02 
 9.448000000000153e-09  8.659266562194645e-02 
 9.452000000000153e-09  1.046925879203542e-01 
 9.456000000000153e-09  1.223488729689031e-01 
 9.460000000000152e-09  1.394898558075433e-01 
 9.464000000000152e-09  1.560470288579445e-01 
 9.468000000000151e-09  1.719553419461519e-01 
 9.472000000000151e-09  1.871534912491306e-01 
 9.476000000000150e-09  2.015841099435391e-01 
 9.480000000000150e-09  2.151939293312815e-01 
 9.484000000000150e-09  2.279338585480382e-01 
 9.488000000000149e-09  2.397590298512142e-01 
 9.492000000000149e-09  2.506287785070462e-01 
 9.496000000000148e-09  2.605065937979152e-01 
 9.500000000000148e-09  2.693600236898668e-01 
 9.504000000000148e-09  2.771605641861479e-01 
 9.508000000000147e-09  2.838835245824356e-01 
 9.512000000000147e-09  2.895078955897903e-01 
 9.516000000000146e-09  2.940162162403031e-01 
 9.520000000000146e-09  2.973944620722029e-01 
 9.524000000000145e-09  2.996319517612125e-01 
 9.528000000000145e-09  3.007212890803415e-01 
 9.532000000000145e-09  3.006583359132355e-01 
 9.536000000000144e-09  2.994422267079673e-01 
 9.540000000000144e-09  2.970754170235921e-01 
 9.544000000000143e-09  2.935637700260658e-01 
 9.548000000000143e-09  2.889166702367403e-01 
 9.552000000000142e-09  2.831471628518285e-01 
 9.556000000000142e-09  2.762721055344253e-01 
 9.560000000000142e-09  2.683123273277488e-01 
 9.564000000000141e-09  2.592927808880159e-01 
 9.568000000000141e-09  2.492426812999984e-01 
 9.572000000000140e-09  2.381956188354373e-01 
 9.576000000000140e-09  2.261896396163561e-01 
 9.580000000000139e-09  2.132672842623133e-01 
 9.584000000000139e-09  1.994755806545498e-01 
 9.588000000000139e-09  1.848659843908322e-01 
 9.592000000000138e-09  1.694942658912808e-01 
 9.596000000000138e-09  1.534203415046207e-01 
 9.600000000000137e-09  1.367080504136773e-01 
 9.604000000000137e-09  1.194248778826328e-01 
 9.608000000000136e-09  1.016416290706701e-01 
 9.612000000000136e-09  8.343205664007769e-02 
 9.616000000000136e-09  6.487244816494808e-02 
 9.620000000000135e-09  4.604094741391762e-02 
 9.624000000000135e-09  2.701811832793766e-02 
 9.628000000000134e-09  7.885151501966448e-03 
 9.632000000000134e-09 -1.127688551252248e-02 
 9.636000000000133e-09 -3.038627616259859e-02 
 9.640000000000133e-09 -4.936183982209386e-02 
 9.644000000000133e-09 -6.812348631975595e-02 
 9.648000000000132e-09 -8.659264343543072e-02 
 9.652000000000132e-09 -1.046925631783466e-01 
 9.656000000000131e-09 -1.223488457539013e-01 
 9.660000000000131e-09 -1.394898262112960e-01 
 9.664000000000130e-09 -1.560469969803826e-01 
 9.668000000000130e-09 -1.719553078965141e-01 
 9.672000000000130e-09 -1.871534551452463e-01 
 9.676000000000129e-09 -2.015840719146134e-01 
 9.680000000000129e-09 -2.151938895126229e-01 
 9.684000000000128e-09 -2.279338170895677e-01 
 9.688000000000128e-09 -2.397589869075283e-01 
 9.692000000000127e-09 -2.506287342447315e-01 
 9.696000000000127e-09 -2.605065483916853e-01 
 9.700000000000127e-09 -2.693599773208177e-01 
 9.704000000000126e-09 -2.771605170461280e-01 
 9.708000000000126e-09 -2.838834768671141e-01 
 9.712000000000125e-09 -2.895078475002375e-01 
 9.716000000000125e-09 -2.940161679816216e-01 
 9.720000000000124e-09 -2.973944138544802e-01 
 9.724000000000124e-09 -2.996319037931943e-01 
 9.728000000000124e-09 -3.007212415711669e-01 
 9.732000000000123e-09 -3.006582890706138e-01 
 9.736000000000123e-09 -2.994421807355752e-01 
 9.740000000000122e-09 -2.970753721210233e-01 
 9.744000000000122e-09 -2.935637263866653e-01 
 9.748000000000121e-09 -2.889166280446416e-01 
 9.752000000000121e-09 -2.831471222835154e-01 
 9.756000000000121e-09 -2.762720667552534e-01 
 9.760000000000120e-09 -2.683122904924797e-01 
 9.764000000000120e-09 -2.592927461392378e-01 
 9.768000000000119e-09 -2.492426487678969e-01 
 9.772000000000119e-09 -2.381955886368399e-01 
 9.776000000000118e-09 -2.261896118564497e-01 
 9.780000000000118e-09 -2.132672590305322e-01 
 9.784000000000118e-09 -1.994755580312582e-01 
 9.788000000000117e-09 -1.848659644409238e-01 
 9.792000000000117e-09 -1.694942486693911e-01 
 9.796000000000116e-09 -1.534203270535031e-01 
 9.800000000000116e-09 -1.367080387649295e-01 
 9.804000000000115e-09 -1.194248690575357e-01 
 9.808000000000115e-09 -1.016416230812816e-01 
 9.812000000000115e-09 -8.343205348957028e-02 
 9.816000000000114e-09 -6.487244784790747e-02 
 9.820000000000114e-09 -4.604094991662677e-02 
 9.824000000000113e-09 -2.701812362903055e-02 
 9.828000000000113e-09 -7.885159574005485e-03 
 9.832000000000112e-09  1.127687470518524e-02 
 9.836000000000112e-09  3.038626266289057e-02 
 9.840000000000112e-09  4.936182367921305e-02 
 9.844000000000111e-09  6.812346759218713e-02 
 9.848000000000111e-09  8.659262218660757e-02 
 9.852000000000110e-09  1.046925394795650e-01 
 9.856000000000110e-09  1.223488196850795e-01 
 9.860000000000109e-09  1.394897978594649e-01 
 9.864000000000109e-09  1.560469664411990e-01 
 9.868000000000109e-09  1.719552752747013e-01 
 9.872000000000108e-09  1.871534205545586e-01 
 9.876000000000108e-09  2.015840354762588e-01 
 9.880000000000107e-09  2.151938513605156e-01 
 9.884000000000107e-09  2.279337773629351e-01 
 9.888000000000106e-09  2.397589457579041e-01 
 9.892000000000106e-09  2.506286918309932e-01 
 9.896000000000106e-09  2.605065048809578e-01 
 9.900000000000105e-09  2.693599328888840e-01 
 9.904000000000105e-09  2.771604718741294e-01 
 9.908000000000104e-09  2.838834311431695e-01 
 9.912000000000104e-09  2.895078014181491e-01 
 9.916000000000103e-09  2.940161217382311e-01 
 9.920000000000103e-09  2.973943676494093e-01 
 9.924000000000103e-09  2.996318578268706e-01 
 9.928000000000102e-09  3.007211960452063e-01 
 9.932000000000102e-09  3.006582441836847e-01 
 9.936000000000101e-09  2.994421366832702e-01 
 9.940000000000101e-09  2.970753290941968e-01 
 9.944000000000100e-09  2.935636845704943e-01 
 9.948000000000100e-09  2.889165876158843e-01 
 9.952000000000100e-09  2.831470834120884e-01 
 9.956000000000099e-09  2.762720295990739e-01 
 9.960000000000099e-09  2.683122551996409e-01 
 9.964000000000098e-09  2.592927128468663e-01 
 9.968000000000098e-09  2.492426176003981e-01 
 9.972000000000097e-09  2.381955597064493e-01 
 9.976000000000097e-09  2.261895852634499e-01 
 9.980000000000097e-09  2.132672348624283e-01 
 9.984000000000096e-09  1.994755363630993e-01 
 9.988000000000096e-09  1.848659453359005e-01 
 9.992000000000095e-09  1.694942321793178e-01 
 9.996000000000095e-09  1.534203132193213e-01 
 1.000000000000009e-08  1.367646046413691e-01 
