 5.000000000000000e-08 -8.253161582164825e-03 
 5.010000000000000e-08 -1.144670715614815e-02 
 5.020000000000000e-08 -1.457810054939923e-02 
 5.030000000000000e-08 -1.766543189760794e-02 
 5.040000000000000e-08 -2.068297285868215e-02 
 5.050000000000000e-08 -2.361868438500236e-02 
 5.060000000000000e-08 -2.646113358317503e-02 
 5.070000000000000e-08 -2.919900931652886e-02 
 5.080000000000000e-08 -3.182158780288358e-02 
 5.090000000000001e-08 -3.431849167891032e-02 
 5.100000000000001e-08 -3.667989941138172e-02 
 5.110000000000001e-08 -3.889650548065826e-02 
 5.120000000000001e-08 -4.095956906210674e-02 
 5.130000000000001e-08 -4.286098380871262e-02 
 5.140000000000001e-08 -4.459323997615439e-02 
 5.150000000000001e-08 -4.614954567937724e-02 
 5.160000000000001e-08 -4.752374637076207e-02 
 5.170000000000001e-08 -4.871046358294584e-02 
 5.180000000000001e-08 -4.970499706562137e-02 
 5.190000000000001e-08 -5.050346138635575e-02 
 5.200000000000002e-08 -5.110268505810533e-02 
 5.210000000000002e-08 -5.150033399184317e-02 
 5.220000000000002e-08 -5.169481528257025e-02 
 5.230000000000002e-08 -5.168538186540550e-02 
 5.240000000000002e-08 -5.147204450813425e-02 
 5.250000000000002e-08 -5.105565537581769e-02 
 5.260000000000002e-08 -5.043782923508378e-02 
 5.270000000000002e-08 -4.962100571863637e-02 
 5.280000000000002e-08 -4.860837925399508e-02 
 5.290000000000002e-08 -4.740394106331225e-02 
 5.300000000000002e-08 -4.601241652137267e-02 
 5.310000000000003e-08 -4.443928860566082e-02 
 5.320000000000003e-08 -4.269074107549109e-02 
 5.330000000000003e-08 -4.077366540755434e-02 
 5.340000000000003e-08 -3.869560815672957e-02 
 5.350000000000003e-08 -3.646476351866434e-02 
 5.360000000000003e-08 -3.408992341293571e-02 
 5.370000000000003e-08 -3.158045777565377e-02 
 5.380000000000003e-08 -2.894626617561591e-02 
 5.390000000000003e-08 -2.619774786311879e-02 
 5.400000000000003e-08 -2.334575406194817e-02 
 5.410000000000003e-08 -2.040154965997343e-02 
 5.420000000000004e-08 -1.737676566352309e-02 
 5.430000000000004e-08 -1.428335428695560e-02 
 5.440000000000004e-08 -1.113354138081468e-02 
 5.450000000000004e-08 -7.939776541425525e-03 
 5.460000000000004e-08 -4.714685617738024e-03 
 5.470000000000004e-08 -1.471017344999437e-03 
 5.480000000000004e-08  1.778403723238897e-03 
 5.490000000000004e-08  5.020732657410099e-03 
 5.500000000000004e-08  8.243123269950914e-03 
 5.510000000000004e-08  1.143311143915837e-02 
 5.520000000000004e-08  1.457810057347553e-02 
 5.530000000000005e-08  1.766543189130232e-02 
 5.540000000000005e-08  2.068297290830534e-02 
 5.550000000000005e-08  2.361868437755565e-02 
 5.560000000000005e-08  2.646113362293057e-02 
 5.570000000000005e-08  2.919900931886454e-02 
 5.580000000000005e-08  3.182158783303102e-02 
 5.590000000000005e-08  3.431849169158419e-02 
 5.600000000000005e-08  3.667989943655381e-02 
 5.610000000000005e-08  3.889650550107615e-02 
 5.620000000000005e-08  4.095956908349052e-02 
 5.630000000000005e-08  4.286098382922532e-02 
 5.640000000000006e-08  4.459323999350717e-02 
 5.650000000000006e-08  4.614954570428775e-02 
 5.660000000000006e-08  4.752374639176082e-02 
 5.670000000000006e-08  4.871046361059461e-02 
 5.680000000000006e-08  4.970499708585674e-02 
 5.690000000000006e-08  5.050346141502948e-02 
 5.700000000000006e-08  5.110268508006310e-02 
 5.710000000000006e-08  5.150033401968468e-02 
 5.720000000000006e-08  5.169481530162301e-02 
 5.730000000000006e-08  5.168538189167093e-02 
 5.740000000000006e-08  5.147204452728316e-02 
 5.750000000000006e-08  5.105565540109502e-02 
 5.760000000000007e-08  5.043782925249030e-02 
 5.770000000000007e-08  4.962100574341211e-02 
 5.780000000000007e-08  4.860837927307671e-02 
 5.790000000000007e-08  4.740394108864310e-02 
 5.800000000000007e-08  4.601241653969490e-02 
 5.810000000000007e-08  4.443928862963409e-02 
 5.820000000000007e-08  4.269074109230386e-02 
 5.830000000000007e-08  4.077366542988559e-02 
 5.840000000000007e-08  3.869560817330742e-02 
 5.850000000000007e-08  3.646476354280770e-02 
 5.860000000000007e-08  3.408992343220119e-02 
 5.870000000000008e-08  3.158045780081808e-02 
 5.880000000000008e-08  2.894626619406337e-02 
 5.890000000000008e-08  2.619774788606088e-02 
 5.900000000000008e-08  2.334575407997219e-02 
 5.910000000000008e-08  2.040154968374153e-02 
 5.920000000000008e-08  1.737676568207847e-02 
 5.930000000000008e-08  1.428335431038419e-02 
 5.940000000000008e-08  1.113354139949729e-02 
 5.950000000000008e-08  7.939776565183188e-03 
 5.960000000000008e-08  4.714685638075533e-03 
 5.970000000000008e-08  1.471017369186534e-03 
 5.980000000000007e-08 -1.778403703036613e-03 
 5.990000000000007e-08 -5.020732634386293e-03 
 6.000000000000006e-08 -8.243123219724202e-03 
 6.010000000000006e-08 -1.143311145321202e-02 
 6.020000000000005e-08 -1.457810055886699e-02 
 6.030000000000004e-08 -1.766543184159253e-02 
 6.040000000000004e-08 -2.068297291139443e-02 
 6.050000000000003e-08 -2.361868432929271e-02 
 6.060000000000003e-08 -2.646113362277136e-02 
 6.070000000000002e-08 -2.919900928261465e-02 
 6.080000000000002e-08 -3.182158782710176e-02 
 6.090000000000001e-08 -3.431849166180556e-02 
 6.100000000000000e-08 -3.667989942332461e-02 
 6.110000000000000e-08 -3.889650547379864e-02 
 6.119999999999999e-08 -4.095956906689491e-02 
 6.129999999999999e-08 -4.286098380603964e-02 
 6.139999999999998e-08 -4.459323997590015e-02 
 6.149999999999997e-08 -4.614954568002694e-02 
 6.159999999999997e-08 -4.752374637034862e-02 
 6.169999999999996e-08 -4.871046358625897e-02 
 6.179999999999996e-08 -4.970499706490172e-02 
 6.189999999999995e-08 -5.050346138965978e-02 
 6.199999999999995e-08 -5.110268505642712e-02 
 6.209999999999994e-08 -5.150033399415910e-02 
 6.219999999999993e-08 -5.169481528013264e-02 
 6.229999999999993e-08 -5.168538186704019e-02 
 6.239999999999992e-08 -5.147204450562248e-02 
 6.249999999999992e-08 -5.105565537865608e-02 
 6.259999999999991e-08 -5.043782923445272e-02 
 6.269999999999991e-08 -4.962100572215444e-02 
 6.279999999999990e-08 -4.860837925447825e-02 
 6.289999999999989e-08 -4.740394106666290e-02 
 6.299999999999989e-08 -4.601241652007149e-02 
 6.309999999999988e-08 -4.443928860682100e-02 
 6.319999999999988e-08 -4.269074107357729e-02 
 6.329999999999987e-08 -4.077366540778815e-02 
 6.339999999999987e-08 -3.869560815358652e-02 
 6.349999999999986e-08 -3.646476351966710e-02 
 6.359999999999985e-08 -3.408992341218076e-02 
 6.369999999999985e-08 -3.158045777788510e-02 
 6.379999999999984e-08 -2.894626617493601e-02 
 6.389999999999984e-08 -2.619774786453233e-02 
 6.399999999999983e-08 -2.334575406124717e-02 
 6.409999999999983e-08 -2.040154966078989e-02 
 6.419999999999982e-08 -1.737676566236246e-02 
 6.429999999999981e-08 -1.428335428641359e-02 
 6.439999999999981e-08 -1.113354137904632e-02 
 6.449999999999980e-08 -7.939776540656363e-03 
 6.459999999999980e-08 -4.714685617871694e-03 
 6.469999999999979e-08 -1.471017345236136e-03 
 6.479999999999979e-08  1.778403722038746e-03 
 6.489999999999978e-08  5.020732658665983e-03 
 6.499999999999977e-08  8.243123215844417e-03 
 6.509999999999977e-08  1.143311150557746e-02 
 6.519999999999976e-08  1.457810058345843e-02 
 6.529999999999976e-08  1.766543184826608e-02 
 6.539999999999975e-08  2.068297295116484e-02 
 6.549999999999975e-08  2.361868433644343e-02 
 6.559999999999974e-08  2.646113365624414e-02 
 6.569999999999973e-08  2.919900929253094e-02 
 6.579999999999973e-08  3.182158785255051e-02 
 6.589999999999972e-08  3.431849167677337e-02 
 6.599999999999972e-08  3.667989944592165e-02 
 6.609999999999971e-08  3.889650549362944e-02 
 6.619999999999971e-08  4.095956908772558e-02 
 6.629999999999970e-08  4.286098382651993e-02 
 6.639999999999969e-08  4.459323999511788e-02 
 6.649999999999969e-08  4.614954570352836e-02 
 6.659999999999968e-08  4.752374639186785e-02 
 6.669999999999968e-08  4.871046361084108e-02 
 6.679999999999967e-08  4.970499708530784e-02 
 6.689999999999967e-08  5.050346141498330e-02 
 6.699999999999966e-08  5.110268507809046e-02 
 6.709999999999965e-08  5.150033401935583e-02 
 6.719999999999965e-08  5.169481530065068e-02 
 6.729999999999964e-08  5.168538189187943e-02 
 6.739999999999964e-08  5.147204452755494e-02 
 6.749999999999963e-08  5.105565540300860e-02 
 6.759999999999963e-08  5.043782925293261e-02 
 6.769999999999962e-08  4.962100574323003e-02 
 6.779999999999961e-08  4.860837927149442e-02 
 6.789999999999961e-08  4.740394108828894e-02 
 6.799999999999960e-08  4.601241653920640e-02 
 6.809999999999960e-08  4.443928862943070e-02 
 6.819999999999959e-08  4.269074109142723e-02 
 6.829999999999959e-08  4.077366542903405e-02 
 6.839999999999958e-08  3.869560817215234e-02 
 6.849999999999957e-08  3.646476354189687e-02 
 6.859999999999957e-08  3.408992343163830e-02 
 6.869999999999956e-08  3.158045780103680e-02 
 6.879999999999956e-08  2.894626619427276e-02 
 6.889999999999955e-08  2.619774788504792e-02 
 6.899999999999955e-08  2.334575407904915e-02 
 6.909999999999954e-08  2.040154968295638e-02 
 6.919999999999953e-08  1.737676568277435e-02 
 6.929999999999953e-08  1.428335431001426e-02 
 6.939999999999952e-08  1.113354140006373e-02 
 6.949999999999952e-08  7.939776564261702e-03 
 6.959999999999951e-08  4.714685638774752e-03 
 6.969999999999951e-08  1.471017367095540e-03 
 6.979999999999950e-08 -1.778403702751064e-03 
 6.989999999999949e-08 -5.020732636760394e-03 
 6.999999999999949e-08 -8.243123177010592e-03 
 7.009999999999948e-08 -1.143311150514181e-02 
 7.019999999999948e-08 -1.457810056702469e-02 
 7.029999999999947e-08 -1.766543181201352e-02 
 7.039999999999947e-08 -2.068297294494870e-02 
 7.049999999999946e-08 -2.361868430002034e-02 
 7.059999999999945e-08 -2.646113364823743e-02 
 7.069999999999945e-08 -2.919900926307450e-02 
 7.079999999999944e-08 -3.182158783904376e-02 
 7.089999999999944e-08 -3.431849164903666e-02 
 7.099999999999943e-08 -3.667989942794625e-02 
 7.109999999999943e-08 -3.889650546805945e-02 
 7.119999999999942e-08 -4.095956906872433e-02 
 7.129999999999941e-08 -4.286098380495962e-02 
 7.139999999999941e-08 -4.459323997632425e-02 
 7.149999999999940e-08 -4.614954568045149e-02 
 7.159999999999940e-08 -4.752374636968426e-02 
 7.169999999999939e-08 -4.871046358737874e-02 
 7.179999999999939e-08 -4.970499706369802e-02 
 7.189999999999938e-08 -5.050346139056394e-02 
 7.199999999999937e-08 -5.110268505490145e-02 
 7.209999999999937e-08 -5.150033399517540e-02 
 7.219999999999936e-08 -5.169481527843423e-02 
 7.229999999999936e-08 -5.168538186794924e-02 
 7.239999999999935e-08 -5.147204450420162e-02 
 7.249999999999935e-08 -5.105565537902734e-02 
 7.259999999999934e-08 -5.043782923286066e-02 
 7.269999999999933e-08 -4.962100572284966e-02 
 7.279999999999933e-08 -4.860837925266770e-02 
 7.289999999999932e-08 -4.740394106695223e-02 
 7.299999999999932e-08 -4.601241651835997e-02 
 7.309999999999931e-08 -4.443928860722579e-02 
 7.319999999999931e-08 -4.269074107266846e-02 
 7.329999999999930e-08 -4.077366540958716e-02 
 7.339999999999929e-08 -3.869560815426532e-02 
 7.349999999999929e-08 -3.646476352066785e-02 
 7.359999999999928e-08 -3.408992341007022e-02 
 7.369999999999928e-08 -3.158045777601193e-02 
 7.379999999999927e-08 -2.894626617222529e-02 
 7.389999999999927e-08 -2.619774786327467e-02 
 7.399999999999926e-08 -2.334575405902806e-02 
 7.409999999999925e-08 -2.040154965985175e-02 
 7.419999999999925e-08 -1.737676566129442e-02 
 7.429999999999924e-08 -1.428335428717586e-02 
 7.439999999999924e-08 -1.113354138045075e-02 
 7.449999999999923e-08 -7.939776542684074e-03 
 7.459999999999923e-08 -4.714685619639392e-03 
 7.469999999999922e-08 -1.471017346053038e-03 
 7.479999999999921e-08  1.778403721182764e-03 
 7.489999999999921e-08  5.020732657515348e-03 
 7.499999999999920e-08  8.243123181220335e-03 
 7.509999999999920e-08  1.143311154152538e-02 
 7.519999999999919e-08  1.457810058756048e-02 
 7.529999999999919e-08  1.766543182280733e-02 
 7.539999999999918e-08  2.068297297509614e-02 
 7.549999999999917e-08  2.361868431044645e-02 
 7.559999999999917e-08  2.646113367380876e-02 
 7.569999999999916e-08  2.919900927559649e-02 
 7.579999999999916e-08  3.182158786252698e-02 
 7.589999999999915e-08  3.431849166743151e-02 
 7.599999999999915e-08  3.667989945118921e-02 
 7.609999999999914e-08  3.889650548877466e-02 
 7.619999999999913e-08  4.095956908927256e-02 
 7.629999999999913e-08  4.286098382484171e-02 
 7.639999999999912e-08  4.459323999587839e-02 
 7.649999999999912e-08  4.614954570277274e-02 
 7.659999999999911e-08  4.752374639126544e-02 
 7.669999999999911e-08  4.871046361033815e-02 
 7.679999999999910e-08  4.970499708450937e-02 
 7.689999999999909e-08  5.050346141538764e-02 
 7.699999999999909e-08  5.110268507832627e-02 
 7.709999999999908e-08  5.150033402011056e-02 
 7.719999999999908e-08  5.169481530028919e-02 
 7.729999999999907e-08  5.168538189226912e-02 
 7.739999999999907e-08  5.147204452680021e-02 
 7.749999999999906e-08  5.105565540292512e-02 
 7.759999999999905e-08  5.043782925289375e-02 
 7.769999999999905e-08  4.962100574467554e-02 
 7.779999999999904e-08  4.860837927307649e-02 
 7.789999999999904e-08  4.740394108890289e-02 
 7.799999999999903e-08  4.601241653828780e-02 
 7.809999999999903e-08  4.443928862950686e-02 
 7.819999999999902e-08  4.269074109183890e-02 
 7.829999999999901e-08  4.077366542943328e-02 
 7.839999999999901e-08  3.869560817223672e-02 
 7.849999999999900e-08  3.646476354178940e-02 
 7.859999999999900e-08  3.408992343144313e-02 
 7.869999999999899e-08  3.158045780105412e-02 
 7.879999999999899e-08  2.894626619577667e-02 
 7.889999999999898e-08  2.619774788671259e-02 
 7.899999999999897e-08  2.334575408066408e-02 
 7.909999999999897e-08  2.040154968363628e-02 
 7.919999999999896e-08  1.737676568412794e-02 
 7.929999999999896e-08  1.428335431114180e-02 
 7.939999999999895e-08  1.113354140167711e-02 
 7.949999999999895e-08  7.939776563057332e-03 
 7.959999999999894e-08  4.714685637463134e-03 
 7.969999999999893e-08  1.471017365490379e-03 
 7.979999999999893e-08 -1.778403701520270e-03 
 7.989999999999892e-08 -5.020732636709102e-03 
 7.999999999999892e-08 -8.243123151755016e-03 
 8.009999999999891e-08 -1.143311153461335e-02 
 8.019999999999890e-08 -1.457810057068998e-02 
 8.029999999999890e-08 -1.766543179438518e-02 
 8.039999999999889e-08 -2.068297296486543e-02 
 8.049999999999889e-08 -2.361868428289982e-02 
 8.059999999999888e-08 -2.646113366220182e-02 
 8.069999999999888e-08 -2.919900925227048e-02 
 8.079999999999887e-08 -3.182158784886946e-02 
 8.089999999999886e-08 -3.431849164501433e-02 
 8.099999999999886e-08 -3.667989943302907e-02 
 8.109999999999885e-08 -3.889650546603152e-02 
 8.119999999999885e-08 -4.095956907016918e-02 
 8.129999999999884e-08 -4.286098380349945e-02 
 8.139999999999884e-08 -4.459323997532327e-02 
 8.149999999999883e-08 -4.614954567958884e-02 
 8.159999999999882e-08 -4.752374636883028e-02 
 8.169999999999882e-08 -4.871046358831377e-02 
 8.179999999999881e-08 -4.970499706405951e-02 
 8.189999999999881e-08 -5.050346139247952e-02 
 8.199999999999880e-08 -5.110268505484838e-02 
 8.209999999999880e-08 -5.150033399710785e-02 
 8.219999999999879e-08 -5.169481527936282e-02 
 8.229999999999878e-08 -5.168538187005778e-02 
 8.239999999999878e-08 -5.147204450418807e-02 
 8.249999999999877e-08 -5.105565537942280e-02 
 8.259999999999877e-08 -5.043782923134832e-02 
 8.269999999999876e-08 -4.962100572210137e-02 
 8.279999999999876e-08 -4.860837925050610e-02 
 8.289999999999875e-08 -4.740394106634183e-02 
 8.299999999999874e-08 -4.601241651758992e-02 
 8.309999999999874e-08 -4.443928860847235e-02 
 8.319999999999873e-08 -4.269074107291781e-02 
 8.329999999999873e-08 -4.077366541023086e-02 
 8.339999999999872e-08 -3.869560815314177e-02 
 8.349999999999872e-08 -3.646476352051398e-02 
 8.359999999999871e-08 -3.408992341004602e-02 
 8.369999999999870e-08 -3.158045777699137e-02 
 8.379999999999870e-08 -2.894626617227258e-02 
 8.389999999999869e-08 -2.619774786453566e-02 
 8.399999999999869e-08 -2.334575406037254e-02 
 8.409999999999868e-08 -2.040154966121843e-02 
 8.419999999999868e-08 -1.737676566210400e-02 
 8.429999999999867e-08 -1.428335428806959e-02 
 8.439999999999866e-08 -1.113354138085598e-02 
 8.449999999999866e-08 -7.939776543036903e-03 
 8.459999999999865e-08 -4.714685620368364e-03 
 8.469999999999865e-08 -1.471017347648207e-03 
 8.479999999999864e-08  1.778403719725485e-03 
 8.489999999999864e-08  5.020732657850857e-03 
 8.499999999999863e-08  8.243123164190402e-03 
 8.509999999999862e-08  1.143311156633686e-02 
 8.519999999999862e-08  1.457810059319686e-02 
 8.529999999999861e-08  1.766543181065439e-02 
 8.539999999999861e-08  2.068297299112554e-02 
 8.549999999999860e-08  2.361868429762493e-02 
 8.559999999999860e-08  2.646113368620551e-02 
 8.569999999999859e-08  2.919900926773167e-02 
 8.579999999999858e-08  3.182158787017864e-02 
 8.589999999999858e-08  3.431849166373402e-02 
 8.599999999999857e-08  3.667989945548955e-02 
 8.609999999999857e-08  3.889650548700652e-02 
 8.619999999999856e-08  4.095956909062193e-02 
 8.629999999999856e-08  4.286098382302295e-02 
 8.639999999999855e-08  4.459323999518672e-02 
 8.649999999999854e-08  4.614954570259933e-02 
 8.659999999999854e-08  4.752374639189427e-02 
 8.669999999999853e-08  4.871046361181053e-02 
 8.679999999999853e-08  4.970499708534470e-02 
 8.689999999999852e-08  5.050346141560502e-02 
 8.699999999999852e-08  5.110268507725180e-02 
 8.709999999999851e-08  5.150033401946752e-02 
 8.719999999999850e-08  5.169481529943920e-02 
 8.729999999999850e-08  5.168538189186056e-02 
 8.739999999999849e-08  5.147204452617871e-02 
 8.749999999999849e-08  5.105565540277124e-02 
 8.759999999999848e-08  5.043782925251739e-02 
 8.769999999999848e-08  4.962100574466000e-02 
 8.779999999999847e-08  4.860837927335004e-02 
 8.789999999999846e-08  4.740394109085910e-02 
 8.799999999999846e-08  4.601241654109534e-02 
 8.809999999999845e-08  4.443928863242075e-02 
 8.819999999999845e-08  4.269074109460291e-02 
 8.829999999999844e-08  4.077366543247019e-02 
 8.839999999999844e-08  3.869560817492368e-02 
 8.849999999999843e-08  3.646476354455053e-02 
 8.859999999999842e-08  3.408992343339134e-02 
 8.869999999999842e-08  3.158045780184193e-02 
 8.879999999999841e-08  2.894626619594831e-02 
 8.889999999999841e-08  2.619774788756768e-02 
 8.899999999999840e-08  2.334575408192929e-02 
 8.909999999999840e-08  2.040154968469365e-02 
 8.919999999999839e-08  1.737676568429691e-02 
 8.929999999999838e-08  1.428335431011862e-02 
 8.939999999999838e-08  1.113354140091372e-02 
 8.949999999999837e-08  7.939776562878365e-03 
 8.959999999999837e-08  4.714685638758542e-03 
 8.969999999999836e-08  1.471017365342497e-03 
 8.979999999999836e-08 -1.778403702376696e-03 
 8.989999999999835e-08 -5.020732639121839e-03 
 8.999999999999834e-08 -8.243123138823583e-03 
 9.009999999999834e-08 -1.143311155370097e-02 
 9.019999999999833e-08 -1.457810057493858e-02 
 9.029999999999833e-08 -1.766543178551117e-02 
 9.039999999999832e-08 -2.068297297715271e-02 
 9.049999999999832e-08 -2.361868427359526e-02 
 9.059999999999831e-08 -2.646113367122616e-02 
 9.069999999999830e-08 -2.919900924515706e-02 
 9.079999999999830e-08 -3.182158785203559e-02 
 9.089999999999829e-08 -3.431849164051304e-02 
 9.099999999999829e-08 -3.667989943557592e-02 
 9.109999999999828e-08 -3.889650546520507e-02 
 9.119999999999828e-08 -4.095956907182385e-02 
 9.129999999999827e-08 -4.286098380384273e-02 
 9.139999999999826e-08 -4.459323997575160e-02 
 9.149999999999826e-08 -4.614954568001695e-02 
 9.159999999999825e-08 -4.752374636802337e-02 
 9.169999999999825e-08 -4.871046358685049e-02 
 9.179999999999824e-08 -4.970499706170806e-02 
 9.189999999999824e-08 -5.050346139120476e-02 
 9.199999999999823e-08 -5.110268505287663e-02 
 9.209999999999822e-08 -5.150033399513632e-02 
 9.219999999999822e-08 -5.169481527584674e-02 
 9.229999999999821e-08 -5.168538186728111e-02 
 9.239999999999821e-08 -5.147204450120757e-02 
 9.249999999999820e-08 -5.105565537814649e-02 
 9.259999999999820e-08 -5.043782922971252e-02 
 9.269999999999819e-08 -4.962100572220907e-02 
 9.279999999999818e-08 -4.860837925139672e-02 
 9.289999999999818e-08 -4.740394106853429e-02 
 9.299999999999817e-08 -4.601241651901722e-02 
 9.309999999999817e-08 -4.443928860997626e-02 
 9.319999999999816e-08 -4.269074107326976e-02 
 9.329999999999816e-08 -4.077366541111171e-02 
 9.339999999999815e-08 -3.869560815347461e-02 
 9.349999999999814e-08 -3.646476352112349e-02 
 9.359999999999814e-08 -3.408992340981287e-02 
 9.369999999999813e-08 -3.158045777791441e-02 
 9.379999999999813e-08 -2.894626617361107e-02 
 9.389999999999812e-08 -2.619774786514828e-02 
 9.399999999999812e-08 -2.334575405939687e-02 
 9.409999999999811e-08 -2.040154965994767e-02 
 9.419999999999810e-08 -1.737676566068203e-02 
 9.429999999999810e-08 -1.428335428686456e-02 
 9.439999999999809e-08 -1.113354137853495e-02 
 9.449999999999809e-08 -7.939776539791499e-03 
 9.459999999999808e-08 -4.714685617606573e-03 
 9.469999999999808e-08 -1.471017345002990e-03 
 9.479999999999807e-08  1.778403720840815e-03 
 9.489999999999806e-08  5.020732658084670e-03 
 9.499999999999806e-08  8.243123152522847e-03 
 9.509999999999805e-08  1.143311157840610e-02 
 9.519999999999805e-08  1.457810059400266e-02 
 9.529999999999804e-08  1.766543180127300e-02 
 9.539999999999804e-08  2.068297299903166e-02 
 9.549999999999803e-08  2.361868428880043e-02 
 9.559999999999802e-08  2.646113369212499e-02 
 9.569999999999802e-08  2.919900926305541e-02 
 9.579999999999801e-08  3.182158787410616e-02 
 9.589999999999801e-08  3.431849166131062e-02 
 9.599999999999800e-08  3.667989945745642e-02 
 9.609999999999800e-08  3.889650548645052e-02 
 9.619999999999799e-08  4.095956909293341e-02 
 9.629999999999798e-08  4.286098382409698e-02 
 9.639999999999798e-08  4.459323999679676e-02 
 9.649999999999797e-08  4.614954570285423e-02 
 9.659999999999797e-08  4.752374639068147e-02 
 9.669999999999796e-08  4.871046360992271e-02 
 9.679999999999796e-08  4.970499708349885e-02 
 9.689999999999795e-08  5.050346141487427e-02 
 9.699999999999794e-08  5.110268507652838e-02 
 9.709999999999794e-08  5.150033401940712e-02 
 9.719999999999793e-08  5.169481529893827e-02 
 9.729999999999793e-08  5.168538189200600e-02 
 9.739999999999792e-08  5.147204452626042e-02 
 9.749999999999792e-08  5.105565540273194e-02 
 9.759999999999791e-08  5.043782925234908e-02 
 9.769999999999790e-08  4.962100574473216e-02 
 9.779999999999790e-08  4.860837927321682e-02 
 9.789999999999789e-08  4.740394109090551e-02 
 9.799999999999789e-08  4.601241654069277e-02 
 9.809999999999788e-08  4.443928863082336e-02 
 9.819999999999788e-08  4.269074109192306e-02 
 9.829999999999787e-08  4.077366542907490e-02 
 9.839999999999786e-08  3.869560817233153e-02 
 9.849999999999786e-08  3.646476354289274e-02 
 9.859999999999785e-08  3.408992343241923e-02 
 9.869999999999785e-08  3.158045780115271e-02 
 9.879999999999784e-08  2.894626619547780e-02 
 9.889999999999783e-08  2.619774788686247e-02 
 9.899999999999783e-08  2.334575408176986e-02 
 9.909999999999782e-08  2.040154968448227e-02 
 9.919999999999782e-08  1.737676568447233e-02 
 9.929999999999781e-08  1.428335430982774e-02 
 9.939999999999781e-08  1.113354140135447e-02 
 9.949999999999780e-08  7.939776564129808e-03 
 9.959999999999779e-08  4.714685639717997e-03 
 9.969999999999779e-08  1.471017365446636e-03 
 9.979999999999778e-08 -1.778403701006237e-03 
 9.989999999999778e-08 -5.020732638493897e-03 
 9.999999999999777e-08 -8.243123129772378e-03 
 1.000999999999978e-07 -1.143311156326687e-02 
 1.001999999999978e-07 -1.457810057527098e-02 
 1.002999999999978e-07 -1.766543177929925e-02 
 1.003999999999977e-07 -2.068297298346167e-02 
 1.004999999999977e-07 -2.361868426759783e-02 
 1.005999999999977e-07 -2.646113367616687e-02 
 1.006999999999977e-07 -2.919900924190388e-02 
 1.007999999999977e-07 -3.182158785555522e-02 
 1.008999999999977e-07 -3.431849163834588e-02 
 1.009999999999977e-07 -3.667989943555727e-02 
 1.010999999999977e-07 -3.889650546261580e-02 
 1.011999999999977e-07 -4.095956907064990e-02 
 1.012999999999977e-07 -4.286098380266790e-02 
 1.013999999999977e-07 -4.459323997637332e-02 
 1.014999999999977e-07 -4.614954568106944e-02 
 1.015999999999977e-07 -4.752374636946533e-02 
 1.016999999999977e-07 -4.871046358898012e-02 
 1.017999999999977e-07 -4.970499706283960e-02 
 1.018999999999977e-07 -5.050346139272732e-02 
 1.019999999999977e-07 -5.110268505372306e-02 
 1.020999999999977e-07 -5.150033399684939e-02 
 1.021999999999976e-07 -5.169481527738351e-02 
 1.022999999999976e-07 -5.168538186956173e-02 
 1.023999999999976e-07 -5.147204450322040e-02 
 1.024999999999976e-07 -5.105565538069468e-02 
 1.025999999999976e-07 -5.043782923219808e-02 
 1.026999999999976e-07 -4.962100572408379e-02 
 1.027999999999976e-07 -4.860837925242834e-02 
 1.028999999999976e-07 -4.740394106852297e-02 
 1.029999999999976e-07 -4.601241651764898e-02 
 1.030999999999976e-07 -4.443928860848945e-02 
 1.031999999999976e-07 -4.269074107224191e-02 
 1.032999999999976e-07 -4.077366541063854e-02 
 1.033999999999976e-07 -3.869560815382189e-02 
 1.034999999999976e-07 -3.646476352228811e-02 
 1.035999999999976e-07 -3.408992341147132e-02 
 1.036999999999976e-07 -3.158045777941965e-02 
 1.037999999999976e-07 -2.894626617361507e-02 
 1.038999999999975e-07 -2.619774786539208e-02 
 1.039999999999975e-07 -2.334575406036676e-02 
 1.040999999999975e-07 -2.040154966221119e-02 
 1.041999999999975e-07 -1.737676566271240e-02 
 1.042999999999975e-07 -1.428335428781669e-02 
 1.043999999999975e-07 -1.113354137875122e-02 
 1.044999999999975e-07 -7.939776540301757e-03 
 1.045999999999975e-07 -4.714685616826531e-03 
 1.046999999999975e-07 -1.471017343670944e-03 
 1.047999999999975e-07  1.778403721914179e-03 
 1.048999999999975e-07  5.020732658857163e-03 
 1.049999999999975e-07  8.243123146446152e-03 
 1.050999999999975e-07  1.143311158649674e-02 
 1.051999999999975e-07  1.457810059555231e-02 
 1.052999999999975e-07  1.766543179665558e-02 
 1.053999999999975e-07  2.068297300372812e-02 
 1.054999999999975e-07  2.361868428347691e-02 
 1.055999999999975e-07  2.646113369518122e-02 
 1.056999999999974e-07  2.919900925924268e-02 
 1.057999999999974e-07  3.182158787560474e-02 
 1.058999999999974e-07  3.431849165814382e-02 
 1.059999999999974e-07  3.667989945691907e-02 
 1.060999999999974e-07  3.889650548345247e-02 
 1.061999999999974e-07  4.095956909121923e-02 
 1.062999999999974e-07  4.286098382215164e-02 
 1.063999999999974e-07  4.459323999635023e-02 
 1.064999999999974e-07  4.614954570286089e-02 
 1.065999999999974e-07  4.752374639131851e-02 
 1.066999999999974e-07  4.871046361044273e-02 
 1.067999999999974e-07  4.970499708458287e-02 
 1.068999999999974e-07  5.050346141610285e-02 
 1.069999999999974e-07  5.110268507751203e-02 
 1.070999999999974e-07  5.150033402021914e-02 
 1.071999999999974e-07  5.169481529944009e-02 
 1.072999999999974e-07  5.168538189227090e-02 
 1.073999999999973e-07  5.147204452611098e-02 
 1.074999999999973e-07  5.105565540293489e-02 
 1.075999999999973e-07  5.043782925226492e-02 
 1.076999999999973e-07  4.962100574394235e-02 
 1.077999999999973e-07  4.860837927131723e-02 
 1.078999999999973e-07  4.740394108795831e-02 
 1.079999999999973e-07  4.601241653753241e-02 
 1.080999999999973e-07  4.443928862846258e-02 
 1.081999999999973e-07  4.269074109067916e-02 
 1.082999999999973e-07  4.077366542944350e-02 
 1.083999999999973e-07  3.869560817269591e-02 
 1.084999999999973e-07  3.646476354264649e-02 
 1.085999999999973e-07  3.408992343091066e-02 
 1.086999999999973e-07  3.158045779847307e-02 
 1.087999999999973e-07  2.894626619229879e-02 
 1.088999999999973e-07  2.619774788481233e-02 
 1.089999999999973e-07  2.334575408047512e-02 
 1.090999999999973e-07  2.040154968305052e-02 
 1.091999999999972e-07  1.737676568429647e-02 
 1.092999999999972e-07  1.428335431087469e-02 
 1.093999999999972e-07  1.113354140219203e-02 
 1.094999999999972e-07  7.939776564061862e-03 
 1.095999999999972e-07  4.714685639227501e-03 
 1.096999999999972e-07  1.471017364442329e-03 
 1.097999999999972e-07 -1.778403702442644e-03 
 1.098999999999972e-07 -5.020732640721448e-03 
 1.099999999999972e-07 -8.243123127253282e-03 
 1.100999999999972e-07 -1.143311157070870e-02 
 1.101999999999972e-07 -1.457810057701492e-02 
 1.102999999999972e-07 -1.766543177577073e-02 
 1.103999999999972e-07 -2.068297298737298e-02 
 1.104999999999972e-07 -2.361868426368363e-02 
 1.105999999999972e-07 -2.646113367867775e-02 
 1.106999999999972e-07 -2.919900924022190e-02 
 1.107999999999972e-07 -3.182158785771794e-02 
 1.108999999999971e-07 -3.431849163721590e-02 
 1.109999999999971e-07 -3.667989943650563e-02 
 1.110999999999971e-07 -3.889650546218437e-02 
 1.111999999999971e-07 -4.095956907096321e-02 
 1.112999999999971e-07 -4.286098380280956e-02 
 1.113999999999971e-07 -4.459323997549625e-02 
 1.114999999999971e-07 -4.614954567995788e-02 
 1.115999999999971e-07 -4.752374636840617e-02 
 1.116999999999971e-07 -4.871046358900277e-02 
 1.117999999999971e-07 -4.970499706335207e-02 
 1.118999999999971e-07 -5.050346139345563e-02 
 1.119999999999971e-07 -5.110268505346016e-02 
 1.120999999999971e-07 -5.150033399612175e-02 
 1.121999999999971e-07 -5.169481527593045e-02 
 1.122999999999971e-07 -5.168538186779492e-02 
 1.123999999999971e-07 -5.147204450140830e-02 
 1.124999999999971e-07 -5.105565537863144e-02 
 1.125999999999971e-07 -5.043782922965101e-02 
 1.126999999999970e-07 -4.962100572215533e-02 
 1.127999999999970e-07 -4.860837924971451e-02 
 1.128999999999970e-07 -4.740394106669843e-02 
 1.129999999999970e-07 -4.601241651702148e-02 
 1.130999999999970e-07 -4.443928860881452e-02 
 1.131999999999970e-07 -4.269074107231474e-02 
 1.132999999999970e-07 -4.077366541062366e-02 
 1.133999999999970e-07 -3.869560815291306e-02 
 1.134999999999970e-07 -3.646476352164929e-02 
 1.135999999999970e-07 -3.408992341158701e-02 
 1.136999999999970e-07 -3.158045778029450e-02 
 1.137999999999970e-07 -2.894626617488916e-02 
 1.138999999999970e-07 -2.619774786677964e-02 
 1.139999999999970e-07 -2.334575406037387e-02 
 1.140999999999970e-07 -2.040154966164720e-02 
 1.141999999999970e-07 -1.737676566169899e-02 
 1.142999999999970e-07 -1.428335428759886e-02 
 1.143999999999969e-07 -1.113354138013345e-02 
 1.144999999999969e-07 -7.939776541344035e-03 
 1.145999999999969e-07 -4.714685618712355e-03 
 1.146999999999969e-07 -1.471017345342052e-03 
 1.147999999999969e-07  1.778403721123922e-03 
 1.148999999999969e-07  5.020732659419602e-03 
 1.149999999999969e-07  8.243123143527153e-03 
 1.150999999999969e-07  1.143311159089566e-02 
 1.151999999999969e-07  1.457810059607345e-02 
 1.152999999999969e-07  1.766543179402991e-02 
 1.153999999999969e-07  2.068297300767452e-02 
 1.154999999999969e-07  2.361868428254343e-02 
 1.155999999999969e-07  2.646113369881009e-02 
 1.156999999999969e-07  2.919900925765262e-02 
 1.157999999999969e-07  3.182158787673850e-02 
 1.158999999999969e-07  3.431849165750855e-02 
 1.159999999999969e-07  3.667989945799932e-02 
 1.160999999999969e-07  3.889650548358015e-02 
 1.161999999999968e-07  4.095956909166354e-02 
 1.162999999999968e-07  4.286098382172865e-02 
 1.163999999999968e-07  4.459323999482634e-02 
 1.164999999999968e-07  4.614954570077590e-02 
 1.165999999999968e-07  4.752374639017898e-02 
 1.166999999999968e-07  4.871046361045850e-02 
 1.167999999999968e-07  4.970499708481335e-02 
 1.168999999999968e-07  5.050346141640039e-02 
 1.169999999999968e-07  5.110268507768878e-02 
 1.170999999999968e-07  5.150033401965426e-02 
 1.171999999999968e-07  5.169481529813114e-02 
 1.172999999999968e-07  5.168538189136718e-02 
 1.173999999999968e-07  5.147204452613741e-02 
 1.174999999999968e-07  5.105565540408286e-02 
 1.175999999999968e-07  5.043782925337004e-02 
 1.176999999999968e-07  4.962100574487938e-02 
 1.177999999999968e-07  4.860837927214812e-02 
 1.178999999999967e-07  4.740394108975532e-02 
 1.179999999999967e-07  4.601241653914601e-02 
 1.180999999999967e-07  4.443928863038016e-02 
 1.181999999999967e-07  4.269074109255788e-02 
 1.182999999999967e-07  4.077366542965977e-02 
 1.183999999999967e-07  3.869560817224960e-02 
 1.184999999999967e-07  3.646476354175254e-02 
 1.185999999999967e-07  3.408992343134010e-02 
 1.186999999999967e-07  3.158045779941854e-02 
 1.187999999999967e-07  2.894626619360841e-02 
 1.188999999999967e-07  2.619774788483298e-02 
 1.189999999999967e-07  2.334575407963047e-02 
 1.190999999999967e-07  2.040154968208285e-02 
 1.191999999999967e-07  1.737676568226432e-02 
 1.192999999999967e-07  1.428335430907013e-02 
 1.193999999999967e-07  1.113354140212297e-02 
 1.194999999999967e-07  7.939776564431344e-03 
 1.195999999999967e-07  4.714685640543559e-03 
 1.196999999999967e-07  1.471017365987093e-03 
 1.197999999999967e-07 -1.778403700249065e-03 
 1.198999999999967e-07 -5.020732638654213e-03 
 1.199999999999967e-07 -8.243123121730811e-03 
 1.200999999999967e-07 -1.143311157250815e-02 
 1.201999999999967e-07 -1.457810057720588e-02 
 1.202999999999968e-07 -1.766543177310997e-02 
 1.203999999999968e-07 -2.068297298810773e-02 
 1.204999999999968e-07 -2.361868426086966e-02 
 1.205999999999968e-07 -2.646113367961345e-02 
 1.206999999999968e-07 -2.919900923852947e-02 
 1.207999999999968e-07 -3.182158785874822e-02 
 1.208999999999968e-07 -3.431849163842249e-02 
 1.209999999999968e-07 -3.667989943880601e-02 
 1.210999999999968e-07 -3.889650546341628e-02 
 1.211999999999968e-07 -4.095956907190712e-02 
 1.212999999999968e-07 -4.286098380230507e-02 
 1.213999999999968e-07 -4.459323997495246e-02 
 1.214999999999968e-07 -4.614954567861940e-02 
 1.215999999999969e-07 -4.752374636632672e-02 
 1.216999999999969e-07 -4.871046358701125e-02 
 1.217999999999969e-07 -4.970499706118492e-02 
 1.218999999999969e-07 -5.050346139182205e-02 
 1.219999999999969e-07 -5.110268505278537e-02 
 1.220999999999969e-07 -5.150033399672704e-02 
 1.221999999999969e-07 -5.169481527721387e-02 
 1.222999999999969e-07 -5.168538186975402e-02 
 1.223999999999969e-07 -5.147204450277365e-02 
 1.224999999999969e-07 -5.105565538026879e-02 
 1.225999999999969e-07 -5.043782922988815e-02 
 1.226999999999969e-07 -4.962100572208272e-02 
 1.227999999999969e-07 -4.860837925020256e-02 
 1.228999999999970e-07 -4.740394106721579e-02 
 1.229999999999970e-07 -4.601241651691446e-02 
 1.230999999999970e-07 -4.443928860817192e-02 
 1.231999999999970e-07 -4.269074107076620e-02 
 1.232999999999970e-07 -4.077366540958427e-02 
 1.233999999999970e-07 -3.869560815239481e-02 
 1.234999999999970e-07 -3.646476352182915e-02 
 1.235999999999970e-07 -3.408992341072792e-02 
 1.236999999999970e-07 -3.158045777878304e-02 
 1.237999999999970e-07 -2.894626617329066e-02 
 1.238999999999970e-07 -2.619774786469709e-02 
 1.239999999999970e-07 -2.334575405833372e-02 
 1.240999999999970e-07 -2.040154965925378e-02 
 1.241999999999970e-07 -1.737676566010915e-02 
 1.242999999999971e-07 -1.428335428645422e-02 
 1.243999999999971e-07 -1.113354137897971e-02 
 1.244999999999971e-07 -7.939776540995647e-03 
 1.245999999999971e-07 -4.714685618227410e-03 
 1.246999999999971e-07 -1.471017344930825e-03 
 1.247999999999971e-07  1.778403720384070e-03 
 1.248999999999971e-07  5.020732658451266e-03 
 1.249999999999971e-07  8.243123140431852e-03 
 1.250999999999971e-07  1.143311159276528e-02 
 1.251999999999971e-07  1.457810059570885e-02 
 1.252999999999971e-07  1.766543179144575e-02 
 1.253999999999971e-07  2.068297300816835e-02 
 1.254999999999971e-07  2.361868427936420e-02 
 1.255999999999972e-07  2.646113369877723e-02 
 1.256999999999972e-07  2.919900925642982e-02 
 1.257999999999972e-07  3.182158787768841e-02 
 1.258999999999972e-07  3.431849165633793e-02 
 1.259999999999972e-07  3.667989945755301e-02 
 1.260999999999972e-07  3.889650548350776e-02 
 1.261999999999972e-07  4.095956909237453e-02 
 1.262999999999972e-07  4.286098382293524e-02 
 1.263999999999972e-07  4.459323999604314e-02 
 1.264999999999972e-07  4.614954570145513e-02 
 1.265999999999972e-07  4.752374638942536e-02 
 1.266999999999972e-07  4.871046360952747e-02 
 1.267999999999972e-07  4.970499708403553e-02 
 1.268999999999973e-07  5.050346141595519e-02 
 1.269999999999973e-07  5.110268507797389e-02 
 1.270999999999973e-07  5.150033402165444e-02 
 1.271999999999973e-07  5.169481530035491e-02 
 1.272999999999973e-07  5.168538189258221e-02 
 1.273999999999973e-07  5.147204452549081e-02 
 1.274999999999973e-07  5.105565540194590e-02 
 1.275999999999973e-07  5.043782925049345e-02 
 1.276999999999973e-07  4.962100574307349e-02 
 1.277999999999973e-07  4.860837927058848e-02 
 1.278999999999973e-07  4.740394108846946e-02 
 1.279999999999973e-07  4.601241653881649e-02 
 1.280999999999973e-07  4.443928863012903e-02 
 1.281999999999973e-07  4.269074109183224e-02 
 1.282999999999974e-07  4.077366542992378e-02 
 1.283999999999974e-07  3.869560817237794e-02 
 1.284999999999974e-07  3.646476354193129e-02 
 1.285999999999974e-07  3.408992343079409e-02 
 1.286999999999974e-07  3.158045779910057e-02 
 1.287999999999974e-07  2.894626619345719e-02 
 1.288999999999974e-07  2.619774788505058e-02 
 1.289999999999974e-07  2.334575407952122e-02 
 1.290999999999974e-07  2.040154968211838e-02 
 1.291999999999974e-07  1.737676568242996e-02 
 1.292999999999974e-07  1.428335430930927e-02 
 1.293999999999974e-07  1.113354140228306e-02 
 1.294999999999974e-07  7.939776564082290e-03 
 1.295999999999975e-07  4.714685640237359e-03 
 1.296999999999975e-07  1.471017365795468e-03 
 1.297999999999975e-07 -1.778403700633646e-03 
 1.298999999999975e-07 -5.020732638687964e-03 
 1.299999999999975e-07 -8.243123120377227e-03 
 1.300999999999975e-07 -1.143311157447124e-02 
 1.301999999999975e-07 -1.457810057724895e-02 
 1.302999999999975e-07 -1.766543177181279e-02 
 1.303999999999975e-07 -2.068297298985122e-02 
 1.304999999999975e-07 -2.361868426087699e-02 
 1.305999999999975e-07 -2.646113368149972e-02 
 1.306999999999975e-07 -2.919900923822816e-02 
 1.307999999999975e-07 -3.182158785970990e-02 
 1.308999999999976e-07 -3.431849163803502e-02 
 1.309999999999976e-07 -3.667989943933625e-02 
 1.310999999999976e-07 -3.889650546369228e-02 
 1.311999999999976e-07 -4.095956907206277e-02 
 1.312999999999976e-07 -4.286098380282066e-02 
 1.313999999999976e-07 -4.459323997648501e-02 
 1.314999999999976e-07 -4.614954568116136e-02 
 1.315999999999976e-07 -4.752374636959145e-02 
 1.316999999999976e-07 -4.871046358915443e-02 
 1.317999999999976e-07 -4.970499706264486e-02 
 1.318999999999976e-07 -5.050346139304374e-02 
 1.319999999999976e-07 -5.110268505358562e-02 
 1.320999999999976e-07 -5.150033399719445e-02 
 1.321999999999977e-07 -5.169481527725339e-02 
 1.322999999999977e-07 -5.168538187014393e-02 
 1.323999999999977e-07 -5.147204450316156e-02 
 1.324999999999977e-07 -5.105565538117696e-02 
 1.325999999999977e-07 -5.043782923186368e-02 
 1.326999999999977e-07 -4.962100572418371e-02 
 1.327999999999977e-07 -4.860837925182548e-02 
 1.328999999999977e-07 -4.740394106854295e-02 
 1.329999999999977e-07 -4.601241651746957e-02 
 1.330999999999977e-07 -4.443928860845747e-02 
 1.331999999999977e-07 -4.269074107177540e-02 
 1.332999999999977e-07 -4.077366541080263e-02 
 1.333999999999977e-07 -3.869560815368356e-02 
 1.334999999999977e-07 -3.646476352249017e-02 
 1.335999999999978e-07 -3.408992341128170e-02 
 1.336999999999978e-07 -3.158045777954266e-02 
 1.337999999999978e-07 -2.894626617329044e-02 
 1.338999999999978e-07 -2.619774786479590e-02 
 1.339999999999978e-07 -2.334575405830930e-02 
 1.340999999999978e-07 -2.040154965964169e-02 
 1.341999999999978e-07 -1.737676565966551e-02 
 1.342999999999978e-07 -1.428335428495453e-02 
 1.343999999999978e-07 -1.113354137758549e-02 
 1.344999999999978e-07 -7.939776540175636e-03 
 1.345999999999978e-07 -4.714685617841496e-03 
 1.346999999999978e-07 -1.471017344610193e-03 
 1.347999999999978e-07  1.778403721191646e-03 
 1.348999999999979e-07  5.020732659685834e-03 
 1.349999999999979e-07  8.243123140323494e-03 
 1.350999999999979e-07  1.143311159529636e-02 
 1.351999999999979e-07  1.457810059675757e-02 
 1.352999999999979e-07  1.766543179033686e-02 
 1.353999999999979e-07  2.068297300841770e-02 
 1.354999999999979e-07  2.361868427751390e-02 
 1.355999999999979e-07  2.646113369869196e-02 
 1.356999999999979e-07  2.919900925521079e-02 
 1.357999999999979e-07  3.182158787830192e-02 
 1.358999999999979e-07  3.431849165782364e-02 
 1.359999999999979e-07  3.667989946006212e-02 
 1.360999999999979e-07  3.889650548521306e-02 
 1.361999999999980e-07  4.095956909414622e-02 
 1.362999999999980e-07  4.286098382393000e-02 
 1.363999999999980e-07  4.459323999666265e-02 
 1.364999999999980e-07  4.614954570150176e-02 
 1.365999999999980e-07  4.752374638955148e-02 
 1.366999999999980e-07  4.871046360984299e-02 
 1.367999999999980e-07  4.970499708439791e-02 
 1.368999999999980e-07  5.050346141548956e-02 
 1.369999999999980e-07  5.110268507646420e-02 
 1.370999999999980e-07  5.150033401915555e-02 
 1.371999999999980e-07  5.169481529902842e-02 
 1.372999999999980e-07  5.168538189240746e-02 
 1.373999999999980e-07  5.147204452540421e-02 
 1.374999999999980e-07  5.105565540202095e-02 
 1.375999999999981e-07  5.043782925053386e-02 
 1.376999999999981e-07  4.962100574275974e-02 
 1.377999999999981e-07  4.860837927104411e-02 
 1.378999999999981e-07  4.740394108873480e-02 
 1.379999999999981e-07  4.601241653880517e-02 
 1.380999999999981e-07  4.443928862999247e-02 
 1.381999999999981e-07  4.269074109238380e-02 
 1.382999999999981e-07  4.077366542994598e-02 
 1.383999999999981e-07  3.869560817207884e-02 
 1.384999999999981e-07  3.646476354168704e-02 
 1.385999999999981e-07  3.408992343104278e-02 
 1.386999999999981e-07  3.158045779919960e-02 
 1.387999999999981e-07  2.894626619341345e-02 
 1.388999999999982e-07  2.619774788513918e-02 
 1.389999999999982e-07  2.334575407950856e-02 
 1.390999999999982e-07  2.040154968192454e-02 
 1.391999999999982e-07  1.737676568249169e-02 
 1.392999999999982e-07  1.428335430923289e-02 
 1.393999999999982e-07  1.113354140188338e-02 
 1.394999999999982e-07  7.939776564238166e-03 
 1.395999999999982e-07  4.714685640648808e-03 
 1.396999999999982e-07  1.471017365893834e-03 
 1.397999999999982e-07 -1.778403700320563e-03 
 1.398999999999982e-07 -5.020732638877368e-03 
 1.399999999999982e-07 -8.243123119377582e-03 
 1.400999999999982e-07 -1.143311157570537e-02 
 1.401999999999983e-07 -1.457810057754338e-02 
 1.402999999999983e-07 -1.766543177057711e-02 
 1.403999999999983e-07 -2.068297298907806e-02 
 1.404999999999983e-07 -2.361868425789626e-02 
 1.405999999999983e-07 -2.646113368024094e-02 
 1.406999999999983e-07 -2.919900923659080e-02 
 1.407999999999983e-07 -3.182158785900757e-02 
 1.408999999999983e-07 -3.431849163623091e-02 
 1.409999999999983e-07 -3.667989943826355e-02 
 1.410999999999983e-07 -3.889650546312029e-02 
 1.411999999999983e-07 -4.095956907278731e-02 
 1.412999999999983e-07 -4.286098380344372e-02 
 1.413999999999983e-07 -4.459323997639530e-02 
 1.414999999999983e-07 -4.614954568012886e-02 
 1.415999999999984e-07 -4.752374636736256e-02 
 1.416999999999984e-07 -4.871046358822095e-02 
 1.417999999999984e-07 -4.970499706262044e-02 
 1.418999999999984e-07 -5.050346139310857e-02 
 1.419999999999984e-07 -5.110268505336868e-02 
 1.420999999999984e-07 -5.150033399729814e-02 
 1.421999999999984e-07 -5.169481527688058e-02 
 1.422999999999984e-07 -5.168538186874727e-02 
 1.423999999999984e-07 -5.147204450200249e-02 
 1.424999999999984e-07 -5.105565538010226e-02 
 1.425999999999984e-07 -5.043782923089180e-02 
 1.426999999999984e-07 -4.962100572294181e-02 
 1.427999999999984e-07 -4.860837925080541e-02 
 1.428999999999985e-07 -4.740394106826828e-02 
 1.429999999999985e-07 -4.601241651813281e-02 
 1.430999999999985e-07 -4.443928860965407e-02 
 1.431999999999985e-07 -4.269074107148074e-02 
 1.432999999999985e-07 -4.077366540993421e-02 
 1.433999999999985e-07 -3.869560815276318e-02 
 1.434999999999985e-07 -3.646476352205319e-02 
 1.435999999999985e-07 -3.408992341072703e-02 
 1.436999999999985e-07 -3.158045777940721e-02 
 1.437999999999985e-07 -2.894626617334661e-02 
 1.438999999999985e-07 -2.619774786464513e-02 
 1.439999999999985e-07 -2.334575405834838e-02 
 1.440999999999985e-07 -2.040154965925756e-02 
 1.441999999999986e-07 -1.737676566010293e-02 
 1.442999999999986e-07 -1.428335428701777e-02 
 1.443999999999986e-07 -1.113354137984368e-02 
 1.444999999999986e-07 -7.939776541965982e-03 
 1.445999999999986e-07 -4.714685618914860e-03 
 1.446999999999986e-07 -1.471017345443082e-03 
 1.447999999999986e-07  1.778403721012678e-03 
 1.448999999999986e-07  5.020732659565708e-03 
 1.449999999999986e-07  8.243123139587416e-03 
 1.450999999999986e-07  1.143311159602467e-02 
 1.451999999999986e-07  1.457810059661169e-02 
 1.452999999999986e-07  1.766543178988322e-02 
 1.453999999999986e-07  2.068297300927902e-02 
 1.454999999999986e-07  2.361868427821379e-02 
 1.455999999999987e-07  2.646113370005421e-02 
 1.456999999999987e-07  2.919900925545527e-02 
 1.457999999999987e-07  3.182158787876066e-02 
 1.458999999999987e-07  3.431849165782452e-02 
 1.459999999999987e-07  3.667989946051331e-02 
 1.460999999999987e-07  3.889650548543910e-02 
 1.461999999999987e-07  4.095956909354026e-02 
 1.462999999999987e-07  4.286098382256132e-02 
 1.463999999999987e-07  4.459323999574938e-02 
 1.464999999999987e-07  4.614954570164675e-02 
 1.465999999999987e-07  4.752374639054469e-02 
 1.466999999999987e-07  4.871046361091680e-02 
 1.467999999999987e-07  4.970499708478915e-02 
 1.468999999999988e-07  5.050346141639661e-02 
 1.469999999999988e-07  5.110268507764570e-02 
 1.470999999999988e-07  5.150033402045984e-02 
 1.471999999999988e-07  5.169481530031850e-02 
 1.472999999999988e-07  5.168538189353145e-02 
 1.473999999999988e-07  5.147204452725007e-02 
 1.474999999999988e-07  5.105565540421364e-02 
 1.475999999999988e-07  5.043782925268814e-02 
 1.476999999999988e-07  4.962100574457118e-02 
 1.477999999999988e-07  4.860837927216100e-02 
 1.478999999999988e-07  4.740394109027513e-02 
 1.479999999999988e-07  4.601241654030108e-02 
 1.480999999999988e-07  4.443928863136826e-02 
 1.481999999999989e-07  4.269074109284676e-02 
 1.482999999999989e-07  4.077366543050820e-02 
 1.483999999999989e-07  3.869560817267548e-02 
 1.484999999999989e-07  3.646476354219175e-02 
 1.485999999999989e-07  3.408992343091155e-02 
 1.486999999999989e-07  3.158045779905105e-02 
 1.487999999999989e-07  2.894626619319363e-02 
 1.488999999999989e-07  2.619774788465357e-02 
 1.489999999999989e-07  2.334575407962891e-02 
 1.490999999999989e-07  2.040154968160568e-02 
 1.491999999999989e-07  1.737676568218482e-02 
 1.492999999999989e-07  1.428335430906591e-02 
 1.493999999999989e-07  1.113354140225753e-02 
 1.494999999999989e-07  7.939776564295897e-03 
 1.495999999999990e-07  4.714685640666350e-03 
 1.496999999999990e-07  1.471017365799243e-03 
 1.497999999999990e-07 -1.778403700423370e-03 
 1.498999999999990e-07 -5.020732638777448e-03 
 1.499999999999990e-07 -8.243123119020090e-03 
 1.500999999999990e-07 -1.143311157661153e-02 
 1.501999999999990e-07 -1.457810057795239e-02 
 1.502999999999990e-07 -1.766543177193691e-02 
 1.503999999999990e-07 -2.068297299250466e-02 
 1.504999999999990e-07 -2.361868426053060e-02 
 1.505999999999990e-07 -2.646113368351743e-02 
 1.506999999999990e-07 -2.919900923929486e-02 
 1.507999999999990e-07 -3.182158786151845e-02 
 1.508999999999991e-07 -3.431849163893119e-02 
 1.509999999999991e-07 -3.667989944027505e-02 
 1.510999999999991e-07 -3.889650546390300e-02 
 1.511999999999991e-07 -4.095956907248177e-02 
 1.512999999999991e-07 -4.286098380245718e-02 
 1.513999999999991e-07 -4.459323997487097e-02 
 1.514999999999991e-07 -4.614954567868534e-02 
 1.515999999999991e-07 -4.752374636681966e-02 
 1.516999999999991e-07 -4.871046358691555e-02 
 1.517999999999991e-07 -4.970499706107012e-02 
 1.518999999999991e-07 -5.050346139181050e-02 
 1.519999999999991e-07 -5.110268505280979e-02 
 1.520999999999991e-07 -5.150033399690046e-02 
 1.521999999999992e-07 -5.169481527703068e-02 
 1.522999999999992e-07 -5.168538186955951e-02 
 1.523999999999992e-07 -5.147204450216059e-02 
 1.524999999999992e-07 -5.105565537909929e-02 
 1.525999999999992e-07 -5.043782922902462e-02 
 1.526999999999992e-07 -4.962100572131756e-02 
 1.527999999999992e-07 -4.860837924973915e-02 
 1.528999999999992e-07 -4.740394106714563e-02 
 1.529999999999992e-07 -4.601241651641730e-02 
 1.530999999999992e-07 -4.443928860785817e-02 
 1.531999999999992e-07 -4.269074107131421e-02 
 1.532999999999992e-07 -4.077366541054417e-02 
 1.533999999999992e-07 -3.869560815348150e-02 
 1.534999999999993e-07 -3.646476352200900e-02 
 1.535999999999993e-07 -3.408992341117822e-02 
 1.536999999999993e-07 -3.158045777937413e-02 
 1.537999999999993e-07 -2.894626617397233e-02 
 1.538999999999993e-07 -2.619774786654894e-02 
 1.539999999999993e-07 -2.334575406085015e-02 
 1.540999999999993e-07 -2.040154966225050e-02 
 1.541999999999993e-07 -1.737676566240420e-02 
 1.542999999999993e-07 -1.428335428807648e-02 
 1.543999999999993e-07 -1.113354137995604e-02 
 1.544999999999993e-07 -7.939776541810106e-03 
 1.545999999999993e-07 -4.714685618803394e-03 
 1.546999999999993e-07 -1.471017345390235e-03 
 1.547999999999993e-07  1.778403720472221e-03 
 1.548999999999994e-07  5.020732658095994e-03 
 1.549999999999994e-07  8.243123137963382e-03 
 1.550999999999994e-07  1.143311159567162e-02 
 1.551999999999994e-07  1.457810059612674e-02 
 1.552999999999994e-07  1.766543178994318e-02 
 1.553999999999994e-07  2.068297301083510e-02 
 1.554999999999994e-07  2.361868427902936e-02 
 1.555999999999994e-07  2.646113370091330e-02 
 1.556999999999994e-07  2.919900925575725e-02 
 1.557999999999994e-07  3.182158787871980e-02 
 1.558999999999994e-07  3.431849165632506e-02 
 1.559999999999994e-07  3.667989945792538e-02 
 1.560999999999994e-07  3.889650548205892e-02 
 1.561999999999995e-07  4.095956909123233e-02 
 1.562999999999995e-07  4.286098382067505e-02 
 1.563999999999995e-07  4.459323999402343e-02 
 1.564999999999995e-07  4.614954569922158e-02 
 1.565999999999995e-07  4.752374638894352e-02 
 1.566999999999995e-07  4.871046360955189e-02 
 1.567999999999995e-07  4.970499708289511e-02 
 1.568999999999995e-07  5.050346141295048e-02 
 1.569999999999995e-07  5.110268507403193e-02 
 1.570999999999995e-07  5.150033401724463e-02 
 1.571999999999995e-07  5.169481529749520e-02 
 1.572999999999995e-07  5.168538189130412e-02 
 1.573999999999995e-07  5.147204452525433e-02 
 1.574999999999996e-07  5.105565540273749e-02 
 1.575999999999996e-07  5.043782925188611e-02 
 1.576999999999996e-07  4.962100574466755e-02 
 1.577999999999996e-07  4.860837927286688e-02 
 1.578999999999996e-07  4.740394109089441e-02 
 1.579999999999996e-07  4.601241654035837e-02 
 1.580999999999996e-07  4.443928863063573e-02 
 1.581999999999996e-07  4.269074109145055e-02 
 1.582999999999996e-07  4.077366542880245e-02 
 1.583999999999996e-07  3.869560817042261e-02 
 1.584999999999996e-07  3.646476353995398e-02 
 1.585999999999996e-07  3.408992342852413e-02 
 1.586999999999996e-07  3.158045779673868e-02 
 1.587999999999996e-07  2.894626619156693e-02 
 1.588999999999997e-07  2.619774788432516e-02 
 1.589999999999997e-07  2.334575407971240e-02 
 1.590999999999997e-07  2.040154968291086e-02 
 1.591999999999997e-07  1.737676568396940e-02 
 1.592999999999997e-07  1.428335431034244e-02 
 1.593999999999997e-07  1.113354140251777e-02 
 1.594999999999997e-07  7.939776563577361e-03 
 1.595999999999997e-07  4.714685639902072e-03 
 1.596999999999997e-07  1.471017365823446e-03 
 1.597999999999997e-07 -1.778403699713049e-03 
 1.598999999999997e-07 -5.020732638043590e-03 
 1.599999999999997e-07 -8.243123117819717e-03 
 1.600999999999997e-07 -1.143311157615146e-02 
 1.601999999999998e-07 -1.457810057660325e-02 
 1.602999999999998e-07 -1.766543177006086e-02 
 1.603999999999998e-07 -2.068297299033284e-02 
 1.604999999999998e-07 -2.361868425785607e-02 
 1.605999999999998e-07 -2.646113368152037e-02 
 1.606999999999998e-07 -2.919900923650642e-02 
 1.607999999999998e-07 -3.182158785930245e-02 
 1.608999999999998e-07 -3.431849163655931e-02 
 1.609999999999998e-07 -3.667989943799665e-02 
 1.610999999999998e-07 -3.889650546183177e-02 
 1.611999999999998e-07 -4.095956907191556e-02 
 1.612999999999998e-07 -4.286098380257064e-02 
 1.613999999999998e-07 -4.459323997540743e-02 
 1.614999999999999e-07 -4.614954567914342e-02 
 1.615999999999999e-07 -4.752374636729395e-02 
 1.616999999999999e-07 -4.871046358815589e-02 
 1.617999999999999e-07 -4.970499706225096e-02 
 1.618999999999999e-07 -5.050346139197970e-02 
 1.619999999999999e-07 -5.110268505224247e-02 
 1.620999999999999e-07 -5.150033399621501e-02 
 1.621999999999999e-07 -5.169481527656572e-02 
 1.622999999999999e-07 -5.168538186940497e-02 
 1.623999999999999e-07 -5.147204450303566e-02 
 1.624999999999999e-07 -5.105565538034584e-02 
 1.625999999999999e-07 -5.043782922978135e-02 
 1.626999999999999e-07 -4.962100572197969e-02 
 1.627999999999999e-07 -4.860837925002537e-02 
 1.629000000000000e-07 -4.740394106716095e-02 
 1.630000000000000e-07 -4.601241651702237e-02 
 1.631000000000000e-07 -4.443928860941093e-02 
 1.632000000000000e-07 -4.269074107238691e-02 
 1.633000000000000e-07 -4.077366541145566e-02 
 1.634000000000000e-07 -3.869560815459350e-02 
 1.635000000000000e-07 -3.646476352408512e-02 
 1.636000000000000e-07 -3.408992341303652e-02 
 1.637000000000000e-07 -3.158045778148599e-02 
 1.638000000000000e-07 -2.894626617574136e-02 
 1.639000000000000e-07 -2.619774786716222e-02 
 1.640000000000000e-07 -2.334575406074135e-02 
 1.641000000000000e-07 -2.040154966207175e-02 
 1.642000000000001e-07 -1.737676566180291e-02 
 1.643000000000001e-07 -1.428335428748428e-02 
 1.644000000000001e-07 -1.113354138027955e-02 
 1.645000000000001e-07 -7.939776542702059e-03 
 1.646000000000001e-07 -4.714685619855663e-03 
 1.647000000000001e-07 -1.471017345274550e-03 
 1.648000000000001e-07  1.778403721125255e-03 
 1.649000000000001e-07  5.020732658916005e-03 
 1.650000000000001e-07  8.243123137556596e-03 
 1.651000000000001e-07  1.143311159607507e-02 
 1.652000000000001e-07  1.457810059657705e-02 
 1.653000000000001e-07  1.766543179033531e-02 
 1.654000000000001e-07  2.068297301055422e-02 
 1.655000000000002e-07  2.361868427820402e-02 
 1.656000000000002e-07  2.646113370195424e-02 
 1.657000000000002e-07  2.919900925703467e-02 
 1.658000000000002e-07  3.182158788047218e-02 
 1.659000000000002e-07  3.431849165812673e-02 
 1.660000000000002e-07  3.667989946016892e-02 
 1.661000000000002e-07  3.889650548393520e-02 
 1.662000000000002e-07  4.095956909226639e-02 
 1.663000000000002e-07  4.286098382260550e-02 
 1.664000000000002e-07  4.459323999603892e-02 
 1.665000000000002e-07  4.614954570089580e-02 
 1.666000000000002e-07  4.752374638953527e-02 
 1.667000000000002e-07  4.871046360931919e-02 
 1.668000000000002e-07  4.970499708207732e-02 
 1.669000000000003e-07  5.050346141323159e-02 
 1.670000000000003e-07  5.110268507425531e-02 
 1.671000000000003e-07  5.150033401734677e-02 
 1.672000000000003e-07  5.169481529640652e-02 
 1.673000000000003e-07  5.168538188962302e-02 
 1.674000000000003e-07  5.147204452374710e-02 
 1.675000000000003e-07  5.105565540239176e-02 
 1.676000000000003e-07  5.043782925248674e-02 
 1.677000000000003e-07  4.962100574539963e-02 
 1.678000000000003e-07  4.860837927284622e-02 
 1.679000000000003e-07  4.740394108975443e-02 
 1.680000000000003e-07  4.601241653944355e-02 
 1.681000000000003e-07  4.443928863055602e-02 
 1.682000000000004e-07  4.269074109236559e-02 
 1.683000000000004e-07  4.077366543017402e-02 
 1.684000000000004e-07  3.869560817207773e-02 
 1.685000000000004e-07  3.646476354167039e-02 
 1.686000000000004e-07  3.408992343074058e-02 
 1.687000000000004e-07  3.158045779922380e-02 
 1.688000000000004e-07  2.894626619395835e-02 
 1.689000000000004e-07  2.619774788594320e-02 
 1.690000000000004e-07  2.334575408050621e-02 
 1.691000000000004e-07  2.040154968244567e-02 
 1.692000000000004e-07  1.737676568324287e-02 
 1.693000000000004e-07  1.428335430867578e-02 
 1.694000000000004e-07  1.113354140090328e-02 
 1.695000000000005e-07  7.939776563380407e-03 
 1.696000000000005e-07  4.714685639925387e-03 
 1.697000000000005e-07  1.471017365432647e-03 
 1.698000000000005e-07 -1.778403700673170e-03 
 1.699000000000005e-07 -5.020732639584358e-03 
 1.700000000000005e-07 -8.243123119955342e-03 
 1.701000000000005e-07 -1.143311157850913e-02 
 1.702000000000005e-07 -1.457810057840225e-02 
 1.703000000000005e-07 -1.766543177136404e-02 
 1.704000000000005e-07 -2.068297299185473e-02 
 1.705000000000005e-07 -2.361868425949143e-02 
 1.706000000000005e-07 -2.646113368267500e-02 
 1.707000000000005e-07 -2.919900923741814e-02 
 1.708000000000006e-07 -3.182158785988576e-02 
 1.709000000000006e-07 -3.431849163667477e-02 
 1.710000000000006e-07 -3.667989943883265e-02 
 1.711000000000006e-07 -3.889650546348200e-02 
 1.712000000000006e-07 -4.095956907293119e-02 
 1.713000000000006e-07 -4.286098380321346e-02 
 1.714000000000006e-07 -4.459323997666442e-02 
 1.715000000000006e-07 -4.614954568059981e-02 
 1.716000000000006e-07 -4.752374636878964e-02 
 1.717000000000006e-07 -4.871046358926612e-02 
 1.718000000000006e-07 -4.970499706344023e-02 
 1.719000000000006e-07 -5.050346139354334e-02 
 1.720000000000006e-07 -5.110268505330806e-02 
 1.721000000000006e-07 -5.150033399659670e-02 
 1.722000000000007e-07 -5.169481527566178e-02 
 1.723000000000007e-07 -5.168538186822413e-02 
 1.724000000000007e-07 -5.147204450081300e-02 
 1.725000000000007e-07 -5.105565537871759e-02 
 1.726000000000007e-07 -5.043782922938678e-02 
 1.727000000000007e-07 -4.962100572209160e-02 
 1.728000000000007e-07 -4.860837924915917e-02 
 1.729000000000007e-07 -4.740394106668733e-02 
 1.730000000000007e-07 -4.601241651706034e-02 
 1.731000000000007e-07 -4.443928860918733e-02 
 1.732000000000007e-07 -4.269074107211535e-02 
 1.733000000000007e-07 -4.077366541080862e-02 
 1.734000000000007e-07 -3.869560815321660e-02 
 1.735000000000008e-07 -3.646476352285477e-02 
 1.736000000000008e-07 -3.408992341180106e-02 
 1.737000000000008e-07 -3.158045778043261e-02 
 1.738000000000008e-07 -2.894626617399387e-02 
 1.739000000000008e-07 -2.619774786569895e-02 
 1.740000000000008e-07 -2.334575406020645e-02 
 1.741000000000008e-07 -2.040154966277652e-02 
 1.742000000000008e-07 -1.737676566291646e-02 
 1.743000000000008e-07 -1.428335428912186e-02 
 1.744000000000008e-07 -1.113354138180966e-02 
 1.745000000000008e-07 -7.939776543031574e-03 
 1.746000000000008e-07 -4.714685619578329e-03 
 1.747000000000008e-07 -1.471017346248438e-03 
 1.748000000000009e-07  1.778403720616328e-03 
 1.749000000000009e-07  5.020732659436034e-03 
 1.750000000000009e-07  8.243123138391706e-03 
 1.751000000000009e-07  1.143311159713822e-02 
 1.752000000000009e-07  1.457810059679332e-02 
 1.753000000000009e-07  1.766543178944802e-02 
 1.754000000000009e-07  2.068297301018518e-02 
 1.755000000000009e-07  2.361868427738534e-02 
 1.756000000000009e-07  2.646113370047143e-02 
 1.757000000000009e-07  2.919900925507868e-02 
 1.758000000000009e-07  3.182158787930378e-02 
 1.759000000000009e-07  3.431849165750611e-02 
 1.760000000000009e-07  3.667989946076466e-02 
 1.761000000000009e-07  3.889650548532231e-02 
 1.762000000000010e-07  4.095956909352472e-02 
 1.763000000000010e-07  4.286098382220049e-02 
 1.764000000000010e-07  4.459323999513609e-02 
 1.765000000000010e-07  4.614954569965724e-02 
 1.766000000000010e-07  4.752374638726775e-02 
 1.767000000000010e-07  4.871046360772091e-02 
 1.768000000000010e-07  4.970499708130571e-02 
 1.769000000000010e-07  5.050346141227346e-02 
 1.770000000000010e-07  5.110268507285443e-02 
 1.771000000000010e-07  5.150033401735277e-02 
 1.772000000000010e-07  5.169481529710218e-02 
 1.773000000000010e-07  5.168538189093308e-02 
 1.774000000000010e-07  5.147204452532650e-02 
 1.775000000000011e-07  5.105565540244594e-02 
 1.776000000000011e-07  5.043782925187923e-02 
 1.777000000000011e-07  4.962100574405337e-02 
 1.778000000000011e-07  4.860837927106165e-02 
 1.779000000000011e-07  4.740394108798318e-02 
 1.780000000000011e-07  4.601241653726529e-02 
 1.781000000000011e-07  4.443928862815461e-02 
 1.782000000000011e-07  4.269074109056414e-02 
 1.783000000000011e-07  4.077366542927208e-02 
 1.784000000000011e-07  3.869560817279005e-02 
 1.785000000000011e-07  3.646476354278816e-02 
 1.786000000000011e-07  3.408992343045769e-02 
 1.787000000000011e-07  3.158045779811980e-02 
 1.788000000000012e-07  2.894626619262097e-02 
 1.789000000000012e-07  2.619774788495355e-02 
 1.790000000000012e-07  2.334575408036010e-02 
 1.791000000000012e-07  2.040154968336028e-02 
 1.792000000000012e-07  1.737676568417412e-02 
 1.793000000000012e-07  1.428335431054517e-02 
 1.794000000000012e-07  1.113354140260792e-02 
 1.795000000000012e-07  7.939776563541834e-03 
 1.796000000000012e-07  4.714685639522820e-03 
 1.797000000000012e-07  1.471017365458627e-03 
 1.798000000000012e-07 -1.778403701152786e-03 
 1.799000000000012e-07 -5.020732640397929e-03 
 1.800000000000012e-07 -8.243123119372475e-03 
 1.801000000000012e-07 -1.143311157771620e-02 
 1.802000000000013e-07 -1.457810057755227e-02 
 1.803000000000013e-07 -1.766543177042856e-02 
 1.804000000000013e-07 -2.068297299107646e-02 
 1.805000000000013e-07 -2.361868425784053e-02 
 1.806000000000013e-07 -2.646113368156988e-02 
 1.807000000000013e-07 -2.919900923671448e-02 
 1.808000000000013e-07 -3.182158785896516e-02 
 1.809000000000013e-07 -3.431849163569334e-02 
 1.810000000000013e-07 -3.667989943693217e-02 
 1.811000000000013e-07 -3.889650546129286e-02 
 1.812000000000013e-07 -4.095956907086151e-02 
 1.813000000000013e-07 -4.286098380167602e-02 
 1.814000000000013e-07 -4.459323997472531e-02 
 1.815000000000014e-07 -4.614954567804652e-02 
 1.816000000000014e-07 -4.752374636591239e-02 
 1.817000000000014e-07 -4.871046358738007e-02 
 1.818000000000014e-07 -4.970499706095288e-02 
 1.819000000000014e-07 -5.050346139157136e-02 
 1.820000000000014e-07 -5.110268505279847e-02 
 1.821000000000014e-07 -5.150033399680365e-02 
 1.822000000000014e-07 -5.169481527669828e-02 
 1.823000000000014e-07 -5.168538186938698e-02 
 1.824000000000014e-07 -5.147204450281562e-02 
 1.825000000000014e-07 -5.105565538030055e-02 
 1.826000000000014e-07 -5.043782923017526e-02 
 1.827000000000014e-07 -4.962100572170747e-02 
 1.828000000000015e-07 -4.860837925014549e-02 
 1.829000000000015e-07 -4.740394106741386e-02 
 1.830000000000015e-07 -4.601241651691845e-02 
 1.831000000000015e-07 -4.443928860788882e-02 
 1.832000000000015e-07 -4.269074107137638e-02 
 1.833000000000015e-07 -4.077366541068450e-02 
 1.834000000000015e-07 -3.869560815380035e-02 
 1.835000000000015e-07 -3.646476352228367e-02 
 1.836000000000015e-07 -3.408992341170247e-02 
 1.837000000000015e-07 -3.158045778052521e-02 
 1.838000000000015e-07 -2.894626617544627e-02 
 1.839000000000015e-07 -2.619774786697127e-02 
 1.840000000000015e-07 -2.334575406029527e-02 
 1.841000000000015e-07 -2.040154966161145e-02 
 1.842000000000016e-07 -1.737676566183266e-02 
 1.843000000000016e-07 -1.428335428661764e-02 
 1.844000000000016e-07 -1.113354137840794e-02 
 1.845000000000016e-07 -7.939776540132337e-03 
 1.846000000000016e-07 -4.714685618886438e-03 
 1.847000000000016e-07 -1.471017346254877e-03 
 1.848000000000016e-07  1.778403720211319e-03 
 1.849000000000016e-07  5.020732658872928e-03 
 1.850000000000016e-07  8.243123138612640e-03 
 1.851000000000016e-07  1.143311159780036e-02 
 1.852000000000016e-07  1.457810059830411e-02 
 1.853000000000016e-07  1.766543179093660e-02 
 1.854000000000016e-07  2.068297301226041e-02 
 1.855000000000017e-07  2.361868427817559e-02 
 1.856000000000017e-07  2.646113370188119e-02 
 1.857000000000017e-07  2.919900925700225e-02 
 1.858000000000017e-07  3.182158788067424e-02 
 1.859000000000017e-07  3.431849165762246e-02 
 1.860000000000017e-07  3.667989945996597e-02 
 1.861000000000017e-07  3.889650548462686e-02 
 1.862000000000017e-07  4.095956909324405e-02 
 1.863000000000017e-07  4.286098382330050e-02 
 1.864000000000017e-07  4.459323999680809e-02 
 1.865000000000017e-07  4.614954570139518e-02 
 1.866000000000017e-07  4.752374638960255e-02 
 1.867000000000017e-07  4.871046361029197e-02 
 1.868000000000018e-07  4.970499708361764e-02 
 1.869000000000018e-07  5.050346141435913e-02 
 1.870000000000018e-07  5.110268507502980e-02 
 1.871000000000018e-07  5.150033401867460e-02 
 1.872000000000018e-07  5.169481529821685e-02 
 1.873000000000018e-07  5.168538189236993e-02 
 1.874000000000018e-07  5.147204452699183e-02 
 1.875000000000018e-07  5.105565540496126e-02 
 1.876000000000018e-07  5.043782925412610e-02 
 1.877000000000018e-07  4.962100574545136e-02 
 1.878000000000018e-07  4.860837927248629e-02 
 1.879000000000018e-07  4.740394108925816e-02 
 1.880000000000018e-07  4.601241653951349e-02 
 1.881000000000018e-07  4.443928863051383e-02 
 1.882000000000019e-07  4.269074109215931e-02 
 1.883000000000019e-07  4.077366542939020e-02 
 1.884000000000019e-07  3.869560817284956e-02 
 1.885000000000019e-07  3.646476354203543e-02 
 1.886000000000019e-07  3.408992343126749e-02 
 1.887000000000019e-07  3.158045779891716e-02 
 1.888000000000019e-07  2.894626619385154e-02 
 1.889000000000019e-07  2.619774788523355e-02 
 1.890000000000019e-07  2.334575407932160e-02 
 1.891000000000019e-07  2.040154968131502e-02 
 1.892000000000019e-07  1.737676568205537e-02 
 1.893000000000019e-07  1.428335430833116e-02 
 1.894000000000019e-07  1.113354139972533e-02 
 1.895000000000020e-07  7.939776561179945e-03 
 1.896000000000020e-07  4.714685637605465e-03 
 1.897000000000020e-07  1.471017363109617e-03 
 1.898000000000020e-07 -1.778403702213049e-03 
 1.899000000000020e-07 -5.020732640682590e-03 
 1.900000000000020e-07 -8.243123120027507e-03 
 1.901000000000020e-07 -1.143311157926696e-02 
 1.902000000000020e-07 -1.457810057876308e-02 
 1.903000000000020e-07 -1.766543177018609e-02 
 1.904000000000020e-07 -2.068297299045674e-02 
 1.905000000000020e-07 -2.361868425751767e-02 
 1.906000000000020e-07 -2.646113368090530e-02 
 1.907000000000020e-07 -2.919900923610563e-02 
 1.908000000000021e-07 -3.182158785973765e-02 
 1.909000000000021e-07 -3.431849163679623e-02 
 1.910000000000021e-07 -3.667989943868322e-02 
 1.911000000000021e-07 -3.889650546335854e-02 
 1.912000000000021e-07 -4.095956907277265e-02 
 1.913000000000021e-07 -4.286098380361758e-02 
 1.914000000000021e-07 -4.459323997639819e-02 
 1.915000000000021e-07 -4.614954567997187e-02 
 1.916000000000021e-07 -4.752374636745027e-02 
 1.917000000000021e-07 -4.871046358840214e-02 
 1.918000000000021e-07 -4.970499706245213e-02 
 1.919000000000021e-07 -5.050346139287476e-02 
 1.920000000000021e-07 -5.110268505397819e-02 
 1.921000000000022e-07 -5.150033399781995e-02 
 1.922000000000022e-07 -5.169481527759623e-02 
 1.923000000000022e-07 -5.168538187097815e-02 
 1.924000000000022e-07 -5.147204450297349e-02 
 1.925000000000022e-07 -5.105565538029455e-02 
 1.926000000000022e-07 -5.043782923015661e-02 
 1.927000000000022e-07 -4.962100572256678e-02 
 1.928000000000022e-07 -4.860837924954287e-02 
 1.929000000000022e-07 -4.740394106585333e-02 
 1.930000000000022e-07 -4.601241651622967e-02 
 1.931000000000022e-07 -4.443928860796786e-02 
 1.932000000000022e-07 -4.269074107203363e-02 
 1.933000000000022e-07 -4.077366541129046e-02 
 1.934000000000022e-07 -3.869560815369155e-02 
 1.935000000000023e-07 -3.646476352254968e-02 
 1.936000000000023e-07 -3.408992341093131e-02 
 1.937000000000023e-07 -3.158045777962548e-02 
 1.938000000000023e-07 -2.894626617338214e-02 
 1.939000000000023e-07 -2.619774786504192e-02 
 1.940000000000023e-07 -2.334575405809347e-02 
 1.941000000000023e-07 -2.040154965882035e-02 
 1.942000000000023e-07 -1.737676565960622e-02 
 1.943000000000023e-07 -1.428335428689320e-02 
 1.944000000000023e-07 -1.113354137855715e-02 
 1.945000000000023e-07 -7.939776540290211e-03 
 1.946000000000023e-07 -4.714685618323333e-03 
 1.947000000000023e-07 -1.471017344606640e-03 
 1.948000000000024e-07  1.778403720828381e-03 
 1.949000000000024e-07  5.020732658455707e-03 
 1.950000000000024e-07  8.243123137362085e-03 
 1.951000000000024e-07  1.143311159629712e-02 
 1.952000000000024e-07  1.457810059644382e-02 
 1.953000000000024e-07  1.766543178903501e-02 
 1.954000000000024e-07  2.068297300993782e-02 
 1.955000000000024e-07  2.361868427566494e-02 
 1.956000000000024e-07  2.646113369983438e-02 
 1.957000000000024e-07  2.919900925417918e-02 
 1.958000000000024e-07  3.182158787827016e-02 
 1.959000000000024e-07  3.431849165593803e-02 
 1.960000000000024e-07  3.667989945919170e-02 
 1.961000000000025e-07  3.889650548329526e-02 
 1.962000000000025e-07  4.095956909242604e-02 
 1.963000000000025e-07  4.286098382185854e-02 
 1.964000000000025e-07  4.459323999533749e-02 
 1.965000000000025e-07  4.614954570064866e-02 
 1.966000000000025e-07  4.752374638935430e-02 
 1.967000000000025e-07  4.871046361073872e-02 
 1.968000000000025e-07  4.970499708496390e-02 
 1.969000000000025e-07  5.050346141438533e-02 
 1.970000000000025e-07  5.110268507413140e-02 
 1.971000000000025e-07  5.150033401711851e-02 
 1.972000000000025e-07  5.169481529658904e-02 
 1.973000000000025e-07  5.168538189069105e-02 
 1.974000000000025e-07  5.147204452465859e-02 
 1.975000000000026e-07  5.105565540281987e-02 
 1.976000000000026e-07  5.043782925210394e-02 
 1.977000000000026e-07  4.962100574439132e-02 
 1.978000000000026e-07  4.860837927282291e-02 
 1.979000000000026e-07  4.740394109090307e-02 
 1.980000000000026e-07  4.601241654030108e-02 
 1.981000000000026e-07  4.443928863045166e-02 
 1.982000000000026e-07  4.269074109158177e-02 
 1.983000000000026e-07  4.077366542947658e-02 
 1.984000000000026e-07  3.869560817208750e-02 
 1.985000000000026e-07  3.646476354267869e-02 
 1.986000000000026e-07  3.408992343170580e-02 
 1.987000000000026e-07  3.158045779899532e-02 
 1.988000000000027e-07  2.894626619321139e-02 
 1.989000000000027e-07  2.619774788486873e-02 
 1.990000000000027e-07  2.334575408031769e-02 
 1.991000000000027e-07  2.040154968409746e-02 
 1.992000000000027e-07  1.737676568406532e-02 
 1.993000000000027e-07  1.428335431001915e-02 
 1.994000000000027e-07  1.113354140244782e-02 
 1.995000000000027e-07  7.939776563091971e-03 
 1.996000000000027e-07  4.714685640031746e-03 
 1.997000000000027e-07  1.471017365969995e-03 
 1.998000000000027e-07 -1.778403699281839e-03 
 1.999000000000027e-07 -5.020732638282510e-03 
 2.000000000000027e-07 -8.243123118282014e-03 
 2.001000000000028e-07 -1.143311157888593e-02 
 2.002000000000028e-07 -1.457810057851616e-02 
 2.003000000000028e-07 -1.766543177159319e-02 
 2.004000000000028e-07 -2.068297299255306e-02 
 2.005000000000028e-07 -2.361868426033542e-02 
 2.006000000000028e-07 -2.646113368399150e-02 
 2.007000000000028e-07 -2.919900923826546e-02 
 2.008000000000028e-07 -3.182158786082612e-02 
 2.009000000000028e-07 -3.431849163672585e-02 
 2.010000000000028e-07 -3.667989943866390e-02 
 2.011000000000028e-07 -3.889650546361811e-02 
 2.012000000000028e-07 -4.095956907299736e-02 
 2.013000000000028e-07 -4.286098380423531e-02 
 2.014000000000028e-07 -4.459323997666664e-02 
 2.015000000000029e-07 -4.614954568096929e-02 
 2.016000000000029e-07 -4.752374636870993e-02 
 2.017000000000029e-07 -4.871046358966602e-02 
 2.018000000000029e-07 -4.970499706323617e-02 
 2.019000000000029e-07 -5.050346139449702e-02 
 2.020000000000029e-07 -5.110268505548587e-02 
 2.021000000000029e-07 -5.150033399909959e-02 
 2.022000000000029e-07 -5.169481527855169e-02 
 2.023000000000029e-07 -5.168538187032956e-02 
 2.024000000000029e-07 -5.147204450269549e-02 
 2.025000000000029e-07 -5.105565537999723e-02 
 2.026000000000029e-07 -5.043782922994788e-02 
 2.027000000000029e-07 -4.962100572277861e-02 
 2.028000000000030e-07 -4.860837925204797e-02 
 2.029000000000030e-07 -4.740394106880763e-02 
 2.030000000000030e-07 -4.601241651897214e-02 
 2.031000000000030e-07 -4.443928861001623e-02 
 2.032000000000030e-07 -4.269074107317472e-02 
 2.033000000000030e-07 -4.077366541153915e-02 
 2.034000000000030e-07 -3.869560815324036e-02 
 2.035000000000030e-07 -3.646476352368255e-02 
 2.036000000000030e-07 -3.408992341217787e-02 
 2.037000000000030e-07 -3.158045778015550e-02 
 2.038000000000030e-07 -2.894626617391172e-02 
 2.039000000000030e-07 -2.619774786572360e-02 
 2.040000000000030e-07 -2.334575405998529e-02 
 2.041000000000031e-07 -2.040154966043195e-02 
 2.042000000000031e-07 -1.737676566027968e-02 
 2.043000000000031e-07 -1.428335428597016e-02 
 2.044000000000031e-07 -1.113354137792499e-02 
 2.045000000000031e-07 -7.939776539785726e-03 
 2.046000000000031e-07 -4.714685616704628e-03 
 2.047000000000031e-07 -1.471017343491532e-03 
 2.048000000000031e-07  1.778403722250133e-03 
 2.049000000000031e-07  5.020732660505622e-03 
 2.050000000000031e-07  8.243123139106912e-03 
 2.051000000000031e-07  1.143311159741867e-02 
 2.052000000000031e-07  1.457810059769593e-02 
 2.053000000000031e-07  1.766543179097857e-02 
 2.054000000000031e-07  2.068297301139865e-02 
 2.055000000000032e-07  2.361868427840541e-02 
 2.056000000000032e-07  2.646113370100456e-02 
 2.057000000000032e-07  2.919900925556651e-02 
 2.058000000000032e-07  3.182158788011646e-02 
 2.059000000000032e-07  3.431849165833833e-02 
 2.060000000000032e-07  3.667989946084083e-02 
 2.061000000000032e-07  3.889650548538404e-02 
 2.062000000000032e-07  4.095956909430720e-02 
 2.063000000000032e-07  4.286098382282488e-02 
 2.064000000000032e-07  4.459323999572762e-02 
 2.065000000000032e-07  4.614954570124241e-02 
 2.066000000000032e-07  4.752374639022516e-02 
 2.067000000000032e-07  4.871046361049025e-02 
 2.068000000000033e-07  4.970499708393827e-02 
 2.069000000000033e-07  5.050346141541273e-02 
 2.070000000000033e-07  5.110268507612425e-02 
 2.071000000000033e-07  5.150033401945087e-02 
 2.072000000000033e-07  5.169481529853082e-02 
 2.073000000000033e-07  5.168538189189964e-02 
 2.074000000000033e-07  5.147204452590115e-02 
 2.075000000000033e-07  5.105565540331414e-02 
 2.076000000000033e-07  5.043782925218943e-02 
 2.077000000000033e-07  4.962100574446460e-02 
 2.078000000000033e-07  4.860837927058315e-02 
 2.079000000000033e-07  4.740394108786883e-02 
 2.080000000000033e-07  4.601241653739496e-02 
 2.081000000000034e-07  4.443928862820390e-02 
 2.082000000000034e-07  4.269074109031856e-02 
 2.083000000000034e-07  4.077366542949701e-02 
 2.084000000000034e-07  3.869560817253626e-02 
 2.085000000000034e-07  3.646476354247108e-02 
 2.086000000000034e-07  3.408992343093531e-02 
 2.087000000000034e-07  3.158045779852903e-02 
 2.088000000000034e-07  2.894626619215690e-02 
 2.089000000000034e-07  2.619774788452811e-02 
 2.090000000000034e-07  2.334575408009809e-02 
 2.091000000000034e-07  2.040154968351704e-02 
 2.092000000000034e-07  1.737676568450053e-02 
 2.093000000000034e-07  1.428335431061889e-02 
 2.094000000000035e-07  1.113354140246114e-02 
 2.095000000000035e-07  7.939776563421930e-03 
 2.096000000000035e-07  4.714685639885197e-03 
 2.097000000000035e-07  1.471017365107574e-03 
 2.098000000000035e-07 -1.778403701346853e-03 
 2.099000000000035e-07 -5.020732640302672e-03 
 2.100000000000035e-07 -8.243123119593854e-03 
 2.101000000000035e-07 -1.143311157857685e-02 
 2.102000000000035e-07 -1.457810057893028e-02 
 2.103000000000035e-07 -1.766543177130986e-02 
 2.104000000000035e-07 -2.068297299226107e-02 
 2.105000000000035e-07 -2.361868425861391e-02 
 2.106000000000035e-07 -2.646113368159786e-02 
 2.107000000000035e-07 -2.919900923620733e-02 
 2.108000000000036e-07 -3.182158785824685e-02 
 2.109000000000036e-07 -3.431849163615519e-02 
 2.110000000000036e-07 -3.667989943932159e-02 
 2.111000000000036e-07 -3.889650546442258e-02 
 2.112000000000036e-07 -4.095956907502041e-02 
 2.113000000000036e-07 -4.286098380508396e-02 
 2.114000000000036e-07 -4.459323997898923e-02 
 2.115000000000036e-07 -4.614954568224183e-02 
 2.116000000000036e-07 -4.752374636926726e-02 
 2.117000000000036e-07 -4.871046358848785e-02 
 2.118000000000036e-07 -4.970499706177556e-02 
 2.119000000000036e-07 -5.050346139162665e-02 
 2.120000000000036e-07 -5.110268505227888e-02 
 2.121000000000037e-07 -5.150033399639975e-02 
 2.122000000000037e-07 -5.169481527596198e-02 
 2.123000000000037e-07 -5.168538186974692e-02 
 2.124000000000037e-07 -5.147204450271015e-02 
 2.125000000000037e-07 -5.105565538047840e-02 
 2.126000000000037e-07 -5.043782923045548e-02 
 2.127000000000037e-07 -4.962100572200767e-02 
 2.128000000000037e-07 -4.860837925013750e-02 
 2.129000000000037e-07 -4.740394106768964e-02 
 2.130000000000037e-07 -4.601241651638377e-02 
 2.131000000000037e-07 -4.443928860760615e-02 
 2.132000000000037e-07 -4.269074107130999e-02 
 2.133000000000037e-07 -4.077366541052641e-02 
 2.134000000000038e-07 -3.869560815322748e-02 
 2.135000000000038e-07 -3.646476352181649e-02 
 2.136000000000038e-07 -3.408992341153727e-02 
 2.137000000000038e-07 -3.158045778103413e-02 
 2.138000000000038e-07 -2.894626617552176e-02 
 2.139000000000038e-07 -2.619774786646678e-02 
 2.140000000000038e-07 -2.334575406036699e-02 
 2.141000000000038e-07 -2.040154966123287e-02 
 2.142000000000038e-07 -1.737676566157864e-02 
 2.143000000000038e-07 -1.428335428689165e-02 
 2.144000000000038e-07 -1.113354137863265e-02 
 2.145000000000038e-07 -7.939776540148991e-03 
 2.146000000000038e-07 -4.714685618254055e-03 
 2.147000000000038e-07 -1.471017345621828e-03 
 2.148000000000039e-07  1.778403719984833e-03 
 2.149000000000039e-07  5.020732658752802e-03 
 2.150000000000039e-07  8.243123138462760e-03 
 2.151000000000039e-07  1.143311159802218e-02 
 2.152000000000039e-07  1.457810059832232e-02 
 2.153000000000039e-07  1.766543179094593e-02 
 2.154000000000039e-07  2.068297301090039e-02 
 2.155000000000039e-07  2.361868427908842e-02 
 2.156000000000039e-07  2.646113370206682e-02 
 2.157000000000039e-07  2.919900925735930e-02 
 2.158000000000039e-07  3.182158788045530e-02 
 2.159000000000039e-07  3.431849165783230e-02 
 2.160000000000039e-07  3.667989945973837e-02 
 2.161000000000040e-07  3.889650548457557e-02 
 2.162000000000040e-07  4.095956909400034e-02 
 2.163000000000040e-07  4.286098382361425e-02 
 2.164000000000040e-07  4.459323999637443e-02 
 2.165000000000040e-07  4.614954570116048e-02 
 2.166000000000040e-07  4.752374638955059e-02 
 2.167000000000040e-07  4.871046361024156e-02 
 2.168000000000040e-07  4.970499708371556e-02 
 2.169000000000040e-07  5.050346141456696e-02 
 2.170000000000040e-07  5.110268507477378e-02 
 2.171000000000040e-07  5.150033401870413e-02 
 2.172000000000040e-07  5.169481529805675e-02 
 2.173000000000040e-07  5.168538189110961e-02 
 2.174000000000041e-07  5.147204452392962e-02 
 2.175000000000041e-07  5.105565540134327e-02 
 2.176000000000041e-07  5.043782925071327e-02 
 2.177000000000041e-07  4.962100574375650e-02 
 2.178000000000041e-07  4.860837927120598e-02 
 2.179000000000041e-07  4.740394108900237e-02 
 2.180000000000041e-07  4.601241653825494e-02 
 2.181000000000041e-07  4.443928862829560e-02 
 2.182000000000041e-07  4.269074109086568e-02 
 2.183000000000041e-07  4.077366542901317e-02 
 2.184000000000041e-07  3.869560817095752e-02 
 2.185000000000041e-07  3.646476354121719e-02 
 2.186000000000041e-07  3.408992343021167e-02 
 2.187000000000041e-07  3.158045779715457e-02 
 2.188000000000042e-07  2.894626619091523e-02 
 2.189000000000042e-07  2.619774788257812e-02 
 2.190000000000042e-07  2.334575407811745e-02 
 2.191000000000042e-07  2.040154968085583e-02 
 2.192000000000042e-07  1.737676568192592e-02 
 2.193000000000042e-07  1.428335430788374e-02 
 2.194000000000042e-07  1.113354140011902e-02 
 2.195000000000042e-07  7.939776561501244e-03 
 2.196000000000042e-07  4.714685637957405e-03 
 2.197000000000042e-07  1.471017364068405e-03 
 2.198000000000042e-07 -1.778403702002773e-03 
 2.199000000000042e-07 -5.020732639378078e-03 
 2.200000000000042e-07 -8.243123118651496e-03 
 2.201000000000043e-07 -1.143311157788141e-02 
 2.202000000000043e-07 -1.457810057858744e-02 
 2.203000000000043e-07 -1.766543177175439e-02 
 2.204000000000043e-07 -2.068297299303468e-02 
 2.205000000000043e-07 -2.361868425980029e-02 
 2.206000000000043e-07 -2.646113368402836e-02 
 2.207000000000043e-07 -2.919900923887053e-02 
 2.208000000000043e-07 -3.182158786153377e-02 
 2.209000000000043e-07 -3.431849163752387e-02 
 2.210000000000043e-07 -3.667989943963623e-02 
 2.211000000000043e-07 -3.889650546373469e-02 
 2.212000000000043e-07 -4.095956907351894e-02 
 2.213000000000043e-07 -4.286098380372905e-02 
 2.214000000000044e-07 -4.459323997681319e-02 
 2.215000000000044e-07 -4.614954568090224e-02 
 2.216000000000044e-07 -4.752374636855672e-02 
 2.217000000000044e-07 -4.871046358919906e-02 
 2.218000000000044e-07 -4.970499706247344e-02 
 2.219000000000044e-07 -5.050346139276884e-02 
 2.220000000000044e-07 -5.110268505329296e-02 
 2.221000000000044e-07 -5.150033399740428e-02 
 2.222000000000044e-07 -5.169481527718167e-02 
 2.223000000000044e-07 -5.168538186915761e-02 
 2.224000000000044e-07 -5.147204450299925e-02 
 2.225000000000044e-07 -5.105565538143386e-02 
 2.226000000000044e-07 -5.043782923141937e-02 
 2.227000000000044e-07 -4.962100572440864e-02 
 2.228000000000045e-07 -4.860837925141004e-02 
 2.229000000000045e-07 -4.740394106909185e-02 
 2.230000000000045e-07 -4.601241651751509e-02 
 2.231000000000045e-07 -4.443928860862467e-02 
 2.232000000000045e-07 -4.269074107198634e-02 
 2.233000000000045e-07 -4.077366541087590e-02 
 2.234000000000045e-07 -3.869560815307049e-02 
 2.235000000000045e-07 -3.646476352190398e-02 
 2.236000000000045e-07 -3.408992341080785e-02 
 2.237000000000045e-07 -3.158045777984708e-02 
 2.238000000000045e-07 -2.894626617380713e-02 
 2.239000000000045e-07 -2.619774786672613e-02 
 2.240000000000045e-07 -2.334575406078887e-02 
 2.241000000000046e-07 -2.040154966229313e-02 
 2.242000000000046e-07 -1.737676566228519e-02 
 2.243000000000046e-07 -1.428335428745386e-02 
 2.244000000000046e-07 -1.113354137894174e-02 
 2.245000000000046e-07 -7.939776541409760e-03 
 2.246000000000046e-07 -4.714685619364278e-03 
 2.247000000000046e-07 -1.471017346717396e-03 
 2.248000000000046e-07  1.778403719309374e-03 
 2.249000000000046e-07  5.020732657163407e-03 
 2.250000000000046e-07  8.243123136430164e-03 
 2.251000000000046e-07  1.143311159569915e-02 
 2.252000000000046e-07  1.457810059591846e-02 
 2.253000000000046e-07  1.766543178969249e-02 
 2.254000000000047e-07  2.068297301107647e-02 
 2.255000000000047e-07  2.361868427793001e-02 
 2.256000000000047e-07  2.646113370169223e-02 
 2.257000000000047e-07  2.919900925628593e-02 
 2.258000000000047e-07  3.182158788052547e-02 
 2.259000000000047e-07  3.431849165807033e-02 
 2.260000000000047e-07  3.667989946042560e-02 
 2.261000000000047e-07  3.889650548385681e-02 
 2.262000000000047e-07  4.095956909234633e-02 
 2.263000000000047e-07  4.286098382243431e-02 
 2.264000000000047e-07  4.459323999635578e-02 
 2.265000000000047e-07  4.614954570079211e-02 
 2.266000000000047e-07  4.752374638921508e-02 
 2.267000000000047e-07  4.871046360878473e-02 
 2.268000000000048e-07  4.970499708254228e-02 
 2.269000000000048e-07  5.050346141360684e-02 
 2.270000000000048e-07  5.110268507382676e-02 
 2.271000000000048e-07  5.150033401730192e-02 
 2.272000000000048e-07  5.169481529657505e-02 
 2.273000000000048e-07  5.168538188919780e-02 
 2.274000000000048e-07  5.147204452315024e-02 
 2.275000000000048e-07  5.105565540227452e-02 
 2.276000000000048e-07  5.043782925213058e-02 
 2.277000000000048e-07  4.962100574520756e-02 
 2.278000000000048e-07  4.860837927278072e-02 
 2.279000000000048e-07  4.740394108931634e-02 
 2.280000000000048e-07  4.601241653934540e-02 
 2.281000000000049e-07  4.443928863058644e-02 
 2.282000000000049e-07  4.269074109258408e-02 
 2.283000000000049e-07  4.077366542997929e-02 
 2.284000000000049e-07  3.869560817191009e-02 
 2.285000000000049e-07  3.646476354178740e-02 
 2.286000000000049e-07  3.408992343045147e-02 
 2.287000000000049e-07  3.158045779902374e-02 
 2.288000000000049e-07  2.894626619333929e-02 
 2.289000000000049e-07  2.619774788477880e-02 
 2.290000000000049e-07  2.334575407938133e-02 
 2.291000000000049e-07  2.040154968147245e-02 
 2.292000000000049e-07  1.737676568232605e-02 
 2.293000000000049e-07  1.428335430820438e-02 
 2.294000000000050e-07  1.113354140005640e-02 
 2.295000000000050e-07  7.939776561368461e-03 
 2.296000000000050e-07  4.714685639268357e-03 
 2.297000000000050e-07  1.471017365698657e-03 
 2.298000000000050e-07 -1.778403701035103e-03 
 2.299000000000050e-07 -5.020732638997050e-03 
 2.300000000000050e-07 -8.243123117103401e-03 
 2.301000000000050e-07 -1.143311157600602e-02 
 2.302000000000050e-07 -1.457810057671605e-02 
 2.303000000000050e-07 -1.766543177036262e-02 
 2.304000000000050e-07 -2.068297299222666e-02 
 2.305000000000050e-07 -2.361868425960134e-02 
 2.306000000000050e-07 -2.646113368337533e-02 
 2.307000000000051e-07 -2.919900923781715e-02 
 2.308000000000051e-07 -3.182158786030498e-02 
 2.309000000000051e-07 -3.431849163833056e-02 
 2.310000000000051e-07 -3.667989943992467e-02 
 2.311000000000051e-07 -3.889650546399048e-02 
 2.312000000000051e-07 -4.095956907352583e-02 
 2.313000000000051e-07 -4.286098380367620e-02 
 2.314000000000051e-07 -4.459323997684339e-02 
 2.315000000000051e-07 -4.614954568058782e-02 
 2.316000000000051e-07 -4.752374636894774e-02 
 2.317000000000051e-07 -4.871046358919329e-02 
 2.318000000000051e-07 -4.970499706372133e-02 
 2.319000000000051e-07 -5.050346139408401e-02 
 2.320000000000051e-07 -5.110268505318194e-02 
 2.321000000000052e-07 -5.150033399641796e-02 
 2.322000000000052e-07 -5.169481527595643e-02 
 2.323000000000052e-07 -5.168538186811333e-02 
 2.324000000000052e-07 -5.147204450105436e-02 
 2.325000000000052e-07 -5.105565537925894e-02 
 2.326000000000052e-07 -5.043782922970674e-02 
 2.327000000000052e-07 -4.962100572247108e-02 
 2.328000000000052e-07 -4.860837924957595e-02 
 2.329000000000052e-07 -4.740394106677104e-02 
 2.330000000000052e-07 -4.601241651691046e-02 
 2.331000000000052e-07 -4.443928860871149e-02 
 2.332000000000052e-07 -4.269074107047821e-02 
 2.333000000000052e-07 -4.077366540956051e-02 
 2.334000000000053e-07 -3.869560815226114e-02 
 2.335000000000053e-07 -3.646476352170347e-02 
 2.336000000000053e-07 -3.408992341063133e-02 
 2.337000000000053e-07 -3.158045777924401e-02 
 2.338000000000053e-07 -2.894626617341878e-02 
 2.339000000000053e-07 -2.619774786483853e-02 
 2.340000000000053e-07 -2.334575405779926e-02 
 2.341000000000053e-07 -2.040154965871332e-02 
 2.342000000000053e-07 -1.737676566026769e-02 
 2.343000000000053e-07 -1.428335428661365e-02 
 2.344000000000053e-07 -1.113354137889244e-02 
 2.345000000000053e-07 -7.939776540876853e-03 
 2.346000000000053e-07 -4.714685618282921e-03 
 2.347000000000054e-07 -1.471017344842451e-03 
 2.348000000000054e-07  1.778403720774868e-03 
 2.349000000000054e-07  5.020732658600480e-03 
 2.350000000000054e-07  8.243123138180319e-03 
 2.351000000000054e-07  1.143311159749327e-02 
 2.352000000000054e-07  1.457810059798481e-02 
 2.353000000000054e-07  1.766543179162561e-02 
 2.354000000000054e-07  2.068297301323918e-02 
 2.355000000000054e-07  2.361868428049929e-02 
 2.356000000000054e-07  2.646113370328251e-02 
 2.357000000000054e-07  2.919900925730223e-02 
 2.358000000000054e-07  3.182158788083944e-02 
 2.359000000000054e-07  3.431849165804524e-02 
 2.360000000000054e-07  3.667989945961692e-02 
 2.361000000000055e-07  3.889650548413814e-02 
 2.362000000000055e-07  4.095956909203591e-02 
 2.363000000000055e-07  4.286098382261017e-02 
 2.364000000000055e-07  4.459323999576115e-02 
 2.365000000000055e-07  4.614954570105656e-02 
 2.366000000000055e-07  4.752374638932966e-02 
 2.367000000000055e-07  4.871046360906650e-02 
 2.368000000000055e-07  4.970499708200271e-02 
 2.369000000000055e-07  5.050346141356177e-02 
 2.370000000000055e-07  5.110268507486149e-02 
 2.371000000000055e-07  5.150033401941578e-02 
 2.372000000000055e-07  5.169481529919873e-02 
 2.373000000000055e-07  5.168538189322880e-02 
 2.374000000000056e-07  5.147204452649912e-02 
 2.375000000000056e-07  5.105565540358525e-02 
 2.376000000000056e-07  5.043782925204932e-02 
 2.377000000000056e-07  4.962100574293093e-02 
 2.378000000000056e-07  4.860837927038109e-02 
 2.379000000000056e-07  4.740394108760926e-02 
 2.380000000000056e-07  4.601241653770871e-02 
 2.381000000000056e-07  4.443928862867175e-02 
 2.382000000000056e-07  4.269074109019710e-02 
 2.383000000000056e-07  4.077366542822625e-02 
 2.384000000000056e-07  3.869560817151174e-02 
 2.385000000000056e-07  3.646476354021955e-02 
 2.386000000000056e-07  3.408992342916961e-02 
 2.387000000000057e-07  3.158045779791907e-02 
 2.388000000000057e-07  2.894626619279639e-02 
 2.389000000000057e-07  2.619774788524776e-02 
 2.390000000000057e-07  2.334575408056594e-02 
 2.391000000000057e-07  2.040154968378882e-02 
 2.392000000000057e-07  1.737676568430491e-02 
 2.393000000000057e-07  1.428335430845395e-02 
 2.394000000000057e-07  1.113354140088374e-02 
 2.395000000000057e-07  7.939776563565371e-03 
 2.396000000000057e-07  4.714685641109995e-03 
 2.397000000000057e-07  1.471017366482474e-03 
 2.398000000000057e-07 -1.778403699745912e-03 
 2.399000000000057e-07 -5.020732639235082e-03 
 2.400000000000057e-07 -8.243123119136442e-03 
 2.401000000000058e-07 -1.143311157838012e-02 
 2.402000000000058e-07 -1.457810057823838e-02 
 2.403000000000058e-07 -1.766543177090441e-02 
 2.404000000000058e-07 -2.068297299224886e-02 
 2.405000000000058e-07 -2.361868425937930e-02 
 2.406000000000058e-07 -2.646113368338510e-02 
 2.407000000000058e-07 -2.919900923794327e-02 
 2.408000000000058e-07 -3.182158786016687e-02 
 2.409000000000058e-07 -3.431849163677536e-02 
 2.410000000000058e-07 -3.667989943869965e-02 
 2.411000000000058e-07 -3.889650546313539e-02 
 2.412000000000058e-07 -4.095956907270315e-02 
 2.413000000000058e-07 -4.286098380383008e-02 
 2.414000000000059e-07 -4.459323997751996e-02 
 2.415000000000059e-07 -4.614954568042773e-02 
 2.416000000000059e-07 -4.752374636851209e-02 
 2.417000000000059e-07 -4.871046358948772e-02 
 2.418000000000059e-07 -4.970499706343001e-02 
 2.419000000000059e-07 -5.050346139400697e-02 
 2.420000000000059e-07 -5.110268505384719e-02 
 2.421000000000059e-07 -5.150033399704634e-02 
 2.422000000000059e-07 -5.169481527738928e-02 
 2.423000000000059e-07 -5.168538187150196e-02 
 2.424000000000059e-07 -5.147204450382570e-02 
 2.425000000000059e-07 -5.105565538107593e-02 
 2.426000000000059e-07 -5.043782923126128e-02 
 2.427000000000060e-07 -4.962100572348849e-02 
 2.428000000000060e-07 -4.860837925177819e-02 
 2.429000000000060e-07 -4.740394106826540e-02 
 2.430000000000060e-07 -4.601241651671772e-02 
 2.431000000000060e-07 -4.443928860859447e-02 
 2.432000000000060e-07 -4.269074107265247e-02 
 2.433000000000060e-07 -4.077366541013161e-02 
 2.434000000000060e-07 -3.869560815244943e-02 
 2.435000000000060e-07 -3.646476352234540e-02 
 2.436000000000060e-07 -3.408992341056938e-02 
 2.437000000000060e-07 -3.158045777965879e-02 
 2.438000000000060e-07 -2.894626617298734e-02 
 2.439000000000060e-07 -2.619774786474238e-02 
 2.440000000000060e-07 -2.334575406013517e-02 
 2.441000000000061e-07 -2.040154966173713e-02 
 2.442000000000061e-07 -1.737676566111190e-02 
 2.443000000000061e-07 -1.428335428681571e-02 
 2.444000000000061e-07 -1.113354137901368e-02 
 2.445000000000061e-07 -7.939776540731636e-03 
 2.446000000000061e-07 -4.714685617875247e-03 
 2.447000000000061e-07 -1.471017345064052e-03 
 2.448000000000061e-07  1.778403720707811e-03 
 2.449000000000061e-07  5.020732658551186e-03 
 2.450000000000061e-07  8.243123137304575e-03 
 2.451000000000061e-07  1.143311159692839e-02 
 2.452000000000061e-07  1.457810059838582e-02 
 2.453000000000061e-07  1.766543179124103e-02 
 2.454000000000062e-07  2.068297301366284e-02 
 2.455000000000062e-07  2.361868427999259e-02 
 2.456000000000062e-07  2.646113370234460e-02 
 2.457000000000062e-07  2.919900925589980e-02 
 2.458000000000062e-07  3.182158787897849e-02 
 2.459000000000062e-07  3.431849165723877e-02 
 2.460000000000062e-07  3.667989945979455e-02 
 2.461000000000062e-07  3.889650548434842e-02 
 2.462000000000062e-07  4.095956909349496e-02 
 2.463000000000062e-07  4.286098382327186e-02 
 2.464000000000062e-07  4.459323999698617e-02 
 2.465000000000062e-07  4.614954570254470e-02 
 2.466000000000062e-07  4.752374639096590e-02 
 2.467000000000063e-07  4.871046361117903e-02 
 2.468000000000063e-07  4.970499708358012e-02 
 2.469000000000063e-07  5.050346141357354e-02 
 2.470000000000063e-07  5.110268507406990e-02 
 2.471000000000063e-07  5.150033401895548e-02 
 2.472000000000063e-07  5.169481529898623e-02 
 2.473000000000063e-07  5.168538189245364e-02 
 2.474000000000063e-07  5.147204452575860e-02 
 2.475000000000063e-07  5.105565540359081e-02 
 2.476000000000063e-07  5.043782925160190e-02 
 2.477000000000063e-07  4.962100574289985e-02 
 2.478000000000063e-07  4.860837927018635e-02 
 2.479000000000063e-07  4.740394108821744e-02 
 2.480000000000063e-07  4.601241653753130e-02 
 2.481000000000064e-07  4.443928862900082e-02 
 2.482000000000064e-07  4.269074109074400e-02 
 2.483000000000064e-07  4.077366542884997e-02 
 2.484000000000064e-07  3.869560817169759e-02 
 2.485000000000064e-07  3.646476354228700e-02 
 2.486000000000064e-07  3.408992343152706e-02 
 2.487000000000064e-07  3.158045779878393e-02 
 2.488000000000064e-07  2.894626619261720e-02 
 2.489000000000064e-07  2.619774788517581e-02 
 2.490000000000064e-07  2.334575408042516e-02 
 2.491000000000064e-07  2.040154968312624e-02 
 2.492000000000064e-07  1.737676568414948e-02 
 2.493000000000064e-07  1.428335430887939e-02 
 2.494000000000065e-07  1.113354140119993e-02 
 2.495000000000065e-07  7.939776563670620e-03 
 2.496000000000065e-07  4.714685640200500e-03 
 2.497000000000065e-07  1.471017366009963e-03 
 2.498000000000065e-07 -1.778403699387088e-03 
 2.499000000000065e-07 -5.020732639243519e-03 
 2.500000000000065e-07 -8.246342498472448e-03 
