 2.000000000000000e-09  9.966031430887190e-02 
 2.004000000000000e-09  8.657448754680752e-02 
 2.008000000000000e-09  7.305974955569416e-02 
 2.012000000000000e-09  5.934290040603685e-02 
 2.016000000000000e-09  4.538529551133852e-02 
 2.020000000000000e-09  3.124393088861677e-02 
 2.024000000000000e-09  1.697626678017894e-02 
 2.028000000000000e-09  2.639629138766253e-03 
 2.032000000000000e-09 -1.170754645537286e-02 
 2.036000000000000e-09 -2.600649034725810e-02 
 2.040000000000000e-09 -4.019892767640432e-02 
 2.044000000000000e-09 -5.422728306810809e-02 
 2.048000000000000e-09 -6.803479729338280e-02 
 2.052000000000000e-09 -8.156581957092479e-02 
 2.056000000000000e-09 -9.476602914122978e-02 
 2.060000000000000e-09 -1.075827138779268e-01 
 2.064000000000000e-09 -1.199649837223313e-01 
 2.068000000000000e-09 -1.318640055909417e-01 
 2.072000000000000e-09 -1.432331873721355e-01 
 2.076000000000000e-09 -1.540283649513468e-01 
 2.080000000000000e-09 -1.642079478967082e-01 
 2.084000000000000e-09 -1.737330583321033e-01 
 2.088000000000000e-09 -1.825676355517920e-01 
 2.092000000000000e-09 -1.906785298324496e-01 
 2.096000000000000e-09 -1.980355685634270e-01 
 2.100000000000000e-09 -2.046116117423824e-01 
 2.104000000000000e-09 -2.103825866780316e-01 
 2.108000000000000e-09 -2.153275149494414e-01 
 2.112000000000000e-09 -2.194285256350026e-01 
 2.116000000000000e-09 -2.226708649644435e-01 
 2.120000000000000e-09 -2.250428987299491e-01 
 2.124000000000000e-09 -2.265361151038767e-01 
 2.128000000000000e-09 -2.271451251606427e-01 
 2.132000000000000e-09 -2.268676663584623e-01 
 2.136000000000000e-09 -2.257046063164374e-01 
 2.140000000000000e-09 -2.236599498773013e-01 
 2.144000000000000e-09 -2.207408463576181e-01 
 2.148000000000000e-09 -2.169575980065035e-01 
 2.152000000000000e-09 -2.123236660791470e-01 
 2.156000000000000e-09 -2.068556740806160e-01 
 2.160000000000000e-09 -2.005734043393033e-01 
 2.164000000000000e-09 -1.934997866245860e-01 
 2.168000000000000e-09 -1.856608751399396e-01 
 2.172000000000000e-09 -1.770858123961412e-01 
 2.176000000000000e-09 -1.678067768778975e-01 
 2.180000000000000e-09 -1.578589133256934e-01 
 2.183999999999999e-09 -1.472802434311125e-01 
 2.187999999999999e-09 -1.361115564141875e-01 
 2.191999999999999e-09 -1.243962783150550e-01 
 2.195999999999999e-09 -1.121803202723122e-01 
 2.199999999999999e-09 -9.951190563444179e-02 
 2.203999999999999e-09 -8.644137690379994e-02 
 2.207999999999999e-09 -7.302098335812701e-02 
 2.211999999999999e-09 -5.930465111441752e-02 
 2.215999999999999e-09 -4.534756015084707e-02 
 2.219999999999999e-09 -3.120670662152936e-02 
 2.223999999999999e-09 -1.693955087288845e-02 
 2.227999999999999e-09 -2.603418932810797e-03 
 2.231999999999999e-09  1.174325365089324e-02 
 2.235999999999999e-09  2.604169734055217e-02 
 2.239999999999999e-09  4.023363743105524e-02 
 2.243999999999999e-09  5.426149874036534e-02 
 2.247999999999999e-09  6.806852227880666e-02 
 2.251999999999999e-09  8.159905754433883e-02 
 2.255999999999999e-09  9.479878409465003e-02 
 2.259999999999999e-09  1.076149901499632e-01 
 2.263999999999999e-09  1.199967860241182e-01 
 2.267999999999999e-09  1.318953390234849e-01 
 2.271999999999999e-09  1.432640574373565e-01 
 2.275999999999999e-09  1.540587775561286e-01 
 2.279999999999999e-09  1.642379093486310e-01 
 2.283999999999999e-09  1.737625753282723e-01 
 2.287999999999999e-09  1.825967151589010e-01 
 2.291999999999999e-09  1.907071794604023e-01 
 2.295999999999999e-09  1.980637959305926e-01 
 2.299999999999999e-09  2.046394248353298e-01 
 2.303999999999999e-09  2.104099937037665e-01 
 2.307999999999999e-09  2.153545242840289e-01 
 2.311999999999999e-09  2.194551457676430e-01 
 2.315999999999999e-09  2.226971044387991e-01 
 2.319999999999999e-09  2.250687660843389e-01 
 2.323999999999999e-09  2.265616188105559e-01 
 2.327999999999999e-09  2.271702735680270e-01 
 2.331999999999999e-09  2.268924676339528e-01 
 2.335999999999999e-09  2.257290683950324e-01 
 2.339999999999999e-09  2.236840804139217e-01 
 2.343999999999999e-09  2.207646526853488e-01 
 2.347999999999999e-09  2.169810871018181e-01 
 2.351999999999999e-09  2.123468445335988e-01 
 2.355999999999999e-09  2.068785480803175e-01 
 2.359999999999999e-09  2.005959796503345e-01 
 2.363999999999999e-09  1.935220685877206e-01 
 2.367999999999999e-09  1.856828686701342e-01 
 2.371999999999999e-09  1.771075219895220e-01 
 2.375999999999999e-09  1.678282066235299e-01 
 2.379999999999999e-09  1.578800669237606e-01 
 2.383999999999999e-09  1.473011242138949e-01 
 2.387999999999999e-09  1.361321673727014e-01 
 2.391999999999999e-09  1.244166221260281e-01 
 2.395999999999999e-09  1.122003993300447e-01 
 2.399999999999999e-09  9.953172208330585e-02 
 2.403999999999999e-09  8.646093267121557e-02 
 2.407999999999999e-09  7.304028018947983e-02 
 2.411999999999999e-09  5.932369060723497e-02 
 2.415999999999999e-09  4.536634378663607e-02 
 2.419999999999999e-09  3.122523581363357e-02 
 2.423999999999999e-09  1.695782698280013e-02 
 2.427999999999999e-09  2.621443285049985e-03 
 2.431999999999999e-09 -1.172547971543070e-02 
 2.435999999999999e-09 -2.602417242245147e-02 
 2.439999999999999e-09 -4.021636005383078e-02 
 2.443999999999999e-09 -5.424446733080268e-02 
 2.447999999999999e-09 -6.805173514489482e-02 
 2.451999999999999e-09 -8.158251285457307e-02 
 2.455999999999999e-09 -9.478247985996413e-02 
 2.459999999999999e-09 -1.075989242080513e-01 
 2.463999999999999e-09 -1.199809560274159e-01 
 2.467999999999999e-09 -1.318797424301659e-01 
 2.471999999999998e-09 -1.432486915060895e-01 
 2.475999999999998e-09 -1.540436393437545e-01 
 2.479999999999998e-09 -1.642229957124743e-01 
 2.483999999999998e-09 -1.737478829321191e-01 
 2.487999999999998e-09 -1.825822404821418e-01 
 2.491999999999998e-09 -1.906929188118069e-01 
 2.495999999999998e-09 -1.980497454656580e-01 
 2.499999999999998e-09 -2.046255805757518e-01 
 2.503999999999998e-09 -2.103963515620495e-01 
 2.507999999999998e-09 -2.153410800885607e-01 
 2.511999999999998e-09 -2.194418952904411e-01 
 2.515999999999998e-09 -2.226840434251438e-01 
 2.519999999999998e-09 -2.250558902824400e-01 
 2.523999999999998e-09 -2.265489240014562e-01 
 2.527999999999998e-09 -2.271577555947573e-01 
 2.531999999999998e-09 -2.268801224297952e-01 
 2.535999999999998e-09 -2.257168920089596e-01 
 2.539999999999998e-09 -2.236720690346921e-01 
 2.543999999999998e-09 -2.207528026617227e-01 
 2.547999999999998e-09 -2.169693949601783e-01 
 2.551999999999998e-09 -2.123353069927159e-01 
 2.555999999999998e-09 -2.068671620601139e-01 
 2.559999999999998e-09 -2.005847422800868e-01 
 2.563999999999998e-09 -1.935109772087704e-01 
 2.567999999999998e-09 -1.856719208355118e-01 
 2.571999999999998e-09 -1.770967154609628e-01 
 2.575999999999998e-09 -1.678175393654846e-01 
 2.579999999999998e-09 -1.578695370940522e-01 
 2.583999999999998e-09 -1.472907301537538e-01 
 2.587999999999998e-09 -1.361219075930959e-01 
 2.591999999999998e-09 -1.244064952950295e-01 
 2.595999999999998e-09 -1.121904042557298e-01 
 2.599999999999998e-09 -9.952185769837429e-02 
 2.603999999999998e-09 -8.645119801655543e-02 
 2.607999999999998e-09 -7.303067439661115e-02 
 2.611999999999998e-09 -5.931421288145167e-02 
 2.615999999999998e-09 -4.535699339123900e-02 
 2.619999999999998e-09 -3.121601204547941e-02 
 2.623999999999998e-09 -1.694872916511159e-02 
 2.627999999999998e-09 -2.612470759473684e-03 
 2.631999999999998e-09  1.173432761512361e-02 
 2.635999999999998e-09  2.603289639149287e-02 
 2.639999999999998e-09  4.022496082560734e-02 
 2.643999999999998e-09  5.425294568676575e-02 
 2.647999999999998e-09  6.806009192544904e-02 
 2.651999999999998e-09  8.159074896959595e-02 
 2.655999999999998e-09  9.479059629732456e-02 
 2.659999999999998e-09  1.076069220417932e-01 
 2.663999999999998e-09  1.199888364239072e-01 
 2.667999999999998e-09  1.318875066519554e-01 
 2.671999999999998e-09  1.432563409154199e-01 
 2.675999999999998e-09  1.540511754030667e-01 
 2.679999999999998e-09  1.642304199836819e-01 
 2.683999999999998e-09  1.737551970729181e-01 
 2.687999999999998e-09  1.825894462428221e-01 
 2.691999999999998e-09  1.907000180270602e-01 
 2.695999999999998e-09  1.980567400468831e-01 
 2.699999999999998e-09  2.046324725007898e-01 
 2.703999999999998e-09  2.104031428633055e-01 
 2.707999999999998e-09  2.153477728404174e-01 
 2.711999999999998e-09  2.194484915956396e-01 
 2.715999999999998e-09  2.226905453998591e-01 
 2.719999999999998e-09  2.250623000414185e-01 
 2.723999999999998e-09  2.265552436434310e-01 
 2.727999999999998e-09  2.271639871875450e-01 
 2.731999999999998e-09  2.268862679966592e-01 
 2.735999999999998e-09  2.257229535157745e-01 
 2.739999999999998e-09  2.236780483775200e-01 
 2.743999999999998e-09  2.207587016575685e-01 
 2.747999999999998e-09  2.169752153375708e-01 
 2.751999999999998e-09  2.123410503843832e-01 
 2.755999999999998e-09  2.068728299987252e-01 
 2.759999999999998e-09  2.005903361944668e-01 
 2.763999999999997e-09  1.935164984217668e-01 
 2.767999999999997e-09  1.856773705650896e-01 
 2.771999999999997e-09  1.771020948208721e-01 
 2.775999999999997e-09  1.678228493689309e-01 
 2.779999999999997e-09  1.578747786579222e-01 
 2.783999999999997e-09  1.472959041037045e-01 
 2.787999999999997e-09  1.361270146702656e-01 
 2.791999999999997e-09  1.244115361623321e-01 
 2.795999999999997e-09  1.121953795067920e-01 
 2.799999999999997e-09  9.952676786450354e-02 
 2.803999999999997e-09  8.645604357551662e-02 
 2.807999999999997e-09  7.303545578102577e-02 
 2.811999999999997e-09  5.931893048751791e-02 
 2.815999999999997e-09  4.536164758592509e-02 
 2.819999999999997e-09  3.122060317969355e-02 
 2.823999999999997e-09  1.695325757656496e-02 
 2.827999999999997e-09  2.616936776748346e-03 
 2.831999999999997e-09 -1.172992365931158e-02 
 2.835999999999997e-09 -2.602855414974981e-02 
 2.839999999999997e-09 -4.022067993135003e-02 
 2.843999999999997e-09 -5.424872574950879e-02 
 2.847999999999997e-09 -6.805593252522213e-02 
 2.851999999999997e-09 -8.158664965162687e-02 
 2.855999999999997e-09 -9.478655656747836e-02 
 2.859999999999997e-09 -1.076029413639445e-01 
 2.863999999999997e-09 -1.199849142148550e-01 
 2.867999999999997e-09 -1.318836422807266e-01 
 2.871999999999997e-09 -1.432525337016211e-01 
 2.875999999999997e-09 -1.540474246165022e-01 
 2.879999999999997e-09 -1.642267248441791e-01 
 2.883999999999997e-09 -1.737515567527090e-01 
 2.887999999999997e-09 -1.825858598684311e-01 
 2.891999999999997e-09 -1.906964846824057e-01 
 2.895999999999997e-09 -1.980532587783168e-01 
 2.899999999999997e-09 -2.046290423217181e-01 
 2.903999999999997e-09 -2.103997627599248e-01 
 2.907999999999997e-09 -2.153444417776771e-01 
 2.911999999999997e-09 -2.194452085252672e-01 
 2.915999999999997e-09 -2.226873092668067e-01 
 2.919999999999997e-09 -2.250591097913293e-01 
 2.923999999999997e-09 -2.265520982300531e-01 
 2.927999999999997e-09 -2.271608855805889e-01 
 2.931999999999997e-09 -2.268832091877819e-01 
 2.935999999999997e-09 -2.257199365254892e-01 
 2.939999999999997e-09 -2.236750722610723e-01 
 2.943999999999997e-09 -2.207557655097512e-01 
 2.947999999999997e-09 -2.169723182976442e-01 
 2.951999999999997e-09 -2.123381916389404e-01 
 2.955999999999997e-09 -2.068700087843112e-01 
 2.959999999999997e-09 -2.005875517994797e-01 
 2.963999999999997e-09 -1.935137501875392e-01 
 2.967999999999997e-09 -1.856746578852366e-01 
 2.971999999999997e-09 -1.770994171405551e-01 
 2.975999999999997e-09 -1.678202061836176e-01 
 2.979999999999997e-09 -1.578721695111138e-01 
 2.983999999999997e-09 -1.472933285842570e-01 
 2.987999999999997e-09 -1.361244724094668e-01 
 2.991999999999997e-09 -1.244090268300857e-01 
 2.995999999999997e-09 -1.121929028074122e-01 
 2.999999999999997e-09 -9.952432353408058e-02 
 3.003999999999997e-09 -8.645363137646278e-02 
 3.007999999999997e-09 -7.303307549799509e-02 
 3.011999999999997e-09 -5.931658192416478e-02 
 3.015999999999997e-09 -4.535933056006147e-02 
 3.019999999999997e-09 -3.121831751711568e-02 
 3.023999999999997e-09 -1.695100310995823e-02 
 3.027999999999997e-09 -2.614713343500163e-03 
 3.031999999999997e-09  1.173211622378023e-02 
 3.035999999999997e-09  2.603071601720153e-02 
 3.039999999999997e-09  4.022281128258154e-02 
 3.043999999999997e-09  5.425082677743909e-02 
 3.047999999999997e-09  6.805800343726043e-02 
 3.051999999999996e-09  8.158869067256092e-02 
 3.055999999999996e-09  9.478856794122459e-02 
 3.059999999999996e-09  1.076049233556273e-01 
 3.063999999999996e-09  1.199868671123241e-01 
 3.067999999999996e-09  1.318855663961362e-01 
 3.071999999999996e-09  1.432544293710816e-01 
 3.075999999999996e-09  1.540492922010301e-01 
 3.079999999999996e-09  1.642285647299833e-01 
 3.083999999999996e-09  1.737533693491744e-01 
 3.087999999999996e-09  1.825876456078284e-01 
 3.091999999999996e-09  1.906982440190497e-01 
 3.095999999999996e-09  1.980549921840711e-01 
 3.099999999999996e-09  2.046307502855769e-01 
 3.103999999999996e-09  2.104014457844716e-01 
 3.107999999999996e-09  2.153461003763728e-01 
 3.111999999999996e-09  2.194468432180081e-01 
 3.115999999999996e-09  2.226889205771680e-01 
 3.119999999999996e-09  2.250606982424819e-01 
 3.123999999999996e-09  2.265536643415518e-01 
 3.127999999999996e-09  2.271624298641521e-01 
 3.131999999999996e-09  2.268847321445562e-01 
 3.135999999999996e-09  2.257214386417199e-01 
 3.139999999999996e-09  2.236765540064602e-01 
 3.143999999999996e-09  2.207572273345142e-01 
 3.147999999999996e-09  2.169737606293038e-01 
 3.151999999999996e-09  2.123396148816241e-01 
 3.155999999999996e-09  2.068714133181531e-01 
 3.159999999999996e-09  2.005889379781405e-01 
 3.163999999999996e-09  1.935151183385904e-01 
 3.167999999999996e-09  1.856760083104811e-01 
 3.171999999999996e-09  1.771007501158191e-01 
 3.175999999999996e-09  1.678215219599752e-01 
 3.179999999999996e-09  1.578734683156360e-01 
 3.183999999999996e-09  1.472946106215609e-01 
 3.187999999999996e-09  1.361257378629688e-01 
 3.191999999999996e-09  1.244102758644603e-01 
 3.195999999999996e-09  1.121941355695899e-01 
 3.199999999999996e-09  9.952554015567561e-02 
 3.203999999999996e-09  8.645483197614290e-02 
 3.207999999999996e-09  7.303426018319659e-02 
 3.211999999999996e-09  5.931775079284662e-02 
 3.215999999999996e-09  4.536048370368473e-02 
 3.219999999999996e-09  3.121945502268275e-02 
 3.223999999999996e-09  1.695212506165511e-02 
 3.227999999999996e-09  2.615819823203580e-03 
 3.231999999999996e-09 -1.173102513287549e-02 
 3.235999999999996e-09 -2.602964022863841e-02 
 3.239999999999996e-09 -4.022175070524003e-02 
 3.243999999999996e-09 -5.424978131359115e-02 
 3.247999999999996e-09 -6.805697298208901e-02 
 3.251999999999996e-09 -8.158767511246534e-02 
 3.255999999999996e-09 -9.478756715288217e-02 
 3.259999999999996e-09 -1.076039372050506e-01 
 3.263999999999996e-09 -1.199858954542781e-01 
 3.267999999999996e-09 -1.318846090732824e-01 
 3.271999999999996e-09 -1.432534862134904e-01 
 3.275999999999996e-09 -1.540483630269502e-01 
 3.279999999999996e-09 -1.642276493444919e-01 
 3.283999999999996e-09 -1.737524675465689e-01 
 3.287999999999996e-09 -1.825867571704807e-01 
 3.291999999999996e-09 -1.906973687184730e-01 
 3.295999999999996e-09 -1.980541297832001e-01 
 3.299999999999996e-09 -2.046299005390393e-01 
 3.303999999999996e-09 -2.104006084403298e-01 
 3.307999999999996e-09 -2.153452751772338e-01 
 3.311999999999996e-09 -2.194460299030723e-01 
 3.315999999999996e-09 -2.226881188841570e-01 
 3.319999999999996e-09 -2.250599079098479e-01 
 3.323999999999996e-09 -2.265528851092231e-01 
 3.327999999999996e-09 -2.271616614759400e-01 
 3.331999999999996e-09 -2.268839743499269e-01 
 3.335999999999996e-09 -2.257206911985215e-01 
 3.339999999999995e-09 -2.236758166794643e-01 
 3.343999999999995e-09 -2.207564998990676e-01 
 3.347999999999995e-09 -2.169730428722698e-01 
 3.351999999999995e-09 -2.123389066010568e-01 
 3.355999999999995e-09 -2.068707143247528e-01 
 3.359999999999995e-09 -2.005882480952788e-01 
 3.363999999999995e-09 -1.935144374031190e-01 
 3.367999999999995e-09 -1.856753361719656e-01 
 3.371999999999995e-09 -1.771000866366674e-01 
 3.375999999999995e-09 -1.678208670151675e-01 
 3.379999999999995e-09 -1.578728217917407e-01 
 3.383999999999995e-09 -1.472939724171560e-01 
 3.387999999999995e-09 -1.361251078864605e-01 
 3.391999999999995e-09 -1.244096540338600e-01 
 3.395999999999995e-09 -1.121935218117498e-01 
 3.399999999999995e-09 -9.952493440567167e-02 
 3.403999999999995e-09 -8.645423417450004e-02 
 3.407999999999995e-09 -7.303367027716501e-02 
 3.411999999999995e-09 -5.931716873383763e-02 
 3.415999999999995e-09 -4.535990944686219e-02 
 3.419999999999995e-09 -3.121888852547272e-02 
 3.423999999999995e-09 -1.695156628280081e-02 
 3.427999999999995e-09 -2.615268722558461e-03 
 3.431999999999995e-09  1.173156859557078e-02 
 3.435999999999995e-09  2.603017609541425e-02 
 3.439999999999995e-09  4.022227901984987e-02 
 3.443999999999995e-09  5.425030212357207e-02 
 3.447999999999995e-09  6.805748633803077e-02 
 3.451999999999995e-09  8.158818106922539e-02 
 3.455999999999995e-09  9.478806577038057e-02 
 3.459999999999995e-09  1.076044285474662e-01 
 3.463999999999995e-09  1.199863795921470e-01 
 3.467999999999995e-09  1.318850860828560e-01 
 3.471999999999995e-09  1.432539561774866e-01 
 3.475999999999995e-09  1.540488260332737e-01 
 3.479999999999995e-09  1.642281054881085e-01 
 3.483999999999995e-09  1.737529169276741e-01 
 3.487999999999995e-09  1.825871998953632e-01 
 3.491999999999995e-09  1.906978048984240e-01 
 3.495999999999995e-09  1.980545595343870e-01 
 3.499999999999995e-09  2.046303239816467e-01 
 3.503999999999995e-09  2.104010256975053e-01 
 3.507999999999995e-09  2.153456863752357e-01 
 3.511999999999995e-09  2.194464351704040e-01 
 3.515999999999995e-09  2.226885183495044e-01 
 3.519999999999995e-09  2.250603017023149e-01 
 3.523999999999995e-09  2.265532733571296e-01 
 3.527999999999995e-09  2.271620443057945e-01 
 3.531999999999995e-09  2.268843518852484e-01 
 3.535999999999995e-09  2.257210635587930e-01 
 3.539999999999995e-09  2.236761839813821e-01 
 3.543999999999995e-09  2.207568622538394e-01 
 3.547999999999995e-09  2.169734003853963e-01 
 3.551999999999995e-09  2.123392593726789e-01 
 3.555999999999995e-09  2.068710624488070e-01 
 3.559999999999995e-09  2.005885916591619e-01 
 3.563999999999995e-09  1.935147764879352e-01 
 3.567999999999995e-09  1.856756708517717e-01 
 3.571999999999995e-09  1.771004169804500e-01 
 3.575999999999995e-09  1.678211930847731e-01 
 3.579999999999995e-09  1.578731436437892e-01 
 3.583999999999995e-09  1.472942901018102e-01 
 3.587999999999995e-09  1.361254214493619e-01 
 3.591999999999995e-09  1.244099635154452e-01 
 3.595999999999995e-09  1.121938272491434e-01 
 3.599999999999995e-09  9.952523583115092e-02 
 3.603999999999995e-09  8.645453161762351e-02 
 3.607999999999995e-09  7.303396376467042e-02 
 3.611999999999995e-09  5.931745829061086e-02 
 3.615999999999995e-09  4.536019509531730e-02 
 3.619999999999995e-09  3.121917028768095e-02 
 3.623999999999995e-09  1.695184417965567e-02 
 3.627999999999995e-09  2.615542774914381e-03 
 3.631999999999994e-09 -1.173129836700681e-02 
 3.635999999999994e-09 -2.602990966799545e-02 
 3.639999999999994e-09 -4.022201637099254e-02 
 3.643999999999994e-09 -5.425004322786364e-02 
 3.647999999999994e-09 -6.805723116934015e-02 
 3.651999999999994e-09 -8.158792959855976e-02 
 3.655999999999994e-09 -9.478781796586322e-02 
 3.659999999999994e-09 -1.076041843757505e-01 
 3.663999999999994e-09 -1.199861390159072e-01 
 3.667999999999994e-09 -1.318848490623035e-01 
 3.671999999999994e-09 -1.432537226692530e-01 
 3.675999999999994e-09 -1.540485959917977e-01 
 3.679999999999994e-09 -1.642278788634779e-01 
 3.683999999999994e-09 -1.737526936684231e-01 
 3.687999999999994e-09 -1.825869799457842e-01 
 3.691999999999994e-09 -1.906975882017301e-01 
 3.695999999999994e-09 -1.980543460306756e-01 
 3.699999999999994e-09 -2.046301136087079e-01 
 3.703999999999994e-09 -2.104008183922150e-01 
 3.707999999999994e-09 -2.153454820732801e-01 
 3.711999999999994e-09 -2.194462338059560e-01 
 3.715999999999994e-09 -2.226883198576004e-01 
 3.719999999999994e-09 -2.250601060169246e-01 
 3.723999999999994e-09 -2.265530804131146e-01 
 3.727999999999995e-09 -2.271618540394647e-01 
 3.731999999999995e-09 -2.268841642342085e-01 
 3.735999999999995e-09 -2.257208784623677e-01 
 3.739999999999996e-09 -2.236760013812527e-01 
 3.743999999999996e-09 -2.207566820937554e-01 
 3.747999999999997e-09 -2.169732226124734e-01 
 3.751999999999997e-09 -2.123390839365449e-01 
 3.755999999999997e-09 -2.068708893022198e-01 
 3.759999999999998e-09 -2.005884207588073e-01 
 3.763999999999998e-09 -1.935146077924985e-01 
 3.767999999999999e-09 -1.856755043244465e-01 
 3.771999999999999e-09 -1.771002525865057e-01 
 3.775999999999999e-09 -1.678210307936761e-01 
 3.780000000000000e-09 -1.578729834271315e-01 
 3.784000000000000e-09 -1.472941319343808e-01 
 3.788000000000001e-09 -1.361252653086495e-01 
 3.792000000000001e-09 -1.244098093811417e-01 
 3.796000000000001e-09 -1.121936751031676e-01 
 3.800000000000002e-09 -9.952508565718521e-02 
 3.804000000000002e-09 -8.645438340147038e-02 
 3.808000000000003e-09 -7.303381749355697e-02 
 3.812000000000003e-09 -5.931731395186812e-02 
 3.816000000000003e-09 -4.536005267848875e-02 
 3.820000000000004e-09 -3.121902978250546e-02 
 3.824000000000004e-09 -1.695170557615455e-02 
 3.828000000000005e-09 -2.615406063626757e-03 
 3.832000000000005e-09  1.173143319565018e-02 
 3.836000000000005e-09  2.603004262384800e-02 
 3.840000000000006e-09  4.022214746417951e-02 
 3.844000000000006e-09  5.425017247030350e-02 
 3.848000000000007e-09  6.805735857222306e-02 
 3.852000000000007e-09  8.158805517453960e-02 
 3.856000000000007e-09  9.478794172946792e-02 
 3.860000000000008e-09  1.076043063417842e-01 
 3.864000000000008e-09  1.199862592010632e-01 
 3.868000000000009e-09  1.318849674841998e-01 
 3.872000000000009e-09  1.432538393477349e-01 
 3.876000000000009e-09  1.540487109473436e-01 
 3.880000000000010e-09  1.642279921194572e-01 
 3.884000000000010e-09  1.737528052479984e-01 
 3.888000000000011e-09  1.825870898746644e-01 
 3.892000000000011e-09  1.906976965062346e-01 
 3.896000000000011e-09  1.980544527384653e-01 
 3.900000000000012e-09  2.046302187491271e-01 
 3.904000000000012e-09  2.104009219949645e-01 
 3.908000000000013e-09  2.153455841687935e-01 
 3.912000000000013e-09  2.194463344252329e-01 
 3.916000000000013e-09  2.226884190316447e-01 
 3.920000000000014e-09  2.250602037774780e-01 
 3.924000000000014e-09  2.265531767914974e-01 
 3.928000000000015e-09  2.271619490661170e-01 
 3.932000000000015e-09  2.268842579394246e-01 
 3.936000000000015e-09  2.257209708755221e-01 
 3.940000000000016e-09  2.236760925306784e-01 
 3.944000000000016e-09  2.207567720071792e-01 
 3.948000000000017e-09  2.169733113150900e-01 
 3.952000000000017e-09  2.123391714537519e-01 
 3.956000000000017e-09  2.068709756568805e-01 
 3.960000000000018e-09  2.005885059721684e-01 
 3.964000000000018e-09  1.935146918847193e-01 
 3.968000000000019e-09  1.856755873139506e-01 
 3.972000000000019e-09  1.771003344900914e-01 
 3.976000000000019e-09  1.678211116266271e-01 
 3.980000000000020e-09  1.578730632033194e-01 
 3.984000000000020e-09  1.472942106663533e-01 
 3.988000000000021e-09  1.361253430075555e-01 
 3.992000000000021e-09  1.244098860574754e-01 
 3.996000000000021e-09  1.121937507658428e-01 
 4.000000000000022e-09  9.952516031412184e-02 
 4.004000000000022e-09  8.645445706024368e-02 
 4.008000000000023e-09  7.303389016055473e-02 
 4.012000000000023e-09  5.931738563365041e-02 
 4.016000000000023e-09  4.536012338106410e-02 
 4.020000000000024e-09  3.121909951149160e-02 
 4.024000000000024e-09  1.695177433684503e-02 
 4.028000000000025e-09  2.615473861681927e-03 
 4.032000000000025e-09 -1.173136635442606e-02 
 4.036000000000025e-09 -2.602997673394558e-02 
 4.040000000000026e-09 -4.022208251897030e-02 
 4.044000000000026e-09 -5.425010846284817e-02 
 4.048000000000027e-09 -6.805729549569861e-02 
 4.052000000000027e-09 -8.158799302088493e-02 
 4.056000000000027e-09 -9.478788049011655e-02 
 4.060000000000028e-09 -1.076042460071918e-01 
 4.064000000000028e-09 -1.199861997618328e-01 
 4.068000000000029e-09 -1.318849089294121e-01 
 4.072000000000029e-09 -1.432537816654200e-01 
 4.076000000000029e-09 -1.540486541255577e-01 
 4.080000000000030e-09 -1.642279361449517e-01 
 4.084000000000030e-09 -1.737527501066420e-01 
 4.088000000000031e-09 -1.825870355525150e-01 
 4.092000000000031e-09 -1.906976429873506e-01 
 4.096000000000031e-09 -1.980544000075377e-01 
 4.100000000000032e-09 -2.046301667899741e-01 
 4.104000000000032e-09 -2.104008707904779e-01 
 4.108000000000033e-09 -2.153455337030075e-01 
 4.112000000000033e-09 -2.194462846808942e-01 
 4.116000000000033e-09 -2.226883699919686e-01 
 4.120000000000034e-09 -2.250601554255243e-01 
 4.124000000000034e-09 -2.265531291103264e-01 
 4.128000000000035e-09 -2.271619020400262e-01 
 4.132000000000035e-09 -2.268842115519019e-01 
 4.136000000000035e-09 -2.257209251118837e-01 
 4.140000000000036e-09 -2.236760473757733e-01 
 4.144000000000036e-09 -2.207567274465330e-01 
 4.148000000000037e-09 -2.169732673359728e-01 
 4.152000000000037e-09 -2.123391280430664e-01 
 4.156000000000037e-09 -2.068709328023275e-01 
 4.160000000000038e-09 -2.005884636635247e-01 
 4.164000000000038e-09 -1.935146501117653e-01 
 4.168000000000039e-09 -1.856755460669270e-01 
 4.172000000000039e-09 -1.771002937606760e-01 
 4.176000000000039e-09 -1.678210714071615e-01 
 4.180000000000040e-09 -1.578730234867276e-01 
 4.184000000000040e-09 -1.472941714461014e-01 
 4.188000000000041e-09 -1.361253042784067e-01 
 4.192000000000041e-09 -1.244098478140696e-01 
 4.196000000000041e-09 -1.121937130038457e-01 
 4.200000000000042e-09 -9.952512302981198e-02 
 4.204000000000042e-09 -8.645442025019889e-02 
 4.208000000000043e-09 -7.303385382133598e-02 
 4.212000000000043e-09 -5.931734976284364e-02 
 4.216000000000043e-09 -4.536008797629698e-02 
 4.220000000000044e-09 -3.121906456977275e-02 
 4.224000000000044e-09 -1.695173985650733e-02 
 4.228000000000045e-09 -2.615439840533362e-03 
 4.232000000000045e-09  1.173139991817873e-02 
 4.236000000000045e-09  2.603000984201387e-02 
 4.240000000000046e-09  4.022211517401608e-02 
 4.244000000000046e-09  5.425014066698797e-02 
 4.248000000000047e-09  6.805732725060754e-02 
 4.252000000000047e-09  8.158802432938739e-02 
 4.256000000000047e-09  9.478791135498987e-02 
 4.260000000000048e-09  1.076042764317933e-01 
 4.264000000000048e-09  1.199862297488421e-01 
 4.268000000000049e-09  1.318849384826200e-01 
 4.272000000000049e-09  1.432538107889370e-01 
 4.276000000000049e-09  1.540486828233316e-01 
 4.280000000000050e-09  1.642279644215963e-01 
 4.284000000000050e-09  1.737527779676240e-01 
 4.288000000000051e-09  1.825870630027047e-01 
 4.292000000000051e-09  1.906976700329968e-01 
 4.296000000000051e-09  1.980544266542084e-01 
 4.300000000000052e-09  2.046301930438466e-01 
 4.304000000000052e-09  2.104008966591144e-01 
 4.308000000000053e-09  2.153455591924849e-01 
 4.312000000000053e-09  2.194463097983859e-01 
 4.316000000000053e-09  2.226883947442344e-01 
 4.320000000000054e-09  2.250601798199316e-01 
 4.324000000000054e-09  2.265531531545963e-01 
 4.328000000000055e-09  2.271619257408504e-01 
 4.332000000000055e-09  2.268842349170448e-01 
 4.336000000000055e-09  2.257209481475861e-01 
 4.340000000000056e-09  2.236760700889788e-01 
 4.344000000000056e-09  2.207567498438248e-01 
 4.348000000000057e-09  2.169732894233432e-01 
 4.352000000000057e-09  2.123391498265232e-01 
 4.356000000000057e-09  2.068709542880673e-01 
 4.360000000000058e-09  2.005884848557975e-01 
 4.364000000000058e-09  1.935146710158673e-01 
 4.368000000000059e-09  1.856755666874172e-01 
 4.372000000000059e-09  1.771003141017009e-01 
 4.376000000000059e-09  1.678210914720801e-01 
 4.380000000000060e-09  1.578730432791744e-01 
 4.384000000000060e-09  1.472941909690872e-01 
 4.388000000000061e-09  1.361253235346744e-01 
 4.392000000000061e-09  1.244098668062827e-01 
 4.396000000000061e-09  1.121937317340187e-01 
 4.400000000000062e-09  9.952514150029845e-02 
 4.404000000000062e-09  8.645443846271306e-02 
 4.408000000000063e-09  7.303387177809739e-02 
 4.412000000000063e-09  5.931736746515082e-02 
 4.416000000000063e-09  4.536010542565361e-02 
 4.420000000000064e-09  3.121908176794808e-02 
 4.424000000000064e-09  1.695175680583905e-02 
 4.428000000000065e-09  2.615456541905203e-03 
 4.432000000000065e-09 -1.173138346271063e-02 
 4.436000000000065e-09 -2.602999363074510e-02 
 4.440000000000066e-09 -4.022209920495801e-02 
 4.444000000000066e-09 -5.425012493732595e-02 
 4.448000000000067e-09 -6.805731175828456e-02 
 4.452000000000067e-09 -8.158800907176111e-02 
 4.456000000000067e-09 -9.478789632936557e-02 
 4.460000000000068e-09 -1.076042616347932e-01 
 4.464000000000068e-09 -1.199862151773576e-01 
 4.468000000000069e-09 -1.318849241332218e-01 
 4.472000000000069e-09 -1.432537966579881e-01 
 4.476000000000069e-09 -1.540486689070928e-01 
 4.480000000000070e-09 -1.642279507156692e-01 
 4.484000000000070e-09 -1.737527644676589e-01 
 4.488000000000071e-09 -1.825870497040620e-01 
 4.492000000000071e-09 -1.906976569312717e-01 
 4.496000000000071e-09 -1.980544137444773e-01 
 4.500000000000072e-09 -2.046301803219115e-01 
 4.504000000000072e-09 -2.104008841195801e-01 
 4.508000000000073e-09 -2.153455468304424e-01 
 4.512000000000073e-09 -2.194462976094202e-01 
 4.516000000000073e-09 -2.226883827233042e-01 
 4.520000000000074e-09 -2.250601679624165e-01 
 4.524000000000074e-09 -2.265531414557334e-01 
 4.528000000000075e-09 -2.271619141959209e-01 
 4.532000000000075e-09 -2.268842235220783e-01 
 4.536000000000075e-09 -2.257209368982187e-01 
 4.540000000000076e-09 -2.236760589814413e-01 
 4.544000000000076e-09 -2.207567388747720e-01 
 4.548000000000077e-09 -2.169732785886573e-01 
 4.552000000000077e-09 -2.123391391232405e-01 
 4.556000000000077e-09 -2.068709437126426e-01 
 4.560000000000078e-09 -2.005884744059889e-01 
 4.564000000000078e-09 -1.935146606888889e-01 
 4.568000000000079e-09 -1.856755564807271e-01 
 4.572000000000079e-09 -1.771003040128951e-01 
 4.576000000000079e-09 -1.678210814993610e-01 
 4.580000000000080e-09 -1.578730334206790e-01 
 4.584000000000080e-09 -1.472941812236277e-01 
 4.588000000000081e-09 -1.361253139003562e-01 
 4.592000000000081e-09 -1.244098572821972e-01 
 4.596000000000081e-09 -1.121937223190468e-01 
 4.600000000000082e-09 -9.952513219371717e-02 
 4.604000000000082e-09 -8.645442926343083e-02 
 4.608000000000083e-09 -7.303386268532375e-02 
 4.612000000000083e-09 -5.931735847863084e-02 
 4.616000000000083e-09 -4.536009654470163e-02 
 4.620000000000084e-09 -3.121907299267512e-02 
 4.624000000000084e-09 -1.695174813539069e-02 
 4.628000000000085e-09 -2.615447976372920e-03 
 4.632000000000085e-09  1.173139192343164e-02 
 4.636000000000085e-09  2.603000198655270e-02 
 4.640000000000086e-09  4.022210745600319e-02 
 4.644000000000086e-09  5.425013308346394e-02 
 4.648000000000087e-09  6.805731979983065e-02 
 4.652000000000087e-09  8.158801700889740e-02 
 4.656000000000087e-09  9.478790416151028e-02 
 4.660000000000088e-09  1.076042693623860e-01 
 4.664000000000088e-09  1.199862228003621e-01 
 4.668000000000089e-09  1.318849316515758e-01 
 4.672000000000089e-09  1.432538040720743e-01 
 4.676000000000089e-09  1.540486762166369e-01 
 4.680000000000090e-09  1.642279579214625e-01 
 4.684000000000090e-09  1.737527715697231e-01 
 4.688000000000091e-09  1.825870567031638e-01 
 4.692000000000091e-09  1.906976638279607e-01 
 4.696000000000091e-09  1.980544205397310e-01 
 4.700000000000092e-09  2.046301870159688e-01 
 4.704000000000092e-09  2.104008907134618e-01 
 4.708000000000093e-09  2.153455533252648e-01 
 4.712000000000093e-09  2.194463040059731e-01 
 4.716000000000093e-09  2.226883890235936e-01 
 4.720000000000094e-09  2.250601741669942e-01 
 4.724000000000094e-09  2.265531475665243e-01 
 4.728000000000095e-09  2.271619202138904e-01 
 4.732000000000095e-09  2.268842294484872e-01 
 4.736000000000095e-09  2.257209427347844e-01 
 4.740000000000096e-09  2.236760647296472e-01 
 4.744000000000096e-09  2.207567445351184e-01 
 4.748000000000097e-09  2.169732841636227e-01 
 4.752000000000097e-09  2.123391446132614e-01 
 4.756000000000097e-09  2.068709491192697e-01 
 4.760000000000098e-09  2.005884797306332e-01 
 4.764000000000098e-09  1.935146659323004e-01 
 4.768000000000099e-09  1.856755616441812e-01 
 4.772000000000099e-09  1.771003090972165e-01 
 4.776000000000099e-09  1.678210865055076e-01 
 4.780000000000100e-09  1.578730383493534e-01 
 4.784000000000100e-09  1.472941860755252e-01 
 4.788000000000101e-09  1.361253186762914e-01 
 4.792000000000101e-09  1.244098619826284e-01 
 4.796000000000101e-09  1.121937269447217e-01 
 4.800000000000102e-09  9.952513674509156e-02 
 4.804000000000102e-09  8.645443374104467e-02 
 4.808000000000103e-09  7.303386708986803e-02 
 4.812000000000103e-09  5.931736281046707e-02 
 4.816000000000103e-09  4.536010080485831e-02 
 4.820000000000104e-09  3.121907718162209e-02 
 4.824000000000104e-09  1.695175225320256e-02 
 4.828000000000105e-09  2.615452024490317e-03 
 4.832000000000105e-09 -1.173138794453088e-02 
 4.836000000000105e-09 -2.602999807575301e-02 
 4.840000000000106e-09 -4.022210361232581e-02 
 4.844000000000106e-09 -5.425012930610329e-02 
 4.848000000000107e-09 -6.805731608780885e-02 
 4.852000000000107e-09 -8.158801336021781e-02 
 4.856000000000107e-09 -9.478790057523501e-02 
 4.860000000000108e-09 -1.076042658371144e-01 
 4.864000000000108e-09 -1.199862193344412e-01 
 4.868000000000109e-09 -1.318849282439150e-01 
 4.872000000000109e-09 -1.432538007203767e-01 
 4.876000000000109e-09 -1.540486729193926e-01 
 4.880000000000110e-09 -1.642279546764014e-01 
 4.884000000000110e-09 -1.737527683754347e-01 
 4.888000000000111e-09 -1.825870535576586e-01 
 4.892000000000111e-09 -1.906976607292079e-01 
 4.896000000000111e-09 -1.980544174855479e-01 
 4.900000000000112e-09 -2.046301840050431e-01 
 4.904000000000112e-09 -2.104008877435986e-01 
 4.908000000000113e-09 -2.153455503946000e-01 
 4.912000000000113e-09 -2.194463011128027e-01 
 4.916000000000113e-09 -2.226883861659210e-01 
 4.920000000000114e-09 -2.250601713434892e-01 
 4.924000000000114e-09 -2.265531447748330e-01 
 4.928000000000115e-09 -2.271619174534445e-01 
 4.932000000000115e-09 -2.268842267172573e-01 
 4.936000000000115e-09 -2.257209400316240e-01 
 4.940000000000116e-09 -2.236760620529692e-01 
 4.944000000000116e-09 -2.207567418844008e-01 
 4.948000000000117e-09 -2.169732815372989e-01 
 4.952000000000117e-09 -2.123391420108334e-01 
 4.956000000000117e-09 -2.068709465396705e-01 
 4.960000000000118e-09 -2.005884771726270e-01 
 4.964000000000118e-09 -1.935146633954483e-01 
 4.968000000000119e-09 -1.856755591275121e-01 
 4.972000000000119e-09 -1.771003066004102e-01 
 4.976000000000119e-09 -1.678210840280414e-01 
 4.980000000000120e-09 -1.578730358907086e-01 
 4.984000000000120e-09 -1.472941836353261e-01 
 4.988000000000121e-09 -1.361253162541063e-01 
 4.992000000000121e-09 -1.244098595781287e-01 
 4.996000000000121e-09 -1.121937245576534e-01 
 5.000000000000122e-09 -9.952513437497856e-02 
 5.004000000000122e-09 -8.645443138820852e-02 
 5.008000000000122e-09 -7.303386475417906e-02 
 5.012000000000123e-09 -5.931736049217573e-02 
 5.016000000000123e-09 -4.536009850362888e-02 
 5.020000000000124e-09 -3.121907489782672e-02 
 5.024000000000124e-09 -1.695174998665649e-02 
 5.028000000000124e-09 -2.615449776230960e-03 
 5.032000000000125e-09  1.173139017472202e-02 
 5.036000000000125e-09  2.603000028792568e-02 
 5.040000000000126e-09  4.022210580536356e-02 
 5.044000000000126e-09  5.425013147984181e-02 
 5.048000000000126e-09  6.805731824114325e-02 
 5.052000000000127e-09  8.158801549334527e-02 
 5.056000000000127e-09  9.478790268712523e-02 
 5.060000000000128e-09  1.076042679268765e-01 
 5.064000000000128e-09  1.199862214016783e-01 
 5.068000000000128e-09  1.318849302876863e-01 
 5.072000000000129e-09  1.432538027397898e-01 
 5.076000000000129e-09  1.540486749145842e-01 
 5.080000000000130e-09  1.642279566462523e-01 
 5.084000000000130e-09  1.737527703190525e-01 
 5.088000000000130e-09  1.825870554743299e-01 
 5.092000000000131e-09  1.906976626185428e-01 
 5.096000000000131e-09  1.980544193471014e-01 
 5.100000000000132e-09  2.046301858382624e-01 
 5.104000000000132e-09  2.104008895478060e-01 
 5.108000000000132e-09  2.153455521692684e-01 
 5.112000000000133e-09  2.194463028580820e-01 
 5.116000000000133e-09  2.226883878813104e-01 
 5.120000000000134e-09  2.250601730287487e-01 
 5.124000000000134e-09  2.265531464302308e-01 
 5.128000000000134e-09  2.271619190784480e-01 
 5.132000000000135e-09  2.268842283120880e-01 
 5.136000000000135e-09  2.257209415966428e-01 
 5.140000000000136e-09  2.236760635882247e-01 
 5.144000000000136e-09  2.207567433897322e-01 
 5.148000000000136e-09  2.169732830126467e-01 
 5.152000000000137e-09  2.123391434567263e-01 
 5.156000000000137e-09  2.068709479562134e-01 
 5.160000000000138e-09  2.005884785600345e-01 
 5.164000000000138e-09  1.935146647537320e-01 
 5.168000000000138e-09  1.856755604571392e-01 
 5.172000000000139e-09  1.771003079016715e-01 
 5.176000000000139e-09  1.678210853005107e-01 
 5.180000000000140e-09  1.578730371349755e-01 
 5.184000000000140e-09  1.472941848515879e-01 
 5.188000000000140e-09  1.361253174422474e-01 
 5.192000000000141e-09  1.244098607382238e-01 
 5.196000000000141e-09  1.121937256902577e-01 
 5.200000000000142e-09  9.952513548035746e-02 
 5.204000000000142e-09  8.645443246629991e-02 
 5.208000000000142e-09  7.303386580522453e-02 
 5.212000000000143e-09  5.931736151639910e-02 
 5.216000000000143e-09  4.536009950162967e-02 
 5.220000000000144e-09  3.121907586981187e-02 
 5.224000000000144e-09  1.695175093327350e-02 
 5.228000000000144e-09  2.615450697085464e-03 
 5.232000000000145e-09 -1.173138927845763e-02 
 5.236000000000145e-09 -2.602999941536943e-02 
 5.240000000000146e-09 -4.022210495605982e-02 
 5.244000000000146e-09 -5.425013065334205e-02 
 5.248000000000146e-09 -6.805731743644294e-02 
 5.252000000000147e-09 -8.158801470935906e-02 
 5.256000000000147e-09 -9.478790192356268e-02 
 5.260000000000148e-09 -1.076042671824240e-01 
 5.264000000000148e-09 -1.199862206754716e-01 
 5.268000000000148e-09 -1.318849295780691e-01 
 5.272000000000149e-09 -1.432538020461269e-01 
 5.276000000000149e-09 -1.540486742352920e-01 
 5.280000000000150e-09 -1.642279559800945e-01 
 5.284000000000150e-09 -1.737527696648797e-01 
 5.288000000000150e-09 -1.825870548315827e-01 
 5.292000000000151e-09 -1.906976619852503e-01 
 5.296000000000151e-09 -1.980544187224607e-01 
 5.300000000000152e-09 -2.046301852202084e-01 
 5.304000000000152e-09 -2.104008889362299e-01 
 5.308000000000152e-09 -2.153455515631890e-01 
 5.312000000000153e-09 -2.194463022560882e-01 
 5.316000000000153e-09 -2.226883872821257e-01 
 5.320000000000154e-09 -2.250601724323160e-01 
 5.324000000000154e-09 -2.265531458349179e-01 
 5.328000000000154e-09 -2.271619184838878e-01 
 5.332000000000155e-09 -2.268842277177303e-01 
 5.336000000000155e-09 -2.257209410015135e-01 
 5.340000000000156e-09 -2.236760629918622e-01 
 5.344000000000156e-09 -2.207567427919590e-01 
 5.348000000000156e-09 -2.169732824126327e-01 
 5.352000000000157e-09 -2.123391428542316e-01 
 5.356000000000157e-09 -2.068709473510468e-01 
 5.360000000000158e-09 -2.005884779516074e-01 
 5.364000000000158e-09 -1.935146641419507e-01 
 5.368000000000158e-09 -1.856755598417781e-01 
 5.372000000000159e-09 -1.771003072818864e-01 
 5.376000000000159e-09 -1.678210846769241e-01 
 5.380000000000160e-09 -1.578730365071390e-01 
 5.384000000000160e-09 -1.472941842195379e-01 
 5.388000000000160e-09 -1.361253168059671e-01 
 5.392000000000161e-09 -1.244098600978720e-01 
 5.396000000000161e-09 -1.121937250452021e-01 
 5.400000000000162e-09 -9.952513483053416e-02 
 5.404000000000162e-09 -8.645443181229595e-02 
 5.408000000000162e-09 -7.303386514689780e-02 
 5.412000000000163e-09 -5.931736085421058e-02 
 5.416000000000163e-09 -4.536009883512548e-02 
 5.420000000000164e-09 -3.121907519952494e-02 
 5.424000000000164e-09 -1.695175025954043e-02 
 5.428000000000164e-09 -2.615450020261534e-03 
 5.432000000000165e-09  1.173138995813261e-02 
 5.436000000000165e-09  2.603000009706768e-02 
 5.440000000000166e-09  4.022210563967121e-02 
 5.444000000000166e-09  5.425013133831591e-02 
 5.448000000000166e-09  6.805731812185556e-02 
 5.452000000000167e-09  8.158801539471394e-02 
 5.456000000000167e-09  9.478790260799652e-02 
 5.460000000000168e-09  1.076042678652396e-01 
 5.464000000000168e-09  1.199862213554663e-01 
 5.468000000000168e-09  1.318849302549676e-01 
 5.472000000000169e-09  1.432538027189603e-01 
 5.476000000000169e-09  1.540486749025591e-01 
 5.480000000000170e-09  1.642279566413078e-01 
 5.484000000000170e-09  1.737527703195596e-01 
 5.488000000000170e-09  1.825870554783373e-01 
 5.492000000000171e-09  1.906976626235837e-01 
 5.496000000000171e-09  1.980544193512439e-01 
 5.500000000000172e-09  2.046301858392909e-01 
 5.504000000000172e-09  2.104008895439811e-01 
 5.508000000000172e-09  2.153455521592207e-01 
 5.512000000000173e-09  2.194463028402180e-01 
 5.516000000000173e-09  2.226883878540060e-01 
 5.520000000000174e-09  2.250601729903081e-01 
 5.524000000000174e-09  2.265531463795181e-01 
 5.528000000000174e-09  2.271619190144978e-01 
 5.532000000000175e-09  2.268842282340069e-01 
 5.536000000000175e-09  2.257209415032748e-01 
 5.540000000000176e-09  2.236760634788841e-01 
 5.544000000000176e-09  2.207567432635313e-01 
 5.548000000000176e-09  2.169732828697528e-01 
 5.552000000000177e-09  2.123391432957362e-01 
 5.556000000000177e-09  2.068709477773796e-01 
 5.560000000000178e-09  2.005884783626168e-01 
 5.564000000000178e-09  1.935146645371022e-01 
 5.568000000000178e-09  1.856755602215259e-01 
 5.572000000000179e-09  1.771003076467288e-01 
 5.576000000000179e-09  1.678210850261390e-01 
 5.580000000000180e-09  1.578730368410506e-01 
 5.584000000000180e-09  1.472941845374649e-01 
 5.588000000000180e-09  1.361253171086068e-01 
 5.592000000000181e-09  1.244098603850077e-01 
 5.596000000000181e-09  1.121937253171490e-01 
 5.600000000000182e-09  9.952513508707383e-02 
 5.604000000000182e-09  8.645443205362291e-02 
 5.608000000000182e-09  7.303386537328471e-02 
 5.612000000000183e-09  5.931736106567342e-02 
 5.616000000000183e-09  4.536009903216609e-02 
 5.620000000000184e-09  3.121907538221258e-02 
 5.624000000000184e-09  1.695175042825348e-02 
 5.628000000000184e-09  2.615450175550649e-03 
 5.632000000000185e-09 -1.173138981586952e-02 
 5.636000000000185e-09 -2.602999996774713e-02 
 5.640000000000186e-09 -4.022210552235350e-02 
 5.644000000000186e-09 -5.425013123204891e-02 
 5.648000000000186e-09 -6.805731802630532e-02 
 5.652000000000187e-09 -8.158801530919568e-02 
 5.656000000000187e-09 -9.478790253148794e-02 
 5.660000000000188e-09 -1.076042677970053e-01 
 5.664000000000188e-09 -1.199862212952221e-01 
 5.668000000000188e-09 -1.318849302012381e-01 
 5.672000000000189e-09 -1.432538026711070e-01 
 5.676000000000189e-09 -1.540486748594292e-01 
 5.680000000000190e-09 -1.642279566019171e-01 
 5.684000000000190e-09 -1.737527702825865e-01 
 5.688000000000190e-09 -1.825870554431424e-01 
 5.692000000000191e-09 -1.906976625892929e-01 
 5.696000000000191e-09 -1.980544193161751e-01 
 5.700000000000192e-09 -2.046301858029427e-01 
 5.704000000000192e-09 -2.104008895060252e-01 
 5.708000000000192e-09 -2.153455521183090e-01 
 5.712000000000193e-09 -2.194463027954825e-01 
 5.716000000000193e-09 -2.226883878047135e-01 
 5.720000000000194e-09 -2.250601729357269e-01 
 5.724000000000194e-09 -2.265531463192390e-01 
 5.728000000000194e-09 -2.271619189481082e-01 
 5.732000000000195e-09 -2.268842281606596e-01 
 5.736000000000195e-09 -2.257209414231409e-01 
 5.740000000000196e-09 -2.236760633913750e-01 
 5.744000000000196e-09 -2.207567431682305e-01 
 5.748000000000196e-09 -2.169732827660513e-01 
 5.752000000000197e-09 -2.123391431838431e-01 
 5.756000000000197e-09 -2.068709476569390e-01 
 5.760000000000198e-09 -2.005884782334713e-01 
 5.764000000000198e-09 -1.935146643995855e-01 
 5.768000000000198e-09 -1.856755600748849e-01 
 5.772000000000199e-09 -1.771003074912239e-01 
 5.776000000000199e-09 -1.678210848610782e-01 
 5.780000000000200e-09 -1.578730366666949e-01 
 5.784000000000200e-09 -1.472941843541316e-01 
 5.788000000000200e-09 -1.361253169158969e-01 
 5.792000000000201e-09 -1.244098601830315e-01 
 5.796000000000201e-09 -1.121937251056728e-01 
 5.800000000000202e-09 -9.952513486675230e-02 
 5.804000000000202e-09 -8.645443182421175e-02 
 5.808000000000202e-09 -7.303386513490473e-02 
 5.812000000000203e-09 -5.931736081824646e-02 
 5.816000000000203e-09 -4.536009877625702e-02 
 5.820000000000204e-09 -3.121907511799726e-02 
 5.824000000000204e-09 -1.695175015609962e-02 
 5.828000000000204e-09 -2.615449895188249e-03 
 5.832000000000205e-09  1.173139010359137e-02 
 5.836000000000205e-09  2.603000026231506e-02 
 5.840000000000206e-09  4.022210582349395e-02 
 5.844000000000206e-09  5.425013153877956e-02 
 5.848000000000206e-09  6.805731833831352e-02 
 5.852000000000207e-09  8.158801562598406e-02 
 5.856000000000207e-09  9.478790285209904e-02 
 5.860000000000208e-09  1.076042681206690e-01 
 5.864000000000208e-09  1.199862216207732e-01 
 5.868000000000208e-09  1.318849305283560e-01 
 5.872000000000209e-09  1.432538029983830e-01 
 5.876000000000209e-09  1.540486751867434e-01 
 5.880000000000210e-09  1.642279569277889e-01 
 5.884000000000210e-09  1.737527706068551e-01 
 5.888000000000210e-09  1.825870557642242e-01 
 5.892000000000211e-09  1.906976629055315e-01 
 5.896000000000211e-09  1.980544196287211e-01 
 5.900000000000212e-09  2.046301861096302e-01 
 5.904000000000212e-09  2.104008898071581e-01 
 5.908000000000212e-09  2.153455524117622e-01 
 5.912000000000213e-09  2.194463030818563e-01 
 5.916000000000213e-09  2.226883880824073e-01 
 5.920000000000214e-09  2.250601732056632e-01 
 5.924000000000214e-09  2.265531465804433e-01 
 5.928000000000214e-09  2.271619191996410e-01 
 5.932000000000215e-09  2.268842284027106e-01 
 5.936000000000215e-09  2.257209416545758e-01 
 5.940000000000216e-09  2.236760636118467e-01 
 5.944000000000216e-09  2.207567433784081e-01 
 5.948000000000216e-09  2.169732829654696e-01 
 5.952000000000217e-09  2.123391433725126e-01 
 5.956000000000217e-09  2.068709478338890e-01 
 5.960000000000218e-09  2.005884783992227e-01 
 5.964000000000218e-09  1.935146645542076e-01 
 5.968000000000218e-09  1.856755602176543e-01 
 5.972000000000219e-09  1.771003076221849e-01 
 5.976000000000219e-09  1.678210849811039e-01 
 5.980000000000220e-09  1.578730367749523e-01 
 5.984000000000220e-09  1.472941844507600e-01 
 5.988000000000220e-09  1.361253170005066e-01 
 5.992000000000221e-09  1.244098602564012e-01 
 5.996000000000221e-09  1.121937251673746e-01 
 6.000000000000222e-09  9.952513491704629e-02 
 6.004000000000222e-09  8.645443186309798e-02 
 6.008000000000222e-09  7.303386516240096e-02 
 6.012000000000223e-09  5.931736083465999e-02 
 6.016000000000223e-09  4.536009878165359e-02 
 6.020000000000224e-09  3.121907511257049e-02 
 6.024000000000224e-09  1.695175014011063e-02 
 6.028000000000224e-09  2.615449869582065e-03 
 6.032000000000225e-09 -1.173139013893376e-02 
 6.036000000000225e-09 -2.603000030671687e-02 
 6.040000000000226e-09 -4.022210587674557e-02 
 6.044000000000226e-09 -5.425013160047598e-02 
 6.048000000000226e-09 -6.805731840759854e-02 
 6.052000000000227e-09 -8.158801570194107e-02 
 6.056000000000227e-09 -9.478790293427686e-02 
 6.060000000000228e-09 -1.076042682082257e-01 
 6.064000000000228e-09 -1.199862217132726e-01 
 6.068000000000228e-09 -1.318849306237979e-01 
 6.072000000000229e-09 -1.432538030969814e-01 
 6.076000000000229e-09 -1.540486752870640e-01 
 6.080000000000230e-09 -1.642279570300271e-01 
 6.084000000000230e-09 -1.737527707090871e-01 
 6.088000000000230e-09 -1.825870558654117e-01 
 6.092000000000231e-09 -1.906976630057970e-01 
 6.096000000000231e-09 -1.980544197264020e-01 
 6.100000000000232e-09 -2.046301862046280e-01 
 6.104000000000232e-09 -2.104008898976524e-01 
 6.108000000000232e-09 -2.153455524976264e-01 
 6.112000000000233e-09 -2.194463031622789e-01 
 6.116000000000233e-09 -2.226883881577151e-01 
 6.120000000000234e-09 -2.250601732736450e-01 
 6.124000000000234e-09 -2.265531466411750e-01 
 6.128000000000234e-09 -2.271619192534386e-01 
 6.132000000000235e-09 -2.268842284484549e-01 
 6.136000000000235e-09 -2.257209416922796e-01 
 6.140000000000236e-09 -2.236760636414943e-01 
 6.144000000000236e-09 -2.207567433996389e-01 
 6.148000000000236e-09 -2.169732829779736e-01 
 6.152000000000237e-09 -2.123391433756470e-01 
 6.156000000000237e-09 -2.068709478280701e-01 
 6.160000000000238e-09 -2.005884783840499e-01 
 6.164000000000238e-09 -1.935146645290722e-01 
 6.168000000000238e-09 -1.856755601836273e-01 
 6.172000000000239e-09 -1.771003075785051e-01 
 6.176000000000239e-09 -1.678210849272990e-01 
 6.180000000000240e-09 -1.578730367117274e-01 
 6.184000000000240e-09 -1.472941843775013e-01 
 6.188000000000240e-09 -1.361253169177381e-01 
 6.192000000000241e-09 -1.244098601633903e-01 
 6.196000000000241e-09 -1.121937250649694e-01 
 6.200000000000242e-09 -9.952513480467395e-02 
 6.204000000000242e-09 -8.645443174053469e-02 
 6.208000000000242e-09 -7.303386503071785e-02 
 6.212000000000243e-09 -5.931736069399918e-02 
 6.216000000000243e-09 -4.536009863191381e-02 
 6.220000000000244e-09 -3.121907495341070e-02 
 6.224000000000244e-09 -1.695174997234794e-02 
 6.228000000000244e-09 -2.615449693282201e-03 
 6.232000000000245e-09  1.173139032300874e-02 
 6.236000000000245e-09  2.603000049853321e-02 
 6.240000000000246e-09  4.022210607548082e-02 
 6.244000000000246e-09  5.425013180558658e-02 
 6.248000000000246e-09  6.805731861917685e-02 
 6.252000000000247e-09  8.158801591823384e-02 
 6.256000000000247e-09  9.478790315566421e-02 
 6.260000000000248e-09  1.076042684332279e-01 
 6.264000000000248e-09  1.199862219416836e-01 
 6.268000000000248e-09  1.318849308550201e-01 
 6.272000000000249e-09  1.432538033302091e-01 
 6.276000000000249e-09  1.540486755207153e-01 
 6.280000000000250e-09  1.642279572635292e-01 
 6.284000000000250e-09  1.737527709416371e-01 
 6.288000000000250e-09  1.825870560962901e-01 
 6.292000000000251e-09  1.906976632345092e-01 
 6.296000000000251e-09  1.980544199517684e-01 
 6.300000000000252e-09  2.046301864255393e-01 
 6.304000000000252e-09  2.104008901137453e-01 
 6.308000000000252e-09  2.153455527090280e-01 
 6.312000000000253e-09  2.194463033674590e-01 
 6.316000000000253e-09  2.226883883559050e-01 
 6.320000000000254e-09  2.250601734651443e-01 
 6.324000000000254e-09  2.265531468252593e-01 
 6.328000000000254e-09  2.271619194288350e-01 
 6.332000000000255e-09  2.268842286158499e-01 
 6.336000000000255e-09  2.257209418510455e-01 
 6.340000000000256e-09  2.236760637910400e-01 
 6.344000000000256e-09  2.207567435394402e-01 
 6.348000000000256e-09  2.169732831088145e-01 
 6.352000000000257e-09  2.123391434969961e-01 
 6.356000000000257e-09  2.068709479397128e-01 
 6.360000000000258e-09  2.005884784861252e-01 
 6.364000000000258e-09  1.935146646210759e-01 
 6.368000000000258e-09  1.856755602653504e-01 
 6.372000000000259e-09  1.771003076502486e-01 
 6.376000000000259e-09  1.678210849893871e-01 
 6.380000000000260e-09  1.578730367630241e-01 
 6.384000000000260e-09  1.472941844187945e-01 
 6.388000000000260e-09  1.361253169491663e-01 
 6.392000000000261e-09  1.244098601846950e-01 
 6.396000000000261e-09  1.121937250763239e-01 
 6.400000000000262e-09  9.952513480552305e-02 
 6.404000000000262e-09  8.645443173206502e-02 
 6.408000000000262e-09  7.303386501181564e-02 
 6.412000000000263e-09  5.931736066538207e-02 
 6.416000000000263e-09  4.536009859431367e-02 
 6.420000000000264e-09  3.121907490621467e-02 
 6.424000000000264e-09  1.695174991647619e-02 
 6.428000000000264e-09  2.615449628946109e-03 
 6.432000000000265e-09 -1.173139039612714e-02 
 6.436000000000265e-09 -2.603000057948357e-02 
 6.440000000000266e-09 -4.022210616395938e-02 
 6.444000000000266e-09 -5.425013190108174e-02 
 6.448000000000266e-09 -6.805731872041676e-02 
 6.452000000000267e-09 -8.158801602619548e-02 
 6.456000000000267e-09 -9.478790326847175e-02 
 6.460000000000268e-09 -1.076042685503911e-01 
 6.464000000000268e-09 -1.199862220620798e-01 
 6.468000000000268e-09 -1.318849309787602e-01 
 6.472000000000269e-09 -1.432538034552984e-01 
 6.476000000000269e-09 -1.540486756483084e-01 
 6.480000000000270e-09 -1.642279573909606e-01 
 6.484000000000270e-09 -1.737527710689841e-01 
 6.488000000000270e-09 -1.825870562227792e-01 
 6.492000000000271e-09 -1.906976633592885e-01 
 6.496000000000271e-09 -1.980544200741337e-01 
 6.500000000000272e-09 -2.046301865448603e-01 
 6.504000000000272e-09 -2.104008902289878e-01 
 6.508000000000272e-09 -2.153455528196022e-01 
 6.512000000000273e-09 -2.194463034725749e-01 
 6.516000000000273e-09 -2.226883884553004e-01 
 6.520000000000274e-09 -2.250601735578492e-01 
 6.524000000000274e-09 -2.265531469114350e-01 
 6.528000000000274e-09 -2.271619195080101e-01 
 6.532000000000275e-09 -2.268842286875010e-01 
 6.536000000000275e-09 -2.257209419146158e-01 
 6.540000000000276e-09 -2.236760638466384e-01 
 6.544000000000276e-09 -2.207567435866491e-01 
 6.548000000000276e-09 -2.169732831470910e-01 
 6.552000000000277e-09 -2.123391435266058e-01 
 6.556000000000277e-09 -2.068709479601316e-01 
 6.560000000000278e-09 -2.005884784976715e-01 
 6.564000000000278e-09 -1.935146646237031e-01 
 6.568000000000278e-09 -1.856755602588649e-01 
 6.572000000000279e-09 -1.771003076342570e-01 
 6.576000000000279e-09 -1.678210849636121e-01 
 6.580000000000280e-09 -1.578730367284082e-01 
 6.584000000000280e-09 -1.472941843749300e-01 
 6.588000000000280e-09 -1.361253168952086e-01 
 6.592000000000281e-09 -1.244098601215793e-01 
 6.596000000000281e-09 -1.121937250039693e-01 
 6.600000000000282e-09 -9.952513472370761e-02 
 6.604000000000282e-09 -8.645443164137845e-02 
 6.608000000000282e-09 -7.303386491214248e-02 
 6.612000000000283e-09 -5.931736055663883e-02 
 6.616000000000283e-09 -4.536009847597100e-02 
 6.620000000000284e-09 -3.121907478003116e-02 
 6.624000000000284e-09 -1.695174978121550e-02 
 6.628000000000284e-09 -2.615449486022214e-03 
 6.632000000000285e-09  1.173139054672845e-02 
 6.636000000000285e-09  2.603000073757933e-02 
 6.640000000000286e-09  4.022210632892609e-02 
 6.644000000000286e-09  5.425013207252150e-02 
 6.648000000000286e-09  6.805731889750177e-02 
 6.652000000000287e-09  8.158801620848344e-02 
 6.656000000000287e-09  9.478790345523436e-02 
 6.660000000000288e-09  1.076042687416692e-01 
 6.664000000000288e-09  1.199862222565358e-01 
 6.668000000000288e-09  1.318849311761454e-01 
 6.672000000000289e-09  1.432538036545719e-01 
 6.676000000000289e-09  1.540486758480686e-01 
 6.680000000000290e-09  1.642279575912609e-01 
 6.684000000000290e-09  1.737527712687887e-01 
 6.688000000000290e-09  1.825870564211529e-01 
 6.692000000000291e-09  1.906976635556301e-01 
 6.696000000000291e-09  1.980544202676313e-01 
 6.700000000000292e-09  2.046301867347040e-01 
 6.704000000000292e-09  2.104008904144536e-01 
 6.708000000000292e-09  2.153455530004318e-01 
 6.712000000000293e-09  2.194463036478189e-01 
 6.716000000000293e-09  2.226883886251121e-01 
 6.720000000000294e-09  2.250601737214226e-01 
 6.724000000000294e-09  2.265531470673214e-01 
 6.728000000000294e-09  2.271619196568941e-01 
 6.732000000000295e-09  2.268842288289727e-01 
 6.736000000000295e-09  2.257209420477941e-01 
 6.740000000000296e-09  2.236760639717414e-01 
 6.744000000000296e-09  2.207567437042524e-01 
 6.748000000000296e-09  2.169732832557041e-01 
 6.752000000000297e-09  2.123391436262154e-01 
 6.756000000000297e-09  2.068709480519324e-01 
 6.760000000000298e-09  2.005884785795438e-01 
 6.764000000000298e-09  1.935146646970365e-01 
 6.768000000000298e-09  1.856755603237081e-01 
 6.772000000000299e-09  1.771003076894448e-01 
 6.776000000000299e-09  1.678210850100310e-01 
 6.780000000000300e-09  1.578730367655208e-01 
 6.784000000000300e-09  1.472941844028961e-01 
 6.788000000000300e-09  1.361253169145513e-01 
 6.792000000000301e-09  1.244098601314612e-01 
 6.796000000000301e-09  1.121937250037899e-01 
 6.800000000000302e-09  9.952513471548841e-02 
 6.804000000000302e-09  8.645443162376232e-02 
 6.808000000000302e-09  7.303386488522001e-02 
 6.812000000000303e-09  5.931736052107972e-02 
 6.816000000000303e-09  4.536009843188893e-02 
 6.820000000000304e-09  3.121907472739061e-02 
 6.824000000000304e-09  1.695174972079805e-02 
 6.828000000000304e-09  2.615449417019633e-03 
 6.832000000000305e-09 -1.173139062320416e-02 
 6.836000000000305e-09 -2.603000082086027e-02 
 6.840000000000306e-09 -4.022210641882218e-02 
 6.844000000000306e-09 -5.425013216892083e-02 
 6.848000000000306e-09 -6.805731900049317e-02 
 6.852000000000307e-09 -8.158801631563506e-02 
 6.856000000000307e-09 -9.478790356690681e-02 
 6.860000000000308e-09 -1.076042688573597e-01 
 6.864000000000308e-09 -1.199862223757950e-01 
 6.868000000000308e-09 -1.318849312972592e-01 
 6.872000000000309e-09 -1.432538037781956e-01 
 6.876000000000309e-09 -1.540486759730273e-01 
 6.880000000000310e-09 -1.642279577163430e-01 
 6.884000000000310e-09 -1.737527713937643e-01 
 6.888000000000310e-09 -1.825870565446017e-01 
 6.892000000000311e-09 -1.906976636768762e-01 
 6.896000000000311e-09 -1.980544203865469e-01 
 6.900000000000312e-09 -2.046301868506575e-01 
 6.904000000000312e-09 -2.104008905260835e-01 
 6.908000000000312e-09 -2.153455531077033e-01 
 6.912000000000313e-09 -2.194463037504595e-01 
 6.916000000000313e-09 -2.226883887221165e-01 
 6.920000000000314e-09 -2.250601738119957e-01 
 6.924000000000314e-09 -2.265531471517608e-01 
 6.928000000000314e-09 -2.271619197343209e-01 
 6.932000000000315e-09 -2.268842288992667e-01 
 6.936000000000315e-09 -2.257209421107478e-01 
 6.940000000000316e-09 -2.236760640271700e-01 
 6.944000000000316e-09 -2.207567437508815e-01 
 6.948000000000316e-09 -2.169732832948941e-01 
 6.952000000000317e-09 -2.123391436578648e-01 
 6.956000000000317e-09 -2.068709480746667e-01 
 6.960000000000318e-09 -2.005884785943790e-01 
 6.964000000000318e-09 -1.935146647024251e-01 
 6.968000000000318e-09 -1.856755603202069e-01 
 6.972000000000319e-09 -1.771003076780406e-01 
 6.976000000000319e-09 -1.678210849895896e-01 
 6.980000000000320e-09 -1.578730367359222e-01 
 6.984000000000320e-09 -1.472941843651885e-01 
 6.988000000000320e-09 -1.361253168677052e-01 
 6.992000000000321e-09 -1.244098600756391e-01 
 6.996000000000321e-09 -1.121937249401306e-01 
 7.000000000000322e-09 -9.952513464292601e-02 
 7.004000000000322e-09 -8.645443154212806e-02 
 7.008000000000322e-09 -7.303386479555662e-02 
 7.012000000000323e-09 -5.931736042261804e-02 
 7.016000000000323e-09 -4.536009832522225e-02 
 7.020000000000324e-09 -3.121907461296836e-02 
 7.024000000000324e-09 -1.695174959841594e-02 
 7.028000000000324e-09 -2.615449287212357e-03 
 7.032000000000325e-09  1.173139075994456e-02 
 7.036000000000325e-09  2.603000096518038e-02 
 7.040000000000326e-09  4.022210656939862e-02 
 7.044000000000326e-09  5.425013232525444e-02 
 7.048000000000326e-09  6.805731916163360e-02 
 7.052000000000327e-09  8.158801648253622e-02 
 7.056000000000327e-09  9.478790373789892e-02 
 7.060000000000328e-09  1.076042690325831e-01 
 7.064000000000328e-09  1.199862225535693e-01 
 7.068000000000328e-09  1.318849314778330e-01 
 7.072000000000329e-09  1.432538039603628e-01 
 7.076000000000329e-09  1.540486761559112e-01 
 7.080000000000330e-09  1.642279578994303e-01 
 7.084000000000330e-09  1.737527715761660e-01 
 7.088000000000330e-09  1.825870567267245e-01 
 7.092000000000331e-09  1.906976638569660e-01 
 7.096000000000331e-09  1.980544205636683e-01 
 7.100000000000332e-09  2.046301870244438e-01 
 7.104000000000332e-09  2.104008906967669e-01 
 7.108000000000332e-09  2.153455532739894e-01 
 7.112000000000333e-09  2.194463039110484e-01 
 7.116000000000333e-09  2.226883888769495e-01 
 7.120000000000334e-09  2.250601739619145e-01 
 7.124000000000334e-09  2.265531472954494e-01 
 7.128000000000334e-09  2.271619198713699e-01 
 7.132000000000335e-09  2.268842290286359e-01 
 7.136000000000335e-09  2.257209422337572e-01 
 7.140000000000336e-09  2.236760641428388e-01 
 7.144000000000336e-09  2.207567438589999e-01 
 7.148000000000336e-09  2.169732833950819e-01 
 7.152000000000337e-09  2.123391437491504e-01 
 7.156000000000337e-09  2.068709481583979e-01 
 7.160000000000338e-09  2.005884786697321e-01 
 7.164000000000338e-09  1.935146647704116e-01 
 7.168000000000338e-09  1.856755603799600e-01 
 7.172000000000339e-09  1.771003077287663e-01 
 7.176000000000339e-09  1.678210850324220e-01 
 7.180000000000340e-09  1.578730367707077e-01 
 7.184000000000340e-09  1.472941843907378e-01 
 7.188000000000340e-09  1.361253168849288e-01 
 7.192000000000341e-09  1.244098600845920e-01 
 7.196000000000341e-09  1.121937249401608e-01 
 7.200000000000342e-09  9.952513463515267e-02 
 7.204000000000342e-09  8.645443152629539e-02 
 7.208000000000342e-09  7.303386477165574e-02 
 7.212000000000343e-09  5.931736039046065e-02 
 7.216000000000343e-09  4.536009828509613e-02 
 7.220000000000344e-09  3.121907456516659e-02 
 7.224000000000344e-09  1.695174954288348e-02 
 7.228000000000344e-09  2.615449224375510e-03 
 7.232000000000345e-09 -1.173139082966301e-02 
 7.236000000000345e-09 -2.603000104108588e-02 
 7.240000000000346e-09 -4.022210665168657e-02 
 7.244000000000346e-09 -5.425013241389642e-02 
 7.248000000000346e-09 -6.805731925605585e-02 
 7.252000000000347e-09 -8.158801658080783e-02 
 7.256000000000347e-09 -9.478790384105906e-02 
 7.260000000000348e-09 -1.076042691389674e-01 
 7.264000000000348e-09 -1.199862226637016e-01 
 7.268000000000348e-09 -1.318849315900774e-01 
 7.272000000000349e-09 -1.432538040744493e-01 
 7.276000000000349e-09 -1.540486762707474e-01 
 7.280000000000350e-09 -1.642279580150250e-01 
 7.284000000000350e-09 -1.737527716915048e-01 
 7.288000000000350e-09 -1.825870568410766e-01 
 7.292000000000351e-09 -1.906976639694715e-01 
 7.296000000000351e-09 -1.980544206736319e-01 
 7.300000000000352e-09 -2.046301871317366e-01 
 7.304000000000352e-09 -2.104008908003521e-01 
 7.308000000000352e-09 -2.153455533728912e-01 
 7.312000000000353e-09 -2.194463040060870e-01 
 7.316000000000353e-09 -2.226883889668880e-01 
 7.320000000000354e-09 -2.250601740462350e-01 
 7.324000000000354e-09 -2.265531473734532e-01 
 7.328000000000354e-09 -2.271619199430777e-01 
 7.332000000000355e-09 -2.268842290941930e-01 
 7.336000000000355e-09 -2.257209422921773e-01 
 7.340000000000356e-09 -2.236760641941578e-01 
 7.344000000000356e-09 -2.207567439031113e-01 
 7.348000000000356e-09 -2.169732834318649e-01 
 7.352000000000357e-09 -2.123391437792956e-01 
 7.356000000000357e-09 -2.068709481799775e-01 
 7.360000000000358e-09 -2.005884786840468e-01 
 7.364000000000358e-09 -1.935146647765258e-01 
 7.368000000000358e-09 -1.856755603771330e-01 
 7.372000000000359e-09 -1.771003077178221e-01 
 7.376000000000359e-09 -1.678210850137347e-01 
 7.380000000000360e-09 -1.578730367436592e-01 
 7.384000000000360e-09 -1.472941843559443e-01 
 7.388000000000360e-09 -1.361253168412908e-01 
 7.392000000000361e-09 -1.244098600332251e-01 
 7.396000000000361e-09 -1.121937248807257e-01 
 7.400000000000362e-09 -9.952513456742373e-02 
 7.404000000000362e-09 -8.645443145030640e-02 
 7.408000000000362e-09 -7.303386468778683e-02 
 7.412000000000363e-09 -5.931736029952717e-02 
 7.416000000000363e-09 -4.536009818606423e-02 
 7.420000000000364e-09 -3.121907445905947e-02 
 7.424000000000364e-09 -1.695174942972066e-02 
 7.428000000000364e-09 -2.615449104292011e-03 
 7.432000000000365e-09  1.173139095684483e-02 
 7.436000000000365e-09  2.603000117434817e-02 
 7.440000000000366e-09  4.022210679044669e-02 
 7.444000000000366e-09  5.425013255792877e-02 
 7.448000000000366e-09  6.805731940448112e-02 
 7.452000000000367e-09  8.158801673498672e-02 
 7.456000000000366e-09  9.478790399914061e-02 
 7.460000000000366e-09  1.076042693004897e-01 
 7.464000000000365e-09  1.199862228277944e-01 
 7.468000000000365e-09  1.318849317567423e-01 
 7.472000000000365e-09  1.432538042419811e-01 
 7.476000000000364e-09  1.540486764394231e-01 
 7.480000000000364e-09  1.642279581844672e-01 
 7.484000000000363e-09  1.737527718598368e-01 
 7.488000000000363e-09  1.825870570085018e-01 
 7.492000000000362e-09  1.906976641352935e-01 
 7.496000000000362e-09  1.980544208372947e-01 
 7.500000000000362e-09  2.046301872922474e-01 
 7.504000000000361e-09  2.104008909573252e-01 
 7.508000000000361e-09  2.153455535266677e-01 
 7.512000000000360e-09  2.194463041543413e-01 
 7.516000000000360e-09  2.226883891099287e-01 
 7.520000000000359e-09  2.250601741840157e-01 
 7.524000000000359e-09  2.265531475057723e-01 
 7.528000000000359e-09  2.271619200693449e-01 
 7.532000000000358e-09  2.268842292139599e-01 
 7.536000000000358e-09  2.257209424049194e-01 
 7.540000000000357e-09  2.236760643000411e-01 
 7.544000000000357e-09  2.207567440029514e-01 
 7.548000000000357e-09  2.169732835236915e-01 
 7.552000000000356e-09  2.123391438636686e-01 
 7.556000000000356e-09  2.068709482570430e-01 
 7.560000000000355e-09  2.005884787533230e-01 
 7.564000000000355e-09  1.935146648382569e-01 
 7.568000000000354e-09  1.856755604322045e-01 
 7.572000000000354e-09  1.771003077654143e-01 
 7.576000000000354e-09  1.678210850532995e-01 
 7.580000000000353e-09  1.578730367756140e-01 
 7.584000000000353e-09  1.472941843795912e-01 
 7.588000000000352e-09  1.361253168581431e-01 
 7.592000000000352e-09  1.244098600417782e-01 
 7.596000000000351e-09  1.121937248816138e-01 
 7.600000000000351e-09  9.952513455989909e-02 
 7.604000000000351e-09  8.645443143506881e-02 
 7.608000000000350e-09  7.303386466542783e-02 
 7.612000000000350e-09  5.931736026842849e-02 
 7.616000000000349e-09  4.536009814940911e-02 
 7.620000000000349e-09  3.121907441406258e-02 
 7.624000000000348e-09  1.695174937784039e-02 
 7.628000000000348e-09  2.615449045428875e-03 
 7.632000000000348e-09 -1.173139102121290e-02 
 7.636000000000347e-09 -2.603000124554278e-02 
 7.640000000000347e-09 -4.022210686775729e-02 
 7.644000000000346e-09 -5.425013264039436e-02 
 7.648000000000346e-09 -6.805731949225091e-02 
 7.652000000000345e-09 -8.158801682676042e-02 
 7.656000000000345e-09 -9.478790409462867e-02 
 7.660000000000345e-09 -1.076042693991131e-01 
 7.664000000000344e-09 -1.199862229292616e-01 
 7.668000000000344e-09 -1.318849318600019e-01 
 7.672000000000343e-09 -1.432538043473350e-01 
 7.676000000000343e-09 -1.540486765456155e-01 
 7.680000000000342e-09 -1.642279582907147e-01 
 7.684000000000342e-09 -1.737527719663055e-01 
 7.688000000000342e-09 -1.825870571135892e-01 
 7.692000000000341e-09 -1.906976642388294e-01 
 7.696000000000341e-09 -1.980544209389077e-01 
 7.700000000000340e-09 -2.046301873903991e-01 
 7.704000000000340e-09 -2.104008910521538e-01 
 7.708000000000339e-09 -2.153455536172699e-01 
 7.712000000000339e-09 -2.194463042410586e-01 
 7.716000000000339e-09 -2.226883891920663e-01 
 7.720000000000338e-09 -2.250601742609049e-01 
 7.724000000000338e-09 -2.265531475769533e-01 
 7.728000000000337e-09 -2.271619201354063e-01 
 7.732000000000337e-09 -2.268842292736319e-01 
 7.736000000000336e-09 -2.257209424585591e-01 
 7.740000000000336e-09 -2.236760643466766e-01 
 7.744000000000336e-09 -2.207567440426064e-01 
 7.748000000000335e-09 -2.169732835569502e-01 
 7.752000000000335e-09 -2.123391438891864e-01 
 7.756000000000334e-09 -2.068709482761060e-01 
 7.760000000000334e-09 -2.005884787653782e-01 
 7.764000000000333e-09 -1.935146648426516e-01 
 7.768000000000333e-09 -1.856755604295479e-01 
 7.772000000000333e-09 -1.771003077551780e-01 
 7.776000000000332e-09 -1.678210850351061e-01 
 7.780000000000332e-09 -1.578730367504324e-01 
 7.784000000000331e-09 -1.472941843466522e-01 
 7.788000000000331e-09 -1.361253168174716e-01 
 7.792000000000330e-09 -1.244098599934365e-01 
 7.796000000000330e-09 -1.121937248259979e-01 
 7.800000000000330e-09 -9.952513449740508e-02 
 7.804000000000329e-09 -8.645443136508213e-02 
 7.808000000000329e-09 -7.303386458783656e-02 
 7.812000000000328e-09 -5.931736018427891e-02 
 7.816000000000328e-09 -4.536009805734764e-02 
 7.820000000000327e-09 -3.121907431578563e-02 
 7.824000000000327e-09 -1.695174927242427e-02 
 7.828000000000327e-09 -2.615448933553921e-03 
 7.832000000000326e-09  1.173139113933885e-02 
 7.836000000000326e-09  2.603000136904043e-02 
 7.840000000000325e-09  4.022210699734785e-02 
 7.844000000000325e-09  5.425013277461765e-02 
 7.848000000000324e-09  6.805731963179795e-02 
 7.852000000000324e-09  8.158801697045170e-02 
 7.856000000000324e-09  9.478790424209826e-02 
 7.860000000000323e-09  1.076042695505031e-01 
 7.864000000000323e-09  1.199862230832593e-01 
 7.868000000000322e-09  1.318849320160673e-01 
 7.872000000000322e-09  1.432538045045124e-01 
 7.876000000000321e-09  1.540486767037201e-01 
 7.880000000000321e-09  1.642279584486968e-01 
 7.884000000000321e-09  1.737527721238568e-01 
 7.888000000000320e-09  1.825870572699912e-01 
 7.892000000000320e-09  1.906976643942153e-01 
 7.896000000000319e-09  1.980544210915474e-01 
 7.900000000000319e-09  2.046301875415786e-01 
 7.904000000000318e-09  2.104008911998285e-01 
 7.908000000000318e-09  2.153455537609021e-01 
 7.912000000000318e-09  2.194463043810009e-01 
 7.916000000000317e-09  2.226883893273082e-01 
 7.920000000000317e-09  2.250601743909502e-01 
 7.924000000000316e-09  2.265531477015086e-01 
 7.928000000000316e-09  2.271619202535720e-01 
 7.932000000000315e-09  2.268842293864346e-01 
 7.936000000000315e-09  2.257209425650479e-01 
 7.940000000000315e-09  2.236760644472191e-01 
 7.944000000000314e-09  2.207567441368816e-01 
 7.948000000000314e-09  2.169732836439509e-01 
 7.952000000000313e-09  2.123391439701785e-01 
 7.956000000000313e-09  2.068709483497351e-01 
 7.960000000000312e-09  2.005884788320307e-01 
 7.964000000000312e-09  1.935146649027226e-01 
 7.968000000000312e-09  1.856755604816103e-01 
 7.972000000000311e-09  1.771003078007976e-01 
 7.976000000000311e-09  1.678210850733990e-01 
 7.980000000000310e-09  1.578730367812469e-01 
 7.984000000000310e-09  1.472941843709936e-01 
 7.988000000000309e-09  1.361253168343843e-01 
 7.992000000000309e-09  1.244098600038210e-01 
 7.996000000000309e-09  1.121937248286340e-01 
 8.000000000000308e-09  9.952513449224121e-02 
 8.004000000000308e-09  8.645443135373121e-02 
 8.008000000000307e-09  7.303386456922389e-02 
 8.012000000000307e-09  5.931736015911859e-02 
 8.016000000000306e-09  4.536009802515295e-02 
 8.020000000000306e-09  3.121907427654058e-02 
 8.024000000000306e-09  1.695174922736165e-02 
 8.028000000000305e-09  2.615448882073323e-03 
 8.032000000000305e-09 -1.173139119699584e-02 
 8.036000000000304e-09 -2.603000143213663e-02 
 8.040000000000304e-09 -4.022210706557061e-02 
 8.044000000000304e-09 -5.425013284816060e-02 
 8.048000000000303e-09 -6.805731970916185e-02 
 8.052000000000303e-09 -8.158801705187813e-02 
 8.056000000000302e-09 -9.478790432777906e-02 
 8.060000000000302e-09 -1.076042696385198e-01 
 8.064000000000301e-09 -1.199862231735551e-01 
 8.068000000000301e-09 -1.318849321093847e-01 
 8.072000000000301e-09 -1.432538045989400e-01 
 8.076000000000300e-09 -1.540486767993006e-01 
 8.080000000000300e-09 -1.642279585443909e-01 
 8.084000000000299e-09 -1.737527722192560e-01 
 8.088000000000299e-09 -1.825870573651214e-01 
 8.092000000000298e-09 -1.906976644871232e-01 
 8.096000000000298e-09 -1.980544211828317e-01 
 8.100000000000298e-09 -2.046301876292445e-01 
 8.104000000000297e-09 -2.104008912848778e-01 
 8.108000000000297e-09 -2.153455538429574e-01 
 8.112000000000296e-09 -2.194463044589376e-01 
 8.116000000000296e-09 -2.226883894011398e-01 
 8.120000000000295e-09 -2.250601744592617e-01 
 8.124000000000295e-09 -2.265531477654887e-01 
 8.128000000000295e-09 -2.271619203122044e-01 
 8.132000000000294e-09 -2.268842294394189e-01 
 8.136000000000294e-09 -2.257209426114859e-01 
 8.140000000000293e-09 -2.236760644883369e-01 
 8.144000000000293e-09 -2.207567441705991e-01 
 8.148000000000292e-09 -2.169732836718081e-01 
 8.152000000000292e-09 -2.123391439920121e-01 
 8.156000000000292e-09 -2.068709483647702e-01 
 8.160000000000291e-09 -2.005884788400980e-01 
 8.164000000000291e-09 -1.935146649042618e-01 
 8.168000000000290e-09 -1.856755604764739e-01 
 8.172000000000290e-09 -1.771003077881721e-01 
 8.176000000000289e-09 -1.678210850542641e-01 
 8.180000000000289e-09 -1.578730367556656e-01 
 8.184000000000289e-09 -1.472941843378575e-01 
 8.188000000000288e-09 -1.361253167941161e-01 
 8.192000000000288e-09 -1.244098599564847e-01 
 8.196000000000287e-09 -1.121937247745191e-01 
 8.200000000000287e-09 -9.952513443176514e-02 
 8.204000000000286e-09 -8.645443128571806e-02 
 8.208000000000286e-09 -7.303386449474836e-02 
 8.212000000000286e-09 -5.931736007779520e-02 
 8.216000000000285e-09 -4.536009793705276e-02 
 8.220000000000285e-09 -3.121907418253400e-02 
 8.224000000000284e-09 -1.695174912695485e-02 
 8.228000000000284e-09 -2.615448776236207e-03 
 8.232000000000283e-09  1.173139130929357e-02 
 8.236000000000283e-09  2.603000154932289e-02 
 8.240000000000283e-09  4.022210718790120e-02 
 8.244000000000282e-09  5.425013297446135e-02 
 8.248000000000282e-09  6.805731984050567e-02 
 8.252000000000281e-09  8.158801718714415e-02 
 8.256000000000281e-09  9.478790446575758e-02 
 8.260000000000280e-09  1.076042697798183e-01 
 8.264000000000280e-09  1.199862233178202e-01 
 8.268000000000280e-09  1.318849322547226e-01 
 8.272000000000279e-09  1.432538047463385e-01 
 8.276000000000279e-09  1.540486769469691e-01 
 8.280000000000278e-09  1.642279586927451e-01 
 8.284000000000278e-09  1.737527723669690e-01 
 8.288000000000277e-09  1.825870575113964e-01 
 8.292000000000277e-09  1.906976646321947e-01 
 8.296000000000277e-09  1.980544213256934e-01 
 8.300000000000276e-09  2.046301877703893e-01 
 8.304000000000276e-09  2.104008914221858e-01 
 8.308000000000275e-09  2.153455539766207e-01 
 8.312000000000275e-09  2.194463045888591e-01 
 8.316000000000274e-09  2.226883895268683e-01 
 8.320000000000274e-09  2.250601745811194e-01 
 8.324000000000274e-09  2.265531478822893e-01 
 8.328000000000273e-09  2.271619204240807e-01 
 8.332000000000273e-09  2.268842295454245e-01 
 8.336000000000272e-09  2.257209427124778e-01 
 8.340000000000272e-09  2.236760645827123e-01 
 8.344000000000271e-09  2.207567442592393e-01 
 8.348000000000271e-09  2.169732837546592e-01 
 8.352000000000271e-09  2.123391440679732e-01 
 8.356000000000270e-09  2.068709484347364e-01 
 8.360000000000270e-09  2.005884789037085e-01 
 8.364000000000269e-09  1.935146649611337e-01 
 8.368000000000269e-09  1.856755605269367e-01 
 8.372000000000268e-09  1.771003078324433e-01 
 8.376000000000268e-09  1.678210850920916e-01 
 8.380000000000268e-09  1.578730367863308e-01 
 8.384000000000267e-09  1.472941843621189e-01 
 8.388000000000267e-09  1.361253168116772e-01 
 8.392000000000266e-09  1.244098599676189e-01 
 8.396000000000266e-09  1.121937247792157e-01 
 8.400000000000265e-09  9.952513442926580e-02 
 8.404000000000265e-09  8.645443127715957e-02 
 8.408000000000265e-09  7.303386447932603e-02 
 8.412000000000264e-09  5.931736005581634e-02 
 8.416000000000264e-09  4.536009790918705e-02 
 8.420000000000263e-09  3.121907414861802e-02 
 8.424000000000263e-09  1.695174908700636e-02 
 8.428000000000262e-09  2.615448730010073e-03 
 8.432000000000262e-09 -1.173139136028745e-02 
 8.436000000000262e-09 -2.603000160622670e-02 
 8.440000000000261e-09 -4.022210724948572e-02 
 8.444000000000261e-09 -5.425013304139092e-02 
 8.448000000000260e-09 -6.805731991088493e-02 
 8.452000000000260e-09 -8.158801726158771e-02 
 8.456000000000259e-09 -9.478790454370589e-02 
 8.460000000000259e-09 -1.076042698603850e-01 
 8.464000000000259e-09 -1.199862234007494e-01 
 8.468000000000258e-09 -1.318849323399451e-01 
 8.472000000000258e-09 -1.432538048320229e-01 
 8.476000000000257e-09 -1.540486770341563e-01 
 8.480000000000257e-09 -1.642279587803124e-01 
 8.484000000000256e-09 -1.737527724537795e-01 
 8.488000000000256e-09 -1.825870575979476e-01 
 8.492000000000256e-09 -1.906976647175407e-01 
 8.496000000000255e-09 -1.980544214094229e-01 
 8.500000000000255e-09 -2.046301878515848e-01 
 8.504000000000254e-09 -2.104008915013589e-01 
 8.508000000000254e-09 -2.153455540515812e-01 
 8.512000000000254e-09 -2.194463046601172e-01 
 8.516000000000253e-09 -2.226883895941638e-01 
 8.520000000000253e-09 -2.250601746438503e-01 
 8.524000000000252e-09 -2.265531479401388e-01 
 8.528000000000252e-09 -2.271619204766446e-01 
 8.532000000000251e-09 -2.268842295932774e-01 
 8.536000000000251e-09 -2.257209427552227e-01 
 8.540000000000251e-09 -2.236760646196221e-01 
 8.544000000000250e-09 -2.207567442906955e-01 
 8.548000000000250e-09 -2.169732837799465e-01 
 8.552000000000249e-09 -2.123391440872351e-01 
 8.556000000000249e-09 -2.068709484474214e-01 
 8.560000000000248e-09 -2.005884789110484e-01 
 8.564000000000248e-09 -1.935146649613788e-01 
 8.568000000000248e-09 -1.856755605208997e-01 
 8.572000000000247e-09 -1.771003078204902e-01 
 8.576000000000247e-09 -1.678210850733013e-01 
 8.580000000000246e-09 -1.578730367610355e-01 
 8.584000000000246e-09 -1.472941843308444e-01 
 8.588000000000245e-09 -1.361253167740024e-01 
 8.592000000000245e-09 -1.244098599229453e-01 
 8.596000000000245e-09 -1.121937247282982e-01 
 8.600000000000244e-09 -9.952513437217192e-02 
 8.604000000000244e-09 -8.645443121357133e-02 
 8.608000000000243e-09 -7.303386440983495e-02 
 8.612000000000243e-09 -5.931735997986465e-02 
 8.616000000000242e-09 -4.536009782714601e-02 
 8.620000000000242e-09 -3.121907406125857e-02 
 8.624000000000242e-09 -1.695174899372098e-02 
 8.628000000000241e-09 -2.615448630953310e-03 
 8.632000000000241e-09  1.173139146383484e-02 
 8.636000000000240e-09  2.603000171548153e-02 
 8.640000000000240e-09  4.022210736306064e-02 
 8.644000000000239e-09  5.425013315933036e-02 
 8.648000000000239e-09  6.805732003274478e-02 
 8.652000000000239e-09  8.158801738693455e-02 
 8.656000000000238e-09  9.478790467268539e-02 
 8.660000000000238e-09  1.076042699917323e-01 
 8.664000000000237e-09  1.199862235344380e-01 
 8.668000000000237e-09  1.318849324748488e-01 
 8.672000000000236e-09  1.432538049690404e-01 
 8.676000000000236e-09  1.540486771716321e-01 
 8.680000000000236e-09  1.642279589174294e-01 
 8.684000000000235e-09  1.737527725913921e-01 
 8.688000000000235e-09  1.825870577342243e-01 
 8.692000000000234e-09  1.906976648528529e-01 
 8.696000000000234e-09  1.980544215427669e-01 
 8.700000000000233e-09  2.046301879824384e-01 
 8.704000000000233e-09  2.104008916290816e-01 
 8.708000000000233e-09  2.153455541771097e-01 
 8.712000000000232e-09  2.194463047819109e-01 
 8.716000000000232e-09  2.226883897118594e-01 
 8.720000000000231e-09  2.250601747573551e-01 
 8.724000000000231e-09  2.265531480494474e-01 
 8.728000000000230e-09  2.271619205809590e-01 
 8.732000000000230e-09  2.268842296923841e-01 
 8.736000000000230e-09  2.257209428493421e-01 
 8.740000000000229e-09  2.236760647085403e-01 
 8.744000000000229e-09  2.207567443737317e-01 
 8.748000000000228e-09  2.169732838574085e-01 
 8.752000000000228e-09  2.123391441591007e-01 
 8.756000000000227e-09  2.068709485134024e-01 
 8.760000000000227e-09  2.005884789709667e-01 
 8.764000000000227e-09  1.935146650158774e-01 
 8.768000000000226e-09  1.856755605696110e-01 
 8.772000000000226e-09  1.771003078625579e-01 
 8.776000000000225e-09  1.678210851089563e-01 
 8.780000000000225e-09  1.578730367913437e-01 
 8.784000000000224e-09  1.472941843541875e-01 
 8.788000000000224e-09  1.361253167919649e-01 
 8.792000000000224e-09  1.244098599346817e-01 
 8.796000000000223e-09  1.121937247338103e-01 
 8.800000000000223e-09  9.952513437178290e-02 
 8.804000000000222e-09  8.645443120683360e-02 
 8.808000000000222e-09  7.303386439707893e-02 
 8.812000000000221e-09  5.931735996140297e-02 
 8.816000000000221e-09  4.536009780312433e-02 
 8.820000000000221e-09  3.121907403111557e-02 
 8.824000000000220e-09  1.695174895853668e-02 
 8.828000000000220e-09  2.615448590660208e-03 
 8.832000000000219e-09 -1.173139150967373e-02 
 8.836000000000219e-09 -2.603000176568138e-02 
 8.840000000000218e-09 -4.022210741838350e-02 
 8.844000000000218e-09 -5.425013321857364e-02 
 8.848000000000218e-09 -6.805732009613585e-02 
 8.852000000000217e-09 -8.158801745372202e-02 
 8.856000000000217e-09 -9.478790474192422e-02 
 8.860000000000216e-09 -1.076042700637920e-01 
 8.864000000000216e-09 -1.199862236085671e-01 
 8.868000000000215e-09 -1.318849325508964e-01 
 8.872000000000215e-09 -1.432538050466778e-01 
 8.876000000000215e-09 -1.540486772494827e-01 
 8.880000000000214e-09 -1.642279589959781e-01 
 8.884000000000214e-09 -1.737527726694506e-01 
 8.888000000000213e-09 -1.825870578115047e-01 
 8.892000000000213e-09 -1.906976649284440e-01 
 8.896000000000212e-09 -1.980544216171047e-01 
 8.900000000000212e-09 -2.046301880546935e-01 
 8.904000000000212e-09 -2.104008916989191e-01 
 8.908000000000211e-09 -2.153455542440619e-01 
 8.912000000000211e-09 -2.194463048453330e-01 
 8.916000000000210e-09 -2.226883897710095e-01 
 8.920000000000210e-09 -2.250601748127363e-01 
 8.924000000000209e-09 -2.265531480994185e-01 
 8.928000000000209e-09 -2.271619206270192e-01 
 8.932000000000209e-09 -2.268842297336531e-01 
 8.936000000000208e-09 -2.257209428852538e-01 
 8.940000000000208e-09 -2.236760647395646e-01 
 8.944000000000207e-09 -2.207567443988232e-01 
 8.948000000000207e-09 -2.169732838777940e-01 
 8.952000000000206e-09 -2.123391441735700e-01 
 8.956000000000206e-09 -2.068709485232594e-01 
 8.960000000000206e-09 -2.005884789742609e-01 
 8.964000000000205e-09 -1.935146650136677e-01 
 8.968000000000205e-09 -1.856755605608598e-01 
 8.972000000000204e-09 -1.771003078485531e-01 
 8.976000000000204e-09 -1.678210850894626e-01 
 8.980000000000203e-09 -1.578730367651069e-01 
 8.984000000000203e-09 -1.472941843222202e-01 
 8.988000000000203e-09 -1.361253167538958e-01 
 8.992000000000202e-09 -1.244098598909638e-01 
 8.996000000000202e-09 -1.121937246838076e-01 
 9.000000000000201e-09 -9.952513431590404e-02 
 9.004000000000201e-09 -8.645443114505547e-02 
 9.008000000000201e-09 -7.303386433007120e-02 
 9.012000000000200e-09 -5.931735988880327e-02 
 9.016000000000200e-09 -4.536009772473726e-02 
 9.020000000000199e-09 -3.121907394681500e-02 
 9.024000000000199e-09 -1.695174886962647e-02 
 9.028000000000198e-09 -2.615448496985806e-03 
 9.032000000000198e-09  1.173139160904846e-02 
 9.036000000000198e-09  2.603000186953963e-02 
 9.040000000000197e-09  4.022210752629896e-02 
 9.044000000000197e-09  5.425013333006490e-02 
 9.048000000000196e-09  6.805732021169142e-02 
 9.052000000000196e-09  8.158801757232759e-02 
 9.056000000000195e-09  9.478790486391198e-02 
 9.060000000000195e-09  1.076042701880198e-01 
 9.064000000000195e-09  1.199862237352569e-01 
 9.068000000000194e-09  1.318849326787834e-01 
 9.072000000000194e-09  1.432538051752275e-01 
 9.076000000000193e-09  1.540486773793788e-01 
 9.080000000000193e-09  1.642279591265812e-01 
 9.084000000000192e-09  1.737527727992028e-01 
 9.088000000000192e-09  1.825870579407329e-01 
 9.092000000000192e-09  1.906976650562138e-01 
 9.096000000000191e-09  1.980544217426967e-01 
 9.100000000000191e-09  2.046301881785144e-01 
 9.104000000000190e-09  2.104008918203153e-01 
 9.108000000000190e-09  2.153455543620710e-01 
 9.112000000000189e-09  2.194463049601119e-01 
 9.116000000000189e-09  2.226883898826220e-01 
 9.120000000000189e-09  2.250601749202568e-01 
 9.124000000000188e-09  2.265531482033494e-01 
 9.128000000000188e-09  2.271619207266553e-01 
 9.132000000000187e-09  2.268842298285532e-01 
 9.136000000000187e-09  2.257209429749198e-01 
 9.140000000000186e-09  2.236760648238449e-01 
 9.144000000000186e-09  2.207567444792278e-01 
 9.148000000000186e-09  2.169732839521652e-01 
 9.152000000000185e-09  2.123391442431455e-01 
 9.156000000000185e-09  2.068709485870350e-01 
 9.160000000000184e-09  2.005884790327279e-01 
 9.164000000000184e-09  1.935146650664512e-01 
 9.168000000000183e-09  1.856755606086988e-01 
 9.172000000000183e-09  1.771003078903881e-01 
 9.176000000000183e-09  1.678210851258033e-01 
 9.180000000000182e-09  1.578730367961008e-01 
 9.184000000000182e-09  1.472941843472668e-01 
 9.188000000000181e-09  1.361253167732013e-01 
 9.192000000000181e-09  1.244098599042687e-01 
 9.196000000000180e-09  1.121937246915294e-01 
 9.200000000000180e-09  9.952513431839805e-02 
 9.204000000000180e-09  8.645443114265028e-02 
 9.208000000000179e-09  7.303386432114856e-02 
 9.212000000000179e-09  5.931735987419806e-02 
 9.216000000000178e-09  4.536009770491489e-02 
 9.220000000000178e-09  3.121907392206147e-02 
 9.224000000000177e-09  1.695174883916373e-02 
 9.228000000000177e-09  2.615448461522618e-03 
 9.232000000000177e-09 -1.173139164882109e-02 
 9.236000000000176e-09 -2.603000191379223e-02 
 9.240000000000176e-09 -4.022210757419131e-02 
 9.244000000000175e-09 -5.425013338264861e-02 
 9.248000000000175e-09 -6.805732026682954e-02 
 9.252000000000174e-09 -8.158801763084611e-02 
 9.256000000000174e-09 -9.478790492571498e-02 
 9.260000000000174e-09 -1.076042702528923e-01 
 9.264000000000173e-09 -1.199862238012770e-01 
 9.268000000000173e-09 -1.318849327471927e-01 
 9.272000000000172e-09 -1.432538052447097e-01 
 9.276000000000172e-09 -1.540486774489978e-01 
 9.280000000000171e-09 -1.642279591962676e-01 
 9.284000000000171e-09 -1.737527728691930e-01 
 9.288000000000171e-09 -1.825870580101032e-01 
 9.292000000000170e-09 -1.906976651244330e-01 
 9.296000000000170e-09 -1.980544218094646e-01 
 9.300000000000169e-09 -2.046301882431978e-01 
 9.304000000000169e-09 -2.104008918821352e-01 
 9.308000000000168e-09 -2.153455544220195e-01 
 9.312000000000168e-09 -2.194463050165005e-01 
 9.316000000000168e-09 -2.226883899353336e-01 
 9.320000000000167e-09 -2.250601749695149e-01 
 9.324000000000167e-09 -2.265531482483283e-01 
 9.328000000000166e-09 -2.271619207672804e-01 
 9.332000000000166e-09 -2.268842298649481e-01 
 9.336000000000165e-09 -2.257209430068483e-01 
 9.340000000000165e-09 -2.236760648512475e-01 
 9.344000000000165e-09 -2.207567445010437e-01 
 9.348000000000164e-09 -2.169732839695921e-01 
 9.352000000000164e-09 -2.123391442553144e-01 
 9.356000000000163e-09 -2.068709485941387e-01 
 9.360000000000163e-09 -2.005884790345513e-01 
 9.364000000000162e-09 -1.935146650630131e-01 
 9.368000000000162e-09 -1.856755605995826e-01 
 9.372000000000162e-09 -1.771003078757083e-01 
 9.376000000000161e-09 -1.678210851056257e-01 
 9.380000000000161e-09 -1.578730367701127e-01 
 9.384000000000160e-09 -1.472941843164719e-01 
 9.388000000000160e-09 -1.361253167366634e-01 
 9.392000000000159e-09 -1.244098598625989e-01 
 9.396000000000159e-09 -1.121937246443920e-01 
 9.400000000000159e-09 -9.952513426559406e-02 
 9.404000000000158e-09 -8.645443108410689e-02 
 9.408000000000158e-09 -7.303386425722636e-02 
 9.412000000000157e-09 -5.931735980571062e-02 
 9.416000000000157e-09 -4.536009763139326e-02 
 9.420000000000156e-09 -3.121907384338485e-02 
 9.424000000000156e-09 -1.695174875540140e-02 
 9.428000000000156e-09 -2.615448372958795e-03 
 9.432000000000155e-09  1.173139174128401e-02 
 9.436000000000155e-09  2.603000201066941e-02 
 9.440000000000154e-09  4.022210767559287e-02 
 9.444000000000154e-09  5.425013348766328e-02 
 9.448000000000153e-09  6.805732037518020e-02 
 9.452000000000153e-09  8.158801774273705e-02 
 9.456000000000153e-09  9.478790503928991e-02 
 9.460000000000152e-09  1.076042703695048e-01 
 9.464000000000152e-09  1.199862239197476e-01 
 9.468000000000151e-09  1.318849328669760e-01 
 9.472000000000151e-09  1.432538053661467e-01 
 9.476000000000150e-09  1.540486775713763e-01 
 9.480000000000150e-09  1.642279593179623e-01 
 9.484000000000150e-09  1.737527729908077e-01 
 9.488000000000149e-09  1.825870581307214e-01 
 9.492000000000149e-09  1.906976652446701e-01 
 9.496000000000148e-09  1.980544219274938e-01 
 9.500000000000148e-09  2.046301883590838e-01 
 9.504000000000148e-09  2.104008919963363e-01 
 9.508000000000147e-09  2.153455545321528e-01 
 9.512000000000147e-09  2.194463051242836e-01 
 9.516000000000146e-09  2.226883900399308e-01 
 9.520000000000146e-09  2.250601750699603e-01 
 9.524000000000145e-09  2.265531483456997e-01 
 9.528000000000145e-09  2.271619208602633e-01 
 9.532000000000145e-09  2.268842299533720e-01 
 9.536000000000144e-09  2.257209430910767e-01 
 9.540000000000144e-09  2.236760649304506e-01 
 9.544000000000143e-09  2.207567445764247e-01 
 9.548000000000143e-09  2.169732840390597e-01 
 9.552000000000142e-09  2.123391443198175e-01 
 9.556000000000142e-09  2.068709486534654e-01 
 9.560000000000142e-09  2.005884790896015e-01 
 9.564000000000141e-09  1.935146651128745e-01 
 9.568000000000141e-09  1.856755606436611e-01 
 9.572000000000140e-09  1.771003079150386e-01 
 9.576000000000140e-09  1.678210851397459e-01 
 9.580000000000139e-09  1.578730367986765e-01 
 9.584000000000139e-09  1.472941843397351e-01 
 9.588000000000139e-09  1.361253167547822e-01 
 9.592000000000138e-09  1.244098598756089e-01 
 9.596000000000138e-09  1.121937246518350e-01 
 9.600000000000137e-09  9.952513426743792e-02 
 9.604000000000137e-09  8.645443108083484e-02 
 9.608000000000136e-09  7.303386424930025e-02 
 9.612000000000136e-09  5.931735979247321e-02 
 9.616000000000136e-09  4.536009761342186e-02 
 9.620000000000135e-09  3.121907382096190e-02 
 9.624000000000135e-09  1.695174872805083e-02 
 9.628000000000134e-09  2.615448342080384e-03 
 9.632000000000134e-09 -1.173139177807769e-02 
 9.636000000000133e-09 -2.603000205081507e-02 
 9.640000000000133e-09 -4.022210771975487e-02 
 9.644000000000133e-09 -5.425013353520747e-02 
 9.648000000000132e-09 -6.805732042635348e-02 
 9.652000000000132e-09 -8.158801779680580e-02 
 9.656000000000131e-09 -9.478790509628432e-02 
 9.660000000000131e-09 -1.076042704274371e-01 
 9.664000000000130e-09 -1.199862239806162e-01 
 9.668000000000130e-09 -1.318849329289762e-01 
 9.672000000000130e-09 -1.432538054284223e-01 
 9.676000000000129e-09 -1.540486776343357e-01 
 9.680000000000129e-09 -1.642279593817246e-01 
 9.684000000000128e-09 -1.737527730542787e-01 
 9.688000000000128e-09 -1.825870581940947e-01 
 9.692000000000127e-09 -1.906976653064767e-01 
 9.696000000000127e-09 -1.980544219882114e-01 
 9.700000000000127e-09 -2.046301884179735e-01 
 9.704000000000126e-09 -2.104008920519744e-01 
 9.708000000000126e-09 -2.153455545864658e-01 
 9.712000000000125e-09 -2.194463051751865e-01 
 9.716000000000125e-09 -2.226883900873973e-01 
 9.720000000000124e-09 -2.250601751145536e-01 
 9.724000000000124e-09 -2.265531483853520e-01 
 9.728000000000124e-09 -2.271619208963138e-01 
 9.732000000000123e-09 -2.268842299848401e-01 
 9.736000000000123e-09 -2.257209431188580e-01 
 9.740000000000122e-09 -2.236760649541187e-01 
 9.744000000000122e-09 -2.207567445952834e-01 
 9.748000000000121e-09 -2.169732840539251e-01 
 9.752000000000121e-09 -2.123391443293352e-01 
 9.756000000000121e-09 -2.068709486579383e-01 
 9.760000000000120e-09 -2.005884790888599e-01 
 9.764000000000120e-09 -1.935146651074628e-01 
 9.768000000000119e-09 -1.856755606337650e-01 
 9.772000000000119e-09 -1.771003078999822e-01 
 9.776000000000118e-09 -1.678210851197921e-01 
 9.780000000000118e-09 -1.578730367741787e-01 
 9.784000000000118e-09 -1.472941843095938e-01 
 9.788000000000117e-09 -1.361253167191450e-01 
 9.792000000000117e-09 -1.244098598348486e-01 
 9.796000000000116e-09 -1.121937246063123e-01 
 9.800000000000116e-09 -9.952513421721321e-02 
 9.804000000000115e-09 -8.645443102535388e-02 
 9.808000000000115e-09 -7.303386418888103e-02 
 9.812000000000115e-09 -5.931735972725427e-02 
 9.816000000000114e-09 -4.536009754387038e-02 
 9.820000000000114e-09 -3.121907374593746e-02 
 9.824000000000113e-09 -1.695174864927651e-02 
 9.828000000000113e-09 -2.615448257696329e-03 
 9.832000000000112e-09  1.173139186544248e-02 
 9.836000000000112e-09  2.603000214232054e-02 
 9.840000000000112e-09  4.022210781553781e-02 
 9.844000000000111e-09  5.425013363402087e-02 
 9.848000000000111e-09  6.805732052880309e-02 
 9.852000000000110e-09  8.158801790198744e-02 
 9.856000000000110e-09  9.478790520406477e-02 
 9.860000000000109e-09  1.076042705376263e-01 
 9.864000000000109e-09  1.199862240919511e-01 
 9.868000000000109e-09  1.318849330422331e-01 
 9.872000000000108e-09  1.432538055425869e-01 
 9.876000000000108e-09  1.540486777492500e-01 
 9.880000000000107e-09  1.642279594967757e-01 
 9.884000000000107e-09  1.737527731693014e-01 
 9.888000000000106e-09  1.825870583079556e-01 
 9.892000000000106e-09  1.906976654192150e-01 
 9.896000000000106e-09  1.980544220995126e-01 
 9.900000000000105e-09  2.046301885273136e-01 
 9.904000000000105e-09  2.104008921598037e-01 
 9.908000000000104e-09  2.153455546910088e-01 
 9.912000000000104e-09  2.194463052773892e-01 
 9.916000000000103e-09  2.226883901867676e-01 
 9.920000000000103e-09  2.250601752099994e-01 
 9.924000000000103e-09  2.265531484778647e-01 
 9.928000000000102e-09  2.271619209850551e-01 
 9.932000000000102e-09  2.268842300699472e-01 
 9.936000000000101e-09  2.257209431996723e-01 
 9.940000000000101e-09  2.236760650303633e-01 
 9.944000000000100e-09  2.207567446672107e-01 
 9.948000000000100e-09  2.169732841209959e-01 
 9.952000000000100e-09  2.123391443922289e-01 
 9.956000000000099e-09  2.068709487173033e-01 
 9.960000000000099e-09  2.005884791423593e-01 
 9.964000000000098e-09  1.935146651568758e-01 
 9.968000000000098e-09  1.856755606783391e-01 
 9.972000000000097e-09  1.771003079394102e-01 
 9.976000000000097e-09  1.678210851541753e-01 
 9.980000000000097e-09  1.578730368037444e-01 
 9.984000000000096e-09  1.472941843345268e-01 
 9.988000000000096e-09  1.361253167399514e-01 
 9.992000000000095e-09  1.244098598505179e-01 
 9.996000000000095e-09  1.121937246171036e-01 
 1.000000000000009e-08  9.956491801613310e-02 
