 1.000000000000000e+06 -5.316697137740350e+00 
 1.047128548050900e+06 -5.316694481898549e+00 
 1.096478196143185e+06 -5.316691569895835e+00 
 1.148153621496883e+06 -5.316688376871653e+00 
 1.202264434617413e+06 -5.316684875940215e+00 
 1.258925411794168e+06 -5.316681037098131e+00 
 1.318256738556408e+06 -5.316676828014259e+00 
 1.380384264602886e+06 -5.316672212746959e+00 
 1.445439770745928e+06 -5.316667152303357e+00 
 1.513561248436209e+06 -5.316661603588150e+00 
 1.584893192461115e+06 -5.316655519578060e+00 
 1.659586907437562e+06 -5.316648848634749e+00 
 1.737800828749377e+06 -5.316641534102452e+00 
 1.819700858609986e+06 -5.316633513863437e+00 
 1.905460717963250e+06 -5.316624719847035e+00 
 1.995262314968882e+06 -5.316615077488041e+00 
 2.089296130854042e+06 -5.316604504877653e+00 
 2.187761623949556e+06 -5.316592912284736e+00 
 2.290867652767777e+06 -5.316580201322541e+00 
 2.398832919019494e+06 -5.316566264078030e+00 
 2.511886431509584e+06 -5.316550982268485e+00 
 2.630267991895386e+06 -5.316534226166158e+00 
 2.754228703338171e+06 -5.316515853605891e+00 
 2.884031503126611e+06 -5.316495708599136e+00 
 3.019951720402022e+06 -5.316473620227207e+00 
 3.162277660168386e+06 -5.316449401011556e+00 
 3.311311214825918e+06 -5.316422845396102e+00 
 3.467368504525324e+06 -5.316393728040346e+00 
 3.630780547701022e+06 -5.316361801765060e+00 
 3.801893963205622e+06 -5.316326795709109e+00 
 3.981071705534983e+06 -5.316288412853478e+00 
 4.168693834703365e+06 -5.316246327467889e+00 
 4.365158322401672e+06 -5.316200182494841e+00 
 4.570881896148764e+06 -5.316149586308634e+00 
 4.786300923226397e+06 -5.316094109722357e+00 
 5.011872336272738e+06 -5.316033282101004e+00 
 5.248074602497743e+06 -5.315966587412485e+00 
 5.495408738576263e+06 -5.315893459859597e+00 
 5.754399373371588e+06 -5.315813279200107e+00 
 6.025595860743597e+06 -5.315725365463142e+00 
 6.309573444801954e+06 -5.315628972982286e+00 
 6.606934480075982e+06 -5.315523284379530e+00 
 6.918309709189389e+06 -5.315407403549499e+00 
 7.244359600749927e+06 -5.315280348053335e+00 
 7.585775750291865e+06 -5.315141040858985e+00 
 7.943282347242844e+06 -5.314988301179827e+00 
 8.317637711026741e+06 -5.314820834838385e+00 
 8.709635899560839e+06 -5.314637222636963e+00 
 9.120108393559132e+06 -5.314435909122388e+00 
 9.549925860214395e+06 -5.314215189312494e+00 
 1.000000000000004e+07 -5.313973194103125e+00 
 1.047128548050904e+07 -5.313707874776519e+00 
 1.096478196143189e+07 -5.313416985801030e+00 
 1.148153621496888e+07 -5.313098065746956e+00 
 1.202264434617418e+07 -5.312748417134903e+00 
 1.258925411794173e+07 -5.312365083364641e+00 
 1.318256738556413e+07 -5.311944824302143e+00 
 1.380384264602891e+07 -5.311484089215947e+00 
 1.445439770745934e+07 -5.310978987208451e+00 
 1.513561248436215e+07 -5.310425254766883e+00 
 1.584893192461121e+07 -5.309818220361716e+00 
 1.659586907437568e+07 -5.309152765998966e+00 
 1.737800828749384e+07 -5.308423285072845e+00 
 1.819700858609992e+07 -5.307623635520223e+00 
 1.905460717963257e+07 -5.306747090044937e+00 
 1.995262314968890e+07 -5.305786280928592e+00 
 2.089296130854050e+07 -5.304733139709907e+00 
 2.187761623949564e+07 -5.303578832019898e+00 
 2.290867652767785e+07 -5.302313685827956e+00 
 2.398832919019503e+07 -5.300927113825526e+00 
 2.511886431509594e+07 -5.299407528427728e+00 
 2.630267991895396e+07 -5.297742249770327e+00 
 2.754228703338182e+07 -5.295917405371419e+00 
 2.884031503126622e+07 -5.293917821133892e+00 
 3.019951720402033e+07 -5.291726903087580e+00 
 3.162277660168397e+07 -5.289326509353281e+00 
 3.311311214825930e+07 -5.286696811224150e+00 
 3.467368504525337e+07 -5.283816142818464e+00 
 3.630780547701035e+07 -5.280660839319726e+00 
 3.801893963205635e+07 -5.277205061738336e+00 
 3.981071705534997e+07 -5.273420608845630e+00 
 4.168693834703380e+07 -5.269276714915920e+00 
 4.365158322401687e+07 -5.264739833143352e+00 
 4.570881896148779e+07 -5.259773403563503e+00 
 4.786300923226414e+07 -5.254337606156017e+00 
 5.011872336272755e+07 -5.248389098207300e+00 
 5.248074602497760e+07 -5.241880735965507e+00 
 5.495408738576282e+07 -5.234761281785300e+00 
 5.754399373371608e+07 -5.226975095545193e+00 
 6.025595860743618e+07 -5.218461813558890e+00 
 6.309573444801975e+07 -5.209156014908336e+00 
 6.606934480076005e+07 -5.198986878318966e+00 
 6.918309709189413e+07 -5.187877831103705e+00 
 7.244359600749952e+07 -5.175746195712678e+00 
 7.585775750291891e+07 -5.162502836605465e+00 
 7.943282347242872e+07 -5.148051814917711e+00 
 8.317637711026771e+07 -5.132290056220825e+00 
 8.709635899560872e+07 -5.115107041274143e+00 
 9.120108393559167e+07 -5.096384528914059e+00 
 9.549925860214433e+07 -5.075996323695142e+00 
 1.000000000000008e+08 -5.053808100657978e+00 
 1.047128548050908e+08 -5.029677304505372e+00 
 1.096478196143194e+08 -5.003453139305362e+00 
 1.148153621496892e+08 -4.974976669998011e+00 
 1.202264434617423e+08 -4.944081055594975e+00 
 1.258925411794178e+08 -4.910591939644880e+00 
 1.318256738556418e+08 -4.874328019631335e+00 
 1.380384264602897e+08 -4.835101824714740e+00 
 1.445439770745940e+08 -4.792720723249787e+00 
 1.513561248436221e+08 -4.746988188702873e+00 
 1.584893192461127e+08 -4.697705344096915e+00 
 1.659586907437575e+08 -4.644672806168116e+00 
 1.737800828749391e+08 -4.587692842384062e+00 
 1.819700858610000e+08 -4.526571850457577e+00 
 1.905460717963264e+08 -4.461123157609361e+00 
 1.995262314968898e+08 -4.391170130031903e+00 
 2.089296130854059e+08 -4.316549567896156e+00 
 2.187761623949573e+08 -4.237115349574137e+00 
 2.290867652767794e+08 -4.152742272113703e+00 
 2.398832919019513e+08 -4.063330021038928e+00 
 2.511886431509604e+08 -3.968807186423018e+00 
 2.630267991895407e+08 -3.869135228338083e+00 
 2.754228703338193e+08 -3.764312283595414e+00 
 2.884031503126634e+08 -3.654376695104303e+00 
 3.019951720402046e+08 -3.539410142534749e+00 
 3.162277660168411e+08 -3.419540251337907e+00 
 3.311311214825944e+08 -3.294942563558477e+00 
 3.467368504525352e+08 -3.165841764236989e+00 
 3.630780547701051e+08 -3.032512074797855e+00 
 3.801893963205651e+08 -2.895276745311112e+00 
 3.981071705535014e+08 -2.754506604376948e+00 
 4.168693834703397e+08 -2.610617653839900e+00 
 4.365158322401705e+08 -2.464067726705082e+00 
 4.570881896148798e+08 -2.315352257565244e+00 
 4.786300923226434e+08 -2.164999245394197e+00 
 5.011872336272776e+08 -2.013563516220489e+00 
 5.248074602497782e+08 -1.861620417717334e+00 
 5.495408738576305e+08 -1.709759097765963e+00 
 5.754399373371632e+08 -1.558575533777955e+00 
 6.025595860743644e+08 -1.408665488770220e+00 
 6.309573444802003e+08 -1.260617573377041e+00 
 6.606934480076034e+08 -1.115006589929963e+00 
 6.918309709189442e+08 -9.723873260550526e-01 
 7.244359600749983e+08 -8.332889503281904e-01 
 7.585775750291924e+08 -6.982101429257814e-01 
 7.943282347242906e+08 -5.676150696527726e-01 
 8.317637711026806e+08 -4.419302799569372e-01 
 8.709635899560907e+08 -3.215425788893286e-01 
 9.120108393559203e+08 -2.067978917873544e-01 
 9.549925860214471e+08 -9.800110873707477e-02 
 1.000000000000012e+09  4.583133364955125e-03 
 1.047128548050912e+09  1.007288004546722e-01 
 1.096478196143198e+09  1.902460341746619e-01 
 1.148153621496897e+09  2.729780577397596e-01 
 1.202264434617427e+09  3.487975365011870e-01 
 1.258925411794183e+09  4.176025223819968e-01 
 1.318256738556423e+09  4.793121125864244e-01 
 1.380384264602902e+09  5.338619504016526e-01 
 1.445439770745945e+09  5.811996888202030e-01 
 1.513561248436227e+09  6.212805279679847e-01 
 1.584893192461133e+09  6.540629253131829e-01 
 1.659586907437582e+09  6.795045648472077e-01 
 1.737800828749398e+09  6.975586580474127e-01 
 1.819700858610007e+09  7.081706367191577e-01 
 1.905460717963272e+09  7.112752860356713e-01 
 1.995262314968905e+09  7.067943552783795e-01 
 2.089296130854067e+09  6.946346746349901e-01 
 2.187761623949581e+09  6.746867981459623e-01 
 2.290867652767803e+09  6.468241859474412e-01 
 2.398832919019522e+09  6.109029325153168e-01 
 2.511886431509614e+09  5.667620417163390e-01 
 2.630267991895417e+09  5.142242432182156e-01 
 2.754228703338203e+09  4.530973385337438e-01 
 2.884031503126645e+09  3.831760575547921e-01 
 3.019951720402058e+09  3.042443984252379e-01 
 3.162277660168423e+09  2.160784143738600e-01 
 3.311311214825957e+09  1.184494012308623e-01 
 3.467368504525365e+09  1.112742868787121e-02 
 3.630780547701065e+09 -1.061148522555994e-01 
 3.801893963205667e+09 -2.334982033982838e-01 
 3.981071705535030e+09 -3.712326816159661e-01 
 4.168693834703414e+09 -5.195135027857842e-01 
 4.365158322401723e+09 -6.785169847476078e-01 
 4.570881896148817e+09 -8.483966671506689e-01 
 4.786300923226454e+09 -1.029279702427431e+00 
 5.011872336272797e+09 -1.221263604326618e+00 
 5.248074602497804e+09 -1.424413428561998e+00 
 5.495408738576327e+09 -1.638759444653983e+00 
 5.754399373371655e+09 -1.864295339873878e+00 
 6.025595860743669e+09 -2.100976976399552e+00 
 6.309573444802029e+09 -2.348721702797307e+00 
 6.606934480076061e+09 -2.607408202029677e+00 
 6.918309709189471e+09 -2.876876841809492e+00 
 7.244359600750012e+09 -3.156930480285667e+00 
 7.585775750291955e+09 -3.447335671624606e+00 
 7.943282347242938e+09 -3.747824212398416e+00 
 8.317637711026839e+09 -4.058094970784384e+00 
 8.709635899560942e+09 -4.377815945894842e+00 
 9.120108393559240e+09 -4.706626513293307e+00 
 9.549925860214510e+09 -5.044139823672373e+00 
 1.000000000000016e+10 -5.389945333473540e+00 
 1.047128548050916e+10 -5.743611457465830e+00 
 1.096478196143202e+10 -6.104688342632151e+00 
 1.148153621496901e+10 -6.472710768968820e+00 
 1.202264434617432e+10 -6.847201185125883e+00 
 1.258925411794188e+10 -7.227672884743152e+00 
 1.318256738556429e+10 -7.613633322857232e+00 
 1.380384264602907e+10 -8.004587561344037e+00 
 1.445439770745951e+10 -8.400041818938579e+00 
 1.513561248436233e+10 -8.799507086260759e+00 
 1.584893192461140e+10 -9.202502751044095e+00 
 1.659586907437588e+10 -9.608560165093730e+00 
 1.737800828749405e+10 -1.001722607400561e+01 
 1.819700858610014e+10 -1.042806582469682e+01 
 1.905460717963279e+10 -1.084066626526638e+01 
 1.995262314968913e+10 -1.125463825700901e+01 
 2.089296130854075e+10 -1.166961872936208e+01 
 2.187761623949590e+10 -1.208527222442444e+01 
 2.290867652767812e+10 -1.250129189722726e+01 
 2.398832919019532e+10 -1.291739995962391e+01 
 2.511886431509623e+10 -1.333334757781006e+01 
 2.630267991895427e+10 -1.374891425444776e+01 
 2.754228703338214e+10 -1.416390674471250e+01 
 2.884031503126656e+10 -1.457815757021779e+01 
 3.019951720402069e+10 -1.499152320501453e+01 
 3.162277660168435e+10 -1.540388201347102e+01 
 3.311311214825969e+10 -1.581513202097419e+01 
 3.467368504525378e+10 -1.622518859555620e+01 
 3.630780547701078e+10 -1.663398211248329e+01 
 3.801893963205680e+10 -1.704145566542772e+01 
 3.981071705535044e+10 -1.744756287799197e+01 
 4.168693834703429e+10 -1.785226585893368e+01 
 4.365158322401739e+10 -1.825553333419639e+01 
 4.570881896148833e+10 -1.865733897937552e+01 
 4.786300923226471e+10 -1.905765996795304e+01 
 5.011872336272815e+10 -1.945647574375318e+01 
 5.248074602497823e+10 -1.985376702067950e+01 
 5.495408738576347e+10 -2.024951500882617e+01 
 5.754399373371677e+10 -2.064370086334142e+01 
 6.025595860743690e+10 -2.103630535070862e+01 
 6.309573444802052e+10 -2.142730872609929e+01 
 6.606934480076085e+10 -2.181669081481889e+01 
 6.918309709189496e+10 -2.220443129028290e+01 
 7.244359600750038e+10 -2.259051014012039e+01 
 7.585775750291982e+10 -2.297490831062989e+01 
 7.943282347242966e+10 -2.335760851768633e+01 
 8.317637711026869e+10 -2.373859620916326e+01 
 8.709635899560974e+10 -2.411786065991769e+01 
 9.120108393559274e+10 -2.449539617541301e+01 
 9.549925860214545e+10 -2.487120337426551e+01 
 1.000000000000020e+11 -2.524529051365238e+01 
