 2.000000000000000e-09  1.194991724905252e-01 
 2.004000000000000e-09  1.042014801287743e-01 
 2.008000000000000e-09  8.837057914103097e-02 
 2.012000000000000e-09  7.228706309330990e-02 
 2.016000000000000e-09  5.590148300835995e-02 
 2.020000000000000e-09  3.928278966469012e-02 
 2.024000000000000e-09  2.250026836408558e-02 
 2.028000000000000e-09  5.626874918695179e-03 
 2.032000000000000e-09 -1.126439070963681e-02 
 2.036000000000000e-09 -2.810431203404518e-02 
 2.040000000000000e-09 -4.482288496781672e-02 
 2.044000000000000e-09 -6.134943262212422e-02 
 2.048000000000000e-09 -7.761415596013999e-02 
 2.052000000000000e-09 -9.354927650562050e-02 
 2.056000000000000e-09 -1.090893383194773e-01 
 2.060000000000000e-09 -1.241715147035163e-01 
 2.064000000000000e-09 -1.387357892119501e-01 
 2.068000000000000e-09 -1.527251963732619e-01 
 2.072000000000000e-09 -1.660859919953204e-01 
 2.076000000000000e-09 -1.787678289173162e-01 
 2.080000000000000e-09 -1.907238652462147e-01 
 2.084000000000000e-09 -2.019108544165185e-01 
 2.088000000000000e-09 -2.122891759114434e-01 
 2.092000000000000e-09 -2.218228436932006e-01 
 2.096000000000000e-09 -2.304794688388458e-01 
 2.100000000000000e-09 -2.382302059252903e-01 
 2.104000000000000e-09 -2.450496705089982e-01 
 2.108000000000000e-09 -2.509158518833272e-01 
 2.112000000000000e-09 -2.558100150731577e-01 
 2.116000000000000e-09 -2.597166115951417e-01 
 2.120000000000000e-09 -2.626231962885677e-01 
 2.124000000000000e-09 -2.645203649868082e-01 
 2.128000000000000e-09 -2.654017110413778e-01 
 2.132000000000000e-09 -2.652638103650453e-01 
 2.136000000000000e-09 -2.641062317996949e-01 
 2.140000000000000e-09 -2.619315772465027e-01 
 2.144000000000000e-09 -2.587455461386257e-01 
 2.148000000000000e-09 -2.545570238906654e-01 
 2.152000000000000e-09 -2.493781866082980e-01 
 2.156000000000000e-09 -2.432246179574000e-01 
 2.160000000000000e-09 -2.361154289539429e-01 
 2.164000000000000e-09 -2.280733744009307e-01 
 2.168000000000000e-09 -2.191249565038129e-01 
 2.172000000000000e-09 -2.093005089694853e-01 
 2.176000000000000e-09 -1.986342532505785e-01 
 2.180000000000000e-09 -1.871643214225713e-01 
 2.183999999999999e-09 -1.749327396772284e-01 
 2.187999999999999e-09 -1.619853689077444e-01 
 2.191999999999999e-09 -1.483717991560249e-01 
 2.195999999999999e-09 -1.341451971948149e-01 
 2.199999999999999e-09 -1.193621070343909e-01 
 2.203999999999999e-09 -1.040822049628813e-01 
 2.207999999999999e-09 -8.836801132577365e-02 
 2.211999999999999e-09 -7.228456297686270e-02 
 2.215999999999999e-09 -5.589905029105280e-02 
 2.219999999999999e-09 -3.928042400238319e-02 
 2.223999999999999e-09 -2.249796936647641e-02 
 2.227999999999999e-09 -5.624642111495604e-03 
 2.231999999999999e-09  1.126655788893283e-02 
 2.235999999999999e-09  2.810641420189652e-02 
 2.239999999999999e-09  4.482492280708561e-02 
 2.243999999999999e-09  6.135140690365981e-02 
 2.247999999999999e-09  7.761606755694794e-02 
 2.251999999999999e-09  9.355112639721952e-02 
 2.255999999999999e-09  1.090911275968360e-01 
 2.259999999999999e-09  1.241732445710890e-01 
 2.263999999999999e-09  1.387374609897880e-01 
 2.267999999999999e-09  1.527268114997131e-01 
 2.271999999999999e-09  1.660875520263092e-01 
 2.275999999999999e-09  1.787693355259439e-01 
 2.279999999999999e-09  1.907253202209358e-01 
 2.283999999999999e-09  2.019122596566962e-01 
 2.287999999999999e-09  2.122905334225511e-01 
 2.291999999999999e-09  2.218241555794205e-01 
 2.295999999999999e-09  2.304807372940971e-01 
 2.299999999999999e-09  2.382314332231434e-01 
 2.303999999999999e-09  2.450508589903622e-01 
 2.307999999999999e-09  2.509170039426392e-01 
 2.311999999999999e-09  2.558111331436743e-01 
 2.315999999999999e-09  2.597176981329277e-01 
 2.319999999999999e-09  2.626242537553720e-01 
 2.323999999999999e-09  2.645213958327675e-01 
 2.327999999999999e-09  2.654027176871170e-01 
 2.331999999999999e-09  2.652647951847773e-01 
 2.335999999999999e-09  2.641071971030664e-01 
 2.339999999999999e-09  2.619325252635440e-01 
 2.343999999999999e-09  2.587464790039757e-01 
 2.347999999999999e-09  2.545579436303567e-01 
 2.351999999999999e-09  2.493790951278740e-01 
 2.355999999999999e-09  2.432255170326425e-01 
 2.359999999999999e-09  2.361163202226404e-01 
 2.363999999999999e-09  2.280742593583227e-01 
 2.367999999999999e-09  2.191258364991029e-01 
 2.371999999999999e-09  2.093013852057630e-01 
 2.375999999999999e-09  1.986351267845197e-01 
 2.379999999999999e-09  1.871651931698963e-01 
 2.383999999999999e-09  1.749336104159824e-01 
 2.387999999999999e-09  1.619862392859273e-01 
 2.391999999999999e-09  1.483726696982184e-01 
 2.395999999999999e-09  1.341460683112987e-01 
 2.399999999999999e-09  1.193629790298973e-01 
 2.403999999999999e-09  1.040830780458468e-01 
 2.407999999999999e-09  8.836888561760992e-02 
 2.411999999999999e-09  7.228543852167801e-02 
 2.415999999999999e-09  5.589992706370817e-02 
 2.419999999999999e-09  3.928130191736257e-02 
 2.423999999999999e-09  2.249884827666904e-02 
 2.427999999999999e-09  5.625521837270497e-03 
 2.431999999999999e-09 -1.126567755235364e-02 
 2.435999999999999e-09 -2.810553350906853e-02 
 2.439999999999999e-09 -4.482404205871449e-02 
 2.443999999999999e-09 -6.135052643186700e-02 
 2.447999999999999e-09 -7.761518771800846e-02 
 2.451999999999999e-09 -9.355024756958441e-02 
 2.455999999999999e-09 -1.090902501797872e-01 
 2.459999999999999e-09 -1.241723689863394e-01 
 2.463999999999999e-09 -1.387365876824012e-01 
 2.467999999999999e-09 -1.527259409390731e-01 
 2.471999999999998e-09 -1.660866847083144e-01 
 2.475999999999998e-09 -1.787684719747618e-01 
 2.479999999999998e-09 -1.907244609899719e-01 
 2.483999999999998e-09 -2.019114053307420e-01 
 2.487999999999998e-09 -2.122896846191245e-01 
 2.491999999999998e-09 -2.218233129490719e-01 
 2.495999999999998e-09 -2.304799015217658e-01 
 2.499999999999998e-09 -2.382306050266232e-01 
 2.503999999999998e-09 -2.450500391201447e-01 
 2.507999999999998e-09 -2.509161931801327e-01 
 2.511999999999998e-09 -2.558103322983447e-01 
 2.515999999999998e-09 -2.597169080397541e-01 
 2.519999999999998e-09 -2.626234752695906e-01 
 2.523999999999998e-09 -2.645206298252871e-01 
 2.527999999999998e-09 -2.654019650391661e-01 
 2.531999999999998e-09 -2.652640567812634e-01 
 2.535999999999998e-09 -2.641064738255603e-01 
 2.539999999999998e-09 -2.619318179833874e-01 
 2.543999999999998e-09 -2.587457885755031e-01 
 2.547999999999998e-09 -2.545572708825179e-01 
 2.551999999999998e-09 -2.493784408582560e-01 
 2.555999999999998e-09 -2.432248819999323e-01 
 2.559999999999998e-09 -2.361157051412479e-01 
 2.563999999999998e-09 -2.280736648925326e-01 
 2.567999999999998e-09 -2.191252632582443e-01 
 2.571999999999998e-09 -2.093008337412443e-01 
 2.575999999999998e-09 -1.986345975869797e-01 
 2.579999999999998e-09 -1.871646866665695e-01 
 2.583999999999998e-09 -1.749331269699015e-01 
 2.587999999999998e-09 -1.619857791961583e-01 
 2.591999999999998e-09 -1.483722331996229e-01 
 2.595999999999998e-09 -1.341456555753053e-01 
 2.599999999999998e-09 -1.193625901670239e-01 
 2.603999999999998e-09 -1.040827131063069e-01 
 2.607999999999998e-09 -8.836854459411336e-02 
 2.611999999999998e-09 -7.228512135065346e-02 
 2.615999999999998e-09 -5.589963362777217e-02 
 2.619999999999998e-09 -3.928103204664657e-02 
 2.623999999999998e-09 -2.249860174811502e-02 
 2.627999999999998e-09 -5.625298379233534e-03 
 2.631999999999998e-09  1.126587825642655e-02 
 2.635999999999998e-09  2.810571182566068e-02 
 2.639999999999998e-09  4.482419840396812e-02 
 2.643999999999998e-09  6.135066127240707e-02 
 2.647999999999998e-09  7.761530156937591e-02 
 2.651999999999998e-09  9.355034099695425e-02 
 2.655999999999998e-09  1.090903237993839e-01 
 2.659999999999998e-09  1.241724234665722e-01 
 2.663999999999998e-09  1.387366237456686e-01 
 2.667999999999998e-09  1.527259593628436e-01 
 2.671999999999998e-09  1.660866863266581e-01 
 2.675999999999998e-09  1.787684576784523e-01 
 2.679999999999998e-09  1.907244317275052e-01 
 2.683999999999998e-09  2.019113621078805e-01 
 2.687999999999998e-09  2.122896284968441e-01 
 2.691999999999998e-09  2.218232450431297e-01 
 2.695999999999998e-09  2.304798229985408e-01 
 2.699999999999998e-09  2.382305171008503e-01 
 2.703999999999998e-09  2.450499430489441e-01 
 2.707999999999998e-09  2.509160902579428e-01 
 2.711999999999998e-09  2.558102238500717e-01 
 2.715999999999998e-09  2.597167954129951e-01 
 2.719999999999998e-09  2.626233598271883e-01 
 2.723999999999998e-09  2.645205129352921e-01 
 2.727999999999998e-09  2.654018480662113e-01 
 2.731999999999998e-09  2.652639410755218e-01 
 2.735999999999998e-09  2.641063607142811e-01 
 2.739999999999998e-09  2.619317087601016e-01 
 2.743999999999998e-09  2.587456844901335e-01 
 2.747999999999998e-09  2.545571731331002e-01 
 2.751999999999998e-09  2.493783505818947e-01 
 2.755999999999998e-09  2.432248002664892e-01 
 2.759999999999998e-09  2.361156329461076e-01 
 2.763999999999997e-09  2.280736031514843e-01 
 2.767999999999997e-09  2.191252128048173e-01 
 2.771999999999997e-09  2.093007953224197e-01 
 2.775999999999997e-09  1.986345718631108e-01 
 2.779999999999997e-09  1.871646742112971e-01 
 2.783999999999997e-09  1.749331282707112e-01 
 2.787999999999997e-09  1.619857946563363e-01 
 2.791999999999997e-09  1.483722631416096e-01 
 2.795999999999997e-09  1.341457002444724e-01 
 2.799999999999997e-09  1.193626497346374e-01 
 2.803999999999997e-09  1.040827876738906e-01 
 2.807999999999997e-09  8.836863419869001e-02 
 2.811999999999997e-09  7.228522596883913e-02 
 2.815999999999997e-09  5.589975317915652e-02 
 2.819999999999997e-09  3.928116639767687e-02 
 2.823999999999997e-09  2.249875071272012e-02 
 2.827999999999997e-09  5.625461729803938e-03 
 2.831999999999997e-09 -1.126570078300837e-02 
 2.835999999999997e-09 -2.810552054079096e-02 
 2.839999999999997e-09 -4.482399366463774e-02 
 2.843999999999997e-09 -6.135044347713237e-02 
 2.847999999999997e-09 -7.761507115446697e-02 
 2.851999999999997e-09 -9.355009843737694e-02 
 2.855999999999997e-09 -1.090900696082677e-01 
 2.859999999999997e-09 -1.241721581961390e-01 
 2.863999999999997e-09 -1.387363479899690e-01 
 2.867999999999997e-09 -1.527256737569025e-01 
 2.871999999999997e-09 -1.660863915497912e-01 
 2.875999999999997e-09 -1.787681544542998e-01 
 2.879999999999997e-09 -1.907241208243660e-01 
 2.883999999999997e-09 -2.019110443403100e-01 
 2.887999999999997e-09 -2.122893047245977e-01 
 2.891999999999997e-09 -2.218229161698249e-01 
 2.895999999999997e-09 -2.304794899714213e-01 
 2.899999999999997e-09 -2.382301809072196e-01 
 2.903999999999997e-09 -2.450496047136488e-01 
 2.907999999999997e-09 -2.509157508386461e-01 
 2.911999999999997e-09 -2.558098844335548e-01 
 2.915999999999997e-09 -2.597164571080091e-01 
 2.919999999999997e-09 -2.626230237584097e-01 
 2.923999999999997e-09 -2.645201802370205e-01 
 2.927999999999997e-09 -2.654015198727875e-01 
 2.931999999999997e-09 -2.652636185146326e-01 
 2.935999999999997e-09 -2.641060448984309e-01 
 2.939999999999997e-09 -2.619314007769491e-01 
 2.943999999999997e-09 -2.587453853955344e-01 
 2.947999999999997e-09 -2.545568839425436e-01 
 2.951999999999997e-09 -2.493780722628745e-01 
 2.955999999999997e-09 -2.432245337315602e-01 
 2.959999999999997e-09 -2.361153790476609e-01 
 2.963999999999997e-09 -2.280733626761116e-01 
 2.967999999999997e-09 -2.191249864698341e-01 
 2.971999999999997e-09 -2.093005837729689e-01 
 2.975999999999997e-09 -1.986343756702702e-01 
 2.979999999999997e-09 -1.871644938712356e-01 
 2.983999999999997e-09 -1.749329642054898e-01 
 2.987999999999997e-09 -1.619856472147863e-01 
 2.991999999999997e-09 -1.483721326006919e-01 
 2.995999999999997e-09 -1.341455868128856e-01 
 2.999999999999997e-09 -1.193625535547502e-01 
 3.003999999999997e-09 -1.040827088254170e-01 
 3.007999999999997e-09 -8.836857270151022e-02 
 3.011999999999997e-09 -7.228518178637255e-02 
 3.015999999999997e-09 -5.589972622190853e-02 
 3.019999999999997e-09 -3.928115652720177e-02 
 3.023999999999997e-09 -2.249875773850452e-02 
 3.027999999999997e-09 -5.625485420255316e-03 
 3.031999999999997e-09  1.126566069709334e-02 
 3.035999999999997e-09  2.810546437391093e-02 
 3.039999999999997e-09  4.482392177785943e-02 
 3.043999999999997e-09  6.135035627282548e-02 
 3.047999999999997e-09  7.761496907562915e-02 
 3.051999999999996e-09  9.354998196693032e-02 
 3.055999999999996e-09  1.090899392698965e-01 
 3.059999999999996e-09  1.241720145563008e-01 
 3.063999999999996e-09  1.387361916573604e-01 
 3.067999999999996e-09  1.527255053856580e-01 
 3.071999999999996e-09  1.660862118395210e-01 
 3.075999999999996e-09  1.787679641510982e-01 
 3.079999999999996e-09  1.907239207220912e-01 
 3.083999999999996e-09  2.019108352795098e-01 
 3.087999999999996e-09  2.122890875929597e-01 
 3.091999999999996e-09  2.218226919006465e-01 
 3.095999999999996e-09  2.304792595418503e-01 
 3.099999999999996e-09  2.382299453347827e-01 
 3.103999999999996e-09  2.450493650536725e-01 
 3.107999999999996e-09  2.509155081800989e-01 
 3.111999999999996e-09  2.558096398917662e-01 
 3.115999999999996e-09  2.597162118211558e-01 
 3.119999999999996e-09  2.626227788789428e-01 
 3.123999999999996e-09  2.645199369245521e-01 
 3.127999999999996e-09  2.654012792868663e-01 
 3.131999999999996e-09  2.652633818051777e-01 
 3.135999999999996e-09  2.641058131977878e-01 
 3.139999999999996e-09  2.619311751920759e-01 
 3.143999999999996e-09  2.587451669980860e-01 
 3.147999999999996e-09  2.545566737619123e-01 
 3.151999999999996e-09  2.493778712785053e-01 
 3.155999999999996e-09  2.432243428668097e-01 
 3.159999999999996e-09  2.361151991627692e-01 
 3.163999999999996e-09  2.280731945646974e-01 
 3.167999999999996e-09  2.191248308546352e-01 
 3.171999999999996e-09  2.093004413031117e-01 
 3.175999999999996e-09  1.986342469201485e-01 
 3.179999999999996e-09  1.871643793399302e-01 
 3.183999999999996e-09  1.749328643172228e-01 
 3.187999999999996e-09  1.619855623204951e-01 
 3.191999999999996e-09  1.483720629802230e-01 
 3.195999999999996e-09  1.341455326768148e-01 
 3.199999999999996e-09  1.193625150480990e-01 
 3.203999999999996e-09  1.040826860324078e-01 
 3.207999999999996e-09  8.836856564654028e-02 
 3.211999999999996e-09  7.228519043935755e-02 
 3.215999999999996e-09  5.589975050143181e-02 
 3.219999999999996e-09  3.928119630221083e-02 
 3.223999999999996e-09  2.249881282905264e-02 
 3.227999999999996e-09  5.625555607159605e-03 
 3.231999999999996e-09 -1.126557566818498e-02 
 3.235999999999996e-09 -2.810536480170089e-02 
 3.239999999999996e-09 -4.482380800431152e-02 
 3.243999999999996e-09 -6.135022868011930e-02 
 3.247999999999996e-09 -7.761482808400011e-02 
 3.251999999999996e-09 -9.354982803307266e-02 
 3.255999999999996e-09 -1.090897728895035e-01 
 3.259999999999996e-09 -1.241718362635993e-01 
 3.263999999999996e-09 -1.387360020270947e-01 
 3.267999999999996e-09 -1.527253050351813e-01 
 3.271999999999996e-09 -1.660860014275727e-01 
 3.275999999999996e-09 -1.787677443807962e-01 
 3.279999999999996e-09 -1.907236923406481e-01 
 3.283999999999996e-09 -2.019105990786607e-01 
 3.287999999999996e-09 -2.122888444088828e-01 
 3.291999999999996e-09 -2.218224426122646e-01 
 3.295999999999996e-09 -2.304790050696095e-01 
 3.299999999999996e-09 -2.382296866377374e-01 
 3.303999999999996e-09 -2.450491031268793e-01 
 3.307999999999996e-09 -2.509152440496423e-01 
 3.311999999999996e-09 -2.558093746108214e-01 
 3.315999999999996e-09 -2.597159464634287e-01 
 3.319999999999996e-09 -2.626225145330559e-01 
 3.323999999999996e-09 -2.645196746864278e-01 
 3.327999999999996e-09 -2.654010202520571e-01 
 3.331999999999996e-09 -2.652631270617885e-01 
 3.335999999999996e-09 -2.641055638177157e-01 
 3.339999999999995e-09 -2.619309322229162e-01 
 3.343999999999995e-09 -2.587449314550350e-01 
 3.347999999999995e-09 -2.545564466207211e-01 
 3.351999999999995e-09 -2.493776534688161e-01 
 3.355999999999995e-09 -2.432241352633857e-01 
 3.359999999999995e-09 -2.361150025826868e-01 
 3.363999999999995e-09 -2.280730097619297e-01 
 3.367999999999995e-09 -2.191246585154225e-01 
 3.371999999999995e-09 -2.093002820445511e-01 
 3.375999999999995e-09 -1.986341012881709e-01 
 3.379999999999995e-09 -1.871642478088753e-01 
 3.383999999999995e-09 -1.749327472908995e-01 
 3.387999999999995e-09 -1.619854601320521e-01 
 3.391999999999995e-09 -1.483719758951683e-01 
 3.395999999999995e-09 -1.341454608951205e-01 
 3.399999999999995e-09 -1.193624587078075e-01 
 3.403999999999995e-09 -1.040826452108563e-01 
 3.407999999999995e-09 -8.836854036597064e-02 
 3.411999999999995e-09 -7.228518066926082e-02 
 3.415999999999995e-09 -5.589975616086118e-02 
 3.419999999999995e-09 -3.928121726410527e-02 
 3.423999999999995e-09 -2.249884891858578e-02 
 3.427999999999995e-09 -5.625606611053158e-03 
 3.431999999999995e-09  1.126550999748765e-02 
 3.435999999999995e-09  2.810528475373886e-02 
 3.439999999999995e-09  4.482371391146511e-02 
 3.443999999999995e-09  6.135012091337266e-02 
 3.447999999999995e-09  7.761470705069407e-02 
 3.451999999999995e-09  9.354969417802206e-02 
 3.455999999999995e-09  1.090896266939350e-01 
 3.459999999999995e-09  1.241716782474818e-01 
 3.463999999999995e-09  1.387358327497772e-01 
 3.467999999999995e-09  1.527251250963610e-01 
 3.471999999999995e-09  1.660858114690198e-01 
 3.475999999999995e-09  1.787675450871182e-01 
 3.479999999999995e-09  1.907234844401318e-01 
 3.483999999999995e-09  2.019103833417022e-01 
 3.487999999999995e-09  2.122886216494648e-01 
 3.491999999999995e-09  2.218222136859636e-01 
 3.495999999999995e-09  2.304787708722262e-01 
 3.499999999999995e-09  2.382294481033127e-01 
 3.503999999999995e-09  2.450488612236847e-01 
 3.507999999999995e-09  2.509149997765603e-01 
 3.511999999999995e-09  2.558091289921103e-01 
 3.515999999999995e-09  2.597157005437654e-01 
 3.519999999999995e-09  2.626222693711262e-01 
 3.523999999999995e-09  2.645194313477806e-01 
 3.527999999999995e-09  2.654007798020674e-01 
 3.531999999999995e-09  2.652628905582957e-01 
 3.535999999999995e-09  2.641053323020246e-01 
 3.539999999999995e-09  2.619307067129952e-01 
 3.543999999999995e-09  2.587447129377640e-01 
 3.547999999999995e-09  2.545562360435769e-01 
 3.551999999999995e-09  2.493774517331671e-01 
 3.555999999999995e-09  2.432239432201144e-01 
 3.559999999999995e-09  2.361148210249326e-01 
 3.563999999999995e-09  2.280728394206615e-01 
 3.567999999999995e-09  2.191245000572795e-01 
 3.571999999999995e-09  2.093001360681477e-01 
 3.575999999999995e-09  1.986339683234792e-01 
 3.579999999999995e-09  1.871641283157990e-01 
 3.583999999999995e-09  1.749326416610479e-01 
 3.587999999999995e-09  1.619853686887049e-01 
 3.591999999999995e-09  1.483718988964293e-01 
 3.595999999999995e-09  1.341453985353223e-01 
 3.599999999999995e-09  1.193624111199956e-01 
 3.603999999999995e-09  1.040826124716423e-01 
 3.607999999999995e-09  8.836852249741867e-02 
 3.611999999999995e-09  7.228517764208409e-02 
 3.615999999999995e-09  5.589976789778195e-02 
 3.619999999999995e-09  3.928124364299457e-02 
 3.623999999999995e-09  2.249888977081849e-02 
 3.627999999999995e-09  5.625661732059584e-03 
 3.631999999999994e-09 -1.126544084597647e-02 
 3.635999999999994e-09 -2.810520185113674e-02 
 3.639999999999994e-09 -4.482361757722941e-02 
 3.643999999999994e-09 -6.135001150512220e-02 
 3.647999999999994e-09 -7.761458496032159e-02 
 3.651999999999994e-09 -9.354955983340751e-02 
 3.655999999999994e-09 -1.090894805586071e-01 
 3.659999999999994e-09 -1.241715208216734e-01 
 3.663999999999994e-09 -1.387356645713629e-01 
 3.667999999999994e-09 -1.527249467429037e-01 
 3.671999999999994e-09 -1.660856235574419e-01 
 3.675999999999994e-09 -1.787673482758017e-01 
 3.679999999999994e-09 -1.907232794287230e-01 
 3.683999999999994e-09 -2.019101708718303e-01 
 3.687999999999994e-09 -2.122884025038450e-01 
 3.691999999999994e-09 -2.218219886876982e-01 
 3.695999999999994e-09 -2.304785408826833e-01 
 3.699999999999994e-09 -2.382292140208428e-01 
 3.703999999999994e-09 -2.450486239796501e-01 
 3.707999999999994e-09 -2.509147603312483e-01 
 3.711999999999994e-09 -2.558088883317802e-01 
 3.715999999999994e-09 -2.597154596728439e-01 
 3.719999999999994e-09 -2.626220293088515e-01 
 3.723999999999994e-09 -2.645191931187654e-01 
 3.727999999999995e-09 -2.654005444321066e-01 
 3.731999999999995e-09 -2.652626590648179e-01 
 3.735999999999995e-09 -2.641051056875452e-01 
 3.739999999999996e-09 -2.619304859572398e-01 
 3.743999999999996e-09 -2.587444989904402e-01 
 3.747999999999997e-09 -2.545560298168954e-01 
 3.751999999999997e-09 -2.493772540956705e-01 
 3.755999999999997e-09 -2.432237549898746e-01 
 3.759999999999998e-09 -2.361146429658980e-01 
 3.763999999999998e-09 -2.280726722369635e-01 
 3.767999999999999e-09 -2.191243443903539e-01 
 3.771999999999999e-09 -2.092999924944148e-01 
 3.775999999999999e-09 -1.986338373531176e-01 
 3.780000000000000e-09 -1.871640103925643e-01 
 3.784000000000000e-09 -1.749325371612445e-01 
 3.788000000000001e-09 -1.619852779243853e-01 
 3.792000000000001e-09 -1.483718221151831e-01 
 3.796000000000001e-09 -1.341453359244742e-01 
 3.800000000000002e-09 -1.193623628086202e-01 
 3.804000000000002e-09 -1.040825785325517e-01 
 3.808000000000003e-09 -8.836850295146359e-02 
 3.812000000000003e-09 -7.228517246077537e-02 
 3.816000000000003e-09 -5.589977700693272e-02 
 3.820000000000004e-09 -3.928126692394773e-02 
 3.824000000000004e-09 -2.249892706123546e-02 
 3.828000000000005e-09 -5.625712833557728e-03 
 3.832000000000005e-09  1.126537616253387e-02 
 3.836000000000005e-09  2.810512385610142e-02 
 3.840000000000006e-09  4.482352657934996e-02 
 3.844000000000006e-09  6.134990784888572e-02 
 3.848000000000007e-09  7.761446902527247e-02 
 3.852000000000007e-09  9.354943203224142e-02 
 3.856000000000007e-09  1.090893413390752e-01 
 3.860000000000008e-09  1.241713706665211e-01 
 3.864000000000008e-09  1.387355040008114e-01 
 3.868000000000009e-09  1.527247763142192e-01 
 3.872000000000009e-09  1.660854438673347e-01 
 3.876000000000009e-09  1.787671599598273e-01 
 3.880000000000010e-09  1.907230831628821e-01 
 3.884000000000010e-09  2.019099673729756e-01 
 3.888000000000011e-09  2.122881925276179e-01 
 3.892000000000011e-09  2.218217730298937e-01 
 3.896000000000011e-09  2.304783203752412e-01 
 3.900000000000012e-09  2.382289895317427e-01 
 3.904000000000012e-09  2.450483964080210e-01 
 3.908000000000013e-09  2.509145306054525e-01 
 3.912000000000013e-09  2.558086574037921e-01 
 3.916000000000013e-09  2.597152285140825e-01 
 3.920000000000014e-09  2.626217989020991e-01 
 3.924000000000014e-09  2.645189644552699e-01 
 3.928000000000015e-09  2.654003185015181e-01 
 3.932000000000015e-09  2.652624368507945e-01 
 3.936000000000015e-09  2.641048881582020e-01 
 3.940000000000016e-09  2.619302740589211e-01 
 3.944000000000016e-09  2.587442936396083e-01 
 3.948000000000017e-09  2.545558318950090e-01 
 3.952000000000017e-09  2.493770644414866e-01 
 3.956000000000017e-09  2.432235743938342e-01 
 3.960000000000018e-09  2.361144721650890e-01 
 3.964000000000018e-09  2.280725119112486e-01 
 3.968000000000019e-09  2.191241951597793e-01 
 3.972000000000019e-09  2.092998549156015e-01 
 3.976000000000019e-09  1.986337119185304e-01 
 3.980000000000020e-09  1.871638975305219e-01 
 3.984000000000020e-09  1.749324372354417e-01 
 3.988000000000021e-09  1.619851912354484e-01 
 3.992000000000021e-09  1.483717489031768e-01 
 3.996000000000021e-09  1.341452763696722e-01 
 4.000000000000022e-09  1.193623170352858e-01 
 4.004000000000022e-09  1.040825466117612e-01 
 4.008000000000023e-09  8.836848490346849e-02 
 4.012000000000023e-09  7.228516825805809e-02 
 4.016000000000023e-09  5.589978657732964e-02 
 4.020000000000024e-09  3.928129015377291e-02 
 4.024000000000024e-09  2.249896379384531e-02 
 4.028000000000025e-09  5.625762877845553e-03 
 4.032000000000025e-09 -1.126531302884182e-02 
 4.036000000000025e-09 -2.810504789260104e-02 
 4.040000000000026e-09 -4.482343808389011e-02 
 4.044000000000026e-09 -6.134980715440097e-02 
 4.048000000000027e-09 -7.761435649763371e-02 
 4.052000000000027e-09 -9.354930806936856e-02 
 4.056000000000027e-09 -1.090892063729640e-01 
 4.060000000000028e-09 -1.241712251629492e-01 
 4.064000000000028e-09 -1.387353484612088e-01 
 4.068000000000029e-09 -1.527246112761116e-01 
 4.072000000000029e-09 -1.660852699059374e-01 
 4.076000000000029e-09 -1.787669776889960e-01 
 4.080000000000030e-09 -1.907228932343976e-01 
 4.084000000000030e-09 -2.019097704778048e-01 
 4.088000000000031e-09 -2.122879893952230e-01 
 4.092000000000031e-09 -2.218215644269050e-01 
 4.096000000000031e-09 -2.304781071049966e-01 
 4.100000000000032e-09 -2.382287724304333e-01 
 4.104000000000032e-09 -2.450481763440164e-01 
 4.108000000000033e-09 -2.509143084736813e-01 
 4.112000000000033e-09 -2.558084341223705e-01 
 4.116000000000033e-09 -2.597150050194130e-01 
 4.120000000000034e-09 -2.626215761436170e-01 
 4.124000000000034e-09 -2.645187433879248e-01 
 4.128000000000035e-09 -2.654001000810886e-01 
 4.132000000000035e-09 -2.652622220241065e-01 
 4.136000000000035e-09 -2.641046778602183e-01 
 4.140000000000036e-09 -2.619300692017954e-01 
 4.144000000000036e-09 -2.587440951084821e-01 
 4.148000000000037e-09 -2.545556405394753e-01 
 4.152000000000037e-09 -2.493768810705097e-01 
 4.156000000000037e-09 -2.432233997703617e-01 
 4.160000000000038e-09 -2.361143070002534e-01 
 4.164000000000038e-09 -2.280723568611336e-01 
 4.168000000000039e-09 -2.191240508214558e-01 
 4.172000000000039e-09 -2.092997218265316e-01 
 4.176000000000039e-09 -1.986335905541248e-01 
 4.180000000000040e-09 -1.871637883030122e-01 
 4.184000000000040e-09 -1.749323404963894e-01 
 4.188000000000041e-09 -1.619851072749618e-01 
 4.192000000000041e-09 -1.483716779527837e-01 
 4.196000000000041e-09 -1.341452186030736e-01 
 4.200000000000042e-09 -1.193622725724426e-01 
 4.204000000000042e-09 -1.040825155210943e-01 
 4.208000000000043e-09 -8.836846720405411e-02 
 4.212000000000043e-09 -7.228516392415418e-02 
 4.216000000000043e-09 -5.589979553910052e-02 
 4.220000000000044e-09 -3.928131230148590e-02 
 4.224000000000044e-09 -2.249899897535990e-02 
 4.228000000000045e-09 -5.625810909588580e-03 
 4.232000000000045e-09  1.126525236093112e-02 
 4.236000000000045e-09  2.810497483954855e-02 
 4.240000000000046e-09  4.482335293329509e-02 
 4.244000000000046e-09  6.134971022757174e-02 
 4.248000000000047e-09  7.761424814664242e-02 
 4.252000000000047e-09  9.354918867936401e-02 
 4.256000000000047e-09  1.090890763602106e-01 
 4.260000000000048e-09  1.241710849777959e-01 
 4.264000000000048e-09  1.387351985868710e-01 
 4.268000000000049e-09  1.527244522319346e-01 
 4.272000000000049e-09  1.660851022472691e-01 
 4.276000000000049e-09  1.787668020069608e-01 
 4.280000000000050e-09  1.907227101590436e-01 
 4.284000000000050e-09  2.019095806756042e-01 
 4.288000000000051e-09  2.122877935698204e-01 
 4.292000000000051e-09  2.218213633186692e-01 
 4.296000000000051e-09  2.304779014885110e-01 
 4.300000000000052e-09  2.382285631136809e-01 
 4.304000000000052e-09  2.450479641640460e-01 
 4.308000000000053e-09  2.509140942945349e-01 
 4.312000000000053e-09  2.558082188307185e-01 
 4.316000000000053e-09  2.597147895183318e-01 
 4.320000000000054e-09  2.626213613488972e-01 
 4.324000000000054e-09  2.645185302221875e-01 
 4.328000000000055e-09  2.653998894651746e-01 
 4.332000000000055e-09  2.652620148743141e-01 
 4.336000000000055e-09  2.641044750768795e-01 
 4.340000000000056e-09  2.619298716656666e-01 
 4.344000000000056e-09  2.587439036739925e-01 
 4.348000000000057e-09  2.545554560263119e-01 
 4.352000000000057e-09  2.493767042593054e-01 
 4.356000000000057e-09  2.432232313972853e-01 
 4.360000000000058e-09  2.361141477509361e-01 
 4.364000000000058e-09  2.280722073692267e-01 
 4.368000000000059e-09  2.191239116638193e-01 
 4.372000000000059e-09  2.092995935210658e-01 
 4.376000000000059e-09  1.986334735592754e-01 
 4.380000000000060e-09  1.871636830174737e-01 
 4.384000000000060e-09  1.749322472593260e-01 
 4.388000000000061e-09  1.619850263661382e-01 
 4.392000000000061e-09  1.483716095948937e-01 
 4.396000000000061e-09  1.341451629647583e-01 
 4.400000000000062e-09  1.193622297695116e-01 
 4.404000000000062e-09  1.040824856187363e-01 
 4.408000000000063e-09  8.836845022187756e-02 
 4.412000000000063e-09  7.228515983620465e-02 
 4.416000000000063e-09  5.589980427861896e-02 
 4.420000000000064e-09  3.928133376180387e-02 
 4.424000000000064e-09  2.249903301124423e-02 
 4.428000000000065e-09  5.625857343004803e-03 
 4.432000000000065e-09 -1.126519373676516e-02 
 4.436000000000065e-09 -2.810490426662060e-02 
 4.440000000000066e-09 -4.482327068926040e-02 
 4.444000000000066e-09 -6.134961662158922e-02 
 4.448000000000067e-09 -7.761414351981788e-02 
 4.452000000000067e-09 -9.354907340248975e-02 
 4.456000000000067e-09 -1.090889508351918e-01 
 4.460000000000068e-09 -1.241709496384598e-01 
 4.464000000000068e-09 -1.387350539003753e-01 
 4.468000000000069e-09 -1.527242986986108e-01 
 4.472000000000069e-09 -1.660849404028300e-01 
 4.476000000000069e-09 -1.787666324227590e-01 
 4.480000000000070e-09 -1.907225334419298e-01 
 4.484000000000070e-09 -2.019093974690094e-01 
 4.488000000000071e-09 -2.122876045531203e-01 
 4.492000000000071e-09 -2.218211692054930e-01 
 4.496000000000071e-09 -2.304777030274114e-01 
 4.500000000000072e-09 -2.382283610831126e-01 
 4.504000000000072e-09 -2.450477593723637e-01 
 4.508000000000073e-09 -2.509138875756414e-01 
 4.512000000000073e-09 -2.558080110390828e-01 
 4.516000000000073e-09 -2.597145815263524e-01 
 4.520000000000074e-09 -2.626211540400620e-01 
 4.524000000000074e-09 -2.645183244857610e-01 
 4.528000000000075e-09 -2.653996861910737e-01 
 4.532000000000075e-09 -2.652618149445862e-01 
 4.536000000000075e-09 -2.641042793614852e-01 
 4.540000000000076e-09 -2.619296810153471e-01 
 4.544000000000076e-09 -2.587437189114055e-01 
 4.548000000000077e-09 -2.545552779434768e-01 
 4.552000000000077e-09 -2.493765336092393e-01 
 4.556000000000077e-09 -2.432230688895491e-01 
 4.560000000000078e-09 -2.361139940487460e-01 
 4.564000000000078e-09 -2.280720630828639e-01 
 4.568000000000079e-09 -2.191237773494787e-01 
 4.572000000000079e-09 -2.092994696796797e-01 
 4.576000000000079e-09 -1.986333606328543e-01 
 4.580000000000080e-09 -1.871635813905979e-01 
 4.584000000000080e-09 -1.749321572580369e-01 
 4.588000000000081e-09 -1.619849482617486e-01 
 4.592000000000081e-09 -1.483715436023143e-01 
 4.596000000000081e-09 -1.341451092463659e-01 
 4.600000000000082e-09 -1.193621884365701e-01 
 4.604000000000082e-09 -1.040824567355028e-01 
 4.608000000000083e-09 -8.836843380594495e-02 
 4.612000000000083e-09 -7.228515586284789e-02 
 4.616000000000083e-09 -5.589981268349486e-02 
 4.620000000000084e-09 -3.928135444246550e-02 
 4.624000000000084e-09 -2.249906582664707e-02 
 4.628000000000085e-09 -5.625902121616733e-03 
 4.632000000000085e-09  1.126513719398936e-02 
 4.636000000000085e-09  2.810483619383852e-02 
 4.640000000000086e-09  4.482319135391943e-02 
 4.644000000000086e-09  6.134952632270529e-02 
 4.648000000000087e-09  7.761404258590154e-02 
 4.652000000000087e-09  9.354896219135345e-02 
 4.656000000000087e-09  1.090888297350379e-01 
 4.660000000000088e-09  1.241708190674373e-01 
 4.664000000000088e-09  1.387349143095014e-01 
 4.668000000000089e-09  1.527241505706476e-01 
 4.672000000000089e-09  1.660847842546316e-01 
 4.676000000000089e-09  1.787664688060415e-01 
 4.680000000000090e-09  1.907223629422399e-01 
 4.684000000000090e-09  2.019092207071882e-01 
 4.688000000000091e-09  2.122874221842954e-01 
 4.692000000000091e-09  2.218209819192021e-01 
 4.696000000000091e-09  2.304775115442697e-01 
 4.700000000000092e-09  2.382281661558752e-01 
 4.704000000000092e-09  2.450475617799830e-01 
 4.708000000000093e-09  2.509136881225853e-01 
 4.712000000000093e-09  2.558078105505162e-01 
 4.716000000000093e-09  2.597143808438742e-01 
 4.720000000000094e-09  2.626209540160009e-01 
 4.724000000000094e-09  2.645181259786060e-01 
 4.728000000000095e-09  2.653994900591439e-01 
 4.732000000000095e-09  2.652616220398432e-01 
 4.736000000000095e-09  2.641040905229857e-01 
 4.740000000000096e-09  2.619294970630448e-01 
 4.744000000000096e-09  2.587435406405796e-01 
 4.748000000000097e-09  2.545551061175158e-01 
 4.752000000000097e-09  2.493763689551405e-01 
 4.756000000000097e-09  2.432229120925267e-01 
 4.760000000000098e-09  2.361138457475387e-01 
 4.764000000000098e-09  2.280719238669389e-01 
 4.768000000000099e-09  2.191236477557617e-01 
 4.772000000000099e-09  2.092993501906735e-01 
 4.776000000000099e-09  1.986332516759601e-01 
 4.780000000000100e-09  1.871634833364029e-01 
 4.784000000000100e-09  1.749320704222006e-01 
 4.788000000000101e-09  1.619848729045676e-01 
 4.792000000000101e-09  1.483714799318188e-01 
 4.796000000000101e-09  1.341450574190812e-01 
 4.800000000000102e-09  1.193621485599117e-01 
 4.804000000000102e-09  1.040824288708446e-01 
 4.808000000000103e-09  8.836841797109951e-02 
 4.812000000000103e-09  7.228515203419583e-02 
 4.816000000000103e-09  5.589982079843736e-02 
 4.820000000000104e-09  3.928137440242807e-02 
 4.824000000000104e-09  2.249909749567358e-02 
 4.828000000000105e-09  5.625945333413540e-03 
 4.832000000000105e-09 -1.126508263098813e-02 
 4.836000000000105e-09 -2.810477050502413e-02 
 4.840000000000106e-09 -4.482311479773493e-02 
 4.844000000000106e-09 -6.134943918801739e-02 
 4.848000000000107e-09 -7.761394518910514e-02 
 4.852000000000107e-09 -9.354885487830167e-02 
 4.856000000000107e-09 -1.090887128795250e-01 
 4.860000000000108e-09 -1.241706930742179e-01 
 4.864000000000108e-09 -1.387347796124532e-01 
 4.868000000000109e-09 -1.527240076366052e-01 
 4.872000000000109e-09 -1.660846335817237e-01 
 4.876000000000109e-09 -1.787663109261706e-01 
 4.880000000000110e-09 -1.907221984209810e-01 
 4.884000000000110e-09 -2.019090501436231e-01 
 4.888000000000111e-09 -2.122872462107006e-01 
 4.892000000000111e-09 -2.218208012001366e-01 
 4.896000000000111e-09 -2.304773267761586e-01 
 4.900000000000112e-09 -2.382279780640353e-01 
 4.904000000000112e-09 -2.450473711173431e-01 
 4.908000000000113e-09 -2.509134956652068e-01 
 4.912000000000113e-09 -2.558076170941190e-01 
 4.916000000000113e-09 -2.597141872004571e-01 
 4.920000000000114e-09 -2.626207610085574e-01 
 4.924000000000114e-09 -2.645179344352506e-01 
 4.928000000000115e-09 -2.653993008080524e-01 
 4.932000000000115e-09 -2.652614359024288e-01 
 4.936000000000115e-09 -2.641039083097307e-01 
 4.940000000000116e-09 -2.619293195646057e-01 
 4.944000000000116e-09 -2.587433686245082e-01 
 4.948000000000117e-09 -2.545549403200758e-01 
 4.952000000000117e-09 -2.493762100780144e-01 
 4.956000000000117e-09 -2.432227607966566e-01 
 4.960000000000118e-09 -2.361137026499947e-01 
 4.964000000000118e-09 -2.280717895358455e-01 
 4.968000000000119e-09 -2.191235227097144e-01 
 4.972000000000119e-09 -2.092992348949352e-01 
 4.976000000000119e-09 -1.986331465423001e-01 
 4.980000000000120e-09 -1.871633887235271e-01 
 4.984000000000120e-09 -1.749319866341725e-01 
 4.988000000000121e-09 -1.619848001931272e-01 
 4.992000000000121e-09 -1.483714184971037e-01 
 4.996000000000121e-09 -1.341450074118811e-01 
 5.000000000000122e-09 -1.193621100846247e-01 
 5.004000000000122e-09 -1.040824019865223e-01 
 5.008000000000122e-09 -8.836840269474955e-02 
 5.012000000000123e-09 -7.228514834276112e-02 
 5.016000000000123e-09 -5.589982863182641e-02 
 5.020000000000124e-09 -3.928139366511019e-02 
 5.024000000000124e-09 -2.249912805673482e-02 
 5.028000000000124e-09 -5.625987033072377e-03 
 5.032000000000125e-09  1.126502997859369e-02 
 5.036000000000125e-09  2.810470711732194e-02 
 5.040000000000126e-09  4.482304092410594e-02 
 5.044000000000126e-09  6.134935510633532e-02 
 5.048000000000126e-09  7.761385120590347e-02 
 5.052000000000127e-09  9.354875132632401e-02 
 5.056000000000127e-09  1.090886001198541e-01 
 5.060000000000128e-09  1.241705714968191e-01 
 5.064000000000128e-09  1.387346496367385e-01 
 5.068000000000128e-09  1.527238697124842e-01 
 5.072000000000129e-09  1.660844881907702e-01 
 5.076000000000129e-09  1.787661585812286e-01 
 5.080000000000130e-09  1.907220396676630e-01 
 5.084000000000130e-09  2.019088855595896e-01 
 5.088000000000130e-09  2.122870764062510e-01 
 5.092000000000131e-09  2.218206268168990e-01 
 5.096000000000131e-09  2.304771484862993e-01 
 5.100000000000132e-09  2.382277965670232e-01 
 5.104000000000132e-09  2.450471871385638e-01 
 5.108000000000132e-09  2.509133099541652e-01 
 5.112000000000133e-09  2.558074304195015e-01 
 5.116000000000133e-09  2.597140003448948e-01 
 5.120000000000134e-09  2.626205747662831e-01 
 5.124000000000134e-09  2.645177496055324e-01 
 5.128000000000134e-09  2.653991181898931e-01 
 5.132000000000135e-09  2.652612562893313e-01 
 5.136000000000135e-09  2.641037324830211e-01 
 5.140000000000136e-09  2.619291482873141e-01 
 5.144000000000136e-09  2.587432026368786e-01 
 5.148000000000136e-09  2.545547803336183e-01 
 5.152000000000137e-09  2.493760567684324e-01 
 5.156000000000137e-09  2.432226148029559e-01 
 5.160000000000138e-09  2.361135645660601e-01 
 5.164000000000138e-09  2.280716599115395e-01 
 5.168000000000138e-09  2.191234020441248e-01 
 5.172000000000139e-09  2.092991236377895e-01 
 5.176000000000139e-09  1.986330450909497e-01 
 5.180000000000140e-09  1.871632974234663e-01 
 5.184000000000140e-09  1.749319057792711e-01 
 5.188000000000140e-09  1.619847300260728e-01 
 5.192000000000141e-09  1.483713592112066e-01 
 5.196000000000141e-09  1.341449591533523e-01 
 5.200000000000142e-09  1.193620729530949e-01 
 5.204000000000142e-09  1.040823760391696e-01 
 5.208000000000142e-09  8.836838794827706e-02 
 5.212000000000143e-09  7.228514477503367e-02 
 5.216000000000143e-09  5.589983618439831e-02 
 5.220000000000144e-09  3.928141224596082e-02 
 5.224000000000144e-09  2.249915753960430e-02 
 5.228000000000144e-09  5.626027263556210e-03 
 5.232000000000145e-09 -1.126497917918279e-02 
 5.236000000000145e-09 -2.810464595919093e-02 
 5.240000000000146e-09 -4.482296964759414e-02 
 5.244000000000146e-09 -6.134927398006695e-02 
 5.248000000000146e-09 -7.761376052488522e-02 
 5.252000000000147e-09 -9.354865141251167e-02 
 5.256000000000147e-09 -1.090884913216055e-01 
 5.260000000000148e-09 -1.241704541904021e-01 
 5.264000000000148e-09 -1.387345242266660e-01 
 5.268000000000148e-09 -1.527237366330025e-01 
 5.272000000000149e-09 -1.660843479058478e-01 
 5.276000000000149e-09 -1.787660115861565e-01 
 5.280000000000150e-09 -1.907218864886646e-01 
 5.284000000000150e-09 -2.019087267543496e-01 
 5.288000000000150e-09 -2.122869125643287e-01 
 5.292000000000151e-09 -2.218204585566470e-01 
 5.296000000000151e-09 -2.304769764560000e-01 
 5.300000000000152e-09 -2.382276214422197e-01 
 5.304000000000152e-09 -2.450470096200905e-01 
 5.308000000000152e-09 -2.509131307640007e-01 
 5.312000000000153e-09 -2.558072502996476e-01 
 5.316000000000153e-09 -2.597138200509055e-01 
 5.320000000000154e-09 -2.626203950640684e-01 
 5.324000000000154e-09 -2.645175712661325e-01 
 5.328000000000154e-09 -2.653989419844660e-01 
 5.332000000000155e-09 -2.652610829832767e-01 
 5.336000000000155e-09 -2.641035628299369e-01 
 5.340000000000156e-09 -2.619289830247389e-01 
 5.344000000000156e-09 -2.587430424781003e-01 
 5.348000000000156e-09 -2.545546259652127e-01 
 5.352000000000157e-09 -2.493759088435863e-01 
 5.356000000000157e-09 -2.432224739362492e-01 
 5.360000000000158e-09 -2.361134313324413e-01 
 5.364000000000158e-09 -2.280715348405637e-01 
 5.368000000000158e-09 -2.191232856185001e-01 
 5.372000000000159e-09 -2.092990162898456e-01 
 5.376000000000159e-09 -1.986329472054846e-01 
 5.380000000000160e-09 -1.871632093331979e-01 
 5.384000000000160e-09 -1.749318277672565e-01 
 5.388000000000160e-09 -1.619846623273924e-01 
 5.392000000000161e-09 -1.483713020118369e-01 
 5.396000000000161e-09 -1.341449125939285e-01 
 5.400000000000162e-09 -1.193620371312178e-01 
 5.404000000000162e-09 -1.040823510088398e-01 
 5.408000000000162e-09 -8.836837372590267e-02 
 5.412000000000163e-09 -7.228514133931974e-02 
 5.416000000000163e-09 -5.589984347917820e-02 
 5.420000000000164e-09 -3.928143018241492e-02 
 5.424000000000164e-09 -2.249918599510714e-02 
 5.428000000000164e-09 -5.626066090254511e-03 
 5.432000000000165e-09  1.126493015507535e-02 
 5.436000000000165e-09  2.810458693931750e-02 
 5.440000000000166e-09  4.482290086483331e-02 
 5.444000000000166e-09  6.134919569299058e-02 
 5.448000000000166e-09  7.761367301872646e-02 
 5.452000000000167e-09  9.354855499681491e-02 
 5.456000000000167e-09  1.090883863332603e-01 
 5.460000000000168e-09  1.241703409924177e-01 
 5.464000000000168e-09  1.387344032090017e-01 
 5.468000000000168e-09  1.527236082150258e-01 
 5.472000000000169e-09  1.660842125353765e-01 
 5.476000000000169e-09  1.787658697409782e-01 
 5.480000000000170e-09  1.907217386772233e-01 
 5.484000000000170e-09  2.019085735146513e-01 
 5.488000000000170e-09  2.122867544638947e-01 
 5.492000000000171e-09  2.218202961930915e-01 
 5.496000000000171e-09  2.304768104540624e-01 
 5.500000000000172e-09  2.382274524544807e-01 
 5.504000000000172e-09  2.450468383223980e-01 
 5.508000000000172e-09  2.509129578539024e-01 
 5.512000000000173e-09  2.558070764910740e-01 
 5.516000000000173e-09  2.597136460747429e-01 
 5.520000000000174e-09  2.626202216586913e-01 
 5.524000000000174e-09  2.645173991759007e-01 
 5.528000000000174e-09  2.653987719532407e-01 
 5.532000000000175e-09  2.652609157497416e-01 
 5.536000000000175e-09  2.641033991213351e-01 
 5.540000000000176e-09  2.619288235522230e-01 
 5.544000000000176e-09  2.587428879307752e-01 
 5.548000000000176e-09  2.545544770047519e-01 
 5.552000000000177e-09  2.493757661003650e-01 
 5.556000000000177e-09  2.432223380043306e-01 
 5.560000000000178e-09  2.361133027661433e-01 
 5.564000000000178e-09  2.280714141498130e-01 
 5.568000000000178e-09  2.191231732696872e-01 
 5.572000000000179e-09  2.092989127008611e-01 
 5.576000000000179e-09  1.986328527467283e-01 
 5.580000000000180e-09  1.871631243257017e-01 
 5.584000000000180e-09  1.749317524854046e-01 
 5.588000000000180e-09  1.619845969963629e-01 
 5.592000000000181e-09  1.483712468117417e-01 
 5.596000000000181e-09  1.341448676607921e-01 
 5.600000000000182e-09  1.193620025582618e-01 
 5.604000000000182e-09  1.040823268497491e-01 
 5.608000000000182e-09  8.836835999471759e-02 
 5.612000000000183e-09  7.228513801598169e-02 
 5.616000000000183e-09  5.589985051078372e-02 
 5.620000000000184e-09  3.928144748203621e-02 
 5.624000000000184e-09  2.249921344520622e-02 
 5.628000000000184e-09  5.626103546886085e-03 
 5.632000000000185e-09 -1.126488285755123e-02 
 5.636000000000185e-09 -2.810452999735347e-02 
 5.640000000000186e-09 -4.482283450176361e-02 
 5.644000000000186e-09 -6.134912015930283e-02 
 5.648000000000186e-09 -7.761358858843614e-02 
 5.652000000000187e-09 -9.354846197062550e-02 
 5.656000000000187e-09 -1.090882850342076e-01 
 5.660000000000188e-09 -1.241702317714264e-01 
 5.664000000000188e-09 -1.387342864433947e-01 
 5.668000000000188e-09 -1.527234843080514e-01 
 5.672000000000189e-09 -1.660840819196148e-01 
 5.676000000000189e-09 -1.787657328781203e-01 
 5.680000000000190e-09 -1.907215960566715e-01 
 5.684000000000190e-09 -2.019084256552830e-01 
 5.688000000000190e-09 -2.122866019141059e-01 
 5.692000000000191e-09 -2.218201395301413e-01 
 5.696000000000191e-09 -2.304766502812372e-01 
 5.700000000000192e-09 -2.382272894005002e-01 
 5.704000000000192e-09 -2.450466730392269e-01 
 5.708000000000192e-09 -2.509127910145885e-01 
 5.712000000000193e-09 -2.558069087862469e-01 
 5.716000000000193e-09 -2.597134782070214e-01 
 5.720000000000194e-09 -2.626200543423340e-01 
 5.724000000000194e-09 -2.645172331286871e-01 
 5.728000000000194e-09 -2.653986078935222e-01 
 5.732000000000195e-09 -2.652607543894392e-01 
 5.736000000000195e-09 -2.641032411619393e-01 
 5.740000000000196e-09 -2.619286696809682e-01 
 5.744000000000196e-09 -2.587427388120183e-01 
 5.748000000000196e-09 -2.545543332767770e-01 
 5.752000000000197e-09 -2.493756283717325e-01 
 5.756000000000197e-09 -2.432222068477818e-01 
 5.760000000000198e-09 -2.361131787159918e-01 
 5.764000000000198e-09 -2.280712976997386e-01 
 5.768000000000198e-09 -2.191230648681879e-01 
 5.772000000000199e-09 -2.092988127526008e-01 
 5.776000000000199e-09 -1.986327616075005e-01 
 5.780000000000200e-09 -1.871630423068211e-01 
 5.784000000000200e-09 -1.749316798501432e-01 
 5.788000000000200e-09 -1.619845339635066e-01 
 5.792000000000201e-09 -1.483711935550609e-01 
 5.796000000000201e-09 -1.341448243110577e-01 
 5.800000000000202e-09 -1.193619692049968e-01 
 5.804000000000202e-09 -1.040823035442688e-01 
 5.808000000000202e-09 -8.836834675222605e-02 
 5.812000000000203e-09 -7.228513481680032e-02 
 5.816000000000203e-09 -5.589985730195224e-02 
 5.820000000000204e-09 -3.928146418126488e-02 
 5.824000000000204e-09 -2.249923993951519e-02 
 5.828000000000204e-09 -5.626139697092469e-03 
 5.832000000000205e-09  1.126483721247062e-02 
 5.836000000000205e-09  2.810447504643143e-02 
 5.840000000000206e-09  4.482277045993399e-02 
 5.844000000000206e-09  6.134904726824075e-02 
 5.848000000000206e-09  7.761350711380821e-02 
 5.852000000000207e-09  9.354837220096712e-02 
 5.856000000000207e-09  1.090881872826266e-01 
 5.860000000000208e-09  1.241701263759580e-01 
 5.864000000000208e-09  1.387341737669114e-01 
 5.868000000000208e-09  1.527233647412274e-01 
 5.872000000000209e-09  1.660839558803158e-01 
 5.876000000000209e-09  1.787656008098324e-01 
 5.880000000000210e-09  1.907214584332815e-01 
 5.884000000000210e-09  2.019082829773620e-01 
 5.888000000000210e-09  2.122864547106111e-01 
 5.892000000000211e-09  2.218199883574572e-01 
 5.896000000000211e-09  2.304764957214367e-01 
 5.900000000000212e-09  2.382271320604046e-01 
 5.904000000000212e-09  2.450465135487252e-01 
 5.908000000000212e-09  2.509126300222486e-01 
 5.912000000000213e-09  2.558067469578913e-01 
 5.916000000000213e-09  2.597133162229646e-01 
 5.920000000000214e-09  2.626198928895647e-01 
 5.924000000000214e-09  2.645170729005601e-01 
 5.928000000000214e-09  2.653984495820545e-01 
 5.932000000000215e-09  2.652605986827898e-01 
 5.936000000000215e-09  2.641030887382332e-01 
 5.940000000000216e-09  2.619285212009936e-01 
 5.944000000000216e-09  2.587425949175681e-01 
 5.948000000000216e-09  2.545541945845935e-01 
 5.952000000000217e-09  2.493754954679597e-01 
 5.956000000000217e-09  2.432220802860332e-01 
 5.960000000000218e-09  2.361130590114664e-01 
 5.964000000000218e-09  2.280711853286865e-01 
 5.968000000000218e-09  2.191229602633298e-01 
 5.972000000000219e-09  2.092987163042928e-01 
 5.976000000000219e-09  1.986326736596808e-01 
 5.980000000000220e-09  1.871629631592429e-01 
 5.984000000000220e-09  1.749316097576994e-01 
 5.988000000000220e-09  1.619844731357158e-01 
 5.992000000000221e-09  1.483711421602685e-01 
 5.996000000000221e-09  1.341447824756230e-01 
 6.000000000000222e-09  1.193619370156771e-01 
 6.004000000000222e-09  1.040822810507560e-01 
 6.008000000000222e-09  8.836833396902222e-02 
 6.012000000000223e-09  7.228513172419149e-02 
 6.016000000000223e-09  5.589986384923762e-02 
 6.020000000000224e-09  3.928148028935574e-02 
 6.024000000000224e-09  2.249926549776404e-02 
 6.028000000000224e-09  5.626174572940457e-03 
 6.032000000000225e-09 -1.126479317509954e-02 
 6.036000000000225e-09 -2.810442202811103e-02 
 6.040000000000226e-09 -4.482270867060834e-02 
 6.044000000000226e-09 -6.134897693979013e-02 
 6.048000000000226e-09 -7.761342850276165e-02 
 6.052000000000227e-09 -9.354828558549144e-02 
 6.056000000000227e-09 -1.090880929661360e-01 
 6.060000000000228e-09 -1.241700246831829e-01 
 6.064000000000228e-09 -1.387340650495332e-01 
 6.068000000000228e-09 -1.527232493750770e-01 
 6.072000000000229e-09 -1.660838342674307e-01 
 6.076000000000229e-09 -1.787654733800030e-01 
 6.080000000000230e-09 -1.907213256419444e-01 
 6.084000000000230e-09 -2.019081453097371e-01 
 6.088000000000230e-09 -2.122863126762402e-01 
 6.092000000000231e-09 -2.218198424923603e-01 
 6.096000000000231e-09 -2.304763465886008e-01 
 6.100000000000232e-09 -2.382269802447778e-01 
 6.104000000000232e-09 -2.450463596575476e-01 
 6.108000000000232e-09 -2.509124746820830e-01 
 6.112000000000233e-09 -2.558065908112055e-01 
 6.116000000000233e-09 -2.597131599251696e-01 
 6.120000000000234e-09 -2.626197371051731e-01 
 6.124000000000234e-09 -2.645169182971296e-01 
 6.128000000000234e-09 -2.653982968289708e-01 
 6.132000000000235e-09 -2.652604484430836e-01 
 6.136000000000235e-09 -2.641029416654779e-01 
 6.140000000000236e-09 -2.619283779336326e-01 
 6.144000000000236e-09 -2.587424560752525e-01 
 6.148000000000236e-09 -2.545540607619006e-01 
 6.152000000000237e-09 -2.493753672313166e-01 
 6.156000000000237e-09 -2.432219581682169e-01 
 6.160000000000238e-09 -2.361129435105340e-01 
 6.164000000000238e-09 -2.280710769037730e-01 
 6.168000000000238e-09 -2.191228593328338e-01 
 6.172000000000239e-09 -2.092986232435905e-01 
 6.176000000000239e-09 -1.986325888019946e-01 
 6.180000000000240e-09 -1.871628867931010e-01 
 6.184000000000240e-09 -1.749315421285473e-01 
 6.188000000000240e-09 -1.619844144465343e-01 
 6.192000000000241e-09 -1.483710925732922e-01 
 6.196000000000241e-09 -1.341447421121025e-01 
 6.200000000000242e-09 -1.193619059605542e-01 
 6.204000000000242e-09 -1.040822593514790e-01 
 6.208000000000242e-09 -8.836832163889419e-02 
 6.212000000000243e-09 -7.228512874420545e-02 
 6.216000000000243e-09 -5.589987017213716e-02 
 6.220000000000244e-09 -3.928149583772189e-02 
 6.224000000000244e-09 -2.249929016551988e-02 
 6.228000000000244e-09 -5.626208230783192e-03 
 6.232000000000245e-09  1.126475067621513e-02 
 6.236000000000245e-09  2.810437086439954e-02 
 6.240000000000246e-09  4.482264904286382e-02 
 6.244000000000246e-09  6.134890907378576e-02 
 6.248000000000246e-09  7.761335264411784e-02 
 6.252000000000247e-09  9.354820200259084e-02 
 6.256000000000247e-09  1.090880019514913e-01 
 6.260000000000248e-09  1.241699265516836e-01 
 6.264000000000248e-09  1.387339601395130e-01 
 6.268000000000248e-09  1.527231380494438e-01 
 6.272000000000249e-09  1.660837169144127e-01 
 6.276000000000249e-09  1.787653504143005e-01 
 6.280000000000250e-09  1.907211975041099e-01 
 6.284000000000250e-09  2.019080124647736e-01 
 6.288000000000250e-09  2.122861756183729e-01 
 6.292000000000251e-09  2.218197017390802e-01 
 6.296000000000251e-09  2.304762026810625e-01 
 6.300000000000252e-09  2.382268337487776e-01 
 6.304000000000252e-09  2.450462111591478e-01 
 6.308000000000252e-09  2.509123247859621e-01 
 6.312000000000253e-09  2.558064401372571e-01 
 6.316000000000253e-09  2.597130091052813e-01 
 6.320000000000254e-09  2.626195867799552e-01 
 6.324000000000254e-09  2.645167691124737e-01 
 6.328000000000254e-09  2.653981494288811e-01 
 6.332000000000255e-09  2.652603034686252e-01 
 6.336000000000255e-09  2.641027997471257e-01 
 6.340000000000256e-09  2.619282396874703e-01 
 6.344000000000256e-09  2.587423220988105e-01 
 6.348000000000256e-09  2.545539316295033e-01 
 6.352000000000257e-09  2.493752434879104e-01 
 6.356000000000257e-09  2.432218403294648e-01 
 6.360000000000258e-09  2.361128320570769e-01 
 6.364000000000258e-09  2.280709722777194e-01 
 6.368000000000258e-09  2.191227619385492e-01 
 6.372000000000259e-09  2.092985334429214e-01 
 6.376000000000259e-09  1.986325069157084e-01 
 6.380000000000260e-09  1.871628131003042e-01 
 6.384000000000260e-09  1.749314768663925e-01 
 6.388000000000260e-09  1.619843578119351e-01 
 6.392000000000261e-09  1.483710447209887e-01 
 6.396000000000261e-09  1.341447031601888e-01 
 6.400000000000262e-09  1.193618759895791e-01 
 6.404000000000262e-09  1.040822384079476e-01 
 6.408000000000262e-09  8.836830973542220e-02 
 6.412000000000263e-09  7.228512586369007e-02 
 6.416000000000263e-09  5.589987626762039e-02 
 6.420000000000264e-09  3.928151083465714e-02 
 6.424000000000264e-09  2.249931396200644e-02 
 6.428000000000264e-09  5.626240701667840e-03 
 6.432000000000265e-09 -1.126470967455262e-02 
 6.436000000000265e-09 -2.810432150225495e-02 
 6.440000000000266e-09 -4.482259151384937e-02 
 6.444000000000266e-09 -6.134884359386916e-02 
 6.448000000000266e-09 -7.761327945193663e-02 
 6.452000000000267e-09 -9.354812135914514e-02 
 6.456000000000267e-09 -1.090879141367225e-01 
 6.460000000000268e-09 -1.241698318689366e-01 
 6.464000000000268e-09 -1.387338589161278e-01 
 6.468000000000268e-09 -1.527230306356753e-01 
 6.472000000000269e-09 -1.660836036854541e-01 
 6.476000000000269e-09 -1.787652317692814e-01 
 6.480000000000270e-09 -1.907210738673299e-01 
 6.484000000000270e-09 -2.019078842879765e-01 
 6.488000000000270e-09 -2.122860433753786e-01 
 6.492000000000271e-09 -2.218195659294926e-01 
 6.496000000000271e-09 -2.304760638288075e-01 
 6.500000000000272e-09 -2.382266923982268e-01 
 6.504000000000272e-09 -2.450460678760606e-01 
 6.508000000000272e-09 -2.509121801537026e-01 
 6.512000000000273e-09 -2.558062947547004e-01 
 6.516000000000273e-09 -2.597128635815802e-01 
 6.520000000000274e-09 -2.626194417336820e-01 
 6.524000000000274e-09 -2.645166251668110e-01 
 6.528000000000274e-09 -2.653980072060671e-01 
 6.532000000000275e-09 -2.652601635855727e-01 
 6.536000000000275e-09 -2.641026628129477e-01 
 6.540000000000276e-09 -2.619281062965635e-01 
 6.544000000000276e-09 -2.587421928273690e-01 
 6.548000000000276e-09 -2.545538070313280e-01 
 6.552000000000277e-09 -2.493751240908479e-01 
 6.556000000000277e-09 -2.432217266300185e-01 
 6.560000000000278e-09 -2.361127245182315e-01 
 6.564000000000278e-09 -2.280708713275557e-01 
 6.568000000000278e-09 -2.191226679655047e-01 
 6.572000000000279e-09 -2.092984467973462e-01 
 6.576000000000279e-09 -1.986324279079259e-01 
 6.580000000000280e-09 -1.871627419994173e-01 
 6.584000000000280e-09 -1.749314139002305e-01 
 6.588000000000280e-09 -1.619843031690777e-01 
 6.592000000000281e-09 -1.483709985530801e-01 
 6.596000000000281e-09 -1.341446655810259e-01 
 6.600000000000282e-09 -1.193618470765916e-01 
 6.604000000000282e-09 -1.040822182054395e-01 
 6.608000000000282e-09 -8.836829825641246e-02 
 6.612000000000283e-09 -7.228512309145430e-02 
 6.616000000000283e-09 -5.589988215528408e-02 
 6.620000000000284e-09 -3.928152531224072e-02 
 6.624000000000284e-09 -2.249933693039630e-02 
 6.628000000000284e-09 -5.626272041174829e-03 
 6.632000000000285e-09  1.126467010420740e-02 
 6.636000000000285e-09  2.810427386407355e-02 
 6.640000000000286e-09  4.482253599499231e-02 
 6.644000000000286e-09  6.134878040403002e-02 
 6.648000000000286e-09  7.761320882062961e-02 
 6.652000000000287e-09  9.354804353709767e-02 
 6.656000000000287e-09  1.090878293950244e-01 
 6.660000000000288e-09  1.241697405007383e-01 
 6.664000000000288e-09  1.387337612359456e-01 
 6.668000000000288e-09  1.527229269828769e-01 
 6.672000000000289e-09  1.660834944204872e-01 
 6.676000000000289e-09  1.787651172786795e-01 
 6.680000000000290e-09  1.907209545599944e-01 
 6.684000000000290e-09  2.019077605994193e-01 
 6.688000000000290e-09  2.122859157632995e-01 
 6.692000000000291e-09  2.218194348761022e-01 
 6.696000000000291e-09  2.304759298395433e-01 
 6.700000000000292e-09  2.382265559996055e-01 
 6.704000000000292e-09  2.450459296129708e-01 
 6.708000000000292e-09  2.509120405883469e-01 
 6.712000000000293e-09  2.558061544645565e-01 
 6.716000000000293e-09  2.597127231562610e-01 
 6.720000000000294e-09  2.626193017696885e-01 
 6.724000000000294e-09  2.645164862643108e-01 
 6.728000000000294e-09  2.653978699651047e-01 
 6.732000000000295e-09  2.652600286040547e-01 
 6.736000000000295e-09  2.641025306755482e-01 
 6.740000000000296e-09  2.619279775791108e-01 
 6.744000000000296e-09  2.587420680852364e-01 
 6.748000000000296e-09  2.545536867984817e-01 
 6.752000000000297e-09  2.493750088759823e-01 
 6.756000000000297e-09  2.432216169128569e-01 
 6.760000000000298e-09  2.361126207454669e-01 
 6.764000000000298e-09  2.280707739114405e-01 
 6.768000000000298e-09  2.191225772826506e-01 
 6.772000000000299e-09  2.092983631853675e-01 
 6.776000000000299e-09  1.986323516651236e-01 
 6.780000000000300e-09  1.871626733845275e-01 
 6.784000000000300e-09  1.749313531350030e-01 
 6.788000000000300e-09  1.619842504366318e-01 
 6.792000000000301e-09  1.483709539978513e-01 
 6.796000000000301e-09  1.341446293119990e-01 
 6.800000000000302e-09  1.193618191697592e-01 
 6.804000000000302e-09  1.040821987037610e-01 
 6.808000000000302e-09  8.836828717249823e-02 
 6.812000000000303e-09  7.228512040815893e-02 
 6.816000000000303e-09  5.589988782949895e-02 
 6.820000000000304e-09  3.928153927407330e-02 
 6.824000000000304e-09  2.249935908513123e-02 
 6.828000000000304e-09  5.626302272711214e-03 
 6.832000000000305e-09 -1.126463192989036e-02 
 6.836000000000305e-09 -2.810422790447653e-02 
 6.840000000000306e-09 -4.482248243158260e-02 
 6.844000000000306e-09 -6.134871943847564e-02 
 6.848000000000306e-09 -7.761314067518832e-02 
 6.852000000000307e-09 -9.354796845280156e-02 
 6.856000000000307e-09 -1.090877476340530e-01 
 6.860000000000308e-09 -1.241696523454081e-01 
 6.864000000000308e-09 -1.387336669909800e-01 
 6.868000000000308e-09 -1.527228269740046e-01 
 6.872000000000309e-09 -1.660833889967783e-01 
 6.876000000000309e-09 -1.787650068116111e-01 
 6.880000000000310e-09 -1.907208394473283e-01 
 6.884000000000310e-09 -2.019076412579244e-01 
 6.888000000000310e-09 -2.122857926358650e-01 
 6.892000000000311e-09 -2.218193084294224e-01 
 6.896000000000311e-09 -2.304758005590646e-01 
 6.900000000000312e-09 -2.382264243930807e-01 
 6.904000000000312e-09 -2.450457962078554e-01 
 6.908000000000312e-09 -2.509119059264329e-01 
 6.912000000000313e-09 -2.558060191043885e-01 
 6.916000000000313e-09 -2.597125876646493e-01 
 6.920000000000314e-09 -2.626191667228710e-01 
 6.924000000000314e-09 -2.645163522414362e-01 
 6.928000000000314e-09 -2.653977375461218e-01 
 6.932000000000315e-09 -2.652598983626935e-01 
 6.936000000000315e-09 -2.641024031804393e-01 
 6.940000000000316e-09 -2.619278533829215e-01 
 6.944000000000316e-09 -2.587419477243085e-01 
 6.948000000000316e-09 -2.545535707895001e-01 
 6.952000000000317e-09 -2.493748977091941e-01 
 6.956000000000317e-09 -2.432215110508160e-01 
 6.960000000000318e-09 -2.361125206199644e-01 
 6.964000000000318e-09 -2.280706799196803e-01 
 6.968000000000318e-09 -2.191224897883961e-01 
 6.972000000000319e-09 -2.092982825126146e-01 
 6.976000000000319e-09 -1.986322781034904e-01 
 6.980000000000320e-09 -1.871626071841934e-01 
 6.984000000000320e-09 -1.749312945088182e-01 
 6.988000000000320e-09 -1.619841995606652e-01 
 6.992000000000321e-09 -1.483709110125631e-01 
 6.996000000000321e-09 -1.341445943228479e-01 
 7.000000000000322e-09 -1.193617922500163e-01 
 7.004000000000322e-09 -1.040821798935543e-01 
 7.008000000000322e-09 -8.836827648510948e-02 
 7.012000000000323e-09 -7.228511782636637e-02 
 7.016000000000323e-09 -5.589989331228118e-02 
 7.020000000000324e-09 -3.928155275374046e-02 
 7.024000000000324e-09 -2.249938047077471e-02 
 7.028000000000324e-09 -5.626331452226907e-03 
 7.032000000000325e-09  1.126459508651578e-02 
 7.036000000000325e-09  2.810418355009858e-02 
 7.040000000000326e-09  4.482243074009418e-02 
 7.044000000000326e-09  6.134866060429900e-02 
 7.048000000000326e-09  7.761307491252722e-02 
 7.052000000000327e-09  9.354789599446356e-02 
 7.056000000000327e-09  1.090876687326379e-01 
 7.060000000000328e-09  1.241695672747429e-01 
 7.064000000000328e-09  1.387335760442152e-01 
 7.068000000000328e-09  1.527227304652499e-01 
 7.072000000000329e-09  1.660832872636249e-01 
 7.076000000000329e-09  1.787649002123874e-01 
 7.080000000000330e-09  1.907207283629422e-01 
 7.084000000000330e-09  2.019075260941783e-01 
 7.088000000000330e-09  2.122856738198680e-01 
 7.092000000000331e-09  2.218191864086583e-01 
 7.096000000000331e-09  2.304756758047715e-01 
 7.100000000000332e-09  2.382262973953164e-01 
 7.104000000000332e-09  2.450456674737067e-01 
 7.108000000000332e-09  2.509117759806978e-01 
 7.112000000000333e-09  2.558058884838701e-01 
 7.116000000000333e-09  2.597124569185936e-01 
 7.120000000000334e-09  2.626190364052925e-01 
 7.124000000000334e-09  2.645162229121898e-01 
 7.128000000000334e-09  2.653976097647341e-01 
 7.132000000000335e-09  2.652597726840191e-01 
 7.136000000000335e-09  2.641022801507080e-01 
 7.140000000000336e-09  2.619277335368224e-01 
 7.144000000000336e-09  2.587418315799659e-01 
 7.148000000000336e-09  2.545534588435636e-01 
 7.152000000000337e-09  2.493747904353167e-01 
 7.156000000000337e-09  2.432214088957796e-01 
 7.160000000000338e-09  2.361124239998809e-01 
 7.164000000000338e-09  2.280705892193264e-01 
 7.168000000000338e-09  2.191224053553942e-01 
 7.172000000000339e-09  2.092982046641767e-01 
 7.176000000000339e-09  1.986322071160771e-01 
 7.180000000000340e-09  1.871625433001114e-01 
 7.184000000000340e-09  1.749312379334267e-01 
 7.188000000000340e-09  1.619841504630486e-01 
 7.192000000000341e-09  1.483708695285788e-01 
 7.196000000000341e-09  1.341445605547964e-01 
 7.200000000000342e-09  1.193617662678754e-01 
 7.204000000000342e-09  1.040821617376473e-01 
 7.208000000000342e-09  8.836826616528093e-02 
 7.212000000000343e-09  7.228511532927229e-02 
 7.216000000000343e-09  5.589989859557321e-02 
 7.220000000000344e-09  3.928156575441655e-02 
 7.224000000000344e-09  2.249940109950721e-02 
 7.228000000000344e-09  5.626359600485742e-03 
 7.232000000000345e-09 -1.126455954267058e-02 
 7.236000000000345e-09 -2.810414075813839e-02 
 7.240000000000346e-09 -4.482238086749923e-02 
 7.244000000000346e-09 -6.134860384024421e-02 
 7.248000000000346e-09 -7.761301146278221e-02 
 7.252000000000347e-09 -9.354782608447820e-02 
 7.256000000000347e-09 -1.090875926064907e-01 
 7.260000000000348e-09 -1.241694851946082e-01 
 7.264000000000348e-09 -1.387334882940383e-01 
 7.268000000000348e-09 -1.527226373484005e-01 
 7.272000000000349e-09 -1.660831891057644e-01 
 7.276000000000349e-09 -1.787647973593387e-01 
 7.280000000000350e-09 -1.907206211828960e-01 
 7.284000000000350e-09 -2.019074149780025e-01 
 7.288000000000350e-09 -2.122855591788859e-01 
 7.292000000000351e-09 -2.218190686769406e-01 
 7.296000000000351e-09 -2.304755554341247e-01 
 7.300000000000352e-09 -2.382261748592782e-01 
 7.304000000000352e-09 -2.450455432624858e-01 
 7.308000000000352e-09 -2.509116506000582e-01 
 7.312000000000353e-09 -2.558057624518959e-01 
 7.316000000000353e-09 -2.597123307649327e-01 
 7.320000000000354e-09 -2.626189106657781e-01 
 7.324000000000354e-09 -2.645160981266661e-01 
 7.328000000000354e-09 -2.653974864719235e-01 
 7.332000000000355e-09 -2.652596514200432e-01 
 7.336000000000355e-09 -2.641021614425552e-01 
 7.340000000000356e-09 -2.619276179000616e-01 
 7.344000000000356e-09 -2.587417195149024e-01 
 7.348000000000356e-09 -2.545533508299394e-01 
 7.352000000000357e-09 -2.493746869302944e-01 
 7.356000000000357e-09 -2.432213103295657e-01 
 7.360000000000358e-09 -2.361123307741950e-01 
 7.364000000000358e-09 -2.280705017052922e-01 
 7.368000000000358e-09 -2.191223238904350e-01 
 7.372000000000359e-09 -2.092981295512200e-01 
 7.376000000000359e-09 -1.986321386233509e-01 
 7.380000000000360e-09 -1.871624816617157e-01 
 7.384000000000360e-09 -1.749311833468195e-01 
 7.388000000000360e-09 -1.619841030924931e-01 
 7.392000000000361e-09 -1.483708295048238e-01 
 7.396000000000361e-09 -1.341445279764120e-01 
 7.400000000000362e-09 -1.193617412015726e-01 
 7.404000000000362e-09 -1.040821442234776e-01 
 7.408000000000362e-09 -8.836825621364852e-02 
 7.412000000000363e-09 -7.228511292458073e-02 
 7.416000000000363e-09 -5.589990369959708e-02 
 7.420000000000364e-09 -3.928157830404189e-02 
 7.424000000000364e-09 -2.249942100917579e-02 
 7.428000000000364e-09 -5.626386768168956e-03 
 7.432000000000365e-09  1.126452524040289e-02 
 7.436000000000365e-09  2.810409946150472e-02 
 7.440000000000366e-09  4.482233274019443e-02 
 7.444000000000366e-09  6.134854906229137e-02 
 7.448000000000366e-09  7.761295023388826e-02 
 7.452000000000367e-09  9.354775862105313e-02 
 7.456000000000366e-09  1.090875191453318e-01 
 7.460000000000366e-09  1.241694059890452e-01 
 7.464000000000365e-09  1.387334036165537e-01 
 7.468000000000365e-09  1.527225474928304e-01 
 7.472000000000365e-09  1.660830943848328e-01 
 7.476000000000364e-09  1.787646981082975e-01 
 7.480000000000364e-09  1.907205177575904e-01 
 7.484000000000363e-09  2.019073077537374e-01 
 7.488000000000363e-09  2.122854485538710e-01 
 7.492000000000362e-09  2.218189550688159e-01 
 7.496000000000362e-09  2.304754392813813e-01 
 7.500000000000362e-09  2.382260566164707e-01 
 7.504000000000361e-09  2.450454234032318e-01 
 7.508000000000361e-09  2.509115296125533e-01 
 7.512000000000360e-09  2.558056408363605e-01 
 7.516000000000360e-09  2.597122090310910e-01 
 7.520000000000359e-09  2.626187893321117e-01 
 7.524000000000359e-09  2.645159777127752e-01 
 7.528000000000359e-09  2.653973674990526e-01 
 7.532000000000358e-09  2.652595344048607e-01 
 7.536000000000358e-09  2.641020468940700e-01 
 7.540000000000357e-09  2.619275063159294e-01 
 7.544000000000357e-09  2.587416113765753e-01 
 7.548000000000357e-09  2.545532466005258e-01 
 7.552000000000356e-09  2.493745870512782e-01 
 7.556000000000356e-09  2.432212152162219e-01 
 7.560000000000355e-09  2.361122408146770e-01 
 7.564000000000355e-09  2.280704172562222e-01 
 7.568000000000354e-09  2.191222452781725e-01 
 7.572000000000354e-09  2.092980570686684e-01 
 7.576000000000354e-09  1.986320725288326e-01 
 7.580000000000353e-09  1.871624221806290e-01 
 7.584000000000353e-09  1.749311306705970e-01 
 7.588000000000352e-09  1.619840573793834e-01 
 7.592000000000352e-09  1.483707908812324e-01 
 7.596000000000351e-09  1.341444965362815e-01 
 7.600000000000351e-09  1.193617170105785e-01 
 7.604000000000351e-09  1.040821273187831e-01 
 7.608000000000350e-09  8.836824660612663e-02 
 7.612000000000350e-09  7.228511060018228e-02 
 7.616000000000349e-09  5.589990861935235e-02 
 7.620000000000349e-09  3.928159040864188e-02 
 7.624000000000348e-09  2.249944021660610e-02 
 7.628000000000348e-09  5.626412977100870e-03 
 7.632000000000348e-09 -1.126449214587666e-02 
 7.636000000000347e-09 -2.810405961821338e-02 
 7.640000000000347e-09 -4.482228630520702e-02 
 7.644000000000346e-09 -6.134849621033389e-02 
 7.648000000000346e-09 -7.761289115751246e-02 
 7.652000000000345e-09 -9.354769353017289e-02 
 7.656000000000345e-09 -1.090874482653490e-01 
 7.660000000000345e-09 -1.241693295658841e-01 
 7.664000000000344e-09 -1.387333219141915e-01 
 7.668000000000344e-09 -1.527224607937168e-01 
 7.672000000000343e-09 -1.660830029918259e-01 
 7.676000000000343e-09 -1.787646023430955e-01 
 7.680000000000342e-09 -1.907204179639024e-01 
 7.684000000000342e-09 -2.019072042944927e-01 
 7.688000000000342e-09 -2.122853418128479e-01 
 7.692000000000341e-09 -2.218188454493308e-01 
 7.696000000000341e-09 -2.304753272058475e-01 
 7.700000000000340e-09 -2.382259425251521e-01 
 7.704000000000340e-09 -2.450453077522070e-01 
 7.708000000000339e-09 -2.509114128721608e-01 
 7.712000000000339e-09 -2.558055234901211e-01 
 7.716000000000339e-09 -2.597120915719224e-01 
 7.720000000000338e-09 -2.626186722580459e-01 
 7.724000000000338e-09 -2.645158615264642e-01 
 7.728000000000337e-09 -2.653972527032509e-01 
 7.732000000000337e-09 -2.652594214978290e-01 
 7.736000000000336e-09 -2.641019363672306e-01 
 7.740000000000336e-09 -2.619273986493917e-01 
 7.744000000000336e-09 -2.587415070348582e-01 
 7.748000000000335e-09 -2.545531460315993e-01 
 7.752000000000335e-09 -2.493744906801583e-01 
 7.756000000000334e-09 -2.432211234438348e-01 
 7.760000000000334e-09 -2.361121540150144e-01 
 7.764000000000333e-09 -2.280703357738627e-01 
 7.768000000000333e-09 -2.191221694279966e-01 
 7.772000000000333e-09 -2.092979871321869e-01 
 7.776000000000332e-09 -1.986320087573308e-01 
 7.780000000000332e-09 -1.871623647905825e-01 
 7.784000000000331e-09 -1.749310798470649e-01 
 7.788000000000331e-09 -1.619840132740666e-01 
 7.792000000000330e-09 -1.483707536161027e-01 
 7.796000000000330e-09 -1.341444662028497e-01 
 7.800000000000330e-09 -1.193616936723672e-01 
 7.804000000000329e-09 -1.040821110115342e-01 
 7.808000000000329e-09 -8.836823733946275e-02 
 7.812000000000328e-09 -7.228510836128521e-02 
 7.816000000000328e-09 -5.589991337081734e-02 
 7.820000000000327e-09 -3.928160209394704e-02 
 7.824000000000327e-09 -2.249945875439074e-02 
 7.828000000000327e-09 -5.626438270519785e-03 
 7.832000000000326e-09  1.126446020779603e-02 
 7.836000000000326e-09  2.810402116882926e-02 
 7.840000000000325e-09  4.482224149472636e-02 
 7.844000000000325e-09  6.134844520821048e-02 
 7.848000000000324e-09  7.761283414886044e-02 
 7.852000000000324e-09  9.354763071720562e-02 
 7.856000000000324e-09  1.090873798675940e-01 
 7.860000000000323e-09  1.241692558198206e-01 
 7.864000000000323e-09  1.387332430741868e-01 
 7.868000000000322e-09  1.527223771319441e-01 
 7.872000000000322e-09  1.660829148005174e-01 
 7.876000000000321e-09  1.787645099339521e-01 
 7.880000000000321e-09  1.907203216676177e-01 
 7.884000000000321e-09  2.019071044612968e-01 
 7.888000000000320e-09  2.122852388131964e-01 
 7.892000000000320e-09  2.218187396713907e-01 
 7.896000000000319e-09  2.304752190579498e-01 
 7.900000000000319e-09  2.382258324323683e-01 
 7.904000000000318e-09  2.450451961541553e-01 
 7.908000000000318e-09  2.509113002241019e-01 
 7.912000000000318e-09  2.558054102574756e-01 
 7.916000000000317e-09  2.597119782285526e-01 
 7.920000000000317e-09  2.626185592871024e-01 
 7.924000000000316e-09  2.645157494127435e-01 
 7.928000000000316e-09  2.653971419308265e-01 
 7.932000000000315e-09  2.652593125479730e-01 
 7.936000000000315e-09  2.641018297138054e-01 
 7.940000000000315e-09  2.619272947552824e-01 
 7.944000000000314e-09  2.587414063506932e-01 
 7.948000000000314e-09  2.545530489866072e-01 
 7.952000000000313e-09  2.493743976857052e-01 
 7.956000000000313e-09  2.432210348865551e-01 
 7.960000000000312e-09  2.361120702563673e-01 
 7.964000000000312e-09  2.280702571466824e-01 
 7.968000000000312e-09  2.191220962351608e-01 
 7.972000000000311e-09  2.092979196461311e-01 
 7.976000000000311e-09  1.986319472195728e-01 
 7.980000000000310e-09  1.871623094106685e-01 
 7.984000000000310e-09  1.749310308020604e-01 
 7.988000000000309e-09  1.619839707127291e-01 
 7.992000000000309e-09  1.483707176538296e-01 
 7.996000000000309e-09  1.341444369300202e-01 
 8.000000000000308e-09  1.193616711486882e-01 
 8.004000000000308e-09  1.040820952722488e-01 
 8.008000000000307e-09  8.836822839412228e-02 
 8.012000000000307e-09  7.228510619659367e-02 
 8.016000000000306e-09  5.589991795195992e-02 
 8.020000000000306e-09  3.928161336419578e-02 
 8.024000000000306e-09  2.249947663777263e-02 
 8.028000000000305e-09  5.626462673642862e-03 
 8.032000000000305e-09 -1.126442939462535e-02 
 8.036000000000304e-09 -2.810398407215686e-02 
 8.040000000000304e-09 -4.482219826041245e-02 
 8.044000000000304e-09 -6.134839599905462e-02 
 8.048000000000303e-09 -7.761277914405618e-02 
 8.052000000000303e-09 -9.354757011172055e-02 
 8.056000000000302e-09 -1.090873138730473e-01 
 8.060000000000302e-09 -1.241691846641420e-01 
 8.064000000000301e-09 -1.387331670027994e-01 
 8.068000000000301e-09 -1.527222964090722e-01 
 8.072000000000301e-09 -1.660828297068111e-01 
 8.076000000000300e-09 -1.787644207702819e-01 
 8.080000000000300e-09 -1.907202287526584e-01 
 8.084000000000299e-09 -2.019070081340075e-01 
 8.088000000000299e-09 -2.122851394310530e-01 
 8.092000000000298e-09 -2.218186376096565e-01 
 8.096000000000298e-09 -2.304751147091126e-01 
 8.100000000000298e-09 -2.382257262057257e-01 
 8.104000000000297e-09 -2.450450884758473e-01 
 8.108000000000297e-09 -2.509111915315625e-01 
 8.112000000000296e-09 -2.558053010008075e-01 
 8.116000000000296e-09 -2.597118688663347e-01 
 8.120000000000295e-09 -2.626184502838274e-01 
 8.124000000000295e-09 -2.645156412364655e-01 
 8.128000000000295e-09 -2.653970350485817e-01 
 8.132000000000294e-09 -2.652592074241864e-01 
 8.136000000000294e-09 -2.641017268057468e-01 
 8.140000000000293e-09 -2.619271945106767e-01 
 8.144000000000293e-09 -2.587413092008912e-01 
 8.148000000000292e-09 -2.545529553497814e-01 
 8.152000000000292e-09 -2.493743079567174e-01 
 8.156000000000292e-09 -2.432209494399187e-01 
 8.160000000000291e-09 -2.361119894396904e-01 
 8.164000000000291e-09 -2.280701812805122e-01 
 8.168000000000290e-09 -2.191220256129700e-01 
 8.172000000000290e-09 -2.092978545311812e-01 
 8.176000000000289e-09 -1.986318878438222e-01 
 8.180000000000289e-09 -1.871622559757764e-01 
 8.184000000000289e-09 -1.749309834812678e-01 
 8.188000000000288e-09 -1.619839296476382e-01 
 8.192000000000288e-09 -1.483706829578804e-01 
 8.196000000000287e-09 -1.341444086878703e-01 
 8.200000000000287e-09 -1.193616494197247e-01 
 8.204000000000286e-09 -1.040820800884212e-01 
 8.208000000000286e-09 -8.836821976733766e-02 
 8.212000000000286e-09 -7.228510411241373e-02 
 8.216000000000285e-09 -5.589992237629104e-02 
 8.220000000000285e-09 -3.928162424359094e-02 
 8.224000000000284e-09 -2.249949389809380e-02 
 8.228000000000284e-09 -5.626486225212446e-03 
 8.232000000000283e-09  1.126439965771375e-02 
 8.236000000000283e-09  2.810394827161744e-02 
 8.240000000000283e-09  4.482215653809796e-02 
 8.244000000000282e-09  6.134834851176052e-02 
 8.248000000000282e-09  7.761272606453140e-02 
 8.252000000000281e-09  9.354751162837971e-02 
 8.256000000000281e-09  1.090872501887308e-01 
 8.260000000000280e-09  1.241691160005196e-01 
 8.264000000000280e-09  1.387330935957714e-01 
 8.268000000000280e-09  1.527222185125385e-01 
 8.272000000000279e-09  1.660827475936646e-01 
 8.276000000000279e-09  1.787643347296477e-01 
 8.280000000000278e-09  1.907201390924556e-01 
 8.284000000000278e-09  2.019069151807003e-01 
 8.288000000000277e-09  2.122850435293344e-01 
 8.292000000000277e-09  2.218185391218626e-01 
 8.296000000000277e-09  2.304750140148313e-01 
 8.300000000000276e-09  2.382256237002611e-01 
 8.304000000000276e-09  2.450449845689695e-01 
 8.308000000000275e-09  2.509110866462940e-01 
 8.312000000000275e-09  2.558051955711922e-01 
 8.316000000000274e-09  2.597117633351580e-01 
 8.320000000000274e-09  2.626183450985151e-01 
 8.324000000000274e-09  2.645155368484491e-01 
 8.328000000000273e-09  2.653969319099880e-01 
 8.332000000000273e-09  2.652591059825260e-01 
 8.336000000000272e-09  2.641016275032464e-01 
 8.340000000000272e-09  2.619270977772152e-01 
 8.344000000000271e-09  2.587412154554061e-01 
 8.348000000000271e-09  2.545528649928244e-01 
 8.352000000000271e-09  2.493742213718049e-01 
 8.356000000000270e-09  2.432208669856548e-01 
 8.360000000000270e-09  2.361119114522481e-01 
 8.364000000000269e-09  2.280701080717504e-01 
 8.368000000000269e-09  2.191219574633241e-01 
 8.372000000000268e-09  2.092977916951959e-01 
 8.376000000000268e-09  1.986318305459225e-01 
 8.380000000000268e-09  1.871622044113614e-01 
 8.384000000000267e-09  1.749309378161676e-01 
 8.388000000000267e-09  1.619838900182948e-01 
 8.392000000000266e-09  1.483706494736943e-01 
 8.396000000000266e-09  1.341443814318986e-01 
 8.400000000000265e-09  1.193616284481731e-01 
 8.404000000000265e-09  1.040820654340067e-01 
 8.408000000000265e-09  8.836821143796136e-02 
 8.412000000000264e-09  7.228510209580818e-02 
 8.416000000000264e-09  5.589992664068788e-02 
 8.420000000000263e-09  3.928163473630342e-02 
 8.424000000000263e-09  2.249951054828081e-02 
 8.428000000000262e-09  5.626508944995834e-03 
 8.432000000000262e-09 -1.126437096876209e-02 
 8.436000000000262e-09 -2.810391373277810e-02 
 8.440000000000261e-09 -4.482211628432431e-02 
 8.444000000000261e-09 -6.134830269522062e-02 
 8.448000000000260e-09 -7.761267485204648e-02 
 8.452000000000260e-09 -9.354745520126428e-02 
 8.456000000000259e-09 -1.090871887447857e-01 
 8.460000000000259e-09 -1.241690497504884e-01 
 8.464000000000259e-09 -1.387330227694985e-01 
 8.468000000000258e-09 -1.527221433547563e-01 
 8.472000000000258e-09 -1.660826683660073e-01 
 8.476000000000257e-09 -1.787642517131793e-01 
 8.480000000000257e-09 -1.907200525834707e-01 
 8.484000000000256e-09 -2.019068254949019e-01 
 8.488000000000256e-09 -2.122849509977236e-01 
 8.492000000000256e-09 -2.218184440954758e-01 
 8.496000000000255e-09 -2.304749168594045e-01 
 8.500000000000255e-09 -2.382255247968281e-01 
 8.504000000000254e-09 -2.450448843132413e-01 
 8.508000000000254e-09 -2.509109854468692e-01 
 8.512000000000254e-09 -2.558050938467620e-01 
 8.516000000000253e-09 -2.597116615118322e-01 
 8.520000000000253e-09 -2.626182436095539e-01 
 8.524000000000252e-09 -2.645154361289281e-01 
 8.528000000000252e-09 -2.653968323955391e-01 
 8.532000000000251e-09 -2.652590081058555e-01 
 8.536000000000251e-09 -2.641015316892328e-01 
 8.540000000000251e-09 -2.619270044425726e-01 
 8.544000000000250e-09 -2.587411250038509e-01 
 8.548000000000250e-09 -2.545527778107441e-01 
 8.552000000000249e-09 -2.493741378283669e-01 
 8.556000000000249e-09 -2.432207874298875e-01 
 8.560000000000248e-09 -2.361118362073773e-01 
 8.564000000000248e-09 -2.280700374358648e-01 
 8.568000000000248e-09 -2.191218917106177e-01 
 8.572000000000247e-09 -2.092977310692756e-01 
 8.576000000000247e-09 -1.986317752639408e-01 
 8.580000000000246e-09 -1.871621546613635e-01 
 8.584000000000246e-09 -1.749308937584093e-01 
 8.588000000000245e-09 -1.619838517849814e-01 
 8.592000000000245e-09 -1.483706171706967e-01 
 8.596000000000245e-09 -1.341443551374280e-01 
 8.600000000000244e-09 -1.193616082177940e-01 
 8.604000000000244e-09 -1.040820512983309e-01 
 8.608000000000243e-09 -8.836820340606266e-02 
 8.612000000000243e-09 -7.228510015620770e-02 
 8.616000000000242e-09 -5.589993076154265e-02 
 8.620000000000242e-09 -3.928164486635666e-02 
 8.624000000000242e-09 -2.249952661945898e-02 
 8.628000000000241e-09 -5.626530873090729e-03 
 8.632000000000241e-09  1.126434328039494e-02 
 8.636000000000240e-09  2.810388039930345e-02 
 8.640000000000240e-09  4.482207743696875e-02 
 8.644000000000239e-09  6.134825848060999e-02 
 8.648000000000239e-09  7.761262543004754e-02 
 8.652000000000239e-09  9.354740074817869e-02 
 8.656000000000238e-09  1.090871294500833e-01 
 8.660000000000238e-09  1.241689858190593e-01 
 8.664000000000237e-09  1.387329544214069e-01 
 8.668000000000237e-09  1.527220708272594e-01 
 8.672000000000236e-09  1.660825919123994e-01 
 8.676000000000236e-09  1.787641716020190e-01 
 8.680000000000236e-09  1.907199691032435e-01 
 8.684000000000235e-09  2.019067389475353e-01 
 8.688000000000235e-09  2.122848617056015e-01 
 8.692000000000234e-09  2.218183523956831e-01 
 8.696000000000234e-09  2.304748231049070e-01 
 8.700000000000233e-09  2.382254293564037e-01 
 8.704000000000233e-09  2.450447875682000e-01 
 8.708000000000233e-09  2.509108877907904e-01 
 8.712000000000232e-09  2.558049956833792e-01 
 8.716000000000232e-09  2.597115632534255e-01 
 8.720000000000231e-09  2.626181456733951e-01 
 8.724000000000231e-09  2.645153389366075e-01 
 8.728000000000230e-09  2.653967363655876e-01 
 8.732000000000230e-09  2.652589136560821e-01 
 8.736000000000230e-09  2.641014392308658e-01 
 8.740000000000229e-09  2.619269143759904e-01 
 8.744000000000229e-09  2.587410377191759e-01 
 8.748000000000228e-09  2.545526936820854e-01 
 8.752000000000228e-09  2.493740572106633e-01 
 8.756000000000227e-09  2.432207106583348e-01 
 8.760000000000227e-09  2.361117635957584e-01 
 8.764000000000227e-09  2.280699692728518e-01 
 8.768000000000226e-09  2.191218282584195e-01 
 8.772000000000226e-09  2.092976725646043e-01 
 8.776000000000225e-09  1.986317219152554e-01 
 8.780000000000225e-09  1.871621066513587e-01 
 8.784000000000224e-09  1.749308512396759e-01 
 8.788000000000224e-09  1.619838148863764e-01 
 8.792000000000224e-09  1.483705859941988e-01 
 8.796000000000223e-09  1.341443297597227e-01 
 8.800000000000223e-09  1.193615886908876e-01 
 8.804000000000222e-09  1.040820376530931e-01 
 8.808000000000222e-09  8.836819565076937e-02 
 8.812000000000221e-09  7.228509827892893e-02 
 8.816000000000221e-09  5.589993473138222e-02 
 8.820000000000221e-09  3.928165463582545e-02 
 8.824000000000220e-09  2.249954212145511e-02 
 8.828000000000220e-09  5.626552027198528e-03 
 8.832000000000219e-09 -1.126431656980742e-02 
 8.836000000000219e-09 -2.810384824189782e-02 
 8.840000000000218e-09 -4.482203995851464e-02 
 8.844000000000218e-09 -6.134821582270433e-02 
 8.848000000000218e-09 -7.761257774810737e-02 
 8.852000000000217e-09 -9.354734821066479e-02 
 8.856000000000217e-09 -1.090870722402375e-01 
 8.860000000000216e-09 -1.241689241359207e-01 
 8.864000000000216e-09 -1.387328884770831e-01 
 8.868000000000215e-09 -1.527220008503445e-01 
 8.872000000000215e-09 -1.660825181461298e-01 
 8.876000000000215e-09 -1.787640943073185e-01 
 8.880000000000214e-09 -1.907198885567389e-01 
 8.884000000000214e-09 -2.019066554426576e-01 
 8.888000000000213e-09 -2.122847755523001e-01 
 8.892000000000213e-09 -2.218182639184949e-01 
 8.896000000000212e-09 -2.304747326458614e-01 
 8.900000000000212e-09 -2.382253372699470e-01 
 8.904000000000212e-09 -2.450446942228419e-01 
 8.908000000000211e-09 -2.509107935668489e-01 
 8.912000000000211e-09 -2.558049009703360e-01 
 8.916000000000210e-09 -2.597114684485797e-01 
 8.920000000000210e-09 -2.626180511802276e-01 
 8.924000000000209e-09 -2.645152451591397e-01 
 8.928000000000209e-09 -2.653966437112758e-01 
 8.932000000000209e-09 -2.652588225260353e-01 
 8.936000000000208e-09 -2.641013500217138e-01 
 8.940000000000208e-09 -2.619268274753299e-01 
 8.944000000000207e-09 -2.587409535014427e-01 
 8.948000000000207e-09 -2.545526125094693e-01 
 8.952000000000206e-09 -2.493739794259682e-01 
 8.956000000000206e-09 -2.432206365854199e-01 
 8.960000000000206e-09 -2.361116935364356e-01 
 8.964000000000205e-09 -2.280699035053733e-01 
 8.968000000000205e-09 -2.191217670373202e-01 
 8.972000000000204e-09 -2.092976161171265e-01 
 8.976000000000204e-09 -1.986316704428486e-01 
 8.980000000000203e-09 -1.871620603291930e-01 
 8.984000000000203e-09 -1.749308102181448e-01 
 8.988000000000203e-09 -1.619837792878940e-01 
 8.992000000000202e-09 -1.483705559165358e-01 
 8.996000000000202e-09 -1.341443052770330e-01 
 9.000000000000201e-09 -1.193615698539610e-01 
 9.004000000000201e-09 -1.040820244910101e-01 
 9.008000000000201e-09 -8.836818817163916e-02 
 9.012000000000200e-09 -7.228509647186954e-02 
 9.016000000000200e-09 -5.589993856781916e-02 
 9.020000000000199e-09 -3.928166406776867e-02 
 9.024000000000199e-09 -2.249955708466089e-02 
 9.028000000000198e-09 -5.626572443151900e-03 
 9.032000000000198e-09  1.126429079023339e-02 
 9.036000000000198e-09  2.810381720641431e-02 
 9.040000000000197e-09  4.482200378960854e-02 
 9.044000000000197e-09  6.134817465565945e-02 
 9.048000000000196e-09  7.761253173352500e-02 
 9.052000000000196e-09  9.354729751094304e-02 
 9.056000000000195e-09  1.090870170329250e-01 
 9.060000000000195e-09  1.241688646107608e-01 
 9.064000000000195e-09  1.387328248410888e-01 
 9.068000000000194e-09  1.527219333222405e-01 
 9.072000000000194e-09  1.660824469624895e-01 
 9.076000000000193e-09  1.787640197186970e-01 
 9.080000000000193e-09  1.907198108305064e-01 
 9.084000000000192e-09  2.019065748619049e-01 
 9.088000000000192e-09  2.122846924151727e-01 
 9.092000000000192e-09  2.218181785404401e-01 
 9.096000000000191e-09  2.304746453544038e-01 
 9.100000000000191e-09  2.382252484084812e-01 
 9.104000000000190e-09  2.450446041468926e-01 
 9.108000000000190e-09  2.509107026422033e-01 
 9.112000000000189e-09  2.558048095736050e-01 
 9.116000000000189e-09  2.597113769639150e-01 
 9.120000000000189e-09  2.626179599960996e-01 
 9.124000000000188e-09  2.645151546656921e-01 
 9.128000000000188e-09  2.653965543003920e-01 
 9.132000000000187e-09  2.652587345864585e-01 
 9.136000000000187e-09  2.641012639354756e-01 
 9.140000000000186e-09  2.619267436173529e-01 
 9.144000000000186e-09  2.587408722339903e-01 
 9.148000000000186e-09  2.545525341793287e-01 
 9.152000000000185e-09  2.493739043653624e-01 
 9.156000000000185e-09  2.432205651059887e-01 
 9.160000000000184e-09  2.361116259304881e-01 
 9.164000000000184e-09  2.280698400411563e-01 
 9.168000000000183e-09  2.191217079582639e-01 
 9.172000000000183e-09  2.092975616442754e-01 
 9.176000000000183e-09  1.986316207721721e-01 
 9.180000000000182e-09  1.871620156280596e-01 
 9.184000000000182e-09  1.749307706312599e-01 
 9.188000000000181e-09  1.619837449337247e-01 
 9.192000000000181e-09  1.483705268892503e-01 
 9.196000000000180e-09  1.341442816484246e-01 
 9.200000000000180e-09  1.193615516730127e-01 
 9.204000000000180e-09  1.040820117856072e-01 
 9.208000000000179e-09  8.836818095080901e-02 
 9.212000000000179e-09  7.228509472359335e-02 
 9.216000000000178e-09  5.589994226355444e-02 
 9.220000000000178e-09  3.928167316336584e-02 
 9.224000000000177e-09  2.249957151838089e-02 
 9.228000000000177e-09  5.626592138444408e-03 
 9.232000000000177e-09 -1.126426592092500e-02 
 9.236000000000176e-09 -2.810378726541884e-02 
 9.240000000000176e-09 -4.482196889433254e-02 
 9.244000000000175e-09 -6.134813493814306e-02 
 9.248000000000175e-09 -7.761248733789827e-02 
 9.252000000000174e-09 -9.354724859577246e-02 
 9.256000000000174e-09 -1.090869637676324e-01 
 9.260000000000174e-09 -1.241688071797835e-01 
 9.264000000000173e-09 -1.387327634415954e-01 
 9.268000000000173e-09 -1.527218681686424e-01 
 9.272000000000172e-09 -1.660823782803842e-01 
 9.276000000000172e-09 -1.787639477518130e-01 
 9.280000000000171e-09 -1.907197358359909e-01 
 9.284000000000171e-09 -2.019064971133222e-01 
 9.288000000000171e-09 -2.122846122005289e-01 
 9.292000000000170e-09 -2.218180961622096e-01 
 9.296000000000170e-09 -2.304745611300749e-01 
 9.300000000000169e-09 -2.382251626692273e-01 
 9.304000000000169e-09 -2.450445172353035e-01 
 9.308000000000168e-09 -2.509106149122511e-01 
 9.312000000000168e-09 -2.558047213881931e-01 
 9.316000000000168e-09 -2.597112886934774e-01 
 9.320000000000167e-09 -2.626178720151424e-01 
 9.324000000000167e-09 -2.645150673529628e-01 
 9.328000000000166e-09 -2.653964680319711e-01 
 9.332000000000166e-09 -2.652586497373945e-01 
 9.336000000000165e-09 -2.641011808755573e-01 
 9.340000000000165e-09 -2.619266627062533e-01 
 9.344000000000165e-09 -2.587407938214090e-01 
 9.348000000000164e-09 -2.545524586021521e-01 
 9.352000000000164e-09 -2.493738319430934e-01 
 9.356000000000163e-09 -2.432204961397817e-01 
 9.360000000000163e-09 -2.361115607006390e-01 
 9.364000000000162e-09 -2.280697788074058e-01 
 9.368000000000162e-09 -2.191216509576588e-01 
 9.372000000000162e-09 -2.092975090889979e-01 
 9.376000000000161e-09 -1.986315728485408e-01 
 9.380000000000161e-09 -1.871619725009843e-01 
 9.384000000000160e-09 -1.749307324376801e-01 
 9.388000000000160e-09 -1.619837117897909e-01 
 9.392000000000159e-09 -1.483704988862442e-01 
 9.396000000000159e-09 -1.341442588546649e-01 
 9.400000000000159e-09 -1.193615341362708e-01 
 9.404000000000158e-09 -1.040819995326565e-01 
 9.408000000000158e-09 -8.836817398830377e-02 
 9.412000000000157e-09 -7.228509304264108e-02 
 9.416000000000157e-09 -5.589994583582936e-02 
 9.420000000000156e-09 -3.928168194597603e-02 
 9.424000000000156e-09 -2.249958545128550e-02 
 9.428000000000156e-09 -5.626611148962013e-03 
 9.432000000000155e-09  1.126424191754438e-02 
 9.436000000000155e-09  2.810375836823198e-02 
 9.440000000000154e-09  4.482193521763023e-02 
 9.444000000000154e-09  6.134809660755280e-02 
 9.448000000000153e-09  7.761244449442373e-02 
 9.452000000000153e-09  9.354720138973249e-02 
 9.456000000000153e-09  1.090869123648091e-01 
 9.460000000000152e-09  1.241687517576526e-01 
 9.464000000000152e-09  1.387327041913835e-01 
 9.468000000000151e-09  1.527218052946697e-01 
 9.472000000000151e-09  1.660823120028638e-01 
 9.476000000000150e-09  1.787638783039203e-01 
 9.480000000000150e-09  1.907196634667070e-01 
 9.484000000000150e-09  2.019064220861324e-01 
 9.488000000000149e-09  2.122845347938060e-01 
 9.492000000000149e-09  2.218180166676937e-01 
 9.496000000000148e-09  2.304744798547418e-01 
 9.500000000000148e-09  2.382250799322874e-01 
 9.504000000000148e-09  2.450444333673474e-01 
 9.508000000000147e-09  2.509105302547212e-01 
 9.512000000000147e-09  2.558046362917459e-01 
 9.516000000000146e-09  2.597112035141573e-01 
 9.520000000000146e-09  2.626177871149107e-01 
 9.524000000000145e-09  2.645149830971534e-01 
 9.528000000000145e-09  2.653963847845842e-01 
 9.532000000000145e-09  2.652585678596737e-01 
 9.536000000000144e-09  2.641011007228737e-01 
 9.540000000000144e-09  2.619265846278114e-01 
 9.544000000000143e-09  2.587407181542503e-01 
 9.548000000000143e-09  2.545523856705589e-01 
 9.552000000000142e-09  2.493737620554120e-01 
 9.556000000000142e-09  2.432204295863700e-01 
 9.560000000000142e-09  2.361114977529191e-01 
 9.564000000000141e-09  2.280697197167285e-01 
 9.568000000000141e-09  2.191215959502202e-01 
 9.572000000000140e-09  2.092974583705800e-01 
 9.576000000000140e-09  1.986315266001544e-01 
 9.580000000000139e-09  1.871619308798635e-01 
 9.584000000000139e-09  1.749306955780021e-01 
 9.588000000000139e-09  1.619836798017342e-01 
 9.592000000000138e-09  1.483704718589856e-01 
 9.596000000000138e-09  1.341442368539720e-01 
 9.600000000000137e-09  1.193615172082403e-01 
 9.604000000000137e-09  1.040819877029584e-01 
 9.608000000000136e-09  8.836816726414298e-02 
 9.612000000000136e-09  7.228509141441819e-02 
 9.616000000000136e-09  5.589994927752429e-02 
 9.620000000000135e-09  3.928169041487095e-02 
 9.624000000000135e-09  2.249959888991171e-02 
 9.628000000000134e-09  5.626629486670254e-03 
 9.632000000000134e-09 -1.126421876218231e-02 
 9.636000000000133e-09 -2.810373049017656e-02 
 9.640000000000133e-09 -4.482190272724651e-02 
 9.644000000000133e-09 -6.134805962825496e-02 
 9.648000000000132e-09 -7.761240315815954e-02 
 9.652000000000132e-09 -9.354715584506934e-02 
 9.656000000000131e-09 -1.090868627698143e-01 
 9.660000000000131e-09 -1.241686982842332e-01 
 9.664000000000130e-09 -1.387326470235681e-01 
 9.668000000000130e-09 -1.527217446310924e-01 
 9.672000000000130e-09 -1.660822480548028e-01 
 9.676000000000129e-09 -1.787638112971592e-01 
 9.680000000000129e-09 -1.907195936411199e-01 
 9.684000000000128e-09 -2.019063496959372e-01 
 9.688000000000128e-09 -2.122844601067264e-01 
 9.692000000000127e-09 -2.218179399676661e-01 
 9.696000000000127e-09 -2.304744014359290e-01 
 9.700000000000127e-09 -2.382250001023625e-01 
 9.704000000000126e-09 -2.450443524464685e-01 
 9.708000000000126e-09 -2.509104485714975e-01 
 9.712000000000125e-09 -2.558045541837295e-01 
 9.716000000000125e-09 -2.597111213270371e-01 
 9.720000000000124e-09 -2.626177051981413e-01 
 9.724000000000124e-09 -2.645149018012616e-01 
 9.728000000000124e-09 -2.653963044615890e-01 
 9.732000000000123e-09 -2.652584888577134e-01 
 9.736000000000123e-09 -2.641010233869090e-01 
 9.740000000000122e-09 -2.619265092933656e-01 
 9.744000000000122e-09 -2.587406451465690e-01 
 9.748000000000121e-09 -2.545523153016545e-01 
 9.752000000000121e-09 -2.493736946239729e-01 
 9.756000000000121e-09 -2.432203653726548e-01 
 9.760000000000120e-09 -2.361114370191491e-01 
 9.764000000000120e-09 -2.280696627025662e-01 
 9.768000000000119e-09 -2.191215428776641e-01 
 9.772000000000119e-09 -2.092974094363615e-01 
 9.776000000000118e-09 -1.986314819788575e-01 
 9.780000000000118e-09 -1.871618907237256e-01 
 9.784000000000118e-09 -1.749306600167699e-01 
 9.788000000000117e-09 -1.619836489420123e-01 
 9.792000000000117e-09 -1.483704457848862e-01 
 9.796000000000116e-09 -1.341442156296857e-01 
 9.800000000000116e-09 -1.193615008785471e-01 
 9.804000000000115e-09 -1.040819762928393e-01 
 9.808000000000115e-09 -8.836816078127541e-02 
 9.812000000000115e-09 -7.228508984819371e-02 
 9.816000000000114e-09 -5.589995260211467e-02 
 9.820000000000114e-09 -3.928169859035791e-02 
 9.824000000000113e-09 -2.249961186052829e-02 
 9.828000000000113e-09 -5.626647185398070e-03 
 9.832000000000112e-09  1.126419641434495e-02 
 9.836000000000112e-09  2.810370358696090e-02 
 9.840000000000112e-09  4.482187137306681e-02 
 9.844000000000111e-09  6.134802394129579e-02 
 9.848000000000111e-09  7.761236326881260e-02 
 9.852000000000110e-09  9.354711189503817e-02 
 9.856000000000110e-09  1.090868149117235e-01 
 9.860000000000109e-09  1.241686466831311e-01 
 9.864000000000109e-09  1.387325918580782e-01 
 9.868000000000109e-09  1.527216860917999e-01 
 9.872000000000108e-09  1.660821863465358e-01 
 9.876000000000108e-09  1.787637466374044e-01 
 9.880000000000107e-09  1.907195262612209e-01 
 9.884000000000107e-09  2.019062798416726e-01 
 9.888000000000106e-09  2.122843880366307e-01 
 9.892000000000106e-09  2.218178659539660e-01 
 9.896000000000106e-09  2.304743257637316e-01 
 9.900000000000105e-09  2.382249230692910e-01 
 9.904000000000105e-09  2.450442743599686e-01 
 9.908000000000104e-09  2.509103697504820e-01 
 9.912000000000104e-09  2.558044749536244e-01 
 9.916000000000103e-09  2.597110420196880e-01 
 9.920000000000103e-09  2.626176261510706e-01 
 9.924000000000103e-09  2.645148233532499e-01 
 9.928000000000102e-09  2.653962269525159e-01 
 9.932000000000102e-09  2.652584126245197e-01 
 9.936000000000101e-09  2.641009487599222e-01 
 9.940000000000101e-09  2.619264365967080e-01 
 9.944000000000100e-09  2.587405746952500e-01 
 9.948000000000100e-09  2.545522473979691e-01 
 9.952000000000100e-09  2.493736295536522e-01 
 9.956000000000099e-09  2.432203034076590e-01 
 9.960000000000099e-09  2.361113784119304e-01 
 9.964000000000098e-09  2.280696076862139e-01 
 9.968000000000098e-09  2.191214916632145e-01 
 9.972000000000097e-09  2.092973622144303e-01 
 9.976000000000097e-09  1.986314389199730e-01 
 9.980000000000097e-09  1.871618519727889e-01 
 9.984000000000096e-09  1.749306256986518e-01 
 9.988000000000096e-09  1.619836191596260e-01 
 9.992000000000095e-09  1.483704206212817e-01 
 9.996000000000095e-09  1.341441951469129e-01 
 1.000000000000009e-08  1.194106960575088e-01 
