 1.000000000000000e+06 -1.162415075248770e-01 -1.864354664795646e-04  1.162415130108367e-01  1.878605596320398e-04  1.000000000000000e+00  0.000000000000000e+00 -1.799150566859284e-01 -6.897176415699019e-04  1.799150566871373e-01  6.897176415665812e-04  1.000000000000000e+00  0.000000000000000e+00 
 1.047128548050900e+06 -1.162415241035449e-01 -1.952219052110255e-04  1.162415302225532e-01  1.967141254550429e-04  1.000000000000000e+00  0.000000000000000e+00 -1.799152186277787e-01 -7.222226746992057e-04  1.799152186279488e-01  7.222226746987266e-04  1.000000000000000e+00  0.000000000000000e+00 
 1.096478196143185e+06 -1.162415422821151e-01 -2.044224367216968e-04  1.162415490944004e-01  2.059849427902418e-04  1.000000000000000e+00  0.000000000000000e+00 -1.799153961923705e-01 -7.562595698222220e-04  1.799153961973588e-01  7.562595698071583e-04  1.000000000000000e+00  0.000000000000000e+00 
 1.148153621496883e+06 -1.162415622150013e-01 -2.140565766771962e-04  1.162415697864855e-01  2.156926755012542e-04  1.000000000000000e+00  0.000000000000000e+00 -1.799155908880590e-01 -7.919005135160780e-04  1.799155908972412e-01  7.919005134870314e-04  1.000000000000000e+00  0.000000000000000e+00 
 1.202264434617413e+06 -1.162415840715209e-01 -2.241447604966567e-04  1.162415924743559e-01  2.258579140954513e-04  1.000000000000000e+00  0.000000000000000e+00 -1.799158043687563e-01 -8.292210932429507e-04  1.799158043741400e-01  8.292210932251226e-04  1.000000000000000e+00  0.000000000000000e+00 
 1.258925411794168e+06 -1.162416080373401e-01 -2.347083867005300e-04  1.162416173504842e-01  2.365022193827524e-04  1.000000000000000e+00  0.000000000000000e+00 -1.799160384443955e-01 -8.683004574533634e-04  1.799160384519349e-01  8.683004574272161e-04  1.000000000000000e+00  0.000000000000000e+00 
 1.318256738556408e+06 -1.162416343160469e-01 -2.457698623014793e-04  1.162416446259019e-01  2.476481681901437e-04  1.000000000000000e+00  0.000000000000000e+00 -1.799162951031093e-01 -9.092214832180866e-04  1.799162951117044e-01  9.092214831868720e-04  1.000000000000000e+00  0.000000000000000e+00 
 1.380384264602886e+06 -1.162416631308835e-01 -2.573526503346262e-04  1.162416745319862e-01  2.593194012285665e-04  1.000000000000000e+00  0.000000000000000e+00 -1.799165765235981e-01 -9.520709517215832e-04  1.799165765320849e-01  9.520709516893095e-04  1.000000000000000e+00  0.000000000000000e+00 
 1.445439770745928e+06 -1.162416947266482e-01 -2.694813196279748e-04  1.162417073224214e-01  2.715406732133182e-04  1.000000000000000e+00  0.000000000000000e+00 -1.799168850947733e-01 -9.969397319972476e-04  1.799168851017520e-01  9.969397319694615e-04  1.000000000000000e+00  0.000000000000000e+00 
 1.513561248436209e+06 -1.162417293717763e-01 -2.821815969185978e-04  1.162417432753476e-01  2.843379053438482e-04  1.000000000000000e+00  0.000000000000000e+00 -1.799172234359476e-01 -1.043922973282102e-03  1.799172234401302e-01  1.043922973264671e-03  1.000000000000000e+00  0.000000000000000e+00 
 1.584893192461115e+06 -1.162417673606220e-01 -2.954804214251100e-04  1.162417826957151e-01  2.977382402537891e-04  1.000000000000000e+00  0.000000000000000e+00 -1.799175944181539e-01 -1.093120306391586e-03  1.799175944243878e-01  1.093120306364375e-03  1.000000000000000e+00  0.000000000000000e+00 
 1.659586907437562e+06 -1.162418090159678e-01 -3.094060019921371e-04  1.162418259178676e-01  3.117700995472355e-04  1.000000000000000e+00  0.000000000000000e+00 -1.799180011925823e-01 -1.144636054539364e-03  1.799180011926068e-01  1.144636054539273e-03  1.000000000000000e+00  0.000000000000000e+00 
 1.737800828749377e+06 -1.162418546917692e-01 -3.239878769279951e-04  1.162418733083724e-01  3.264632440426943e-04  1.000000000000000e+00  0.000000000000000e+00 -1.799184472099827e-01 -1.198579454021650e-03  1.799184472087483e-01  1.198579454027583e-03  1.000000000000000e+00  0.000000000000000e+00 
 1.819700858609986e+06 -1.162419047761734e-01 -3.392569766623988e-04  1.162419252691206e-01  3.418488368518188e-04  1.000000000000000e+00  0.000000000000000e+00 -1.799189362564299e-01 -1.255064885250247e-03  1.799189362582060e-01  1.255064885241361e-03  1.000000000000000e+00  0.000000000000000e+00 
 1.905460717963250e+06 -1.162419596948215e-01 -3.552456893570511e-04  1.162419822407289e-01  3.579595094259338e-04  1.000000000000000e+00  0.000000000000000e+00 -1.799194724830200e-01 -1.314212114586798e-03  1.799194724926468e-01  1.314212114536274e-03  1.000000000000000e+00  0.000000000000000e+00 
 1.995262314968882e+06 -1.162420199144780e-01 -3.719879296081410e-04  1.162420447062652e-01  3.748294307095893e-04  1.000000000000000e+00  0.000000000000000e+00 -1.799200604447720e-01 -1.376146547493528e-03  1.799200604460598e-01  1.376146547486471e-03  1.000000000000000e+00  0.000000000000000e+00 
 2.089296130854042e+06 -1.162420859470083e-01 -3.895192103863258e-04  1.162421131953322e-01  3.924943795468641e-04  1.000000000000000e+00  0.000000000000000e+00 -1.799207051280521e-01 -1.440999493492630e-03  1.799207051318470e-01  1.440999493470807e-03  1.000000000000000e+00  0.000000000000000e+00 
 2.187761623949556e+06 -1.162421583537463e-01 -4.078767183665717e-04  1.162421882885443e-01  4.109918204928984e-04  1.000000000000000e+00  0.000000000000000e+00 -1.799214120072404e-01 -1.508908443531035e-03  1.799214120104346e-01  1.508908443511807e-03  1.000000000000000e+00  0.000000000000000e+00 
 2.290867652767777e+06 -1.162422377502791e-01 -4.270993928073539e-04  1.162422706224309e-01  4.303609831902638e-04  1.000000000000000e+00  0.000000000000000e+00 -1.799221870812502e-01 -1.580017360249382e-03  1.799221870874508e-01  1.580017360210274e-03  1.000000000000000e+00  0.000000000000000e+00 
 2.398832919019494e+06 -1.162423248117041e-01 -4.472280081461639e-04  1.162423608948136e-01  4.506429454772024e-04  1.000000000000000e+00  0.000000000000000e+00 -1.799230369311238e-01 -1.654476981801236e-03  1.799230369297358e-01  1.654476981810438e-03  1.000000000000000e+00  0.000000000000000e+00 
 2.511886431509584e+06 -1.162424202783904e-01 -4.683052604860244e-04  1.162424598706951e-01  4.718807204025125e-04  1.000000000000000e+00  0.000000000000000e+00 -1.799239687658700e-01 -1.732445139787649e-03  1.799239687732541e-01  1.732445139736583e-03  1.000000000000000e+00  0.000000000000000e+00 
 2.630267991895386e+06 -1.162425249623036e-01 -4.903758581558705e-04  1.162425683887161e-01  4.941193473300177e-04  1.000000000000000e+00  0.000000000000000e+00 -1.799249905001104e-01 -1.814087092017065e-03  1.799249904984273e-01  1.814087092029289e-03  1.000000000000000e+00  0.000000000000000e+00 
 2.754228703338171e+06 -1.162426397539411e-01 -5.134866165360848e-04  1.162426873682259e-01  5.174059873240559e-04  1.000000000000000e+00  0.000000000000000e+00 -1.799261108005080e-01 -1.899575870650621e-03  1.799261108051429e-01  1.899575870615495e-03  1.000000000000000e+00  0.000000000000000e+00 
 2.884031503126611e+06 -1.162427656299516e-01 -5.376865573493003e-04  1.162428178170344e-01  5.417900230163311e-04  1.000000000000000e+00  0.000000000000000e+00 -1.799273391788241e-01 -1.989092646559407e-03  1.799273391845527e-01  1.989092646513942e-03  1.000000000000000e+00  0.000000000000000e+00 
 3.019951720402022e+06 -1.162429036614798e-01 -5.630270126259085e-04  1.162429608399020e-01  5.673231631637874e-04  1.000000000000000e+00  0.000000000000000e+00 -1.799286860596020e-01 -2.082827110487001e-03  1.799286860674511e-01  2.082827110421765e-03  1.000000000000000e+00  0.000000000000000e+00 
 3.162277660168386e+06 -1.162430550233393e-01 -5.895617335630923e-04  1.162431176478451e-01  5.940595521169463e-04  1.000000000000000e+00  0.000000000000000e+00 -1.799301628750967e-01 -2.180977871860116e-03  1.799301628787616e-01  2.180977871828243e-03  1.000000000000000e+00  0.000000000000000e+00 
 3.311311214825918e+06 -1.162432210040675e-01 -6.173470045064456e-04  1.162432895683278e-01  6.220558844283637e-04  1.000000000000000e+00  0.000000000000000e+00 -1.799317821567971e-01 -2.283752875965823e-03  1.799317821628121e-01  2.283752875911028e-03  1.000000000000000e+00  0.000000000000000e+00 
 3.467368504525324e+06 -1.162434030169640e-01 -6.464417622934204e-04  1.162434780564308e-01  6.513715248415508e-04  1.000000000000000e+00  0.000000000000000e+00 -1.799335576492846e-01 -2.391369840353966e-03  1.799335576501172e-01  2.391369840346059e-03  1.000000000000000e+00  0.000000000000000e+00 
 3.630780547701022e+06 -1.162436026122029e-01 -6.769077212088017e-04  1.162436847070862e-01  6.820686339119453e-04  1.000000000000000e+00  0.000000000000000e+00 -1.799355044181384e-01 -2.504056711236520e-03  1.799355044189167e-01  2.504056711228783e-03  1.000000000000000e+00  0.000000000000000e+00 
 3.801893963205622e+06 -1.162438214901239e-01 -7.088095038135304e-04  1.162439112684817e-01  7.142122995232377e-04  1.000000000000000e+00  0.000000000000000e+00 -1.799376389841087e-01 -2.622052140819480e-03  1.799376389894238e-01  2.622052140763915e-03  1.000000000000000e+00  0.000000000000000e+00 
 3.981071705534983e+06 -1.162440615158200e-01 -7.422147779199122e-04  1.162441596567448e-01  7.478706745746880e-04  1.000000000000000e+00  0.000000000000000e+00 -1.799399794622815e-01 -2.745605986411520e-03  1.799399794685245e-01  2.745605986343182e-03  1.000000000000000e+00  0.000000000000000e+00 
 4.168693834703365e+06 -1.162443247351417e-01 -7.771943999983267e-04  1.162444319720297e-01  7.831151211278935e-04  1.000000000000000e+00  0.000000000000000e+00 -1.799425457131270e-01 -2.874979832243121e-03  1.799425457163489e-01  2.874979832206222e-03  1.000000000000000e+00  0.000000000000000e+00 
 4.365158322401672e+06 -1.162446133922669e-01 -8.138225653130447e-04  1.162447305161438e-01  8.200203613150022e-04  1.000000000000000e+00  0.000000000000000e+00 -1.799453595111716e-01 -3.010447534959361e-03  1.799453595127849e-01  3.010447534940042e-03  1.000000000000000e+00  0.000000000000000e+00 
 4.570881896148764e+06 -1.162449299489722e-01 -8.521769650978314e-04  1.162450578118555e-01  8.586646353244164e-04  1.000000000000000e+00  0.000000000000000e+00 -1.799484447303923e-01 -3.152295793759877e-03  1.799484447374483e-01  3.152295793671251e-03  1.000000000000000e+00  0.000000000000000e+00 
 4.786300923226397e+06 -1.162452771057846e-01 -8.923389510953705e-04  1.162454166240496e-01  8.991298667947897e-04  1.000000000000000e+00  0.000000000000000e+00 -1.799518275498267e-01 -3.300824746197455e-03  1.799518275546038e-01  3.300824746134659e-03  1.000000000000000e+00  0.000000000000000e+00 
 5.011872336272738e+06 -1.162456578251946e-01 -9.343937077985634e-04  1.162458099829058e-01  9.415018359634930e-04  1.000000000000000e+00  0.000000000000000e+00 -1.799555366676986e-01 -3.456348590618590e-03  1.799555366746736e-01  3.456348590522578e-03  1.000000000000000e+00  0.000000000000000e+00 
 5.248074602497743e+06 -1.162460753571112e-01 -9.784304327462210e-04  1.162462412092966e-01  9.858703609316876e-04  1.000000000000000e+00  0.000000000000000e+00 -1.799596035521600e-01 -3.619196236381757e-03  1.799596035572396e-01  3.619196236308579e-03  1.000000000000000e+00  0.000000000000000e+00 
 5.495408738576263e+06 -1.162465332668025e-01 -1.024542525240562e-03  1.162467139426194e-01  1.032329487424888e-03  1.000000000000000e+00  0.000000000000000e+00 -1.799640627021155e-01 -3.789711982828087e-03  1.799640627068170e-01  3.789711982757193e-03  1.000000000000000e+00  0.000000000000000e+00 
 5.754399373371588e+06 -1.162470354655364e-01 -1.072827783869592e-03  1.162472321712953e-01  1.080977687445088e-03  1.000000000000000e+00  0.000000000000000e+00 -1.799689519428366e-01 -3.968256228165094e-03  1.799689519462820e-01  3.968256228110726e-03  1.000000000000000e+00  0.000000000000000e+00 
 6.025595860743597e+06 -1.162475862441982e-01 -1.123388613233586e-03  1.162478002661998e-01  1.131918067228374e-03  1.000000000000000e+00  0.000000000000000e+00 -1.799743127446529e-01 -4.155206209308884e-03  1.799743127444037e-01  4.155206209313074e-03  1.000000000000000e+00  0.000000000000000e+00 
 6.309573444801954e+06 -1.162481903101421e-01 -1.176332240291822e-03  1.162484230173075e-01  1.185258584940344e-03  1.000000000000000e+00  0.000000000000000e+00 -1.799801905719315e-01 -4.350956773799030e-03  1.799801905764899e-01  4.350956773720200e-03  1.000000000000000e+00  0.000000000000000e+00 
 6.606934480075982e+06 -1.162488528276224e-01 -1.231770940763132e-03  1.162491056738650e-01  1.241112278560523e-03  1.000000000000000e+00  0.000000000000000e+00 -1.799866352739081e-01 -4.555921184926276e-03  1.799866352760732e-01  4.555921184887130e-03  1.000000000000000e+00  0.000000000000000e+00 
 6.918309709189389e+06 -1.162495794621063e-01 -1.289822276032546e-03  1.162498539884407e-01  1.299597504426050e-03  1.000000000000000e+00  0.000000000000000e+00 -1.799937014986905e-01 -4.770531961065041e-03  1.799937014951650e-01  4.770531961131958e-03  1.000000000000000e+00  0.000000000000000e+00 
 7.244359600749927e+06 -1.162503764288543e-01 -1.350609341035358e-03  1.162506742652302e-01  1.360838186924567e-03  1.000000000000000e+00  0.000000000000000e+00 -1.800014491560865e-01 -4.995241750377747e-03  1.800014491610412e-01  4.995241750279507e-03  1.000000000000000e+00  0.000000000000000e+00 
 7.585775750291865e+06 -1.162512505461726e-01 -1.414261023610310e-03  1.162515734130377e-01  1.424964079845836e-03  1.000000000000000e+00  0.000000000000000e+00 -1.800099439324913e-01 -5.230524241944720e-03  1.800099439365999e-01  5.230524241859494e-03  1.000000000000000e+00  0.000000000000000e+00 
 7.943282347242844e+06 -1.162522092937614e-01 -1.480912275834915e-03  1.162525590033924e-01  1.492111039921348e-03  1.000000000000000e+00  0.000000000000000e+00 -1.800192578335260e-01 -5.476875114164446e-03  1.800192578374837e-01  5.476875114078535e-03  1.000000000000000e+00  0.000000000000000e+00 
 8.317637711026741e+06 -1.162532608766592e-01 -1.550704397878119e-03  1.162536393343085e-01  1.562421313101021e-03  1.000000000000000e+00  0.000000000000000e+00 -1.800294697993338e-01 -5.734813021577517e-03  1.800294698000749e-01  5.734813021560759e-03  1.000000000000000e+00  0.000000000000000e+00 
 8.709635899560839e+06 -1.162544142952932e-01 -1.623785334928957e-03  1.162548235002421e-01  1.636043834135597e-03  1.000000000000000e+00  0.000000000000000e+00 -1.800406663661281e-01 -6.004880620811479e-03  1.800406663696364e-01  6.004880620728115e-03  1.000000000000000e+00  0.000000000000000e+00 
 9.120108393559132e+06 -1.162556794222195e-01 -1.700309987784256e-03  1.162561214688547e-01  1.713134540052932e-03  1.000000000000000e+00  0.000000000000000e+00 -1.800529424009215e-01 -6.287645636538657e-03  1.800529424022173e-01  6.287645636506501e-03  1.000000000000000e+00  0.000000000000000e+00 
 9.549925860214395e+06 -1.162570670861887e-01 -1.780440537703422e-03  1.162575441652510e-01  1.793856698135611e-03  1.000000000000000e+00  0.000000000000000e+00 -1.800664018943702e-01 -6.583701967958576e-03  1.800664018964525e-01  6.583701967904452e-03  1.000000000000000e+00  0.000000000000000e+00 
 1.000000000000004e+07 -1.162585891642210e-01 -1.864346786164464e-03  1.162591035644236e-01  1.878381249026485e-03  1.000000000000000e+00  0.000000000000000e+00 -1.800811588401834e-01 -6.893670836441247e-03  1.800811588475640e-01  6.893670836240295e-03  1.000000000000000e+00  0.000000000000000e+00 
 1.047128548050904e+07 -1.162602586824634e-01 -1.952206510181460e-03  1.162608127926953e-01  1.966887165607884e-03  1.000000000000000e+00  0.000000000000000e+00 -1.800973381951298e-01 -7.218201974559671e-03  1.800973381993926e-01  7.218201974438320e-03  1.000000000000000e+00  0.000000000000000e+00 
 1.096478196143189e+07 -1.162620899266647e-01 -2.044205833869956e-03  1.162626862390404e-01  2.059561828319338e-03  1.000000000000000e+00  0.000000000000000e+00 -1.801150769224226e-01 -7.557974856544829e-03  1.801150769287372e-01  7.557974856356750e-03  1.000000000000000e+00  0.000000000000000e+00 
 1.148153621496888e+07 -1.162640985631915e-01 -2.140539616972551e-03  1.162647396772306e-01  2.156601417598001e-03  1.000000000000000e+00  0.000000000000000e+00 -1.801345251490997e-01 -7.913699970160348e-03  1.801345251551871e-01  7.913699969970727e-03  1.000000000000000e+00  0.000000000000000e+00 
 1.202264434617418e+07 -1.162663017716031e-01 -2.241411861081901e-03  1.162669903998417e-01  2.258211324145668e-03  1.000000000000000e+00  0.000000000000000e+00 -1.801558474204686e-01 -8.286120129280407e-03  1.801558474230028e-01  8.286120129197943e-03  1.000000000000000e+00  0.000000000000000e+00 
 1.258925411794173e+07 -1.162687183899089e-01 -2.347036134321446e-03  1.162694573652656e-01  2.364606577746292e-03  1.000000000000000e+00  0.000000000000000e+00 -1.801792240783410e-01 -8.676011826415793e-03  1.801792240785839e-01  8.676011826407658e-03  1.000000000000000e+00  0.000000000000000e+00 
 1.318256738556413e+07 -1.162713690737291e-01 -2.457636015265971e-03  1.162721613589442e-01  2.476012295378412e-03  1.000000000000000e+00  0.000000000000000e+00 -1.802048527715802e-01 -9.084186623839261e-03  1.802048527679260e-01  9.084186623969618e-03  1.000000000000000e+00  0.000000000000000e+00 
 1.380384264602891e+07 -1.162742764707325e-01 -2.573445556902576e-03  1.162751251701943e-01  2.592664149387860e-03  1.000000000000000e+00  0.000000000000000e+00 -1.802329501037161e-01 -9.511492581363442e-03  1.802329501041714e-01  9.511492581346643e-03  1.000000000000000e+00  0.000000000000000e+00 
 1.445439770745934e+07 -1.162774654118213e-01 -2.694709771449008e-03  1.162783737860854e-01  2.714808856506618e-03  1.000000000000000e+00  0.000000000000000e+00 -1.802637534446305e-01 -9.958815718432140e-03  1.802637534457448e-01  9.958815718388903e-03  1.000000000000000e+00  0.000000000000000e+00 
 1.513561248436215e+07 -1.162809631207066e-01 -2.821685136858874e-03  1.162819346039894e-01  2.842704688524387e-03  1.000000000000000e+00  0.000000000000000e+00 -1.802975229001948e-01 -1.042708150707002e-02  1.802975229056522e-01  1.042708150684805e-02  1.000000000000000e+00  0.000000000000000e+00 
 1.584893192461121e+07 -1.162847994436687e-01 -2.954640125852399e-03  1.162858376645616e-01  2.976622005438346e-03  1.000000000000000e+00  0.000000000000000e+00 -1.803345434786549e-01 -1.091725639189351e-02  1.803345434854677e-01  1.091725639160391e-02  1.000000000000000e+00  0.000000000000000e+00 
 1.659586907437568e+07 -1.162890071014578e-01 -3.093855758317338e-03  1.162901159070947e-01  3.116843811923514e-03  1.000000000000000e+00  0.000000000000000e+00 -1.803751274518726e-01 -1.143034933189828e-02  1.803751274482939e-01  1.143034933205751e-02  1.000000000000000e+00  0.000000000000000e+00 
 1.737800828749384e+07 -1.162936219654825e-01 -3.239626177926059e-03  1.162948054493607e-01  3.263666337979905e-03  1.000000000000000e+00  0.000000000000000e+00 -1.804196169329988e-01 -1.196741335782255e-02  1.804196169310028e-01  1.196741335791541e-02  1.000000000000000e+00  0.000000000000000e+00 
 1.819700858609992e+07 -1.162986833606450e-01 -3.392259253812262e-03  1.162999458942658e-01  3.417399644621673e-03  1.000000000000000e+00  0.000000000000000e+00 -1.804683867092743e-01 -1.252954713785239e-02  1.804683867159338e-01  1.252954713752954e-02  1.000000000000000e+00  0.000000000000000e+00 
 1.905460717963257e+07 -1.163042343973653e-01 -3.552077208144646e-03  1.163055806658833e-01  3.578368255476121e-03  1.000000000000000e+00  0.000000000000000e+00 -1.805218473238656e-01 -1.311789654218224e-02  1.805218473261020e-01  1.311789654206912e-02  1.000000000000000e+00  0.000000000000000e+00 
 1.995262314968890e+07 -1.163103223356222e-01 -3.719417270421811e-03  1.163117573776484e-01  3.746911815156261e-03  1.000000000000000e+00  0.000000000000000e+00 -1.805804484351144e-01 -1.373365619558669e-02  1.805804484381967e-01  1.373365619542381e-02  1.000000000000000e+00  0.000000000000000e+00 
 2.089296130854050e+07 -1.163169989840581e-01 -3.894632359295918e-03  1.163185282358081e-01  3.923385775256269e-03  1.000000000000000e+00  0.000000000000000e+00 -1.806446825027072e-01 -1.437807100557437e-02  1.806446825082426e-01  1.437807100526872e-02  1.000000000000000e+00  0.000000000000000e+00 
 2.187761623949564e+07 -1.163243211374884e-01 -4.078091792707534e-03  1.163259504814833e-01  4.108162108794865e-03  1.000000000000000e+00  0.000000000000000e+00 -1.807150887961305e-01 -1.505243765030460e-02  1.807150887991478e-01  1.505243765013073e-02  1.000000000000000e+00  0.000000000000000e+00 
 2.290867652767785e+07 -1.163323510564843e-01 -4.270182027079854e-03  1.163340868750504e-01  4.301630053894428e-03  1.000000000000000e+00  0.000000000000000e+00 -1.807922577674051e-01 -1.575810600851717e-02  1.807922577675428e-01  1.575810600850909e-02  1.000000000000000e+00  0.000000000000000e+00 
 2.398832919019503e+07 -1.163411569930047e-01 -4.471307426277573e-03  1.163430062268904e-01  4.504196887432550e-03  1.000000000000000e+00  0.000000000000000e+00 -1.808768358211345e-01 -1.649648051048771e-02  1.808768358264440e-01  1.649648051015411e-02  1.000000000000000e+00  0.000000000000000e+00 
 2.511886431509594e+07 -1.163508137664655e-01 -4.681891060976675e-03  1.163527839789295e-01  4.716288729335723e-03  1.000000000000000e+00  0.000000000000000e+00 -1.809695305138949e-01 -1.726902138543384e-02  1.809695305180259e-01  1.726902138516298e-02  1.000000000000000e+00  0.000000000000000e+00 
 2.630267991895396e+07 -1.163614033950033e-01 -4.902375539019134e-03  1.163635028418357e-01  4.938351378099625e-03  1.000000000000000e+00  0.000000000000000e+00 -1.810711162037047e-01 -1.807724577634222e-02  1.810711162022109e-01  1.807724577644478e-02  1.000000000000000e+00  0.000000000000000e+00 
 2.754228703338182e+07 -1.163730157871638e-01 -5.133223867232697e-03  1.163752534931643e-01  5.170851178014998e-03  1.000000000000000e+00  0.000000000000000e+00 -1.811824402038507e-01 -1.892272868940203e-02  1.811824402041581e-01  1.892272868938032e-02  1.000000000000000e+00  0.000000000000000e+00 
 2.884031503126622e+07 -1.163857494997371e-01 -5.374920345079004e-03  1.163881353422482e-01  5.414275918450047e-03  1.000000000000000e+00  0.000000000000000e+00 -1.813044294755348e-01 -1.980710373950131e-02  1.813044294793411e-01  1.980710373921766e-02  1.000000000000000e+00  0.000000000000000e+00 
 3.019951720402033e+07 -1.163997125679720e-01 -5.627971490350619e-03  1.164022573681663e-01  5.669135765384797e-03  1.000000000000000e+00  0.000000000000000e+00 -1.814380978884070e-01 -2.073206364696123e-02  1.814380978941816e-01  2.073206364651205e-02  1.000000000000000e+00  0.000000000000000e+00 
 3.162277660168397e+07 -1.164150234150166e-01 -5.892906996959192e-03  1.164177390376963e-01  5.935964225207957e-03  1.000000000000000e+00  0.000000000000000e+00 -1.815845541018349e-01 -2.169936043462299e-02  1.815845541064967e-01  2.169936043424470e-02  1.000000000000000e+00  0.000000000000000e+00 
 3.311311214825930e+07 -1.164318118480412e-01 -6.170280724645122e-03  1.164347113107973e-01  6.215319140565959e-03  1.000000000000000e+00  0.000000000000000e+00 -1.817450101055378e-01 -2.271080526630943e-02  1.817450101126284e-01  2.271080526570892e-02  1.000000000000000e+00  0.000000000000000e+00 
 3.467368504525337e+07 -1.164502201492059e-01 -6.460671720180101e-03  1.164533177418469e-01  6.507783717792735e-03  1.000000000000000e+00  0.000000000000000e+00 -1.819207904704499e-01 -2.376826785951549e-02  1.819207904708362e-01  2.376826785948161e-02  1.000000000000000e+00  0.000000000000000e+00 
 3.630780547701035e+07 -1.164704042703785e-01 -6.764685269328339e-03  1.164737156856150e-01  6.813967585139353e-03  1.000000000000000e+00  0.000000000000000e+00 -1.821133423370822e-01 -2.487367539447288e-02  1.821133423360757e-01  2.487367539456601e-02  1.000000000000000e+00  0.000000000000000e+00 
 3.801893963205635e+07 -1.164925351413183e-01 -7.082953978467750e-03  1.164960776177610e-01  7.134507880658498e-03  1.000000000000000e+00  0.000000000000000e+00 -1.823242462119872e-01 -2.602901083277454e-02  1.823242462157331e-01  2.602901083241437e-02  1.000000000000000e+00  0.000000000000000e+00 
 3.981071705534997e+07 -1.165168001019227e-01 -7.416138884343519e-03  1.165205925805201e-01  7.470070368169943e-03  1.000000000000000e+00  0.000000000000000e+00 -1.825552275954263e-01 -2.723631054466210e-02  1.825552275963693e-01  2.723631054456773e-02  1.000000000000000e+00  0.000000000000000e+00 
 4.168693834703380e+07 -1.165434044700887e-01 -7.764930589922426e-03  1.165474677652082e-01  7.821350579229627e-03  1.000000000000000e+00  0.000000000000000e+00 -1.828081694816407e-01 -2.849766113129498e-02  1.828081694837165e-01  2.849766113107780e-02  1.000000000000000e+00  0.000000000000000e+00 
 4.365158322401687e+07 -1.165725732577441e-01 -8.130050423728507e-03  1.165769302442036e-01  8.189074978435015e-03  1.000000000000000e+00  0.000000000000000e+00 -1.830851257897404e-01 -2.981519531461965e-02  1.830851257924076e-01  2.981519531432838e-02  1.000000000000000e+00  0.000000000000000e+00 
 4.570881896148779e+07 -1.166045530487500e-01 -8.512251619351548e-03  1.166092288661739e-01  8.574002148710420e-03  1.000000000000000e+00  0.000000000000000e+00 -1.833883357345272e-01 -3.119108674858813e-02  1.833883357425711e-01  3.119108674767061e-02  1.000000000000000e+00  0.000000000000000e+00 
 4.786300923226414e+07 -1.166396140535187e-01 -8.912320511023872e-03  1.166446363295345e-01  8.976923992411364e-03  1.000000000000000e+00  0.000000000000000e+00 -1.837202391831084e-01 -3.262754358979311e-02  1.837202391894455e-01  3.262754358903877e-02  1.000000000000000e+00  0.000000000000000e+00 
 5.011872336272755e+07 -1.166780523565075e-01 -9.331077740231470e-03  1.166834514504124e-01  9.398666943151463e-03  1.000000000000000e+00  0.000000000000000e+00 -1.840834929951586e-01 -3.412680064353094e-02  1.840834930011648e-01  3.412680064278464e-02  1.000000000000000e+00  0.000000000000000e+00 
 5.248074602497760e+07 -1.167201923741119e-01 -9.769379467251996e-03  1.167260016427671e-01  9.840093182169145e-03  1.000000000000000e+00  0.000000000000000e+00 -1.844809883736369e-01 -3.569110988263850e-02  1.844809883767792e-01  3.569110988223108e-02  1.000000000000000e+00  0.000000000000000e+00 
 5.495408738576282e+07 -1.167663895419355e-01 -1.022811858026969e-02  1.167726456298372e-01  1.030210185179206e-02  1.000000000000000e+00  0.000000000000000e+00 -1.849158691941786e-01 -3.732272911065972e-02  1.849158691994277e-01  3.732272910994896e-02  1.000000000000000e+00  0.000000000000000e+00 
 5.754399373371608e+07 -1.168170332520122e-01 -1.070822589328092e-02  1.168237764076287e-01  1.078563025710184e-02  1.000000000000000e+00  0.000000000000000e+00 -1.853915512999323e-01 -3.902390851928350e-02  1.853915513041632e-01  3.902390851868535e-02  1.000000000000000e+00  0.000000000000000e+00 
 6.025595860743618e+07 -1.168725500621998e-01 -1.121067132234713e-02  1.168798244828724e-01  1.129165504522123e-02  1.000000000000000e+00  0.000000000000000e+00 -1.859117426892199e-01 -4.079687486187963e-02  1.859117426903396e-01  4.079687486171463e-02  1.000000000000000e+00  0.000000000000000e+00 
 6.309573444801975e+07 -1.169334072017439e-01 -1.173646502784500e-02  1.169412614096585e-01  1.182119334970856e-02  1.000000000000000e+00  0.000000000000000e+00 -1.864804645239763e-01 -4.264381294107723e-02  1.864804645215227e-01  4.264381294145635e-02  1.000000000000000e+00  0.000000000000000e+00 
 6.606934480076005e+07 -1.170001163988810e-01 -1.228665850816627e-02  1.170086036508183e-01  1.237530388531900e-02  1.000000000000000e+00  0.000000000000000e+00 -1.871020728280303e-01 -4.456684407999875e-02  1.871020728288373e-01  4.456684407986908e-02  1.000000000000000e+00  0.000000000000000e+00 
 6.918309709189413e+07 -1.170732380582948e-01 -1.286234562779826e-02  1.170824167921170e-01  1.295508797583105e-02  1.000000000000000e+00  0.000000000000000e+00 -1.877812807142913e-01 -4.656800122188236e-02  1.877812807162084e-01  4.656800122155988e-02  1.000000000000000e+00  0.000000000000000e+00 
 7.244359600749952e+07 -1.171533858183038e-01 -1.346466355981998e-02  1.171633201393574e-01  1.356169049470402e-02  1.000000000000000e+00  0.000000000000000e+00 -1.885231809073695e-01 -4.864920027617832e-02  1.885231809073998e-01  4.864920027617347e-02  1.000000000000000e+00  0.000000000000000e+00 
 7.585775750291891e+07 -1.172412315197380e-01 -1.409479361953473e-02  1.172519917306166e-01  1.419630069497067e-02  1.000000000000000e+00  0.000000000000000e+00 -1.893332682889497e-01 -5.081220730939535e-02  1.893332682948954e-01  5.081220730830220e-02  1.000000000000000e+00  0.000000000000000e+00 
 7.943282347242872e+07 -1.173375106206700e-01 -1.475396196216329e-02  1.173491737980236e-01  1.486015290092615e-02  1.000000000000000e+00  0.000000000000000e+00 -1.902174621125793e-01 -5.305860116071998e-02  1.902174621134768e-01  5.305860116054791e-02  1.000000000000000e+00  0.000000000000000e+00 
 8.317637711026771e+07 -1.174430280933211e-01 -1.544344011319005e-02  1.174556787156623e-01  1.555452702978561e-02  1.000000000000000e+00  0.000000000000000e+00 -1.911821274178530e-01 -5.538973104723781e-02  1.911821274229903e-01  5.538973104620559e-02  1.000000000000000e+00  0.000000000000000e+00 
 8.709635899560872e+07 -1.175586648416853e-01 -1.616454529501104e-02  1.175723954723985e-01  1.628074890647991e-02  1.000000000000000e+00  0.000000000000000e+00 -1.922340951456368e-01 -5.780666872879876e-02  1.922340951552241e-01  5.780666872678424e-02  1.000000000000000e+00  0.000000000000000e+00 
 9.120108393559167e+07 -1.176853846805462e-01 -1.691864050790433e-02  1.177002967105611e-01  1.704019032906256e-02  1.000000000000000e+00  0.000000000000000e+00 -1.933806802608208e-01 -6.031015480217283e-02  1.933806802664477e-01  6.031015480093659e-02  1.000000000000000e+00  0.000000000000000e+00 
 9.549925860214433e+07 -1.178242419186225e-01 -1.770713431694750e-02  1.178404463734569e-01  1.783426883572987e-02  1.000000000000000e+00  0.000000000000000e+00 -1.946296971234597e-01 -6.290053872535289e-02  1.946296971291694e-01  6.290053872404087e-02  1.000000000000000e+00  0.000000000000000e+00 
 1.000000000000008e+08 -1.179763895904655e-01 -1.853148028924902e-02  1.179940080065799e-01  1.866444711711470e-02  1.000000000000000e+00  0.000000000000000e+00 -1.959894712024338e-01 -6.557771221649535e-02  1.959894712047761e-01  6.557771221593270e-02  1.000000000000000e+00  0.000000000000000e+00 
 1.047128548050908e+08 -1.181430883833768e-01 -1.939317601764217e-02  1.181622537589825e-01  1.953223200920402e-02  1.000000000000000e+00  0.000000000000000e+00 -1.974688460399992e-01 -6.834103573617620e-02  1.974688460467876e-01  6.834103573446890e-02  1.000000000000000e+00  0.000000000000000e+00 
 1.096478196143194e+08 -1.183257163069096e-01 -2.029376165770796e-02  1.183465741325653e-01  2.043917299284283e-02  1.000000000000000e+00  0.000000000000000e+00 -1.990771842711626e-01 -7.118925786776166e-02  1.990771842725070e-01  7.118925786740837e-02  1.000000000000000e+00  0.000000000000000e+00 
 1.148153621496892e+08 -1.185257791533466e-01 -2.123481789452478e-02  1.185484885277968e-01  2.138686011520744e-02  1.000000000000000e+00  0.000000000000000e+00 -2.008243612662730e-01 -7.412042753665198e-02  2.008243612744869e-01  7.412042753438940e-02  1.000000000000000e+00  0.000000000000000e+00 
 1.202264434617423e+08 -1.187449217977293e-01 -2.221796324377864e-02  1.187696566345325e-01  2.237692123673804e-02  1.000000000000000e+00  0.000000000000000e+00 -2.027207498852263e-01 -7.713179919848916e-02  2.027207498890030e-01  7.713179919740071e-02  1.000000000000000e+00  0.000000000000000e+00 
 1.258925411794178e+08 -1.189849403854054e-01 -2.324485057867376e-02  1.190118907158953e-01  2.341101849369164e-02  1.000000000000000e+00  0.000000000000000e+00 -2.047771945541572e-01 -8.021973133719904e-02  2.047771945584616e-01  8.021973133590023e-02  1.000000000000000e+00  0.000000000000000e+00 
 1.318256738556418e+08 -1.192477954533950e-01 -2.431716275933860e-02  1.192771688314182e-01  2.449084385158179e-02  1.000000000000000e+00  0.000000000000000e+00 -2.070049728508866e-01 -8.337957891195910e-02  2.070049728490686e-01  8.337957891253468e-02  1.000000000000000e+00  0.000000000000000e+00 
 1.380384264602897e+08 -1.195356260288908e-01 -2.543660722500603e-02  1.195676490425763e-01  2.561811360818884e-02  1.000000000000000e+00  0.000000000000000e+00 -2.094157425443667e-01 -8.660558071735097e-02  2.094157425502548e-01  8.660558071540271e-02  1.000000000000000e+00  0.000000000000000e+00 
 1.445439770745940e+08 -1.198507647436390e-01 -2.660490939102653e-02  1.198856846390492e-01  2.679456168644109e-02  1.000000000000000e+00  0.000000000000000e+00 -2.120214720595762e-01 -8.989074304086753e-02  2.120214720636490e-01  8.989074303945638e-02  1.000000000000000e+00  0.000000000000000e+00 
 1.513561248436221e+08 -1.201957539962801e-01 -2.782380467266626e-02  1.202338404172734e-01  2.802193153716728e-02  1.000000000000000e+00  0.000000000000000e+00 -2.148343522027199e-01 -9.322672145632760e-02  2.148343522114176e-01  9.322672145316981e-02  1.000000000000000e+00  0.000000000000000e+00 
 1.584893192461127e+08 -1.205733631856782e-01 -2.909502893554867e-02  1.206149100335104e-01  2.930196644944234e-02  1.000000000000000e+00  0.000000000000000e+00 -2.178666871660742e-01 -9.660370314095620e-02  2.178666871648885e-01  9.660370314140829e-02  1.000000000000000e+00  0.000000000000000e+00 
 1.659586907437575e+08 -1.209866070261902e-01 -3.042030714846947e-02  1.210319344413091e-01  3.063639804192698e-02  1.000000000000000e+00  0.000000000000000e+00 -2.211307628573561e-01 -1.000102926723998e-01  2.211307628585341e-01  1.000102926719312e-01  1.000000000000000e+00  0.000000000000000e+00 
 1.737800828749391e+08 -1.214387649401275e-01 -3.180133998816454e-02  1.214882214072184e-01  3.202693268225136e-02  1.000000000000000e+00  0.000000000000000e+00 -2.246386910293707e-01 -1.034334049068858e-01  2.246386910314292e-01  1.034334049060267e-01  1.000000000000000e+00  0.000000000000000e+00 
 1.819700858610000e+08 -1.219334015027053e-01 -3.323978811747809e-02  1.219873660782203e-01  3.347523555317972e-02  1.000000000000000e+00  0.000000000000000e+00 -2.284022279856769e-01 -1.068581691665604e-01  2.284022279856761e-01  1.068581691665619e-01  1.000000000000000e+00  0.000000000000000e+00 
 1.905460717963264e+08 -1.224743878896427e-01 -3.473725382843271e-02  1.225332725487541e-01  3.498291205417142e-02  1.000000000000000e+00  0.000000000000000e+00 -2.324325673713879e-01 -1.102678496100518e-01  2.324325673749134e-01  1.102678496084338e-01  1.000000000000000e+00  0.000000000000000e+00 
 1.995262314968898e+08 -1.230659242464567e-01 -3.629525971019936e-02  1.231301763434966e-01  3.655148619531098e-02  1.000000000000000e+00  0.000000000000000e+00 -2.367401073264262e-01 -1.136437872310392e-01  2.367401073313560e-01  1.136437872286660e-01  1.000000000000000e+00  0.000000000000000e+00 
 2.089296130854059e+08 -1.237125628602742e-01 -3.791522396932220e-02  1.237826676931927e-01  3.818237560783180e-02  1.000000000000000e+00  0.000000000000000e+00 -2.413341932903496e-01 -1.169653694001153e-01  2.413341932951612e-01  1.169653693976857e-01  1.000000000000000e+00  0.000000000000000e+00 
 2.187761623949573e+08 -1.244192319685773e-01 -3.959843199637337e-02  1.244957154336358e-01  3.987686276223867e-02  1.000000000000000e+00  0.000000000000000e+00 -2.462228390189125e-01 -1.202100331727189e-01  2.462228390247641e-01  1.202100331696185e-01  1.000000000000000e+00  0.000000000000000e+00 
 2.290867652767794e+08 -1.251912599834263e-01 -4.134600374033248e-02  1.252746913011385e-01  4.163606195219857e-02  1.000000000000000e+00  0.000000000000000e+00 -2.514124297701643e-01 -1.233533086506101e-01  2.514124297704093e-01  1.233533086504752e-01  1.000000000000000e+00  0.000000000000000e+00 
 2.398832919019513e+08 -1.260343998430379e-01 -4.315885642054705e-02  1.261253943301580e-01  4.346088157108480e-02  1.000000000000000e+00  0.000000000000000e+00 -2.569074131836749e-01 -1.263689084437087e-01  2.569074131869469e-01  1.263689084417994e-01  1.000000000000000e+00  0.000000000000000e+00 
 2.511886431509604e+08 -1.269548531237402e-01 -4.503766207760598e-02  1.270540749787397e-01  4.535198117983947e-02  1.000000000000000e+00  0.000000000000000e+00 -2.627099850967430e-01 -1.292288686612741e-01  2.627099850974293e-01  1.292288686608546e-01  1.000000000000000e+00  0.000000000000000e+00 
 2.630267991895407e+08 -1.279592934528467e-01 -4.698279944078310e-02  1.280674585136947e-01  4.730972284163756e-02  1.000000000000000e+00  0.000000000000000e+00 -2.688197791175223e-01 -1.319037457994563e-01  2.688197791215025e-01  1.319037457968937e-01  1.000000000000000e+00  0.000000000000000e+00 
 2.754228703338193e+08 -1.290548886554986e-01 -4.899429957329129e-02  1.291727670785426e-01  4.933411618314584e-02  1.000000000000000e+00  0.000000000000000e+00 -2.752335704520942e-01 -1.343628723561712e-01  2.752335704568688e-01  1.343628723529405e-01  1.000000000000000e+00  0.000000000000000e+00 
 2.884031503126634e+08 -1.302493209447785e-01 -5.107178475044127e-02  1.303777397420207e-01  5.142475663704687e-02  1.000000000000000e+00  0.000000000000000e+00 -2.819450056801685e-01 -1.365746719710724e-01  2.819450056800832e-01  1.365746719711348e-01  1.000000000000000e+00  0.000000000000000e+00 
 3.019951720402046e+08 -1.315508043233610e-01 -5.321440003361395e-02  1.316906496823338e-01  5.358075632969173e-02  1.000000000000000e+00  0.000000000000000e+00 -2.889443711611938e-01 -1.385070323947631e-01  2.889443711613262e-01  1.385070323946657e-01  1.000000000000000e+00  0.000000000000000e+00 
 3.162277660168411e+08 -1.329680982060288e-01 -5.542073702914396e-02  1.331203175017982e-01  5.580066710573589e-02  1.000000000000000e+00  0.000000000000000e+00 -2.962184130878985e-01 -1.401277317061068e-01  2.962184130927943e-01  1.401277317022523e-01  1.000000000000000e+00  0.000000000000000e+00 
 3.311311214825944e+08 -1.345105160955227e-01 -5.768874937103214e-02  1.346761194880774e-01  5.808239523373759e-02  1.000000000000000e+00  0.000000000000000e+00 -3.037502218272312e-01 -1.414049100578249e-01  3.037502218314633e-01  1.414049100543177e-01  1.000000000000000e+00  0.000000000000000e+00 
 3.467368504525352e+08 -1.361879279502356e-01 -6.001565954592658e-02  1.363679894428083e-01  6.042310741909789e-02  1.000000000000000e+00  0.000000000000000e+00 -3.115191920469630e-01 -1.423075760139839e-01  3.115191920449828e-01  1.423075760157159e-01  1.000000000000000e+00  0.000000000000000e+00 
 3.630780547701051e+08 -1.380107546731674e-01 -6.239785679497959e-02  1.382064124880800e-01  6.281912787041580e-02  1.000000000000000e+00  0.000000000000000e+00 -3.195010680958559e-01 -1.428061334758181e-01  3.195010680962885e-01  1.428061334754218e-01  1.000000000000000e+00  0.000000000000000e+00 
 3.801893963205651e+08 -1.399899529308078e-01 -6.483078598768954e-02  1.402024090396723e-01  6.526582633006693e-02  1.000000000000000e+00  0.000000000000000e+00 -3.276680811948588e-01 -1.428729125345240e-01  3.276680811981627e-01  1.428729125313167e-01  1.000000000000000e+00  0.000000000000000e+00 
 3.981071705535014e+08 -1.421369882836294e-01 -6.730882757599138e-02  1.423675069086740e-01  6.775749719796650e-02  1.000000000000000e+00  0.000000000000000e+00 -3.359891812469945e-01 -1.424826856236853e-01  3.359891812482629e-01  1.424826856223871e-01  1.000000000000000e+00  0.000000000000000e+00 
 4.168693834703397e+08 -1.444637943843636e-01 -6.982516901132971e-02  1.447136992681879e-01  7.028723015769220e-02  1.000000000000000e+00  0.000000000000000e+00 -3.444303618440834e-01 -1.416131492758010e-01  3.444303618489782e-01  1.416131492704985e-01  1.000000000000000e+00  0.000000000000000e+00 
 4.365158322401705e+08 -1.469827157868958e-01 -7.237166835178038e-02  1.472533860101025e-01  7.284677306496934e-02  1.000000000000000e+00  0.000000000000000e+00 -3.529550723945354e-01 -1.402453518395777e-01  3.529550723959273e-01  1.402453518379849e-01  1.000000000000000e+00  0.000000000000000e+00 
 4.570881896148798e+08 -1.497064317213377e-01 -7.493871120834411e-02  1.499992958326764e-01  7.542638828769119e-02  1.000000000000000e+00  0.000000000000000e+00 -3.615247065378648e-01 -1.383640488268592e-01  3.615247065399199e-01  1.383640488243673e-01  1.000000000000000e+00  0.000000000000000e+00 
 4.786300923226434e+08 -1.526478580473282e-01 -7.751506268560600e-02  1.529643862609690e-01  7.801470420027842e-02  1.000000000000000e+00  0.000000000000000e+00 -3.700991518216770e-01 -1.359579700295667e-01  3.700991518246255e-01  1.359579700257745e-01  1.000000000000000e+00  0.000000000000000e+00 
 5.011872336272776e+08 -1.558200245195072e-01 -8.008771656568467e-02  1.561617187309352e-01  8.059856413661738e-02  1.000000000000000e+00  0.000000000000000e+00 -3.786373818222287e-01 -1.330199862379603e-01  3.786373818247911e-01  1.330199862344621e-01  1.000000000000000e+00  0.000000000000000e+00 
 5.248074602497782e+08 -1.592359245122191e-01 -8.264174466540229e-02  1.596043058904733e-01  8.316287579423876e-02  1.000000000000000e+00  0.000000000000000e+00 -3.870980693584735e-01 -1.295471679058842e-01  3.870980693612258e-01  1.295471679018877e-01  1.000000000000000e+00  0.000000000000000e+00 
 5.495408738576305e+08 -1.629083344842373e-01 -8.516015005886901e-02  1.633049284165672e-01  8.569046485121831e-02  1.000000000000000e+00  0.000000000000000e+00 -3.954401980232440e-01 -1.255407332549964e-01  3.954401980256929e-01  1.255407332512082e-01  1.000000000000000e+00  0.000000000000000e+00 
 5.754399373371632e+08 -1.668496007512074e-01 -8.762372868775793e-02  1.672759189496893e-01  8.816193739225250e-02  1.000000000000000e+00  0.000000000000000e+00 -4.036236492354920e-01 -1.210058886594452e-01  4.036236492363780e-01  1.210058886579844e-01  1.000000000000000e+00  0.000000000000000e+00 
 6.025595860743644e+08 -1.710713916076793e-01 -9.001094475650787e-02  1.715289112388950e-01  9.055555661769947e-02  1.000000000000000e+00  0.000000000000000e+00 -4.116097433934374e-01 -1.159515692975516e-01  4.116097433950782e-01  1.159515692946535e-01  1.000000000000000e+00  0.000000000000000e+00 
 6.309573444802003e+08 -1.755844135354587e-01 -9.229782619552510e-02  1.760745533068857e-01  9.284714019389111e-02  1.000000000000000e+00  0.000000000000000e+00 -4.193617163306969e-01 -1.103900926259264e-01  4.193617163302936e-01  1.103900926266964e-01  1.000000000000000e+00  0.000000000000000e+00 
 6.606934480076034e+08 -1.803980911805396e-01 -9.445788732518130e-02  1.809221844131054e-01  9.500998544661834e-02  1.000000000000000e+00  0.000000000000000e+00 -4.268451158656267e-01 -1.043367409482249e-01  4.268451158672998e-01  1.043367409448119e-01  1.000000000000000e+00  0.000000000000000e+00 
 6.918309709189442e+08 -1.855202119991287e-01 -9.646208660653795e-02  1.860794768359038e-01  9.701483034059571e-02  1.000000000000000e+00  0.000000000000000e+00 -4.340281076567352e-01 -9.780929185694025e-02  4.340281076567936e-01  9.780929185681650e-02  1.000000000000000e+00  0.000000000000000e+00 
 7.244359600749983e+08 -1.909565379740755e-01 -9.827882794722259e-02  1.915520450203247e-01  9.882985875076573e-02  1.000000000000000e+00  0.000000000000000e+00 -4.408816841393897e-01 -9.082751676315977e-02  4.408816841399464e-01  9.082751676183295e-02  1.000000000000000e+00  0.000000000000000e+00 
 7.585775750291924e+08 -1.967103885778398e-01 -9.987401435699705e-02  1.973430264357564e-01  1.004207588298261e-01  1.000000000000000e+00  0.000000000000000e+00 -4.473797751344164e-01 -8.341266773626251e-02  4.473797751344105e-01  8.341266773628361e-02  1.000000000000000e+00  0.000000000000000e+00 
 7.943282347242906e+08 -2.027822011747533e-01 -1.012111627235242e-01  2.034526405228730e-01  1.017508432161573e-01  1.000000000000000e+00  0.000000000000000e+00 -4.534992629253928e-01 -7.558697199908399e-02  4.534992629258687e-01  7.558697199772910e-02  1.000000000000000e+00  0.000000000000000e+00 
 8.317637711026806e+08 -2.091690772521263e-01 -1.022515880090432e-01  2.098777343175113e-01  1.027812393119485e-01  1.000000000000000e+00  0.000000000000000e+00 -4.592199084546142e-01 -6.737315142018410e-02  4.592199084559716e-01  6.737315141590007e-02  1.000000000000000e+00  0.000000000000000e+00 
 8.709635899560907e+08 -2.158643251518796e-01 -1.029546641642374e-01  2.166113256223808e-01  1.034711568050382e-01  1.000000000000000e+00  0.000000000000000e+00 -4.645241982028449e-01 -5.879398181841193e-02  4.645241982035745e-01  5.879398181585041e-02  1.000000000000000e+00  0.000000000000000e+00 
 9.120108393559203e+08 -2.228570122118761e-01 -1.032781674456721e-01  2.236421568227313e-01  1.037782379411480e-01  1.000000000000000e+00  0.000000000000000e+00 -4.693971234694974e-01 -4.987190387226108e-02  4.693971234693883e-01  4.987190387270340e-02  1.000000000000000e+00  0.000000000000000e+00 
 9.549925860214471e+08 -2.301315412561462e-01 -1.031787055678211e-01  2.309542744436634e-01  1.036589937392535e-01  1.000000000000000e+00  0.000000000000000e+00 -4.738259050379591e-01 -4.062869426014770e-02  4.738259050380708e-01  4.062869425965197e-02  1.000000000000000e+00  0.000000000000000e+00 
 1.000000000000012e+09 -2.376672680065385e-01 -1.026122332245603e-01  2.385266511336128e-01  1.030693263911395e-01  1.000000000000000e+00  0.000000000000000e+00 -4.777996766585352e-01 -3.108520259547409e-02  4.777996766588524e-01  3.108520259381356e-02  1.000000000000000e+00  0.000000000000000e+00 
 1.047128548050912e+09 -2.454381770218761e-01 -1.015346510400191e-01  2.463328677269548e-01  1.019651345643549e-01  1.000000000000000e+00  0.000000000000000e+00 -4.813091405629552e-01 -2.126115689764092e-02  4.813091405634304e-01  2.126115689466493e-02  1.000000000000000e+00  0.000000000000000e+00 
 1.096478196143198e+09 -2.534126340050863e-01 -9.990248108345721e-02  2.543408731906919e-01  1.003029943707092e-01  1.000000000000000e+00  0.000000000000000e+00 -4.843462074844732e-01 -1.117503786678528e-02  4.843462074844745e-01  1.117503786679416e-02  1.000000000000000e+00  0.000000000000000e+00 
 1.148153621496897e+09 -2.615532315815258e-01 -9.767360790623639e-02  2.625128394267725e-01  9.804090457534548e-02  1.000000000000000e+00  0.000000000000000e+00 -4.869036325034993e-01 -8.440202765396532e-04  4.869036325038069e-01  8.440202734325830e-04  1.000000000000000e+00  0.000000000000000e+00 
 1.202264434617427e+09 -2.698167438226424e-01 -9.480806989558113e-02  2.708051259685627e-01  9.513908047434741e-02  1.000000000000000e+00  0.000000000000000e+00 -4.889746567085784e-01  9.716021763534533e-03  4.889746567088475e-01 -9.716021767449901e-03  1.000000000000000e+00  0.000000000000000e+00 
 1.258925411794183e+09 -2.781542018261670e-01 -9.126888190560400e-02  2.791683665433020e-01  9.156077708142815e-02  1.000000000000000e+00  0.000000000000000e+00 -4.905526631903297e-01  2.049044988902733e-02  4.905526631904267e-01 -2.049044989151422e-02  1.000000000000000e+00  0.000000000000000e+00 
 1.318256738556423e+09 -2.865110986248375e-01 -8.702286696339978e-02  2.875476853394713e-01  8.727311918001787e-02  1.000000000000000e+00  0.000000000000000e+00 -4.916308545239159e-01  3.146574183608597e-02  4.916308545239337e-01 -3.146574183808368e-02  1.000000000000000e+00  0.000000000000000e+00 
 1.380384264602902e+09 -2.948277267504162e-01 -8.204147269187292e-02  2.958830457994026e-01  8.224791374865695e-02  1.000000000000000e+00  0.000000000000000e+00 -4.922019575967920e-01  4.262932223363330e-02  4.922019575967544e-01 -4.262932223540741e-02  1.000000000000000e+00  0.000000000000000e+00 
 1.445439770745945e+09 -3.030396462120008e-01 -7.630154722888277e-02  3.041097291465722e-01  7.646241953656732e-02  1.000000000000000e+00  0.000000000000000e+00 -4.922579605589841e-01  5.396934901853215e-02  4.922579605589757e-01 -5.396934901873593e-02  1.000000000000000e+00  0.000000000000000e+00 
 1.513561248436227e+09 -3.110782748392416e-01 -6.978605005338245e-02  3.121589340434976e-01  6.990004934224325e-02  1.000000000000000e+00  0.000000000000000e+00 -4.917898858167986e-01  6.547446050150646e-02  4.917898858167469e-01 -6.547446050214910e-02  1.000000000000000e+00  0.000000000000000e+00 
 1.584893192461133e+09 -3.188715873420909e-01 -6.248467532854335e-02  3.199584832145296e-01  6.255098289360930e-02  1.000000000000000e+00  0.000000000000000e+00 -4.907876023718680e-01  7.713348785012490e-02  4.907876023715000e-01 -7.713348785333014e-02  1.000000000000000e+00  0.000000000000000e+00 
 1.659586907437582e+09 -3.263449045230345e-01 -5.439436906618450e-02  3.274336180321311e-01  5.441267205687614e-02  1.000000000000000e+00  0.000000000000000e+00 -4.892396804214599e-01  8.893513744843985e-02  4.892396804213354e-01 -8.893513744929976e-02  1.000000000000000e+00  0.000000000000000e+00 
 1.737800828749398e+09 -3.334217502906737e-01 -4.551972637780560e-02  3.345078583959749e-01  4.549022517079329e-02  1.000000000000000e+00  0.000000000000000e+00 -4.871332909712430e-01  1.008676473458881e-01  4.871332909712075e-01 -1.008676473460997e-01  1.000000000000000e+00  0.000000000000000e+00 
 1.819700858610007e+09 -3.400247518274493e-01 -3.587326093460172e-02  3.411039030846107e-01  3.579666323161781e-02  1.000000000000000e+00  0.000000000000000e+00 -4.844541532283965e-01  1.129184219086618e-01  4.844541532281381e-01 -1.129184219098836e-01  1.000000000000000e+00  0.000000000000000e+00 
 1.905460717963272e+09 -3.460765576914355e-01 -2.547554503226754e-02  3.471445453487849e-01  2.535304695427990e-02  1.000000000000000e+00  0.000000000000000e+00 -4.811865326923380e-01  1.250736487380263e-01  4.811865326922780e-01 -1.250736487382778e-01  1.000000000000000e+00  0.000000000000000e+00 
 1.995262314968905e+09 -3.515007498512814e-01 -1.435522480632961e-02  3.525535798977637e-01  1.418847986416366e-02  1.000000000000000e+00  0.000000000000000e+00 -4.773132931086028e-01  1.373179021645347e-01  4.773132931086873e-01 -1.373179021642451e-01  1.000000000000000e+00  0.000000000000000e+00 
 2.089296130854067e+09 -3.562227285566704e-01 -2.548920628890505e-03  3.572566804822450e-01  2.339997992742482e-03  1.000000000000000e+00  0.000000000000000e+00 -4.728160057213378e-01  1.496337380601520e-01  4.728160057211679e-01 -1.496337380606896e-01  1.000000000000000e+00  0.000000000000000e+00 
 2.187761623949581e+09 -3.601705532582687e-01  9.898972944818313e-03  3.611822317107439e-01 -1.014763901666499e-02  1.000000000000000e+00  0.000000000000000e+00 -4.676751194987838e-01  1.620012853570306e-01  4.676751194985603e-01 -1.620012853576598e-01  1.000000000000000e+00  0.000000000000000e+00 
 2.290867652767803e+09 -3.632757280966959e-01  2.293657049407252e-02  3.642621041265722e-01 -2.322223790060618e-02  1.000000000000000e+00  0.000000000000000e+00 -4.618701961395912e-01  1.743978405887044e-01  4.618701961394779e-01 -1.743978405889945e-01  1.000000000000000e+00  0.000000000000000e+00 
 2.398832919019522e+09 -3.654739262716932e-01  3.650484405447488e-02  3.664323674066622e-01 -3.682452444346176e-02  1.000000000000000e+00  0.000000000000000e+00 -4.553802136160499e-01  1.867974729329816e-01  4.553802136159001e-01 -1.867974729333270e-01  1.000000000000000e+00  0.000000000000000e+00 
 2.511886431509614e+09 -3.667056533331264e-01  5.053801890979456e-02  3.676339422738014e-01 -5.088854127142575e-02  1.000000000000000e+00  0.000000000000000e+00 -4.481839416990102e-01  1.991706485956038e-01  4.481839416987579e-01 -1.991706485961296e-01  1.000000000000000e+00  0.000000000000000e+00 
 2.630267991895417e+09 -3.669168545725792e-01  6.496400173467365e-02  3.678131968122711e-01 -6.534207576990450e-02  1.000000000000000e+00  0.000000000000000e+00 -4.402603922518405e-01  2.114838849181915e-01  4.402603922515331e-01 -2.114838849187747e-01  1.000000000000000e+00  0.000000000000000e+00 
 2.754228703338203e+09 -3.660594757698930e-01  7.970482981368515e-02  3.669224968827012e-01 -8.010710707666396e-02  1.000000000000000e+00  0.000000000000000e+00 -4.315893459953620e-01  2.236994462444445e-01  4.315893459956199e-01 -2.236994462440044e-01  1.000000000000000e+00  0.000000000000000e+00 
 2.884031503126645e+09 -3.640919891963039e-01  9.467713495874736e-02  3.649207228880383e-01 -9.510026608115957e-02  1.000000000000000e+00  0.000000000000000e+00 -4.221519558622371e-01  2.357750952317876e-01  4.221519558618042e-01 -2.357750952324742e-01  1.000000000000000e+00  0.000000000000000e+00 
 3.019951720402058e+09 -3.609798977534364e-01  1.097926212371593e-01  3.617737660179007e-01 -1.102333079009725e-01  1.000000000000000e+00  0.000000000000000e+00 -4.119314249048295e-01  2.476639148619967e-01  4.119314249048872e-01 -2.476639148619167e-01  1.000000000000000e+00  0.000000000000000e+00 
 3.162277660168423e+09 -3.566962293301747e-01  1.249585612073845e-01  3.574550161978679e-01 -1.254136019107280e-01  1.000000000000000e+00  0.000000000000000e+00 -4.009137539870405e-01  2.593142176648216e-01  4.009137539868298e-01 -2.593142176651038e-01  1.000000000000000e+00  0.000000000000000e+00 
 3.311311214825957e+09 -3.512220309178637e-01  1.400783205356206e-01  3.519458513322564e-01 -1.405446495672535e-01  1.000000000000000e+00  0.000000000000000e+00 -3.890885511146689e-01  2.706695595766541e-01  3.890885511147591e-01 -2.706695595765466e-01  1.000000000000000e+00  0.000000000000000e+00 
 3.467368504525365e+09 -3.445468678963716e-01  1.550519251570296e-01  3.452361332177539e-01 -1.555266445362416e-01  1.000000000000000e+00  0.000000000000000e+00 -3.764498903649142e-01  2.816688760331504e-01  3.764498903649927e-01 -2.816688760330653e-01  1.000000000000000e+00  0.000000000000000e+00 
 3.630780547701065e+09 -3.366693284617436e-01  1.697766881286790e-01  3.373247099971645e-01 -1.702570925640009e-01  1.000000000000000e+00  0.000000000000000e+00 -3.629972039704025e-01  2.922467573224038e-01  3.629972039701913e-01 -2.922467573226221e-01  1.000000000000000e+00  0.000000000000000e+00 
 3.801893963205667e+09 -3.275975267820762e-01  1.841479146493684e-01  3.282199185905152e-01 -1.846315098119302e-01  1.000000000000000e+00  0.000000000000000e+00 -3.487361864415988e-01  3.023338785416969e-01  3.487361864412851e-01 -3.023338785419922e-01  1.000000000000000e+00  0.000000000000000e+00 
 3.981071705535030e+09 -3.173495915960729e-01  1.980597031413003e-01  3.179400736387933e-01 -1.985442177336585e-01  1.000000000000000e+00  0.000000000000000e+00 -3.336796848588046e-01  3.118575966312194e-01  3.336796848587839e-01 -3.118575966312387e-01  1.000000000000000e+00  0.000000000000000e+00 
 4.168693834703414e+09 -3.059541201268682e-01  2.114058576583676e-01  3.065139226400608e-01 -2.118892498884212e-01  1.000000000000000e+00  0.000000000000000e+00 -3.178485449732500e-01  3.207427227219121e-01  3.178485449729493e-01 -3.207427227221459e-01  1.000000000000000e+00  0.000000000000000e+00 
 4.365158322401723e+09 -2.934505709328461e-01  2.240809221928479e-01  2.939810407067559e-01 -2.245613813399555e-01  1.000000000000000e+00  0.000000000000000e+00 -3.012723788946500e-01  3.289124724026399e-01  3.012723788949458e-01 -3.289124724024355e-01  1.000000000000000e+00  0.000000000000000e+00 
 4.570881896148817e+09 -2.798895642328915e-01  2.359813408282062e-01  2.803921332989462e-01 -2.364572846219621e-01  1.000000000000000e+00  0.000000000000000e+00 -2.839902173508780e-01  3.362895895294413e-01  2.839902173502979e-01 -3.362895895298061e-01  1.000000000000000e+00  0.000000000000000e+00 
 4.786300923226454e+09 -2.653330548811154e-01  2.470067394185627e-01  2.658092119433227e-01 -2.474768079481919e-01  1.000000000000000e+00  0.000000000000000e+00 -2.660510081876588e-01  3.427976310921967e-01  2.660510081876002e-01 -3.427976310922308e-01  1.000000000000000e+00  0.000000000000000e+00 
 5.011872336272797e+09 -2.498543420178185e-01  2.570613150136492e-01  2.503056068211691e-01 -2.575243618561895e-01  1.000000000000000e+00  0.000000000000000e+00 -2.475139234184828e-01  3.483623916976419e-01  2.475139234180744e-01 -3.483623916978437e-01  1.000000000000000e+00  0.000000000000000e+00 
 5.248074602497804e+09 -2.335378808690146e-01  2.660553091919584e-01  2.339657815775744e-01 -2.665103903983458e-01  1.000000000000000e+00  0.000000000000000e+00 -2.284484399648501e-01  3.529134369991122e-01  2.284484399645798e-01 -3.529134369992286e-01  1.000000000000000e+00  0.000000000000000e+00 
 5.495408738576327e+09 -2.164788664220252e-01  2.739065315406283e-01  2.168849199827095e-01 -2.743528930575921e-01  1.000000000000000e+00  0.000000000000000e+00 -2.089341645738632e-01  3.563857064176238e-01  2.089341645735436e-01 -3.563857064177407e-01  1.000000000000000e+00  0.000000000000000e+00 
 5.754399373371655e+09 -1.987825657745559e-01  2.805418905354676e-01  1.991682611677290e-01 -2.809789545736199e-01  1.000000000000000e+00  0.000000000000000e+00 -1.890603811519146e-01  3.587211375587733e-01  1.890603811520146e-01 -3.587211375587444e-01  1.000000000000000e+00  0.000000000000000e+00 
 6.025595860743669e+09 -1.805633855999779e-01  2.858988818511521e-01  1.809301698226007e-01 -2.863262326404004e-01  1.000000000000000e+00  0.000000000000000e+00 -1.689253088072560e-01  3.598702584972176e-01  1.689253088071284e-01 -3.598702584972492e-01  1.000000000000000e+00  0.000000000000000e+00 
 6.309573444802029e+09 -1.619436728969390e-01  2.899269794284366e-01  1.622929394851961e-01 -2.903443487341367e-01  1.000000000000000e+00  0.000000000000000e+00 -1.486350707262905e-01  3.597936903124869e-01  1.486350707260560e-01 -3.597936903125296e-01  1.000000000000000e+00  0.000000000000000e+00 
 6.606934480076061e+09 -1.430522602631414e-01  2.925888730488728e-01  1.433853401364048e-01 -2.929961257581868e-01  1.000000000000000e+00  0.000000000000000e+00 -1.283023870023791e-01  3.584635014404167e-01  1.283023870023614e-01 -3.584635014404196e-01  1.000000000000000e+00  0.000000000000000e+00 
 6.918309709189471e+09 -1.240227804293617e-01  2.938614980912190e-01  1.243409348232354e-01 -2.942586181201768e-01  1.000000000000000e+00  0.000000000000000e+00 -1.080450177872166e-01  3.558643579172152e-01  1.080450177871962e-01 -3.558643579172169e-01  1.000000000000000e+00  0.000000000000000e+00 
 7.244359600750012e+09 -1.049917876821116e-01  2.937368086434253e-01  1.052962029327637e-01 -2.941238853618044e-01  1.000000000000000e+00  0.000000000000000e+00 -8.798399571936297e-02  3.519944194863639e-01  8.798399571944716e-02 -3.519944194863650e-01  1.000000000000000e+00  0.000000000000000e+00 
 7.585775750291955e+09 -8.609673506148632e-02  2.922222539666202e-01  8.638851900450029e-02 -2.925994692900074e-01  1.000000000000000e+00  0.000000000000000e+00 -6.824169751914841e-02  3.468659405752683e-01  6.824169751895870e-02 -3.468659405752567e-01  1.000000000000000e+00  0.000000000000000e+00 
 7.943282347242938e+09 -6.747386492714022e-02  2.893409298788703e-01  6.775404468010773e-02 -2.897085461349190e-01  1.000000000000000e+00  0.000000000000000e+00 -4.893981305485859e-02  3.405055467769697e-01  4.893981305485119e-02 -3.405055467769694e-01  1.000000000000000e+00  0.000000000000000e+00 
 8.317637711026839e+09 -4.925607594270429e-02  2.851313901029290e-01  4.952559685055517e-02 -2.854897387415204e-01  1.000000000000000e+00  0.000000000000000e+00 -3.019727544876184e-02  3.329541708839776e-01  3.019727544865278e-02 -3.329541708839571e-01  1.000000000000000e+00  0.000000000000000e+00 
 8.709635899560942e+09 -3.157083134373442e-02  2.796471169805997e-01  3.183055687846012e-02 -2.799965881649280e-01  1.000000000000000e+00  0.000000000000000e+00 -1.212821750531084e-02  3.242666467408666e-01  1.212821750517348e-02 -3.242666467408315e-01  1.000000000000000e+00  0.000000000000000e+00 
 9.120108393559240e+09 -1.453817148111045e-02  2.729556651099864e-01  1.478888390243512e-02 -2.732966981971637e-01  1.000000000000000e+00  0.000000000000000e+00  5.159982090723259e-03  3.145109731713502e-01 -5.159982090787909e-03 -3.145109731713296e-01  1.000000000000000e+00  0.000000000000000e+00 
 9.549925860214510e+09  1.731111628427002e-03  2.651375043861129e-01 -1.488710028220298e-03 -2.654705792814324e-01  1.000000000000000e+00  0.000000000000000e+00  2.156850448361009e-02  3.037672730161169e-01 -2.156850448360324e-02 -3.037672730161206e-01  1.000000000000000e+00  0.000000000000000e+00 
 1.000000000000016e+10  1.713708806195437e-02  2.562845997721114e-01 -1.690237328784658e-02 -2.566102291203941e-01  1.000000000000000e+00  0.000000000000000e+00  3.700869775024486e-02  2.921264830826803e-01 -3.700869775027676e-02 -2.921264830826660e-01  1.000000000000000e+00  0.000000000000000e+00 
 1.047128548050916e+10  3.159205240733662e-02  2.464987733128722e-01 -3.136447680588615e-02 -2.468174954732107e-01  1.000000000000000e+00  0.000000000000000e+00  5.140344461726260e-02  2.796888190028931e-01 -5.140344461729673e-02 -2.796888190028748e-01  1.000000000000000e+00  0.000000000000000e+00 
 1.096478196143202e+10  4.502160628811784e-02  2.358898991504621e-01 -4.480069642654976e-02 -2.362022718870095e-01  1.000000000000000e+00  0.000000000000000e+00  6.468826079208131e-02  2.665620643597178e-01 -6.468826079219056e-02 -2.665620643596471e-01  1.000000000000000e+00  0.000000000000000e+00 
 1.148153621496901e+10  5.736544373529857e-02  2.245739846450207e-01 -5.715079821587837e-02 -2.248805794561465e-01  1.000000000000000e+00  0.000000000000000e+00  7.681210489285871e-02  2.528597360185819e-01 -7.681210489288999e-02 -2.528597360185597e-01  1.000000000000000e+00  0.000000000000000e+00 
 1.202264434617432e+10  6.857783285045503e-02  2.126711904472510e-01 -6.836912014105657e-02 -2.129725874482019e-01  1.000000000000000e+00  0.000000000000000e+00  8.773789141562981e-02  2.386991776737583e-01 -8.773789141564502e-02 -2.386991776737465e-01  1.000000000000000e+00  0.000000000000000e+00 
 1.258925411794188e+10  7.862779675648697e-02  2.003038400013004e-01 -7.842475309921713e-02 -2.006006232712526e-01  1.000000000000000e+00  0.000000000000000e+00  9.744270756890860e-02  2.241996316630281e-01 -9.744270756890606e-02 -2.241996316630324e-01  1.000000000000000e+00  0.000000000000000e+00 
 1.318256738556429e+10  8.749900489496587e-02  1.875944650696584e-01 -8.730143233655205e-02 -1.878872183724352e-01  1.000000000000000e+00  0.000000000000000e+00  1.059177428146355e-01  2.094803356795208e-01 -1.059177428146448e-01 -2.094803356795122e-01  1.000000000000000e+00  0.000000000000000e+00 
 1.380384264602907e+10  9.518939220139558e-02  1.746639290568015e-01 -9.499715677206345e-02 -1.749532318451859e-01  1.000000000000000e+00  0.000000000000000e+00  1.131679465011816e-01  1.946586866679638e-01 -1.131679465012007e-01 -1.946586866679415e-01  1.000000000000000e+00  0.000000000000000e+00 
 1.445439770745951e+10  1.017105286690261e-01  1.616296646780697e-01 -1.015235587209752e-01 -1.619160882941812e-01  1.000000000000000e+00  0.000000000000000e+00  1.192114341492766e-01  1.798485094130848e-01 -1.192114341492883e-01 -1.798485094130701e-01  1.000000000000000e+00  0.000000000000000e+00 
 1.513561248436233e+10  1.070867655328148e-01  1.486040572500727e-01 -1.069050502352191e-01 -1.488881612382525e-01  1.000000000000000e+00  0.000000000000000e+00  1.240786669839723e-01  1.651584624460323e-01 -1.240786669839612e-01 -1.651584624460532e-01  1.000000000000000e+00  0.000000000000000e+00 
 1.584893192461140e+10  1.113541870659285e-01  1.356929997812013e-01 -1.111777750405928e-01 -1.359753282348528e-01  1.000000000000000e+00  0.000000000000000e+00  1.278114324693622e-01  1.506906090931325e-01 -1.278114324693571e-01 -1.506906090931449e-01  1.000000000000000e+00  0.000000000000000e+00 
 1.659586907437588e+10  1.145593990706620e-01  1.229946411705562e-01 -1.143883971408763e-01 -1.232757190400454e-01  1.000000000000000e+00  0.000000000000000e+00  1.304616561574981e-01  1.365391768004427e-01 -1.304616561575042e-01 -1.365391768004323e-01  1.000000000000000e+00  0.000000000000000e+00 
 1.737800828749405e+10  1.167581867832781e-01  1.105983441115625e-01 -1.165927587977343e-01 -1.108786734063308e-01  1.000000000000000e+00  0.000000000000000e+00  1.320900772915121e-01  1.227895232056571e-01 -1.320900772915062e-01 -1.227895232056764e-01  1.000000000000000e+00  0.000000000000000e+00 
 1.819700858610014e+10  1.180140762098338e-01  9.858386460096344e-02 -1.178544418933071e-01 -9.886392042530982e-02  1.000000000000000e+00  0.000000000000000e+00  1.327648223794781e-01  1.095173226511008e-01 -1.327648223794728e-01 -1.095173226511224e-01  1.000000000000000e+00  0.000000000000000e+00 
 1.905460717963279e+10  1.183968338596856e-01  8.702076012040058e-02 -1.182432676321130e-01 -8.730098648901065e-02  1.000000000000000e+00  0.000000000000000e+00  1.325599123342106e-01  9.678798179417547e-02 -1.325599123342119e-01 -9.678798179417530e-02  1.000000000000000e+00  0.000000000000000e+00 
 1.995262314968913e+10  1.179809403317996e-01  7.596802847569054e-02 -1.178337700269867e-01 -7.624883386218539e-02  1.000000000000000e+00  0.000000000000000e+00  1.315537396094331e-01  8.465628758559852e-02 -1.315537396094329e-01 -8.465628758560684e-02  1.000000000000000e+00  0.000000000000000e+00 
 2.089296130854075e+10  1.168440730532854e-01  6.547397392401894e-02 -1.167036784574027e-01 -6.575572650404317e-02  1.000000000000000e+00  0.000000000000000e+00  1.298275518483198e-01  7.316628515475032e-02 -1.298275518483199e-01 -7.316628515476006e-02  1.000000000000000e+00  0.000000000000000e+00 
 2.187761623949590e+10  1.150656324662103e-01  5.557629167624564e-02 -1.149324435843574e-01 -5.585931423659541e-02  1.000000000000000e+00  0.000000000000000e+00  1.274639776786673e-01  6.235137718656655e-02 -1.274639776786682e-01 -6.235137718657183e-02  1.000000000000000e+00  0.000000000000000e+00 
 2.290867652767812e+10  1.127253439363453e-01  4.630235632267919e-02 -1.125998388828392e-01 -4.658692082052488e-02  1.000000000000000e+00  0.000000000000000e+00  1.245456282670510e-01  5.223463042510119e-02 -1.245456282670524e-01 -5.223463042509594e-02  1.000000000000000e+00  0.000000000000000e+00 
 2.398832919019532e+10  1.099019645226101e-01  3.766969447270578e-02 -1.097846669177395e-01 -3.795601624502179e-02  1.000000000000000e+00  0.000000000000000e+00  1.211538049989184e-01  4.282926930520232e-02 -1.211538049989197e-01 -4.282926930520619e-02  1.000000000000000e+00  0.000000000000000e+00 
 2.511886431509623e+10  1.066721195143695e-01  2.968661724274908e-02 -1.065635952579511e-01 -2.997484888652733e-02  1.000000000000000e+00  0.000000000000000e+00  1.173673392177206e-01  3.413933174686525e-02 -1.173673392177219e-01 -3.413933174686803e-02  1.000000000000000e+00  0.000000000000000e+00 
 2.630267991895427e+10  1.031092884513674e-01  2.235298449039871e-02 -1.030101417327907e-01 -2.264320945986649e-02  1.000000000000000e+00  0.000000000000000e+00  1.132615844966864e-01  2.616045818320720e-02 -1.132615844966869e-01 -2.616045818320168e-02  1.000000000000000e+00  0.000000000000000e+00 
 2.754228703338214e+10  9.928295443460929e-02  1.566107014069720e-02 -9.919382283181363e-02 -1.595329613903998e-02  1.000000000000000e+00  0.000000000000000e+00  1.089075757084216e-01  1.888078220921122e-02 -1.089075757084244e-01 -1.888078220922168e-02  1.000000000000000e+00  0.000000000000000e+00 
 2.884031503126656e+10  9.525792424546617e-02  9.596496758547082e-03 -9.517947276346972e-02 -9.890649038553441e-03  1.000000000000000e+00  0.000000000000000e+00  1.043713625598791e-01  1.228189000865085e-02 -1.043713625598807e-01 -1.228189000865388e-02  1.000000000000000e+00  0.000000000000000e+00 
 3.019951720402069e+10  9.109382048743714e-02  4.139207749820583e-03 -9.102673439288267e-02 -4.435122479804328e-03  1.000000000000000e+00  0.000000000000000e+00  9.971351867286651e-02  6.339815993209141e-03 -9.971351867286997e-02 -6.339815993218870e-03  1.000000000000000e+00  0.000000000000000e+00 
 3.162277660168435e+10  8.684474102210417e-02 -7.355528362843929e-04 -8.678971734613194e-02  4.381349393549686e-04  1.000000000000000e+00  0.000000000000000e+00  9.498882110615441e-02  1.026043796462269e-03 -9.498882110615636e-02 -1.026043796465859e-03  1.000000000000000e+00  0.000000000000000e+00 
 3.311311214825969e+10  8.255907571725134e-02 -5.056280148144030e-03 -8.251681332700064e-02  4.757719669400945e-03  1.000000000000000e+00  0.000000000000000e+00  9.024608977759792e-02 -3.691515283825545e-03 -9.024608977760033e-02  3.691515283821056e-03  1.000000000000000e+00  0.000000000000000e+00 
 3.467368504525378e+10  7.827946621575640e-02 -8.854291537111618e-03 -7.825065439664539e-02  8.555055404237392e-03  1.000000000000000e+00  0.000000000000000e+00  8.552817181527801e-02 -7.847590380712951e-03 -8.552817181528033e-02  7.847590380709080e-03  1.000000000000000e+00  0.000000000000000e+00 
 3.630780547701078e+10  7.404289122949408e-02 -1.216287188932341e-02 -7.402819677705300e-02  1.186353726884878e-02  1.000000000000000e+00  0.000000000000000e+00  8.087205260572447e-02 -1.147868511150692e-02 -8.087205260572677e-02  1.147868511150340e-02  1.000000000000000e+00  0.000000000000000e+00 
 3.801893963205680e+10  6.988085782415959e-02 -1.501649577088286e-02 -6.988091071541964e-02  1.471775245698423e-02  1.000000000000000e+00  0.000000000000000e+00  7.630907327034298e-02 -1.462229213933392e-02 -7.630907327034556e-02  1.462229213933006e-02  1.000000000000000e+00  0.000000000000000e+00 
 3.981071705535044e+10  6.581967825665877e-02 -1.745013618750855e-02 -6.583505605536838e-02  1.715278710547135e-02  1.000000000000000e+00  0.000000000000000e+00  7.186523344625820e-02 -1.731619793355209e-02 -7.186523344626121e-02  1.731619793354765e-02  1.000000000000000e+00  0.000000000000000e+00 
 4.168693834703429e+10  6.188081204776993e-02 -1.949866532607489e-02 -6.191202329186143e-02  1.920362477785967e-02  1.000000000000000e+00  0.000000000000000e+00  6.756155845423018e-02 -1.959788284490496e-02 -6.756155845423215e-02  1.959788284490250e-02  1.000000000000000e+00  0.000000000000000e+00 
 4.365158322401739e+10  5.808125395540997e-02 -2.119634866924305e-02 -5.812872087436735e-02  2.090463797771395e-02  1.000000000000000e+00  0.000000000000000e+00  6.341451102755116e-02 -2.150401753090946e-02 -6.341451102755312e-02  2.150401753090708e-02  1.000000000000000e+00  0.000000000000000e+00 
 4.570881896148833e+10  5.443395016285313e-02 -2.257643049527996e-02 -5.449799117057445e-02  2.228917075949679e-02  1.000000000000000e+00  0.000000000000000e+00  5.943642954455382e-02 -2.307005332138281e-02 -5.943642954455543e-02  2.307005332138108e-02  1.000000000000000e+00  0.000000000000000e+00 
 4.786300923226471e+10  5.094822710707472e-02 -2.367080606809561e-02 -5.102903960492554e-02  2.338920782569757e-02  1.000000000000000e+00  0.000000000000000e+00  5.563597693827999e-02 -2.432990137587296e-02 -5.563597693828134e-02  2.432990137587165e-02  1.000000000000000e+00  0.000000000000000e+00 
 5.011872336272815e+10  4.763021974938531e-02 -2.450977380449824e-02 -4.772786384616613e-02  2.423512350740159e-02  1.000000000000000e+00  0.000000000000000e+00  5.201858694585455e-02 -2.531569346620902e-02 -5.201858694585660e-02  2.531569346620688e-02  1.000000000000000e+00  0.000000000000000e+00 
 5.248074602497823e+10  4.448328856033988e-02 -2.512185934660473e-02 -4.459767236268612e-02  2.485550268920015e-02  1.000000000000000e+00  0.000000000000000e+00  4.858689692758806e-02 -2.605761588235724e-02 -4.858689692759026e-02  2.605761588235506e-02  1.000000000000000e+00  0.000000000000000e+00 
 5.495408738576347e+10  4.150841691070813e-02 -2.553370270277281e-02 -4.163928405177944e-02  2.527702499111002e-02  1.000000000000000e+00  0.000000000000000e+00  4.534115898522537e-02 -2.658380723686487e-02 -4.534115898522622e-02  2.658380723686413e-02  1.000000000000000e+00  0.000000000000000e+00 
 5.754399373371677e+10  3.870458282122814e-02 -2.576999936404201e-02 -3.885150287202602e-02  2.552440327132295e-02  1.000000000000000e+00  0.000000000000000e+00  4.227962342965615e-02 -2.692031073934275e-02 -4.227962342965818e-02  2.692031073934093e-02  1.000000000000000e+00  0.000000000000000e+00 
 6.025595860743690e+10  3.606910105077434e-02 -2.585348645806431e-02 -3.623146339429736e-02  2.562036766553888e-02  1.000000000000000e+00  0.000000000000000e+00  3.939889071599346e-02 -2.709107172468295e-02 -3.939889071599504e-02  2.709107172468161e-02  1.000000000000000e+00  0.000000000000000e+00 
 6.309573444802052e+10  3.359793325095194e-02 -2.580496547077861e-02 -3.377494489514347e-02  2.558568683232176e-02  1.000000000000000e+00  0.000000000000000e+00  3.669422973551493e-02 -2.711797174375185e-02 -3.669422973551627e-02  2.711797174375073e-02  1.000000000000000e+00  0.000000000000000e+00 
 6.606934480076085e+10  3.128596536648975e-02 -2.564335375511531e-02 -3.147665303158698e-02  2.543921873698929e-02  1.000000000000000e+00  0.000000000000000e+00  3.415986181405816e-02 -2.702089126655643e-02 -3.415986181405964e-02  2.702089126655525e-02  1.000000000000000e+00  0.000000000000000e+00 
 6.918309709189496e+10  2.912725261723093e-02 -2.538575787345659e-02 -2.933046926418204e-02  2.519798409797444e-02  1.000000000000000e+00  0.000000000000000e+00  3.178921092046181e-02 -2.681779392053160e-02 -3.178921092046308e-02  2.681779392053062e-02  1.000000000000000e+00  0.000000000000000e+00 
 7.244359600750038e+10  2.711523327625503e-02 -2.504756271675860e-02 -2.732966905579387e-02  2.487725647213681e-02  1.000000000000000e+00  0.000000000000000e+00  2.957512145753210e-02 -2.652482611953453e-02 -2.957512145753297e-02  2.652482611953382e-02  1.000000000000000e+00  0.000000000000000e+00 
 7.585775750291982e+10  2.524291308708439e-02 -2.464253125211429e-02 -2.546711049641286e-02  2.449066381646105e-02  1.000000000000000e+00  0.000000000000000e+00  2.751004562244977e-02 -2.615642687626714e-02 -2.751004562245076e-02  2.615642687626641e-02  1.000000000000000e+00  0.000000000000000e+00 
 7.943282347242966e+10  2.350302257427912e-02 -2.418291062936806e-02 -2.373539542362935e-02  2.405029719414561e-02  1.000000000000000e+00  0.000000000000000e+00  2.558620271958285e-02 -2.572544349024789e-02 -2.558620271958385e-02  2.572544349024719e-02  1.000000000000000e+00  0.000000000000000e+00 
 8.317637711026869e+10  2.188814973165995e-02 -2.367954119567740e-02 -2.212700535947158e-02  2.356682306685548e-02  1.000000000000000e+00  0.000000000000000e+00  2.379571302404209e-02 -2.524324963608080e-02 -2.379571302404285e-02  2.524324963608022e-02  1.000000000000000e+00  0.000000000000000e+00 
 8.709635899560974e+10  2.039085065638882e-02 -2.314196570479773e-02 -2.063441470096668e-02  2.304959631584307e-02  1.000000000000000e+00  0.000000000000000e+00  2.213070886568488e-02 -2.471986312455759e-02 -2.213070886568572e-02  2.471986312455701e-02  1.000000000000000e+00  0.000000000000000e+00 
 9.120108393559274e+10  1.900374066861425e-02 -2.257853665438368e-02 -1.925018361466482e-02  2.250677175487507e-02  1.000000000000000e+00  0.000000000000000e+00  2.058342556443730e-02 -2.416406126290774e-02 -2.058342556443832e-02  2.416406126290712e-02  1.000000000000000e+00  0.000000000000000e+00 
 9.549925860214545e+10  1.771956834556608e-02 -2.199652023589410e-02 -1.796703302105473e-02  2.194541243563815e-02  1.000000000000000e+00  0.000000000000000e+00  1.914627472865974e-02 -2.358349229791972e-02 -1.914627472866070e-02  2.358349229791916e-02  1.000000000000000e+00  0.000000000000000e+00 
 1.000000000000020e+11  1.653127473217753e-02 -2.140219583933870e-02 -1.677790393554339e-02  2.137159350389749e-02  1.000000000000000e+00  0.000000000000000e+00  1.781190225433459e-02 -2.298478188927912e-02 -1.781190225433524e-02  2.298478188927871e-02  1.000000000000000e+00  0.000000000000000e+00 
