 1.000000000000000e+06 -3.635137442432986e-01  7.001633940399304e-05  3.635138034060198e-01 -5.937385996694874e-05  1.000000000000000e+00  0.000000000000000e+00 -1.799150546614181e-01 -6.897176263145451e-04  1.799150546618890e-01  6.897176263135956e-04  1.000000000000000e+00  0.000000000000000e+00 
 1.047128548050900e+06 -3.635137412460625e-01  7.331596331570327e-05  3.635138060847504e-01 -6.217228429531663e-05  1.000000000000000e+00  0.000000000000000e+00 -1.799152166032686e-01 -7.222226587248779e-04  1.799152166027008e-01  7.222226587268813e-04  1.000000000000000e+00  0.000000000000000e+00 
 1.096478196143185e+06 -3.635137379619693e-01  7.677107265674781e-05  3.635138090184807e-01 -6.510262652809456e-05  1.000000000000000e+00  0.000000000000000e+00 -1.799153941678606e-01 -7.562595530950366e-04  1.799153941721109e-01  7.562595530825726e-04  1.000000000000000e+00  0.000000000000000e+00 
 1.148153621496883e+06 -3.635137343637787e-01  8.038899217881230e-05  3.635138122311523e-01 -6.817110844852992e-05  1.000000000000000e+00  0.000000000000000e+00 -1.799155888635490e-01 -7.919004960005535e-04  1.799155888719933e-01  7.919004959742291e-04  1.000000000000000e+00  0.000000000000000e+00 
 1.202264434617413e+06 -3.635137304217017e-01  8.417739139933516e-05  3.635138157488880e-01 -7.138424573885572e-05  1.000000000000000e+00  0.000000000000000e+00 -1.799158023442465e-01 -8.292210749019319e-04  1.799158023488926e-01  8.292210748869542e-04  1.000000000000000e+00  0.000000000000000e+00 
 1.258925411794168e+06 -3.635137261031778e-01  8.814430078729910e-05  3.635138196001810e-01 -7.474886192737962e-05  1.000000000000000e+00  0.000000000000000e+00 -1.799160364198861e-01 -8.683004382479435e-04  1.799160364266877e-01  8.683004382247805e-04  1.000000000000000e+00  0.000000000000000e+00 
 1.318256738556408e+06 -3.635137213726181e-01  9.229812870316484e-05  3.635138238160905e-01 -7.827210300614426e-05  1.000000000000000e+00  0.000000000000000e+00 -1.799162930785998e-01 -9.092214631075249e-04  1.799162930864572e-01  9.092214630794348e-04  1.000000000000000e+00  0.000000000000000e+00 
 1.380384264602886e+06 -3.635137161911417e-01  9.664767912737684e-05  3.635138284304555e-01 -8.196145275247150e-05  1.000000000000000e+00  0.000000000000000e+00 -1.799165744990892e-01 -9.520709306632201e-04  1.799165745068381e-01  9.520709306342187e-04  1.000000000000000e+00  0.000000000000000e+00 
 1.445439770745928e+06 -3.635137105162833e-01  1.012021702133553e-04  3.635138334801209e-01 -8.582474878946362e-05  1.000000000000000e+00  0.000000000000000e+00 -1.799168830702647e-01 -9.969397099464118e-04  1.799168830765057e-01  9.969397099220520e-04  1.000000000000000e+00  0.000000000000000e+00 
 1.513561248436209e+06 -3.635137043016794e-01  1.059712537024573e-04  3.635138390051762e-01 -8.987019942238410e-05  1.000000000000000e+00  0.000000000000000e+00 -1.799172214114390e-01 -1.043922950192015e-03  1.799172214148839e-01  1.043922950178171e-03  1.000000000000000e+00  0.000000000000000e+00 
 1.584893192461115e+06 -3.635136974967321e-01  1.109650352400178e-04  3.635138450492079e-01 -9.410640128979414e-05  1.000000000000000e+00  0.000000000000000e+00 -1.799175923936455e-01 -1.093120282213266e-03  1.799175923991417e-01  1.093120282189812e-03  1.000000000000000e+00  0.000000000000000e+00 
 1.659586907437562e+06 -3.635136900462457e-01  1.161940956332771e-04  3.635138516595664e-01 -9.854235787037200e-05  1.000000000000000e+00  0.000000000000000e+00 -1.799179991680748e-01 -1.144636029221521e-03  1.799179991673610e-01  1.144636029225363e-03  1.000000000000000e+00  0.000000000000000e+00 
 1.737800828749377e+06 -3.635136818900386e-01  1.216695130937810e-04  3.635138588876414e-01 -1.031874988884944e-04  1.000000000000000e+00  0.000000000000000e+00 -1.799184451854753e-01 -1.198579427510573e-03  1.799184451835030e-01  1.198579427520623e-03  1.000000000000000e+00  0.000000000000000e+00 
 1.819700858609986e+06 -3.635136729625290e-01  1.274028865086909e-04  3.635138667891529e-01 -1.080517006639199e-04  1.000000000000000e+00  0.000000000000000e+00 -1.799189342319230e-01 -1.255064857489695e-03  1.799189342329613e-01  1.255064857485121e-03  1.000000000000000e+00  0.000000000000000e+00 
 1.905460717963250e+06 -3.635136631922903e-01  1.334063597873955e-04  3.635138754244446e-01 -1.131453074532622e-04  1.000000000000000e+00  0.000000000000000e+00 -1.799194704585139e-01 -1.314212085517877e-03  1.799194704674025e-01  1.314212085471870e-03  1.000000000000000e+00  0.000000000000000e+00 
 1.995262314968882e+06 -3.635136525015807e-01  1.396926473318598e-04  3.635138848587873e-01 -1.184791538333941e-04  1.000000000000000e+00  0.000000000000000e+00 -1.799200584202660e-01 -1.376146517054571e-03  1.799200584208160e-01  1.376146517052242e-03  1.000000000000000e+00  0.000000000000000e+00 
 2.089296130854042e+06 -3.635136408058425e-01  1.462750606813122e-04  3.635138951626864e-01 -1.240645881794714e-04  1.000000000000000e+00  0.000000000000000e+00 -1.799207031035468e-01 -1.440999461619059e-03  1.799207031066040e-01  1.440999461602187e-03  1.000000000000000e+00  0.000000000000000e+00 
 2.187761623949556e+06 -3.635136280131770e-01  1.531675363841705e-04  3.635139064121838e-01 -1.299134972928489e-04  1.000000000000000e+00  0.000000000000000e+00 -1.799214099827359e-01 -1.508908410155229e-03  1.799214099851921e-01  1.508908410141184e-03  1.000000000000000e+00  0.000000000000000e+00 
 2.290867652767777e+06 -3.635136140237850e-01  1.603846651525233e-04  3.635139186891529e-01 -1.360383322368700e-04  1.000000000000000e+00  0.000000000000000e+00 -1.799221850567462e-01 -1.580017325300530e-03  1.799221850622089e-01  1.580017325266851e-03  1.000000000000000e+00  0.000000000000000e+00 
 2.398832919019494e+06 -3.635135987293900e-01  1.679417223571232e-04  3.635139320815878e-01 -1.424521354411939e-04  1.000000000000000e+00  0.000000000000000e+00 -1.799230349066205e-01 -1.654476945205190e-03  1.799230349044945e-01  1.654476945220074e-03  1.000000000000000e+00  0.000000000000000e+00 
 2.511886431509584e+06 -3.635135820126288e-01  1.758546999236371e-04  3.635139466838573e-01 -1.491685691380381e-04  1.000000000000000e+00  0.000000000000000e+00 -1.799239667413675e-01 -1.732445101466763e-03  1.799239667480141e-01  1.732445101421645e-03  1.000000000000000e+00  0.000000000000000e+00 
 2.630267991895386e+06 -3.635135637464263e-01  1.841403396939336e-04  3.635139625969402e-01 -1.562019451964326e-04  1.000000000000000e+00  0.000000000000000e+00 -1.799249884756088e-01 -1.814087051890031e-03  1.799249884731882e-01  1.814087051908484e-03  1.000000000000000e+00  0.000000000000000e+00 
 2.754228703338171e+06 -3.635135437933478e-01  1.928161683195163e-04  3.635139799286088e-01 -1.635672564231532e-04  1.000000000000000e+00  0.000000000000000e+00 -1.799261087760075e-01 -1.899575828632297e-03  1.799261087799043e-01  1.899575828603693e-03  1.000000000000000e+00  0.000000000000000e+00 
 2.884031503126611e+06 -3.635135220049419e-01  2.019005337578099e-04  3.635139987935583e-01 -1.712802094015292e-04  1.000000000000000e+00  0.000000000000000e+00 -1.799273371543245e-01 -1.989092602560637e-03  1.799273371593152e-01  1.989092602522000e-03  1.000000000000000e+00  0.000000000000000e+00 
 3.019951720402022e+06 -3.635134982210724e-01  2.114126434460032e-04  3.635140193134644e-01 -1.793572589416012e-04  1.000000000000000e+00  0.000000000000000e+00 -1.799286840351037e-01 -2.082827064414422e-03  1.799286840422148e-01  2.082827064356335e-03  1.000000000000000e+00  0.000000000000000e+00 
 3.162277660168386e+06 -3.635134722692483e-01  2.213726042315657e-04  3.635140416169418e-01 -1.878156442171356e-04  1.000000000000000e+00  0.000000000000000e+00 -1.799301608505995e-01 -2.180977823615962e-03  1.799301608535268e-01  2.180977823591572e-03  1.000000000000000e+00  0.000000000000000e+00 
 3.311311214825918e+06 -3.635134439639671e-01  2.318014641434527e-04  3.635140658393956e-01 -1.966734266667102e-04  1.000000000000000e+00  0.000000000000000e+00 -1.799317801323015e-01 -2.283752825447711e-03  1.799317801375788e-01  2.283752825400751e-03  1.000000000000000e+00  0.000000000000000e+00 
 3.467368504525324e+06 -3.635134131060667e-01  2.427212560934467e-04  3.635140921227331e-01 -2.059495297373470e-04  1.000000000000000e+00  0.000000000000000e+00 -1.799335556247904e-01 -2.391369787454689e-03  1.799335556248854e-01  2.391369787454985e-03  1.000000000000000e+00  0.000000000000000e+00 
 3.630780547701022e+06 -3.635133794821080e-01  2.541550436032119e-04  3.635141206149047e-01 -2.156637805498647e-04  1.000000000000000e+00  0.000000000000000e+00 -1.799355023936457e-01 -2.504056655843811e-03  1.799355023936867e-01  2.504056655844664e-03  1.000000000000000e+00  0.000000000000000e+00 
 3.801893963205622e+06 -3.635133428638001e-01  2.661269686593826e-04  3.635141514692554e-01 -2.258369535652995e-04  1.000000000000000e+00  0.000000000000000e+00 -1.799376369596178e-01 -2.622052082815772e-03  1.799376369641955e-01  2.622052082769195e-03  1.000000000000000e+00  0.000000000000000e+00 
 3.981071705534983e+06 -3.635133030074694e-01  2.786623018065786e-04  3.635141848436428e-01 -2.364908163311137e-04  1.000000000000000e+00  0.000000000000000e+00 -1.799399774377926e-01 -2.745605925673696e-03  1.799399774432980e-01  2.745605925614772e-03  1.000000000000000e+00  0.000000000000000e+00 
 4.168693834703365e+06 -3.635132596536000e-01  2.917874945966358e-04  3.635142208992971e-01 -2.476481773845840e-04  1.000000000000000e+00  0.000000000000000e+00 -1.799425436886407e-01 -2.874979768642255e-03  1.799425436911251e-01  2.874979768615212e-03  1.000000000000000e+00  0.000000000000000e+00 
 4.365158322401672e+06 -3.635132125264520e-01  3.055302345215778e-04  3.635142597993777e-01 -2.593329363886133e-04  1.000000000000000e+00  0.000000000000000e+00 -1.799453574866875e-01 -3.010447468360443e-03  1.799453574875634e-01  3.010447468351437e-03  1.000000000000000e+00  0.000000000000000e+00 
 4.570881896148764e+06 -3.635131613337674e-01  3.199195025679798e-04  3.635143017071985e-01 -2.715701365722724e-04  1.000000000000000e+00  0.000000000000000e+00 -1.799484427059112e-01 -3.152295724021514e-03  1.799484427122293e-01  3.152295723943684e-03  1.000000000000000e+00  0.000000000000000e+00 
 4.786300923226397e+06 -3.635131057665819e-01  3.349856335413645e-04  3.635143467840773e-01 -2.843860195447259e-04  1.000000000000000e+00  0.000000000000000e+00 -1.799518255253483e-01 -3.300824673171584e-03  1.799518255293879e-01  3.300824673120090e-03  1.000000000000000e+00  0.000000000000000e+00 
 5.011872336272738e+06 -3.635130454991481e-01  3.507603793209981e-04  3.635143951867893e-01 -2.978080825470155e-04  1.000000000000000e+00  0.000000000000000e+00 -1.799555346432233e-01 -3.456348514150147e-03  1.799555346494608e-01  3.456348514065965e-03  1.000000000000000e+00  0.000000000000000e+00 
 5.248074602497743e+06 -3.635129801889702e-01  3.672769752177836e-04  3.635144470645826e-01 -3.118651382016882e-04  1.000000000000000e+00  0.000000000000000e+00 -1.799596015276885e-01 -3.619196156308360e-03  1.799596015320303e-01  3.619196156247564e-03  1.000000000000000e+00  0.000000000000000e+00 
 5.495408738576263e+06 -3.635129094769569e-01  3.845702096207233e-04  3.635145025557437e-01 -3.265873768158967e-04  1.000000000000000e+00  0.000000000000000e+00 -1.799640606776477e-01 -3.789711898979677e-03  1.799640606816117e-01  3.789711898921737e-03  1.000000000000000e+00  0.000000000000000e+00 
 5.754399373371588e+06 -3.635128329876774e-01  4.026764971301368e-04  3.635145617837002e-01 -3.420064312899444e-04  1.000000000000000e+00  0.000000000000000e+00 -1.799689499183729e-01 -3.968256140363565e-03  1.799689499210812e-01  3.968256140322758e-03  1.000000000000000e+00  0.000000000000000e+00 
 6.025595860743597e+06 -3.635127503297050e-01  4.216339553882517e-04  3.635146248526619e-01 -3.581554446809388e-04  1.000000000000000e+00  0.000000000000000e+00 -1.799743107201935e-01 -4.155206117367723e-03  1.799743107192074e-01  4.155206117386100e-03  1.000000000000000e+00  0.000000000000000e+00 
 6.309573444801954e+06 -3.635126610960118e-01  4.414824858292831e-04  3.635146918428159e-01 -3.750691404711406e-04  1.000000000000000e+00  0.000000000000000e+00 -1.799801885474774e-01 -4.350956677522883e-03  1.799801885512988e-01  4.350956677458901e-03  1.000000000000000e+00  0.000000000000000e+00 
 6.606934480075982e+06 -3.635125648643820e-01  4.622638585810977e-04  3.635147628051207e-01 -3.927838955938188e-04  1.000000000000000e+00  0.000000000000000e+00 -1.799866332494592e-01 -4.555921084110570e-03  1.799866332508874e-01  4.555921084086962e-03  1.000000000000000e+00  0.000000000000000e+00 
 6.918309709189389e+06 -3.635124611977665e-01  4.840218017583610e-04  3.635148377557463e-01 -4.113378162769101e-04  1.000000000000000e+00  0.000000000000000e+00 -1.799936994742479e-01 -4.770531855495498e-03  1.799936994699854e-01  4.770531855578672e-03  1.000000000000000e+00  0.000000000000000e+00 
 7.244359600749927e+06 -3.635123496445171e-01  5.068020953920502e-04  3.635149166702561e-01 -4.307708167777844e-04  1.000000000000000e+00  0.000000000000000e+00 -1.800014471316501e-01 -4.995241639829952e-03  1.800014471358686e-01  4.995241639748717e-03  1.000000000000000e+00  0.000000000000000e+00 
 7.585775750291865e+06 -3.635122297383946e-01  5.306526702416889e-04  3.635149994776270e-01 -4.511247011018244e-04  1.000000000000000e+00  0.000000000000000e+00 -1.800099419080626e-01 -5.230524126183615e-03  1.800099419114344e-01  5.230524126116185e-03  1.000000000000000e+00  0.000000000000000e+00 
 7.943282347242844e+06 -3.635121009982395e-01  5.556237117341663e-04  3.635150860542423e-01 -4.724432478243395e-04  1.000000000000000e+00  0.000000000000000e+00 -1.800192558091048e-01 -5.476874992943854e-03  1.800192558123261e-01  5.476874992876554e-03  1.000000000000000e+00  0.000000000000000e+00 
 8.317637711026741e+06 -3.635119629271825e-01  5.817677692663439e-04  3.635151762180159e-01 -4.947722981698265e-04  1.000000000000000e+00  0.000000000000000e+00 -1.800294677749215e-01 -5.734812894639560e-03  1.800294677749260e-01  5.734812894642271e-03  1.000000000000000e+00  0.000000000000000e+00 
 8.709635899560839e+06 -3.635118150112351e-01  6.091398710977759e-04  3.635152697228011e-01 -5.181598475448058e-04  1.000000000000000e+00  0.000000000000000e+00 -1.800406643417252e-01 -6.004880487886060e-03  1.800406643444969e-01  6.004880487823057e-03  1.000000000000000e+00  0.000000000000000e+00 
 9.120108393559132e+06 -3.635116567171301e-01  6.377976450455069e-04  3.635153662532769e-01 -5.426561407697013e-04  1.000000000000000e+00  0.000000000000000e+00 -1.800529403765290e-01 -6.287645497342838e-03  1.800529403770884e-01  6.287645497331981e-03  1.000000000000000e+00  0.000000000000000e+00 
 9.549925860214395e+06 -3.635114874892372e-01  6.678014451757960e-04  3.635154654204771e-01 -5.683137713098115e-04  1.000000000000000e+00  0.000000000000000e+00 -1.800663998699888e-01 -6.583701822195993e-03  1.800663998713349e-01  6.583701822164139e-03  1.000000000000000e+00  0.000000000000000e+00 
 1.000000000000004e+07 -3.635113067454127e-01  6.992144846696031e-04  3.635155667581342e-01 -5.951877848632115e-04  1.000000000000000e+00  0.000000000000000e+00 -1.800811568158138e-01 -6.893670683801425e-03  1.800811568224587e-01  6.893670683623754e-03  1.000000000000000e+00  0.000000000000000e+00 
 1.047128548050904e+07 -3.635111138716356e-01  7.321029750215367e-04  3.635156697199711e-01 -6.233357877210902e-04  1.000000000000000e+00  0.000000000000000e+00 -1.800973361707739e-01 -7.218201814717365e-03  1.800973361743008e-01  7.218201814620353e-03  1.000000000000000e+00  0.000000000000000e+00 
 1.096478196143189e+07 -3.635109082153168e-01  7.665362717183513e-04  3.635157736780464e-01 -6.528180603699912e-04  1.000000000000000e+00  0.000000000000000e+00 -1.801150748980815e-01 -7.557974689159294e-03  1.801150749036604e-01  7.557974688996660e-03  1.000000000000000e+00  0.000000000000000e+00 
 1.148153621496888e+07 -3.635106890771720e-01  8.025870265353792e-04  3.635158779221976e-01 -6.836976768515379e-04  1.000000000000000e+00  0.000000000000000e+00 -1.801345231247747e-01 -7.913699794874593e-03  1.801345231301262e-01  7.913699794711569e-03  1.000000000000000e+00  0.000000000000000e+00 
 1.202264434617418e+07 -3.635104557016123e-01  8.403313465903534e-04  3.635159816605740e-01 -7.160406304295831e-04  1.000000000000000e+00  0.000000000000000e+00 -1.801558453961608e-01 -8.286119945720384e-03  1.801558453979594e-01  8.286119945665712e-03  1.000000000000000e+00  0.000000000000000e+00 
 1.258925411794173e+07 -3.635102072656182e-01  8.798489603057463e-04  3.635160840211743e-01 -7.499159661338568e-04  1.000000000000000e+00  0.000000000000000e+00 -1.801792220540523e-01 -8.676011634189594e-03  1.801792220535600e-01  8.676011634210496e-03  1.000000000000000e+00  0.000000000000000e+00 
 1.318256738556413e+07 -3.635099428661022e-01  9.212233904547543e-04  3.635161840542294e-01 -7.853959207508360e-04  1.000000000000000e+00  0.000000000000000e+00 -1.802048507473117e-01 -9.084186422536203e-03  1.802048507429230e-01  9.084186422696884e-03  1.000000000000000e+00  0.000000000000000e+00 
 1.380384264602891e+07 -3.635096615058231e-01  9.645421345029631e-04  3.635162807352177e-01 -8.225560708157687e-04  1.000000000000000e+00  0.000000000000000e+00 -1.802329480794702e-01 -9.511492370553152e-03  1.802329480791908e-01  9.511492370568033e-03  1.000000000000000e+00  0.000000000000000e+00 
 1.445439770745934e+07 -3.635093620779065e-01  1.009896852506546e-03  3.635163729682160e-01 -8.614754891254821e-04  1.000000000000000e+00  0.000000000000000e+00 -1.802637514204087e-01 -9.958815497663604e-03  1.802637514207888e-01  9.958815497653442e-03  1.000000000000000e+00  0.000000000000000e+00 
 1.513561248436215e+07 -3.635090433490764e-01  1.057383562887227e-03  3.635164595892584e-01 -9.022369102426109e-04  1.000000000000000e+00  0.000000000000000e+00 -1.802975208759991e-01 -1.042708127587050e-02  1.802975208807227e-01  1.042708127568308e-02  1.000000000000000e+00  0.000000000000000e+00 
 1.584893192461121e+07 -3.635087039416850e-01  1.107102846470767e-03  3.635165393693405e-01 -9.449269054026606e-04  1.000000000000000e+00  0.000000000000000e+00 -1.803345414544881e-01 -1.091725614976750e-02  1.803345414605673e-01  1.091725614951395e-02  1.000000000000000e+00  0.000000000000000e+00 
 1.659586907437568e+07 -3.635083423146321e-01  1.159160059245913e-03  3.635166110166956e-01 -9.896360671716510e-04  1.000000000000000e+00  0.000000000000000e+00 -1.803751254277365e-01 -1.143034907832635e-02  1.803751254234246e-01  1.143034907852320e-02  1.000000000000000e+00  0.000000000000000e+00 
 1.737800828749384e+07 -3.635079567432290e-01  1.213665554369877e-03  3.635166731779936e-01 -1.036459204140833e-03  1.000000000000000e+00  0.000000000000000e+00 -1.804196149088961e-01 -1.196741309226012e-02  1.804196149061673e-01  1.196741309239225e-02  1.000000000000000e+00  0.000000000000000e+00 
 1.819700858609992e+07 -3.635075452980282e-01  1.270734914010896e-03  3.635167244381242e-01 -1.085495545892064e-03  1.000000000000000e+00  0.000000000000000e+00 -1.804683846852075e-01 -1.252954685972847e-02  1.804683846911347e-01  1.252954685944659e-02  1.000000000000000e+00  0.000000000000000e+00 
 1.905460717963257e+07 -3.635071058225905e-01  1.330489191673345e-03  3.635167633183137e-01 -1.136848958429967e-03  1.000000000000000e+00  0.000000000000000e+00 -1.805218452998379e-01 -1.311789625089806e-02  1.805218453013425e-01  1.311789625082767e-02  1.000000000000000e+00  0.000000000000000e+00 
 1.995262314968890e+07 -3.635066359100818e-01  1.393055165694465e-03  3.635167882723455e-01 -1.190628170258061e-03  1.000000000000000e+00  0.000000000000000e+00 -1.805804464111286e-01 -1.373365589051429e-02  1.805804464134793e-01  1.373365589039594e-02  1.000000000000000e+00  0.000000000000000e+00 
 2.089296130854050e+07 -3.635061328785576e-01  1.458565604631675e-03  3.635167976807626e-01 -1.246947009279826e-03  1.000000000000000e+00  0.000000000000000e+00 -1.806446804787660e-01 -1.437807068605501e-02  1.806446804835704e-01  1.437807068579581e-02  1.000000000000000e+00  0.000000000000000e+00 
 2.187761623949564e+07 -3.635055937446924e-01  1.527159545275417e-03  3.635167898429735e-01 -1.305924650731763e-03  1.000000000000000e+00  0.000000000000000e+00 -1.807150867722374e-01 -1.505243731564723e-02  1.807150867745240e-01  1.505243731552178e-02  1.000000000000000e+00  0.000000000000000e+00 
 2.290867652767785e+07 -3.635050151956666e-01  1.598982584026156e-03  3.635167629672560e-01 -1.367685876403205e-03  1.000000000000000e+00  0.000000000000000e+00 -1.807922557435628e-01 -1.575810565799668e-02  1.807922557429705e-01  1.575810565803907e-02  1.000000000000000e+00  0.000000000000000e+00 
 2.398832919019503e+07 -3.635043935588718e-01  1.674187182367675e-03  3.635167151587012e-01 -1.432361345463366e-03  1.000000000000000e+00  0.000000000000000e+00 -1.808768337973462e-01 -1.649648014334313e-02  1.808768338019270e-01  1.649648014306207e-02  1.000000000000000e+00  0.000000000000000e+00 
 2.511886431509594e+07 -3.635037247690331e-01  1.752932987155372e-03  3.635166444051745e-01 -1.500087877295637e-03  1.000000000000000e+00  0.000000000000000e+00 -1.809695284901643e-01 -1.726902100086632e-02  1.809695284935667e-01  1.726902100065020e-02  1.000000000000000e+00  0.000000000000000e+00 
 2.630267991895396e+07 -3.635030043323255e-01  1.835387166422562e-03  3.635165485613815e-01 -1.571008746826810e-03  1.000000000000000e+00  0.000000000000000e+00 -1.810711141800345e-01 -1.807724537351306e-02  1.810711141778126e-01  1.807724537367266e-02  1.000000000000000e+00  0.000000000000000e+00 
 2.754228703338182e+07 -3.635022272870301e-01  1.921724761393230e-03  3.635164253311287e-01 -1.645273992929384e-03  1.000000000000000e+00  0.000000000000000e+00 -1.811824381802439e-01 -1.892272826743049e-02  1.811824381798239e-01  1.892272826746819e-02  1.000000000000000e+00  0.000000000000000e+00 
 2.884031503126622e+07 -3.635013881602711e-01  2.012129055381054e-03  3.635162722478336e-01 -1.723040740562763e-03  1.000000000000000e+00  0.000000000000000e+00 -1.813044274519934e-01 -1.980710329746221e-02  1.813044274550734e-01  1.980710329724039e-02  1.000000000000000e+00  0.000000000000000e+00 
 3.019951720402033e+07 -3.635004809203507e-01  2.106791960253995e-03  3.635160866533181e-01 -1.804473537400350e-03  1.000000000000000e+00  0.000000000000000e+00 -1.814380958649331e-01 -2.073206318388243e-02  1.814380958699826e-01  2.073206318349760e-02  1.000000000000000e+00  0.000000000000000e+00 
 3.162277660168397e+07 -3.634994989242177e-01  2.205914421155295e-03  3.635158656748476e-01 -1.889744705759848e-03  1.000000000000000e+00  0.000000000000000e+00 -1.815845520784306e-01 -2.169935994948275e-02  1.815845520823673e-01  2.169935994917147e-02  1.000000000000000e+00  0.000000000000000e+00 
 3.311311214825930e+07 -3.634984348595850e-01  2.309706840194726e-03  3.635156062003446e-01 -1.979034710713318e-03  1.000000000000000e+00  0.000000000000000e+00 -1.817450080822031e-01 -2.271080475803349e-02  1.817450080885695e-01  2.271080475750273e-02  1.000000000000000e+00  0.000000000000000e+00 
 3.467368504525337e+07 -3.634972806812119e-01  2.418389519860340e-03  3.635153048516127e-01 -2.072532545299566e-03  1.000000000000000e+00  0.000000000000000e+00 -1.819207884471834e-01 -2.376826732697408e-02  1.819207884468471e-01  2.376826732701278e-02  1.000000000000000e+00  0.000000000000000e+00 
 3.630780547701035e+07 -3.634960275408515e-01  2.532193126948173e-03  3.635149579553766e-01 -2.170436133797107e-03  1.000000000000000e+00  0.000000000000000e+00 -1.821133403138822e-01 -2.487367483647730e-02  1.821133403121539e-01  2.487367483664594e-02  1.000000000000000e+00  0.000000000000000e+00 
 3.801893963205635e+07 -3.634946657103475e-01  2.651359177864719e-03  3.635145615118687e-01 -2.272952754042057e-03  1.000000000000000e+00  0.000000000000000e+00 -1.823242441888495e-01 -2.602901024807363e-02  1.823242441918740e-01  2.602901024779205e-02  1.000000000000000e+00  0.000000000000000e+00 
 3.981071705534997e+07 -3.634931844973050e-01  2.776140546220511e-03  3.635141111606429e-01 -2.380299479795674e-03  1.000000000000000e+00  0.000000000000000e+00 -1.825552255723435e-01 -2.723630993193846e-02  1.825552255725668e-01  2.723630993192584e-02  1.000000000000000e+00  0.000000000000000e+00 
 4.168693834703380e+07 -3.634915721527302e-01  2.906801993701200e-03  3.635136021432600e-01 -2.492703644184076e-03  1.000000000000000e+00  0.000000000000000e+00 -1.828081674586026e-01 -2.849766048916081e-02  1.828081674599598e-01  2.849766048902872e-02  1.000000000000000e+00  0.000000000000000e+00 
 4.365158322401687e+07 -3.634898157699566e-01  3.043620725271116e-03  3.635130292624474e-01 -2.610403325251363e-03  1.000000000000000e+00  0.000000000000000e+00 -1.830851237667333e-01 -2.981519464161232e-02  1.830851237686827e-01  2.981519464140960e-02  1.000000000000000e+00  0.000000000000000e+00 
 4.570881896148779e+07 -3.634879011740901e-01  3.186886969830715e-03  3.635123868373072e-01 -2.733647854690485e-03  1.000000000000000e+00  0.000000000000000e+00 -1.833883337115314e-01 -3.119108604316538e-02  1.833883337188589e-01  3.119108604233999e-02  1.000000000000000e+00  0.000000000000000e+00 
 4.786300923226414e+07 -3.634858128011194e-01  3.336904587512356e-03  3.635116686541240e-01 -2.862698350845768e-03  1.000000000000000e+00  0.000000000000000e+00 -1.837202371600986e-01 -3.262754285032788e-02  1.837202371657208e-01  3.262754284966939e-02  1.000000000000000e+00  0.000000000000000e+00 
 5.011872336272755e+07 -3.634835335657199e-01  3.493991704855363e-03  3.635108679122963e-01 -2.997828277119808e-03  1.000000000000000e+00  0.000000000000000e+00 -1.840834909721016e-01 -3.412679986830577e-02  1.840834909773944e-01  3.412679986765922e-02  1.000000000000000e+00  0.000000000000000e+00 
 5.248074602497760e+07 -3.634810447166705e-01  3.658481379152208e-03  3.635099771648986e-01 -3.139324026965451e-03  1.000000000000000e+00  0.000000000000000e+00 -1.844809863504904e-01 -3.569110906983952e-02  1.844809863529208e-01  3.569110906953590e-02  1.000000000000000e+00  0.000000000000000e+00 
 5.495408738576282e+07 -3.634783256786682e-01  3.830722293301502e-03  3.635089882533452e-01 -3.287485536702357e-03  1.000000000000000e+00  0.000000000000000e+00 -1.849158671708885e-01 -3.732272825837016e-02  1.849158671754269e-01  3.732272825776738e-02  1.000000000000000e+00  0.000000000000000e+00 
 5.754399373371608e+07 -3.634753538791963e-01  4.011079482541615e-03  3.635078922356110e-01 -3.442626927465600e-03  1.000000000000000e+00  0.000000000000000e+00 -1.853915492764301e-01 -3.902390762547645e-02  1.853915492799522e-01  3.902390762499069e-02  1.000000000000000e+00  0.000000000000000e+00 
 6.025595860743618e+07 -3.634721045589534e-01  4.199935094471124e-03  3.635066793074015e-01 -3.605077177671551e-03  1.000000000000000e+00  0.000000000000000e+00 -1.859117406654214e-01 -4.079687392441075e-02  1.859117406658342e-01  4.079687392436272e-02  1.000000000000000e+00  0.000000000000000e+00 
 6.309573444801975e+07 -3.634685505641964e-01  4.397689183791165e-03  3.635053387156338e-01 -3.775180827471074e-03  1.000000000000000e+00  0.000000000000000e+00 -1.864804624997752e-01 -4.264381195767634e-02  1.864804624966165e-01  4.264381195817720e-02  1.000000000000000e+00  0.000000000000000e+00 
 6.606934480076005e+07 -3.634646621192031e-01  4.604760543229511e-03  3.635038586635327e-01 -3.953298716753562e-03  1.000000000000000e+00  0.000000000000000e+00 -1.871020708032962e-01 -4.456684304826099e-02  1.871020708034004e-01  4.456684304825803e-02  1.000000000000000e+00  0.000000000000000e+00 
 6.918309709189413e+07 -3.634604065768784e-01  4.821587572129256e-03  3.635022262065570e-01 -4.139808758362662e-03  1.000000000000000e+00  0.000000000000000e+00 -1.877812786888631e-01 -4.656800013925889e-02  1.877812786900797e-01  4.656800013906826e-02  1.000000000000000e+00  0.000000000000000e+00 
 7.244359600749952e+07 -3.634557481453497e-01  5.048629184205331e-03  3.635004271383063e-01 -4.335106748289465e-03  1.000000000000000e+00  0.000000000000000e+00 -1.885231788810509e-01 -4.864919913996584e-02  1.885231788803829e-01  4.864919914009819e-02  1.000000000000000e+00  0.000000000000000e+00 
 7.585775750291891e+07 -3.634506475882007e-01  5.286365755990965e-03  3.634984458654630e-01 -4.539607214717409e-03  1.000000000000000e+00  0.000000000000000e+00 -1.893332662614998e-01 -5.081220611672554e-02  1.893332662667500e-01  5.081220611577507e-02  1.000000000000000e+00  0.000000000000000e+00 
 7.943282347242872e+07 -3.634450618957981e-01  5.535300117512995e-03  3.634962652707155e-01 -4.753744307906936e-03  1.000000000000000e+00  0.000000000000000e+00 -1.902174600837058e-01 -5.305859990854753e-02  1.902174600839110e-01  5.305859990852395e-02  1.000000000000000e+00  0.000000000000000e+00 
 8.317637711026771e+07 -3.634389439249053e-01  5.795958586748061e-03  3.634938665624809e-01 -4.977972733026938e-03  1.000000000000000e+00  0.000000000000000e+00 -1.911821253872017e-01 -5.538972973232840e-02  1.911821253916499e-01  5.538972973145070e-02  1.000000000000000e+00  0.000000000000000e+00 
 8.709635899560872e+07 -3.634322420035631e-01  6.068892049421635e-03  3.634912291101425e-01 -5.212768728165082e-03  1.000000000000000e+00  0.000000000000000e+00 -1.922340931127794e-01 -5.780666734771604e-02  1.922340931216807e-01  5.780666734586225e-02  1.000000000000000e+00  0.000000000000000e+00 
 9.120108393559167e+07 -3.634248994979202e-01  6.354677085715387e-03  3.634883302633404e-01 -5.458631089880019e-03  1.000000000000000e+00  0.000000000000000e+00 -1.933806782252404e-01 -6.031015335126483e-02  1.933806782301851e-01  6.031015335019575e-02  1.000000000000000e+00  0.000000000000000e+00 
 9.549925860214433e+07 -3.634168543374122e-01  6.653917145445045e-03  3.634851451537147e-01 -5.716082248797594e-03  1.000000000000000e+00  0.000000000000000e+00 -1.946296950845364e-01 -6.290053720073781e-02  1.946296950895675e-01  6.290053719959957e-02  1.000000000000000e+00  0.000000000000000e+00 
 1.000000000000008e+08 -3.634080384943574e-01  6.967243773257244e-03  3.634816464773226e-01 -5.985669397901230e-03  1.000000000000000e+00  0.000000000000000e+00 -1.959894691594234e-01 -6.557771061404723e-02  1.959894691610913e-01  6.557771061366525e-02  1.000000000000000e+00  0.000000000000000e+00 
 1.047128548050908e+08 -3.633983774136829e-01  7.295317885368744e-03  3.634778042557446e-01 -6.267965676323881e-03  1.000000000000000e+00  0.000000000000000e+00 -1.974688439920121e-01 -6.834103405151049e-02  1.974688439981305e-01  6.834103404999094e-02  1.000000000000000e+00  0.000000000000000e+00 
 1.096478196143194e+08 -3.633877893881088e-01  7.638831099330570e-03  3.634735855736987e-01 -6.563571411619227e-03  1.000000000000000e+00  0.000000000000000e+00 -1.990771822171379e-01 -7.118925609622032e-02  1.990771822178176e-01  7.118925609606205e-02  1.000000000000000e+00  0.000000000000000e+00 
 1.148153621496892e+08 -3.633761848736959e-01  7.998507118241639e-03  3.634689542907306e-01 -6.873115423671408e-03  1.000000000000000e+00  0.000000000000000e+00 -2.008243592049502e-01 -7.412042567328980e-02  2.008243592125050e-01  7.412042567122980e-02  1.000000000000000e+00  0.000000000000000e+00 
 1.202264434617423e+08 -3.633634657401925e-01  8.375103170755280e-03  3.634638707242889e-01 -7.197256393600389e-03  1.000000000000000e+00  0.000000000000000e+00 -2.027207478151092e-01 -7.713179723806068e-02  2.027207478182323e-01  7.713179723718247e-02  1.000000000000000e+00  0.000000000000000e+00 
 1.258925411794178e+08 -3.633495244501364e-01  8.769411508117896e-03  3.634582913012017e-01 -7.536684301232552e-03  1.000000000000000e+00  0.000000000000000e+00 -2.047771924734771e-01 -8.021972927414692e-02  2.047771924771340e-01  8.021972927306617e-02  1.000000000000000e+00  0.000000000000000e+00 
 1.318256738556418e+08 -3.633342431601001e-01  9.182260959341909e-03  3.634521681742462e-01 -7.892121934937931e-03  1.000000000000000e+00  0.000000000000000e+00 -2.070049707575578e-01 -8.337957674040458e-02  2.070049707550987e-01  8.337957674120622e-02  1.000000000000000e+00  0.000000000000000e+00 
 1.380384264602897e+08 -3.633174927369021e-01  9.614518545446258e-03  3.634454488001281e-01 -8.264326477885605e-03  1.000000000000000e+00  0.000000000000000e+00 -2.094157404359363e-01 -8.660557843108783e-02  2.094157404411910e-01  8.660557842937373e-02  1.000000000000000e+00  0.000000000000000e+00 
 1.445439770745940e+08 -3.632991316809618e-01  1.006709115348650e-02  3.634380754747936e-01 -8.654091175041519e-03  1.000000000000000e+00  0.000000000000000e+00 -2.120214699331709e-01 -8.989074063335942e-02  2.120214699366183e-01  8.989074063219077e-02  1.000000000000000e+00  0.000000000000000e+00 
 1.513561248436221e+08 -3.632790049482879e-01  1.054092727083979e-02  3.634299848215171e-01 -9.062247085528054e-03  1.000000000000000e+00  0.000000000000000e+00 -2.148343500549825e-01 -9.322671892071167e-02  2.148343500630632e-01  9.322671891780482e-02  1.000000000000000e+00  0.000000000000000e+00 
 1.584893192461127e+08 -3.632569426618659e-01  1.103701877989997e-02  3.634211072267110e-01 -9.489664925286143e-03  1.000000000000000e+00  0.000000000000000e+00 -2.178666849930979e-01 -9.660370047005223e-02  2.178666849913042e-01  9.660370047076357e-02  1.000000000000000e+00  0.000000000000000e+00 
 1.659586907437575e+08 -3.632327587024063e-01  1.155640281296616e-02  3.634113662178053e-01 -9.937257005328666e-03  1.000000000000000e+00  0.000000000000000e+00 -2.211307606546101e-01 -1.000102898587284e-01  2.211307606551901e-01  1.000102898585273e-01  1.000000000000000e+00  0.000000000000000e+00 
 1.737800828749391e+08 -3.632062491675747e-01  1.210016366666642e-02  3.634006777768940e-01 -1.040597927125146e-02  1.000000000000000e+00  0.000000000000000e+00 -2.246386887916217e-01 -1.034334019426956e-01  2.246386887930928e-01  1.034334019421125e-01  1.000000000000000e+00  0.000000000000000e+00 
 1.819700858610000e+08 -3.631771906879215e-01  1.266943477473697e-02  3.633889495831061e-01 -1.089683345007779e-02  1.000000000000000e+00  0.000000000000000e+00 -2.284022257069055e-01 -1.068581660438681e-01  2.284022257063285e-01  1.068581660441540e-01  1.000000000000000e+00  0.000000000000000e+00 
 1.905460717963264e+08 -3.631453385867576e-01  1.326540073736377e-02  3.633760801758024e-01 -1.141086931095356e-02  1.000000000000000e+00  0.000000000000000e+00 -2.324325650447010e-01 -1.102678463206952e-01  2.324325650476624e-01  1.102678463193697e-01  1.000000000000000e+00  0.000000000000000e+00 
 1.995262314968898e+08 -3.631104248702061e-01  1.388929940457766e-02  3.633619580297675e-01 -1.194918704668896e-02  1.000000000000000e+00  0.000000000000000e+00 -2.367401049439687e-01 -1.136437837667454e-01  2.367401049483474e-01  1.136437837646727e-01  1.000000000000000e+00  0.000000000000000e+00 
 2.089296130854059e+08 -3.630721560325769e-01  1.454242401035990e-02  3.633464605324585e-01 -1.251293978365454e-02  1.000000000000000e+00  0.000000000000000e+00 -2.413341908432152e-01 -1.169653657525881e-01  2.413341908474895e-01  1.169653657504665e-01  1.000000000000000e+00  0.000000000000000e+00 
 2.187761623949573e+08 -3.630302106610753e-01  1.522612535314996e-02  3.633294528521631e-01 -1.310333622809068e-02  1.000000000000000e+00  0.000000000000000e+00 -2.462228364970572e-01 -1.202100293337430e-01  2.462228365023859e-01  1.202100293309582e-01  1.000000000000000e+00  0.000000000000000e+00 
 2.290867652767794e+08 -3.629842368226556e-01  1.594181401733008e-02  3.633107866844890e-01 -1.372164345747633e-02  1.000000000000000e+00  0.000000000000000e+00 -2.514124271623284e-01 -1.233533046121781e-01  2.514124271620654e-01  1.233533046123658e-01  1.000000000000000e+00  0.000000000000000e+00 
 2.398832919019513e+08 -3.629338492146113e-01  1.669096262898085e-02  3.632902988630469e-01 -1.436918986622687e-02  1.000000000000000e+00  0.000000000000000e+00 -2.569074104773112e-01 -1.263689041981681e-01  2.569074104800919e-01  1.263689041965877e-01  1.000000000000000e+00  0.000000000000000e+00 
 2.511886431509604e+08 -3.628786260591885e-01  1.747510813772793e-02  3.632678098183112e-01 -1.504736827564447e-02  1.000000000000000e+00  0.000000000000000e+00 -2.627099822779647e-01 -1.292288642014957e-01  2.627099822781770e-01  1.292288642014112e-01  1.000000000000000e+00  0.000000000000000e+00 
 2.630267991895407e+08 -3.628181057212291e-01  1.829585411482393e-02  3.632431218666066e-01 -1.575763921873118e-02  1.000000000000000e+00  0.000000000000000e+00 -2.688197761710666e-01 -1.319037411190251e-01  2.688197761745909e-01  1.319037411168024e-01  1.000000000000000e+00  0.000000000000000e+00 
 2.754228703338193e+08 -3.627517830264957e-01  1.915487305569463e-02  3.632160173087542e-01 -1.650153441117716e-02  1.000000000000000e+00  0.000000000000000e+00 -2.752335673613133e-01 -1.343628674495935e-01  2.752335673656508e-01  1.343628674467072e-01  1.000000000000000e+00  0.000000000000000e+00 
 2.884031503126634e+08 -3.626791052570326e-01  2.005390867301346e-02  3.631862563151786e-01 -1.728066042054942e-02  1.000000000000000e+00  0.000000000000000e+00 -2.819450024270485e-01 -1.365746668340011e-01  2.819450024265461e-01  1.365746668344113e-01  1.000000000000000e+00  0.000000000000000e+00 
 3.019951720402046e+08 -3.625994677985877e-01  2.099477816391588e-02  3.631535745711700e-01 -1.809670254641420e-02  1.000000000000000e+00  0.000000000000000e+00 -2.889443677264112e-01 -1.385070270242333e-01  2.889443677261471e-01  1.385070270244864e-01  1.000000000000000e+00  0.000000000000000e+00 
 3.162277660168411e+08 -3.625122094138947e-01  2.197937443221294e-02  3.631176806523877e-01 -1.895142892479952e-02  1.000000000000000e+00  0.000000000000000e+00 -2.962184094509127e-01 -1.401277261007773e-01  2.962184094554339e-01  1.401277260972745e-01  1.000000000000000e+00  0.000000000000000e+00 
 3.311311214825944e+08 -3.624166071144244e-01  2.300966824337071e-02  3.630782530966088e-01 -1.984669487102341e-02  1.000000000000000e+00  0.000000000000000e+00 -3.037502179664240e-01 -1.414049042182184e-01  3.037502179703029e-01  1.414049042150631e-01  1.000000000000000e+00  0.000000000000000e+00 
 3.467368504525352e+08 -3.623118706021772e-01  2.408771028657940e-02  3.630349371329969e-01 -2.078444747542585e-02  1.000000000000000e+00  0.000000000000000e+00 -3.115191879398181e-01 -1.423075699427173e-01  3.115191879375080e-01  1.423075699448002e-01  1.000000000000000e+00  0.000000000000000e+00 
 3.630780547701051e+08 -3.621971362522246e-01  2.521563311441117e-02  3.629873410247948e-01 -2.176673046690701e-02  1.000000000000000e+00  0.000000000000000e+00 -3.195010637191888e-01 -1.428061271778144e-01  3.195010637193145e-01  1.428061271777667e-01  1.000000000000000e+00  0.000000000000000e+00 
 3.801893963205651e+08 -3.620714606060415e-01  2.639565292634139e-02  3.629350319751694e-01 -2.279568935931330e-02  1.000000000000000e+00  0.000000000000000e+00 -3.276680765250835e-01 -1.428729060171956e-01  3.276680765281044e-01  1.428729060143328e-01  1.000000000000000e+00  0.000000000000000e+00 
 3.981071705535014e+08 -3.619338133453495e-01  2.763007115777797e-02  3.628775315388768e-01 -2.387357689554020e-02  1.000000000000000e+00  0.000000000000000e+00 -3.359891762620816e-01 -1.424826788965956e-01  3.359891762595307e-01  1.424826788992875e-01  1.000000000000000e+00  0.000000000000000e+00 
 4.168693834703397e+08 -3.617830697161921e-01  2.892127583119081e-02  3.628143104743686e-01 -2.500275880362704e-02  1.000000000000000e+00  0.000000000000000e+00 -3.444303565173134e-01 -1.416131423526986e-01  3.444303565219736e-01  1.416131423477277e-01  1.000000000000000e+00  0.000000000000000e+00 
 4.365158322401705e+08 -3.616180023734585e-01  3.027174262047653e-02  3.627447829617660e-01 -2.618571987795458e-02  1.000000000000000e+00  0.000000000000000e+00 -3.529550667047459e-01 -1.402453447355385e-01  3.529550667059273e-01  1.402453447342683e-01  1.000000000000000e+00  0.000000000000000e+00 
 4.570881896148798e+08 -3.614372726171021e-01  3.168403557384066e-02  3.626683001016922e-01 -2.742507039674795e-02  1.000000000000000e+00  0.000000000000000e+00 -3.615247004632416e-01 -1.383640415602060e-01  3.615247004651106e-01  1.383640415580259e-01  1.000000000000000e+00  0.000000000000000e+00 
 4.786300923226434e+08 -3.612394209930104e-01  3.316080743427847e-02  3.625841425981159e-01 -2.872355288420856e-02  1.000000000000000e+00  0.000000000000000e+00 -3.700991453417830e-01 -1.359579626213074e-01  3.700991453445700e-01  1.359579626178146e-01  1.000000000000000e+00  0.000000000000000e+00 
 5.011872336272776e+08 -3.610228572339325e-01  3.470479949023773e-02  3.624915125149500e-01 -3.008404922147072e-02  1.000000000000000e+00  0.000000000000000e+00 -3.786373749183741e-01 -1.330199787116465e-01  3.786373749207987e-01  1.330199787084332e-01  1.000000000000000e+00  0.000000000000000e+00 
 5.248074602497782e+08 -3.607858495192678e-01  3.631884088235390e-02  3.623895239811418e-01 -3.150958810487255e-02  1.000000000000000e+00  0.000000000000000e+00 -3.870980620140614e-01 -1.295471602874072e-01  3.870980620166997e-01  1.295471602836795e-01  1.000000000000000e+00  0.000000000000000e+00 
 5.495408738576305e+08 -3.605265130368585e-01  3.800584728536769e-02  3.622771927020915e-01 -3.300335284231652e-02  1.000000000000000e+00  0.000000000000000e+00 -3.954401902240821e-01 -1.255407255723280e-01  3.954401902264396e-01  1.255407255687908e-01  1.000000000000000e+00  0.000000000000000e+00 
 5.754399373371632e+08 -3.602427978354558e-01  3.976881887765150e-02  3.621534241165426e-01 -3.456868946829391e-02  1.000000000000000e+00  0.000000000000000e+00 -4.036236409700573e-01 -1.210058809423311e-01  4.036236409708744e-01  1.210058809411013e-01  1.000000000000000e+00  0.000000000000000e+00 
 6.025595860743644e+08 -3.599324759632081e-01  4.161083750437432e-02  3.620170000173731e-01 -3.620911514484439e-02  1.000000000000000e+00  0.000000000000000e+00 -4.116097346530880e-01 -1.159515615771651e-01  4.116097346546811e-01  1.159515615744762e-01  1.000000000000000e+00  0.000000000000000e+00 
 6.309573444802003e+08 -3.595931278955276e-01  4.353506293450379e-02  3.618665634321309e-01 -3.792832679862426e-02  1.000000000000000e+00  0.000000000000000e+00 -4.193617071098207e-01 -1.103900849344968e-01  4.193617071093904e-01  1.103900849354526e-01  1.000000000000000e+00  0.000000000000000e+00 
 6.606934480076034e+08 -3.592221282649550e-01  4.554472810689047e-02  3.617006015347032e-01 -3.973020992252281e-02  1.000000000000000e+00  0.000000000000000e+00 -4.268451061629265e-01 -1.043367333176129e-01  4.268451061628865e-01  1.043367333178439e-01  1.000000000000000e+00  0.000000000000000e+00 
 6.918309709189442e+08 -3.588166309161832e-01  4.764313325697722e-02  3.615174263334590e-01 -4.161884744294046e-02  1.000000000000000e+00  0.000000000000000e+00 -4.340280974704609e-01 -9.780928432240900e-02  4.340280974705295e-01  9.780928432241882e-02  1.000000000000000e+00  0.000000000000000e+00 
 7.244359600749983e+08 -3.583735533210277e-01  4.983363881366455e-02  3.613151528539587e-01 -4.359852851982346e-02  1.000000000000000e+00  0.000000000000000e+00 -4.408816734744880e-01 -9.082750935676130e-02  4.408816734750712e-01  9.082750935553953e-02  1.000000000000000e+00  0.000000000000000e+00 
 7.585775750291924e+08 -3.578895604006110e-01  5.211965695600869e-02  3.610916745064736e-01 -4.567375710460288e-02  1.000000000000000e+00  0.000000000000000e+00 -4.473797639976441e-01 -8.341266049064233e-02  4.473797639976805e-01  8.341266049073812e-02  1.000000000000000e+00  0.000000000000000e+00 
 7.943282347242906e+08 -3.573610478149212e-01  5.450464172224535e-02  3.608446353010192e-01 -4.784926002994921e-02  1.000000000000000e+00  0.000000000000000e+00 -4.534992513263750e-01 -7.558696494611714e-02  4.534992513269065e-01  7.558696494480552e-02  1.000000000000000e+00  0.000000000000000e+00 
 8.317637711026806e+08 -3.567841247925853e-01  5.699207756961408e-02  3.605713985466326e-01 -5.012999434326362e-02  1.000000000000000e+00  0.000000000000000e+00 -4.592198964056598e-01 -6.737314459069040e-02  4.592198964070847e-01  6.737314458641651e-02  1.000000000000000e+00  0.000000000000000e+00 
 8.709635899560907e+08 -3.561545965852971e-01  5.958546629306330e-02  3.602690116489181e-01 -5.252115352156955e-02  1.000000000000000e+00  0.000000000000000e+00 -4.645241857187327e-01 -5.879397524191166e-02  4.645241857195394e-01  5.879397523932595e-02  1.000000000000000e+00  0.000000000000000e+00 
 9.120108393559203e+08 -3.554679466407245e-01  6.228831222448516e-02  3.599341666026598e-01 -5.502817211742800e-02  1.000000000000000e+00  0.000000000000000e+00 -4.693971105672411e-01 -4.987189757677751e-02  4.693971105672174e-01  4.987189757715989e-02  1.000000000000000e+00  0.000000000000000e+00 
 9.549925860214471e+08 -3.547193185933763e-01  6.510410565179051e-02  3.595631557674016e-01 -5.765672828227109e-02  1.000000000000000e+00  0.000000000000000e+00 -4.738258917365620e-01 -4.062868827205401e-02  4.738258917367654e-01  4.062868827146149e-02  1.000000000000000e+00  0.000000000000000e+00 
 1.000000000000012e+09 -3.539034981730860e-01  6.803630441870473e-02  3.591518225168689e-01 -6.041274349397865e-02  1.000000000000000e+00  0.000000000000000e+00 -4.777996629787367e-01 -3.108519693938511e-02  4.777996629791498e-01  3.108519693758979e-02  1.000000000000000e+00  0.000000000000000e+00 
 1.047128548050912e+09 -3.530148951232568e-01  7.108831369096612e-02  3.586955063723123e-01 -6.330237867886893e-02  1.000000000000000e+00  0.000000000000000e+00 -4.813091265275141e-01 -2.126115159523095e-02  4.813091265276594e-01  2.126115159477382e-02  1.000000000000000e+00  0.000000000000000e+00 
 1.096478196143198e+09 -3.520475252034352e-01  7.426346390132230e-02  3.581889822704035e-01 -6.633202576445095e-02  1.000000000000000e+00  0.000000000000000e+00 -4.843461931158239e-01 -1.117503294121788e-02  4.843461931159229e-01  1.117503294101301e-02  1.000000000000000e+00  0.000000000000000e+00 
 1.148153621496897e+09 -3.509949923204521e-01  7.756498691212983e-02  3.576263936842582e-01 -6.950829352913095e-02  1.000000000000000e+00  0.000000000000000e+00 -4.869036178271015e-01 -8.440157447011376e-04  4.869036178272581e-01  8.440157438441287e-04  1.000000000000000e+00  0.000000000000000e+00 
 1.202264434617427e+09 -3.498504707866918e-01  8.099599045715836e-02  3.570011794182518e-01 -7.283798643069182e-02  1.000000000000000e+00  0.000000000000000e+00 -4.889746417493346e-01  9.716025883286739e-03  4.889746417495296e-01 -9.716025885088270e-03  1.000000000000000e+00  0.000000000000000e+00 
 1.258925411794183e+09 -3.486066876405899e-01  8.455943093870175e-02  3.563059940409142e-01 -7.632807490048125e-02  1.000000000000000e+00  0.000000000000000e+00 -4.905526479745693e-01  2.049045358224094e-02  4.905526479745728e-01 -2.049045358043580e-02  1.000000000000000e+00  0.000000000000000e+00 
 1.318256738556423e+09 -3.472559048815452e-01  8.825808465607615e-02  3.555326221131375e-01 -7.998565539061440e-02  1.000000000000000e+00  0.000000000000000e+00 -4.916308390775894e-01  3.146574508692283e-02  4.916308390776625e-01 -3.146574508708105e-02  1.000000000000000e+00  0.000000000000000e+00 
 1.380384264602902e+09 -3.457899013685065e-01  9.209451751905316e-02  3.546718866188633e-01 -8.381789826524239e-02  1.000000000000000e+00  0.000000000000000e+00 -4.922019419471274e-01  4.262932503098460e-02  4.922019419471977e-01 -4.262932503105647e-02  1.000000000000000e+00  0.000000000000000e+00 
 1.445439770745945e+09 -3.441999540099992e-01  9.607105324502238e-02  3.537135523194437e-01 -8.783198144494515e-02  1.000000000000000e+00  0.000000000000000e+00 -4.922579447330434e-01  5.396935135086631e-02  4.922579447330792e-01 -5.396935135153876e-02  1.000000000000000e+00  0.000000000000000e+00 
 1.513561248436227e+09 -3.424768177374248e-01  1.001897399403523e-01  3.526462251367034e-01 -9.203500755937888e-02  1.000000000000000e+00  0.000000000000000e+00 -4.917898698421957e-01  6.547446236068621e-02  4.917898698421702e-01 -6.547446236184146e-02  1.000000000000000e+00  0.000000000000000e+00 
 1.584893192461133e+09 -3.406107036110923e-01  1.044523148120395e-01  3.514572491267950e-01 -9.643390225426263e-02  1.000000000000000e+00  0.000000000000000e+00 -4.907875862763095e-01  7.713348923019166e-02  4.907875862763740e-01 -7.713348923025062e-02  1.000000000000000e+00  0.000000000000000e+00 
 1.659586907437582e+09 -3.385912542722879e-01  1.088601665324120e-01  3.501326031374532e-01 -1.010352912542342e-01  1.000000000000000e+00  0.000000000000000e+00 -4.892396642323620e-01  8.893513834032993e-02  4.892396642324779e-01 -8.893513834002849e-02  1.000000000000000e+00  0.000000000000000e+00 
 1.737800828749398e+09 -3.364075158433795e-01  1.134142944754472e-01  3.486567998408847e-01 -1.058453538248545e-01  1.000000000000000e+00  0.000000000000000e+00 -4.871332747164304e-01  1.008676477445432e-01  4.871332747163472e-01 -1.008676477453998e-01  1.000000000000000e+00  0.000000000000000e+00 
 1.819700858610007e+09 -3.340479053166696e-01  1.181152636489145e-01  3.470127904937980e-01 -1.108696504283304e-01  1.000000000000000e+00  0.000000000000000e+00 -4.844541369356984e-01  1.129184218117931e-01  4.844541369357006e-01 -1.129184218121151e-01  1.000000000000000e+00  0.000000000000000e+00 
 1.905460717963272e+09 -3.315001724936982e-01  1.229631536578945e-01  3.451818794789089e-01 -1.161129226514808e-01  1.000000000000000e+00  0.000000000000000e+00 -4.811865163896499e-01  1.250736481420973e-01  4.811865163898497e-01 -1.250736481415763e-01  1.000000000000000e+00  0.000000000000000e+00 
 1.995262314968905e+09 -3.287513556791211e-01  1.279574994561420e-01  3.431436534062002e-01 -1.215788639226727e-01  1.000000000000000e+00  0.000000000000000e+00 -4.773132768239819e-01  1.373179010672793e-01  4.773132768239150e-01 -1.373179010677641e-01  1.000000000000000e+00  0.000000000000000e+00 
 2.089296130854067e+09 -3.257877306418815e-01  1.330972209874198e-01  3.408759302677566e-01 -1.272698601447366e-01  1.000000000000000e+00  0.000000000000000e+00 -4.728159894826765e-01  1.496337364625791e-01  4.728159894827429e-01 -1.496337364625910e-01  1.000000000000000e+00  0.000000000000000e+00 
 2.187761623949581e+09 -3.225947528792704e-01  1.383805381194481e-01  3.383547348118808e-01 -1.331867001654358e-01  1.000000000000000e+00  0.000000000000000e+00 -4.676751033343186e-01  1.620012832592104e-01  4.676751033343090e-01 -1.620012832594326e-01  1.000000000000000e+00  0.000000000000000e+00 
 2.290867652767803e+09 -3.191569940041599e-01  1.438048665767599e-01  3.355543068904199e-01 -1.393282569906546e-01  1.000000000000000e+00  0.000000000000000e+00 -4.618701800774279e-01  1.743978379932137e-01  4.618701800779706e-01 -1.743978379920259e-01  1.000000000000000e+00  0.000000000000000e+00 
 2.398832919019522e+09 -3.154580741637076e-01  1.493666899546141e-01  3.324471499953325e-01 -1.456911418138508e-01  1.000000000000000e+00  0.000000000000000e+00 -4.553801976846681e-01  1.867974698424132e-01  4.553801976851543e-01 -1.867974698414661e-01  1.000000000000000e+00  0.000000000000000e+00 
 2.511886431509614e+09 -3.114805938176879e-01  1.550614024354495e-01  3.290041274941702e-01 -1.522693342750563e-01  1.000000000000000e+00  0.000000000000000e+00 -4.481839259270254e-01  1.991706450139593e-01  4.481839259268759e-01 -1.991706450144107e-01  1.000000000000000e+00  0.000000000000000e+00 
 2.630267991895417e+09 -3.072060699633189e-01  1.608831166447966e-01  3.251946141596890e-01 -1.590537938514878e-01  1.000000000000000e+00  0.000000000000000e+00 -4.402603766675840e-01  2.114838808519401e-01  4.402603766673287e-01 -2.114838808525506e-01  1.000000000000000e+00  0.000000000000000e+00 
 2.754228703338203e+09 -3.026148839673111e-01  1.668244313058004e-01  3.209867104315610e-01 -1.660320588903676e-01  1.000000000000000e+00  0.000000000000000e+00 -4.315893306273482e-01  2.236994417009452e-01  4.315893306276006e-01 -2.236994417006291e-01  1.000000000000000e+00  0.000000000000000e+00 
 2.884031503126645e+09 -2.976862504908738e-01  1.728761541225936e-01  3.163475264195691e-01 -1.731878414891445e-01  1.000000000000000e+00  0.000000000000000e+00 -4.221519407389400e-01  2.357750902199394e-01  4.221519407384368e-01 -2.357750902208402e-01  1.000000000000000e+00  0.000000000000000e+00 
 3.019951720402058e+09 -2.923982194567793e-01  1.790269767856748e-01  3.112435419347617e-01 -1.805006281740478e-01  1.000000000000000e+00  0.000000000000000e+00 -4.119314100543836e-01  2.476639093927258e-01  4.119314100548324e-01 -2.476639093921753e-01  1.000000000000000e+00  0.000000000000000e+00 
 3.162277660168423e+09 -2.867277254410247e-01  1.852631012768103e-01  3.056410477980350e-01 -1.879452980912233e-01  1.000000000000000e+00  0.000000000000000e+00 -4.009137394377877e-01  2.593142117499432e-01  4.009137394378924e-01 -2.593142117498941e-01  1.000000000000000e+00  0.000000000000000e+00 
 3.311311214825957e+09 -2.806507010484800e-01  1.915678198550124e-01  2.995066723035381e-01 -1.954917721745157e-01  1.000000000000000e+00  0.000000000000000e+00 -3.890885368943905e-01  2.706695532302151e-01  3.890885368947123e-01 -2.706695532299060e-01  1.000000000000000e+00  0.000000000000000e+00 
 3.467368504525365e+09 -2.741422724688857e-01  1.979210552743062e-01  2.928079949794287e-01 -2.031047084598664e-01  1.000000000000000e+00  0.000000000000000e+00 -3.764498765008925e-01  2.816688692710741e-01  3.764498765011106e-01 -2.816688692709062e-01  1.000000000000000e+00  0.000000000000000e+00 
 3.630780547701065e+09 -2.671770561756079e-01  2.042988728877691e-01  2.855142476509507e-01 -2.107432603430752e-01  1.000000000000000e+00  0.000000000000000e+00 -3.629971904890159e-01  2.922467501628306e-01  3.629971904893679e-01 -2.922467501625398e-01  1.000000000000000e+00  0.000000000000000e+00 
 3.801893963205667e+09 -2.597295752624169e-01  2.106729822001004e-01  2.775971002151840e-01 -2.183609160753742e-01  1.000000000000000e+00  0.000000000000000e+00 -3.487361733688207e-01  3.023338710041520e-01  3.487361733689575e-01 -3.023338710040875e-01  1.000000000000000e+00  0.000000000000000e+00 
 3.981071705535030e+09 -2.517748118465110e-01  2.170102518903320e-01  2.690315254136602e-01 -2.259054390818219e-01  1.000000000000000e+00  0.000000000000000e+00 -3.336796722192975e-01  3.118575887375289e-01  3.336796722196076e-01 -3.118575887373231e-01  1.000000000000000e+00  0.000000000000000e+00 
 4.168693834703414e+09 -2.432889079647684e-01  2.232722689461250e-01  2.597967331632429e-01 -2.333189296489898e-01  1.000000000000000e+00  0.000000000000000e+00 -3.178485327901402e-01  3.207427144960839e-01  3.178485327905373e-01 -3.207427144958301e-01  1.000000000000000e+00  0.000000000000000e+00 
 4.365158322401723e+09 -2.342500212007973e-01  2.294149787948818e-01  2.498771606141925e-01 -2.405380289809414e-01  1.000000000000000e+00  0.000000000000000e+00 -3.012723671901932e-01  3.289124638699991e-01  3.012723671905616e-01 -3.289124638697908e-01  1.000000000000000e+00  0.000000000000000e+00 
 4.570881896148817e+09 -2.246393327857121e-01  2.353884485106814e-01  2.392634990234964e-01 -2.474942863195738e-01  1.000000000000000e+00  0.000000000000000e+00 -2.839902061444219e-01  3.362895807180845e-01  2.839902061447099e-01 -3.362895807179487e-01  1.000000000000000e+00  0.000000000000000e+00 
 4.786300923226454e+09 -2.144421951974222e-01  2.411367985374291e-01  2.279537328128738e-01 -2.541147084565953e-01  1.000000000000000e+00  0.000000000000000e+00 -2.660509974978343e-01  3.427976220309288e-01  2.660509974980240e-01 -3.427976220308638e-01  1.000000000000000e+00  0.000000000000000e+00 
 5.011872336272797e+09 -2.036493936814607e-01  2.465983490618996e-01  2.159541599910932e-01 -2.603225081745001e-01  1.000000000000000e+00  0.000000000000000e+00 -2.475139132605724e-01  3.483623824175943e-01  2.475139132606873e-01 -3.483623824175752e-01  1.000000000000000e+00  0.000000000000000e+00 
 5.248074602497804e+09 -1.922584822756452e-01  2.517060243904593e-01  2.032803567783272e-01 -2.660380635823992e-01  1.000000000000000e+00  0.000000000000000e+00 -2.284484303522850e-01  3.529134275323610e-01  2.284484303523621e-01 -3.529134275323625e-01  1.000000000000000e+00  0.000000000000000e+00 
 5.495408738576327e+09 -1.802751408102150e-01  2.563880517674859e-01  1.899580432717140e-01 -2.711800936548991e-01  1.000000000000000e+00  0.000000000000000e+00 -2.089341555168110e-01  3.563856967976567e-01  2.089341555174498e-01 -3.563856967974566e-01  1.000000000000000e+00  0.000000000000000e+00 
 5.754399373371655e+09 -1.677144862460236e-01  2.605689796326508e-01  1.760238020081519e-01 -2.756670463685269e-01  1.000000000000000e+00  0.000000000000000e+00 -1.890603726586582e-01  3.587211278194999e-01  1.890603726591297e-01 -3.587211278193873e-01  1.000000000000000e+00  0.000000000000000e+00 
 6.025595860743669e+09 -1.546022611031039e-01  2.641710243672868e-01  1.615255981263622e-01 -2.794186847123303e-01  1.000000000000000e+00  0.000000000000000e+00 -1.689253008821924e-01  3.598702486734767e-01  1.689253008825981e-01 -3.598702486734066e-01  1.000000000000000e+00  0.000000000000000e+00 
 6.309573444802029e+09 -1.409758152052924e-01  2.671157346685995e-01  1.465230493845644e-01 -2.823578428802842e-01  1.000000000000000e+00  0.000000000000000e+00 -1.486350633711639e-01  3.597936804391796e-01  1.486350633715866e-01 -3.597936804391293e-01  1.000000000000000e+00  0.000000000000000e+00 
 6.606934480076061e+09 -1.268847960011701e-01  2.693259399430631e-01  1.310873973795008e-01 -2.844123108385266e-01  1.000000000000000e+00  0.000000000000000e+00 -1.283023802160237e-01  3.584634915523105e-01  1.283023802164446e-01 -3.584634915522846e-01  1.000000000000000e+00  0.000000000000000e+00 
 6.918309709189471e+09 -1.123914684550868e-01  2.707279252289894e-01  1.153011385640501e-01 -2.855167912610497e-01  1.000000000000000e+00  0.000000000000000e+00 -1.080450115651201e-01  3.558643480486920e-01  1.080450115656150e-01 -3.558643480486863e-01  1.000000000000000e+00  0.000000000000000e+00 
 7.244359600750012e+09 -9.757059849653056e-02  2.712537523050971e-01  9.925728534541091e-02 -2.856148598959548e-01  1.000000000000000e+00  0.000000000000000e+00 -8.798399005420329e-02  3.519944096709949e-01  8.798399005484850e-02 -3.519944096710194e-01  1.000000000000000e+00  0.000000000000000e+00 
 7.585775750291955e+09 -8.250885406465884e-02  2.708436272226066e-01  8.305824344638657e-02 -2.846608502707942e-01  1.000000000000000e+00  0.000000000000000e+00 -6.824169240063423e-02  3.468659308455306e-01  6.824169240126324e-02 -3.468659308455936e-01  1.000000000000000e+00  0.000000000000000e+00 
 7.943282347242938e+09 -6.730370380923685e-02  2.694482008603977e-01  6.681431104724572e-02 -2.826215777412356e-01  1.000000000000000e+00  0.000000000000000e+00 -4.893980847035970e-02  3.405055371639678e-01  4.893980847092343e-02 -3.405055371640624e-01  1.000000000000000e+00  0.000000000000000e+00 
 8.317637711026839e+09 -5.206182358822545e-02  2.670306831910355e-01  5.064182666111033e-02 -2.794778174346695e-01  1.000000000000000e+00  0.000000000000000e+00 -3.019727138279881e-02  3.329541614171618e-01  3.019727138323281e-02 -3.329541614172681e-01  1.000000000000000e+00  0.000000000000000e+00 
 8.709635899560942e+09 -3.689705244653121e-02  2.635686549775786e-01  3.466101445864976e-02 -2.752254563512743e-01  1.000000000000000e+00  0.000000000000000e+00 -1.212821394007931e-02  3.242666374477782e-01  1.212821394079511e-02 -3.242666374479884e-01  1.000000000000000e+00  0.000000000000000e+00 
 9.120108393559240e+09 -2.192796982106673e-02  2.590554728481625e-01  1.899359584281490e-02 -2.698762518141987e-01  1.000000000000000e+00  0.000000000000000e+00  5.159985174597162e-03  3.145109640775648e-01 -5.159985174063181e-03 -3.145109640777661e-01  1.000000000000000e+00  0.000000000000000e+00 
 9.549925860214510e+09 -7.275191380322187e-03  2.535011843068280e-01  3.760252515021226e-03 -2.634581459376481e-01  1.000000000000000e+00  0.000000000000000e+00  2.156850710761140e-02  3.037672641449245e-01 -2.156850710709063e-02 -3.037672641451614e-01  1.000000000000000e+00  0.000000000000000e+00 
 1.000000000000016e+10  6.941500297261295e-03  2.469328964396673e-01 -1.092196257247891e-02 -2.560151074635098e-01  1.000000000000000e+00  0.000000000000000e+00  3.700869993730910e-02  2.921264744550447e-01 -3.700869993679249e-02 -2.921264744553221e-01  1.000000000000000e+00  0.000000000000000e+00 
 1.047128548050916e+10  2.060606375224739e-02  2.393945733279272e-01 -2.494216519573790e-02 -2.476064963580216e-01  1.000000000000000e+00  0.000000000000000e+00  5.140344639150389e-02  2.796888106373860e-01 -5.140344639087974e-02 -2.796888106377701e-01  1.000000000000000e+00  0.000000000000000e+00 
 1.096478196143202e+10  3.360901790038287e-02  2.309462695681731e-01 -3.819803153094000e-02 -2.383059708684569e-01  1.000000000000000e+00  0.000000000000000e+00  6.468826217843424e-02  2.665620562725470e-01 -6.468826217792224e-02 -2.665620562729163e-01  1.000000000000000e+00  0.000000000000000e+00 
 1.148153621496901e+10  4.585005286474503e-02  2.216628379406427e-01 -5.059795058002518e-02 -2.281999792716309e-01  1.000000000000000e+00  0.000000000000000e+00  7.681210591695395e-02  2.528597282235332e-01 -7.681210591649748e-02 -2.528597282239141e-01  1.000000000000000e+00  0.000000000000000e+00 
 1.202264434617432e+10  5.724032813156249e-02  2.116321756896021e-01 -6.206286004948156e-02 -2.173858975738201e-01  1.000000000000000e+00  0.000000000000000e+00  8.773789210361153e-02  2.386991701821633e-01 -8.773789210319229e-02 -2.386991701825651e-01  1.000000000000000e+00  0.000000000000000e+00 
 1.258925411794188e+10  6.770437480631294e-02  2.009530943044904e-01 -7.252770588886143e-02 -2.059698887315431e-01  1.000000000000000e+00  0.000000000000000e+00  9.744270794710175e-02  2.241996244838739e-01 -9.744270794666866e-02 -2.241996244843439e-01  1.000000000000000e+00  0.000000000000000e+00 
 1.318256738556429e+10  7.718154314273110e-02  1.897329111672685e-01 -8.194248539389744e-02 -1.940645679466946e-01  1.000000000000000e+00  0.000000000000000e+00  1.059177429093116e-01  2.094803288195451e-01 -1.059177429089164e-01 -2.094803288200366e-01  1.000000000000000e+00  0.000000000000000e+00 
 1.380384264602907e+10  8.562696202791215e-02  1.780848678266662e-01 -9.027285402361160e-02 -1.817865622299925e-01  1.000000000000000e+00  0.000000000000000e+00  1.131679463384039e-01  1.946586801317123e-01 -1.131679463380591e-01 -1.946586801322065e-01  1.000000000000000e+00  0.000000000000000e+00 
 1.445439770745951e+10  9.301200176236259e-02  1.661254795249262e-01 -9.750029545428024e-02 -1.692540511907649e-01  1.000000000000000e+00  0.000000000000000e+00  1.192114337547046e-01  1.798485032030288e-01 -1.192114337544333e-01 -1.798485032034854e-01  1.000000000000000e+00  0.000000000000000e+00 
 1.513561248436233e+10  9.932425376297754e-02  1.539719149620905e-01 -1.036218718262273e-01 -1.565843706915800e-01  1.000000000000000e+00  0.000000000000000e+00  1.240786663827499e-01  1.651584565626084e-01 -1.240786663825028e-01 -1.651584565630905e-01  1.000000000000000e+00  0.000000000000000e+00 
 1.584893192461140e+10  1.045670597512430e-01  1.417394954034747e-01 -1.086495859491516e-01 -1.438917525491910e-01  1.000000000000000e+00  0.000000000000000e+00  1.278114316859262e-01  1.506906035349075e-01 -1.278114316857131e-01 -1.506906035353979e-01  1.000000000000000e+00  0.000000000000000e+00 
 1.659586907437588e+10  1.087586380734972e-01  1.295393894181241e-01 -1.126093990891291e-01 -1.312852628174213e-01  1.000000000000000e+00  0.000000000000000e+00  1.304616552154393e-01  1.365391715642522e-01 -1.304616552152722e-01 -1.365391715647202e-01  1.000000000000000e+00  0.000000000000000e+00 
 1.737800828749405e+10  1.119308659377723e-01  1.174765649621122e-01 -1.155399568119017e-01 -1.188669891992364e-01  1.000000000000000e+00  0.000000000000000e+00  1.320900762134652e-01  1.227895182867263e-01 -1.320900762133355e-01 -1.227895182871793e-01  1.000000000000000e+00  0.000000000000000e+00 
 1.819700858610014e+10  1.141277837183778e-01  1.056480451712285e-01 -1.174910813270224e-01 -1.067305154964422e-01  1.000000000000000e+00  0.000000000000000e+00  1.327648211870389e-01  1.095173180431158e-01 -1.327648211869348e-01 -1.095173180435786e-01  1.000000000000000e+00  0.000000000000000e+00 
 1.905460717963279e+10  1.154038914022138e-01  9.414149886167675e-02 -1.185220920785202e-01 -9.495970825073030e-02  1.000000000000000e+00  0.000000000000000e+00  1.325599110478081e-01  9.678797748950096e-02 -1.325599110477389e-01 -9.678797748993523e-02  1.000000000000000e+00  0.000000000000000e+00 
 1.995262314968913e+10  1.158223081136221e-01  8.303418191778648e-02 -1.187000171956791e-01 -8.362782826606761e-02  1.000000000000000e+00  0.000000000000000e+00  1.315537382482651e-01  8.465628357538718e-02 -1.315537382482222e-01 -8.465628357581188e-02  1.000000000000000e+00  0.000000000000000e+00 
 2.089296130854075e+10  1.154528638404955e-01  7.239223188942993e-02 -1.180977570780134e-01 -7.279696785372414e-02  1.000000000000000e+00  0.000000000000000e+00  1.298275504302834e-01  7.316628142909910e-02 -1.298275504302694e-01 -7.316628142947976e-02  1.000000000000000e+00  0.000000000000000e+00 
 2.187761623949590e+10  1.143701883552817e-01  6.227030555289616e-02 -1.167922580540944e-01 -6.251780369093303e-02  1.000000000000000e+00  0.000000000000000e+00  1.274639762203125e-01  6.235137373462998e-02 -1.274639762203192e-01 -6.235137373499409e-02  1.000000000000000e+00  0.000000000000000e+00 
 2.290867652767812e+10  1.126518562281727e-01  5.271153817815057e-02 -1.148627489415657e-01 -5.282964540200205e-02  1.000000000000000e+00  0.000000000000000e+00  1.245456267835357e-01  5.223462723528673e-02 -1.245456267835607e-01 -5.223462723563527e-02  1.000000000000000e+00  0.000000000000000e+00 
 2.398832919019532e+10  1.103766391207037e-01  4.374779402897666e-02 -1.123890866928802e-01 -4.376075161915920e-02  1.000000000000000e+00  0.000000000000000e+00  1.211538035039903e-01  4.282926636533142e-02 -1.211538035040310e-01 -4.282926636564881e-02  1.000000000000000e+00  0.000000000000000e+00 
 2.511886431509623e+10  1.076229076087159e-01  3.540017039976068e-02 -1.094502494379372e-01 -3.532887860169440e-02  1.000000000000000e+00  0.000000000000000e+00  1.173673377237140e-01  3.413932904427650e-02 -1.173673377237679e-01 -3.413932904457550e-02  1.000000000000000e+00  0.000000000000000e+00 
 2.630267991895427e+10  1.044672150357761e-01  2.767971240806045e-02 -1.061230064928095e-01 -2.754202168165574e-02  1.000000000000000e+00  0.000000000000000e+00  1.132615830145336e-01  2.616045570494663e-02 -1.132615830145970e-01 -2.616045570521551e-02  1.000000000000000e+00  0.000000000000000e+00 
 2.754228703338214e+10  1.009830857979684e-01  2.058829288092332e-02 -1.024807857096347e-01 -2.039930698127341e-02  1.000000000000000e+00  0.000000000000000e+00  1.089075742476805e-01  1.888077994216111e-02 -1.089075742477539e-01 -1.888077994242138e-02  1.000000000000000e+00  0.000000000000000e+00 
 2.884031503126656e+10  9.724002047957808e-02  1.411961096033337e-02 -9.859274934433319e-02 -1.389199002821367e-02  1.000000000000000e+00  0.000000000000000e+00  1.043713611287753e-01  1.228188793965754e-02 -1.043713611288555e-01 -1.228188793989917e-02  1.000000000000000e+00  0.000000000000000e+00 
 3.019951720402069e+10  9.330272085148900e-02  8.260264363618987e-03 -9.452308086089695e-02 -8.004518981426043e-03  1.000000000000000e+00  0.000000000000000e+00  9.971351727835474e-02  6.339814109233942e-03 -9.971351727843747e-02 -6.339814109447928e-03  1.000000000000000e+00  0.000000000000000e+00 
 3.162277660168435e+10  8.923052931374161e-02  2.990853315754962e-03 -9.033047717707089e-02 -2.715622961781294e-03  1.000000000000000e+00  0.000000000000000e+00  9.498881975397830e-02  1.026042084653593e-03 -9.498881975406447e-02 -1.026042084851444e-03  1.000000000000000e+00  0.000000000000000e+00 
 3.311311214825969e+10  8.507707023081415e-02 -1.712921318531176e-03 -8.606783411375749e-02  2.000609848043775e-03  1.000000000000000e+00  0.000000000000000e+00  9.024608847237861e-02 -3.691516835990458e-03 -9.024608847246472e-02  3.691516835814177e-03  1.000000000000000e+00  0.000000000000000e+00 
 3.467368504525378e+10  8.089007498657576e-02 -5.879197633654188e-03 -8.178210746543413e-02  6.173694482383132e-03  1.000000000000000e+00  0.000000000000000e+00  8.552817056059225e-02 -7.847591785370072e-03 -8.552817056067924e-02  7.847591785208236e-03  1.000000000000000e+00  0.000000000000000e+00 
 3.630780547701078e+10  7.671136857246942e-02 -9.538955794914653e-03 -7.751432827356060e-02  9.835776194228103e-03  1.000000000000000e+00  0.000000000000000e+00  8.087205140420028e-02 -1.147868638032002e-02 -8.087205140428803e-02  1.147868638017001e-02  1.000000000000000e+00  0.000000000000000e+00 
 3.801893963205680e+10  7.257699310045161e-02 -1.272510409803929e-02 -7.329974855923141e-02  1.302074049810751e-02  1.000000000000000e+00  0.000000000000000e+00  7.630907212375457e-02 -1.462229328343681e-02 -7.630907212384019e-02  1.462229328330220e-02  1.000000000000000e+00  0.000000000000000e+00 
 3.981071705535044e+10  6.851744268547004e-02 -1.547166123235073e-02 -6.916809285595769e-02  1.576341868065522e-02  1.000000000000000e+00  0.000000000000000e+00  7.186523235561877e-02 -1.731619896351065e-02 -7.186523235570122e-02  1.731619896339088e-02  1.000000000000000e+00  0.000000000000000e+00 
 4.168693834703429e+10  6.455798447839363e-02 -1.781304229093762e-02 -6.514389120196602e-02  1.809889574057441e-02  1.000000000000000e+00  0.000000000000000e+00  6.756155741988555e-02 -1.959788377068687e-02 -6.756155741996485e-02  1.959788377057958e-02  1.000000000000000e+00  0.000000000000000e+00 
 4.365158322401739e+10  6.071904200758747e-02 -1.978345104460781e-02 -6.124687057637584e-02  2.006192289961669e-02  1.000000000000000e+00  0.000000000000000e+00  6.341451004927212e-02 -2.150401836186305e-02 -6.341451004935066e-02  2.150401836176302e-02  1.000000000000000e+00  0.000000000000000e+00 
 4.570881896148833e+10  5.701661914185296e-02 -2.141637679219320e-02 -5.749238384345588e-02  2.168643278829497e-02  1.000000000000000e+00  0.000000000000000e+00  5.943642862162535e-02 -2.307005406622718e-02 -5.943642862169917e-02  2.307005406613905e-02  1.000000000000000e+00  0.000000000000000e+00 
 4.786300923226471e+10  5.346274565735180e-02 -2.274419077697156e-02 -5.389185785206128e-02  2.300515221636909e-02  1.000000000000000e+00  0.000000000000000e+00  5.563597606957756e-02 -2.432990204270771e-02 -5.563597606964824e-02  2.432990204262810e-02  1.000000000000000e+00  0.000000000000000e+00 
 5.011872336272815e+10  5.006592833561398e-02 -2.379783471037928e-02 -5.045324519039662e-02  2.404930508569615e-02  1.000000000000000e+00  0.000000000000000e+00  5.201858612992340e-02 -2.531569406251914e-02 -5.201858612999008e-02  2.531569406244804e-02  1.000000000000000e+00  0.000000000000000e+00 
 5.248074602497823e+10  4.683159453219515e-02 -2.460659231099230e-02 -4.718146701865127e-02  2.484839643782579e-02  1.000000000000000e+00  0.000000000000000e+00  4.858689616270813e-02 -2.605761641503513e-02 -4.858689616277242e-02  2.605761641496996e-02  1.000000000000000e+00  0.000000000000000e+00 
 5.495408738576347e+10  4.376251807074512e-02 -2.519793385429678e-02 -4.407883723256717e-02  2.543006776103726e-02  1.000000000000000e+00  0.000000000000000e+00  4.534115826947602e-02 -2.658380771222902e-02 -4.534115826953574e-02  2.658380771217146e-02  1.000000000000000e+00  0.000000000000000e+00 
 5.754399373371677e+10  4.085922001322502e-02 -2.559742342151364e-02 -4.114546083018636e-02  2.582001340055227e-02  1.000000000000000e+00  0.000000000000000e+00  4.227962276096921e-02 -2.692031116316656e-02 -4.227962276102627e-02  2.692031116311406e-02  1.000000000000000e+00  0.000000000000000e+00 
 6.025595860743690e+10  3.812033925309694e-02 -2.582867871023199e-02 -3.837960168252141e-02  2.604194810226025e-02  1.000000000000000e+00  0.000000000000000e+00  3.939889009220009e-02 -2.709107210222509e-02 -3.939889009225387e-02  2.709107210217783e-02  1.000000000000000e+00  0.000000000000000e+00 
 6.309573444802052e+10  3.554296993026827e-02 -2.591337380474484e-02 -3.577801690287161e-02  2.611761625709269e-02  1.000000000000000e+00  0.000000000000000e+00  3.669422915438825e-02 -2.711797207978670e-02 -3.669422915443847e-02  2.711797207974441e-02  1.000000000000000e+00  0.000000000000000e+00 
 6.606934480076085e+10  3.312296436028285e-02 -2.587127608838489e-02 -3.333625665461785e-02  2.606683419192674e-02  1.000000000000000e+00  0.000000000000000e+00  3.415986127334728e-02 -2.702089156540754e-02 -3.415986127339400e-02  2.702089156536977e-02  1.000000000000000e+00  0.000000000000000e+00 
 6.918309709189496e+10  3.085520151474412e-02 -2.572030941682532e-02 -3.104892954194616e-02  2.590755777910400e-02  1.000000000000000e+00  0.000000000000000e+00  3.178921041792038e-02 -2.681779418610529e-02 -3.178921041796458e-02  2.681779418607100e-02  1.000000000000000e+00  0.000000000000000e+00 
 7.244359600750038e+10  2.873382211072822e-02 -2.547663667991807e-02 -2.890993471667265e-02  2.565596863197111e-02  1.000000000000000e+00  0.000000000000000e+00  2.957512099094418e-02 -2.652482635535121e-02 -2.957512099098488e-02  2.652482635532077e-02  1.000000000000000e+00  0.000000000000000e+00 
 7.585775750291982e+10  2.675243209990586e-02 -2.515475589700993e-02 -2.691266254206274e-02  2.532657315658786e-02  1.000000000000000e+00  0.000000000000000e+00  2.751004518964759e-02 -2.615642708549436e-02 -2.751004518968554e-02  2.615642708546699e-02  1.000000000000000e+00  0.000000000000000e+00 
 7.943282347242966e+10  2.490427683452839e-02 -2.476760496989085e-02 -2.505016612150883e-02  2.493230969406213e-02  1.000000000000000e+00  0.000000000000000e+00  2.558620231846239e-02 -2.572544367573074e-02 -2.558620231849811e-02  2.572544367570592e-02  1.000000000000000e+00  0.000000000000000e+00 
 8.317637711026869e+10  2.318238847004250e-02 -2.432667112616910e-02 -2.331530626786434e-02  2.448465988217846e-02  1.000000000000000e+00  0.000000000000000e+00  2.379571265257522e-02 -2.524324980037084e-02 -2.379571265260835e-02  2.524324980034857e-02  1.000000000000000e+00  0.000000000000000e+00 
 8.709635899560974e+10  2.157970928409868e-02 -2.384210190379050e-02 -2.170087259844316e-02  2.399376116941038e-02  1.000000000000000e+00  0.000000000000000e+00  2.213070852192722e-02 -2.471986326994075e-02 -2.213070852195830e-02  2.471986326992061e-02  1.000000000000000e+00  0.000000000000000e+00 
 9.120108393559274e+10  2.008919358692752e-02 -2.332281524435076e-02 -2.019968342820619e-02  2.346851811904098e-02  1.000000000000000e+00  0.000000000000000e+00  2.058342524653449e-02 -2.416406139142990e-02 -2.058342524656328e-02  2.416406139141184e-02  1.000000000000000e+00  0.000000000000000e+00 
 9.549925860214545e+10  1.870389080178408e-02 -2.277660687607326e-02 -1.880466703210116e-02  2.291671074336264e-02  1.000000000000000e+00  0.000000000000000e+00  1.914627443484995e-02 -2.358349241141097e-02 -1.914627443487704e-02  2.358349241139459e-02  1.000000000000000e+00  0.000000000000000e+00 
 1.000000000000020e+11  1.741701213474674e-02 -2.221025367958459e-02 -1.750892668467460e-02  2.234509861053932e-02  1.000000000000000e+00  0.000000000000000e+00  1.781190198295124e-02 -2.298478198937539e-02 -1.781190198297611e-02  2.298478198936075e-02  1.000000000000000e+00  0.000000000000000e+00 
