 1.000000000000000e+06 -1.162413746694405e-01 -7.049614447834298e-05  1.162413793006478e-01  7.192125926386251e-05  1.000000000000000e+00  0.000000000000000e+00 -1.799150566859284e-01 -6.897176415699019e-04  1.799150566871373e-01  6.897176415665812e-04  1.000000000000000e+00  0.000000000000000e+00 
 1.047128548050900e+06 -1.162413784289356e-01 -7.381853968821712e-05  1.162413836137814e-01  7.531078668374664e-05  1.000000000000000e+00  0.000000000000000e+00 -1.799152186277787e-01 -7.222226746992057e-04  1.799152186279488e-01  7.222226746987266e-04  1.000000000000000e+00  0.000000000000000e+00 
 1.096478196143185e+06 -1.162413825513842e-01 -7.729751663419025e-05  1.162413883427940e-01  7.886005511704752e-05  1.000000000000000e+00  0.000000000000000e+00 -1.799153961923705e-01 -7.562595698222220e-04  1.799153961973588e-01  7.562595698071583e-04  1.000000000000000e+00  0.000000000000000e+00 
 1.148153621496883e+06 -1.162413870718494e-01 -8.094045508572078e-05  1.162413935277639e-01  8.257659256417975e-05  1.000000000000000e+00  0.000000000000000e+00 -1.799155908880590e-01 -7.919005135160780e-04  1.799155908972412e-01  7.919005134870314e-04  1.000000000000000e+00  0.000000000000000e+00 
 1.202264434617413e+06 -1.162413920287824e-01 -8.475508265313904e-05  1.162413992126277e-01  8.646828175704727e-05  1.000000000000000e+00  0.000000000000000e+00 -1.799158043687563e-01 -8.292210932429507e-04  1.799158043741400e-01  8.292210932251226e-04  1.000000000000000e+00  0.000000000000000e+00 
 1.258925411794168e+06 -1.162413974643584e-01 -8.874949118701020e-05  1.162414054455501e-01  9.054337686953043e-05  1.000000000000000e+00  0.000000000000000e+00 -1.799160384443955e-01 -8.683004574533634e-04  1.799160384519349e-01  8.683004574272161e-04  1.000000000000000e+00  0.000000000000000e+00 
 1.318256738556408e+06 -1.162414034248309e-01 -9.293215395124080e-05  1.162414122793318e-01  9.481052101445214e-05  1.000000000000000e+00  0.000000000000000e+00 -1.799162951031093e-01 -9.092214832180866e-04  1.799162951117044e-01  9.092214831868720e-04  1.000000000000000e+00  0.000000000000000e+00 
 1.380384264602886e+06 -1.162414099609297e-01 -9.731194360648588e-05  1.162414197718523e-01  9.927876456396228e-05  1.000000000000000e+00  0.000000000000000e+00 -1.799165765235981e-01 -9.520709517215832e-04  1.799165765320849e-01  9.520709516893095e-04  1.000000000000000e+00  0.000000000000000e+00 
 1.445439770745928e+06 -1.162414171282981e-01 -1.018981510421719e-04  1.162414279865586e-01  1.039575843319801e-04  1.000000000000000e+00  0.000000000000000e+00 -1.799168850947733e-01 -9.969397319972476e-04  1.799168851017520e-01  9.969397319694615e-04  1.000000000000000e+00  0.000000000000000e+00 
 1.513561248436209e+06 -1.162414249879684e-01 -1.067005050972733e-04  1.162414369929989e-01  1.088569036591486e-04  1.000000000000000e+00  0.000000000000000e+00 -1.799172234359476e-01 -1.043922973282102e-03  1.799172234401302e-01  1.043922973264671e-03  1.000000000000000e+00  0.000000000000000e+00 
 1.584893192461115e+06 -1.162414336068822e-01 -1.117291932118737e-04  1.162414468674065e-01  1.139871134426439e-04  1.000000000000000e+00  0.000000000000000e+00 -1.799175944181539e-01 -1.093120306391586e-03  1.799175944243878e-01  1.093120306364375e-03  1.000000000000000e+00  0.000000000000000e+00 
 1.659586907437562e+06 -1.162414430584720e-01 -1.169948830535263e-04  1.162414576933397e-01  1.193590941551517e-04  1.000000000000000e+00  0.000000000000000e+00 -1.799180011925823e-01 -1.144636054539364e-03  1.799180011926068e-01  1.144636054539273e-03  1.000000000000000e+00  0.000000000000000e+00 
 1.737800828749377e+06 -1.162414534232874e-01 -1.225087451645619e-04  1.162414695623851e-01  1.249842388993909e-04  1.000000000000000e+00  0.000000000000000e+00 -1.799184472099827e-01 -1.198579454021650e-03  1.799184472087483e-01  1.198579454027583e-03  1.000000000000000e+00  0.000000000000000e+00 
 1.819700858609986e+06 -1.162414647896930e-01 -1.282824766786214e-04  1.162414825749226e-01  1.308744775467336e-04  1.000000000000000e+00  0.000000000000000e+00 -1.799189362564299e-01 -1.255064885250247e-03  1.799189362582060e-01  1.255064885241361e-03  1.000000000000000e+00  0.000000000000000e+00 
 1.905460717963250e+06 -1.162414772546271e-01 -1.343283261570352e-04  1.162414968409672e-01  1.370423020107162e-04  1.000000000000000e+00  0.000000000000000e+00 -1.799194724830200e-01 -1.314212114586798e-03  1.799194724926468e-01  1.314212114536274e-03  1.000000000000000e+00  0.000000000000000e+00 
 1.995262314968882e+06 -1.162414909244395e-01 -1.406591195980280e-04  1.162415124810887e-01  1.435007927086281e-04  1.000000000000000e+00  0.000000000000000e+00 -1.799200604447720e-01 -1.376146547493528e-03  1.799200604460598e-01  1.376146547486471e-03  1.000000000000000e+00  0.000000000000000e+00 
 2.089296130854042e+06 -1.162415059158111e-01 -1.472882876742628e-04  1.162415296274185e-01  1.502636462668371e-04  1.000000000000000e+00  0.000000000000000e+00 -1.799207051280521e-01 -1.440999493492630e-03  1.799207051318470e-01  1.440999493470807e-03  1.000000000000000e+00  0.000000000000000e+00 
 2.187761623949556e+06 -1.162415223567647e-01 -1.542298942568503e-04  1.162415484247526e-01  1.573452045280985e-04  1.000000000000000e+00  0.000000000000000e+00 -1.799214120072404e-01 -1.508908443531035e-03  1.799214120104346e-01  1.508908443511807e-03  1.000000000000000e+00  0.000000000000000e+00 
 2.290867652767777e+06 -1.162415403877738e-01 -1.614986662866959e-04  1.162415690317550e-01  1.647604849218358e-04  1.000000000000000e+00  0.000000000000000e+00 -1.799221870812502e-01 -1.580017360249382e-03  1.799221870874508e-01  1.580017360210274e-03  1.000000000000000e+00  0.000000000000000e+00 
 2.398832919019494e+06 -1.162415601629836e-01 -1.691100250569284e-04  1.162415916222794e-01  1.725252122612293e-04  1.000000000000000e+00  0.000000000000000e+00 -1.799230369311238e-01 -1.654476981801236e-03  1.799230369297358e-01  1.654476981810438e-03  1.000000000000000e+00  0.000000000000000e+00 
 2.511886431509584e+06 -1.162415818515525e-01 -1.770801189731320e-04  1.162416163868109e-01  1.806558520339420e-04  1.000000000000000e+00  0.000000000000000e+00 -1.799239687658700e-01 -1.732445139787649e-03  1.799239687732541e-01  1.732445139736583e-03  1.000000000000000e+00  0.000000000000000e+00 
 2.630267991895386e+06 -1.162416056391262e-01 -1.854258578612621e-04  1.162416435340461e-01  1.891696452564542e-04  1.000000000000000e+00  0.000000000000000e+00 -1.799249905001104e-01 -1.814087092017065e-03  1.799249904984273e-01  1.814087092029289e-03  1.000000000000000e+00  0.000000000000000e+00 
 2.754228703338171e+06 -1.162416317294570e-01 -1.941649488963439e-04  1.162416732926165e-01  1.980846449652883e-04  1.000000000000000e+00  0.000000000000000e+00 -1.799261108005080e-01 -1.899575870650621e-03  1.799261108051429e-01  1.899575870615495e-03  1.000000000000000e+00  0.000000000000000e+00 
 2.884031503126611e+06 -1.162416603461925e-01 -2.033159342284548e-04  1.162417059129790e-01  2.074197544218686e-04  1.000000000000000e+00  0.000000000000000e+00 -1.799273391788241e-01 -1.989092646559407e-03  1.799273391845527e-01  1.989092646513942e-03  1.000000000000000e+00  0.000000000000000e+00 
 3.019951720402022e+06 -1.162416917348288e-01 -2.128982303860862e-04  1.162417416694779e-01  2.171947671114034e-04  1.000000000000000e+00  0.000000000000000e+00 -1.799286860596020e-01 -2.082827110487001e-03  1.799286860674511e-01  2.082827110421765e-03  1.000000000000000e+00  0.000000000000000e+00 
 3.162277660168386e+06 -1.162417261648743e-01 -2.229321695405226e-04  1.162417808626011e-01  2.274304086200357e-04  1.000000000000000e+00  0.000000000000000e+00 -1.799301628750967e-01 -2.180977871860116e-03  1.799301628787616e-01  2.180977871828243e-03  1.000000000000000e+00  0.000000000000000e+00 
 3.311311214825918e+06 -1.162417639322187e-01 -2.334390427188428e-04  1.162418238214457e-01  2.381483804785480e-04  1.000000000000000e+00  0.000000000000000e+00 -1.799317821567971e-01 -2.283752875965823e-03  1.799317821628121e-01  2.283752875911028e-03  1.000000000000000e+00  0.000000000000000e+00 
 3.467368504525324e+06 -1.162418053617464e-01 -2.444411450569747e-04  1.162418709064122e-01  2.493714060651707e-04  1.000000000000000e+00  0.000000000000000e+00 -1.799335576492846e-01 -2.391369840353966e-03  1.799335576501172e-01  2.391369840346059e-03  1.000000000000000e+00  0.000000000000000e+00 
 3.630780547701022e+06 -1.162418508102064e-01 -2.559618231884240e-04  1.162419225121497e-01  2.611232786645574e-04  1.000000000000000e+00  0.000000000000000e+00 -1.799355044181384e-01 -2.504056711236520e-03  1.799355044189167e-01  2.504056711228783e-03  1.000000000000000e+00  0.000000000000000e+00 
 3.801893963205622e+06 -1.162419006693763e-01 -2.680255248684696e-04  1.162419790707738e-01  2.734289117847511e-04  1.000000000000000e+00  0.000000000000000e+00 -1.799376389841087e-01 -2.622052140819480e-03  1.799376389894238e-01  2.622052140763915e-03  1.000000000000000e+00  0.000000000000000e+00 
 3.981071705534983e+06 -1.162419553695388e-01 -2.806578509380440e-04  1.162420410553816e-01  2.863143918389919e-04  1.000000000000000e+00  0.000000000000000e+00 -1.799399794622815e-01 -2.745605986411520e-03  1.799399794685245e-01  2.745605986343182e-03  1.000000000000000e+00  0.000000000000000e+00 
 4.168693834703365e+06 -1.162420153833080e-01 -2.938856097360302e-04  1.162421089838914e-01  2.998070333045189e-04  1.000000000000000e+00  0.000000000000000e+00 -1.799425457131270e-01 -2.874979832243121e-03  1.799425457163489e-01  2.874979832206222e-03  1.000000000000000e+00  0.000000000000000e+00 
 4.365158322401672e+06 -1.162420812298441e-01 -3.077368740733667e-04  1.162421834232443e-01  3.139354364761594e-04  1.000000000000000e+00  0.000000000000000e+00 -1.799453595111716e-01 -3.010447534959361e-03  1.799453595127849e-01  3.010447534940042e-03  1.000000000000000e+00  0.000000000000000e+00 
 4.570881896148764e+06 -1.162421534794814e-01 -3.222410408871997e-04  1.162422649939873e-01  3.287295479384008e-04  1.000000000000000e+00  0.000000000000000e+00 -1.799484447303923e-01 -3.152295793759877e-03  1.799484447374483e-01  3.152295793671251e-03  1.000000000000000e+00  0.000000000000000e+00 
 4.786300923226397e+06 -1.162422327588265e-01 -3.374288936982789e-04  1.162423543752883e-01  3.442207238859259e-04  1.000000000000000e+00  0.000000000000000e+00 -1.799518275498267e-01 -3.300824746197455e-03  1.799518275546038e-01  3.300824746134659e-03  1.000000000000000e+00  0.000000000000000e+00 
 5.011872336272738e+06 -1.162423197563649e-01 -3.533326679999668e-04  1.162424523104163e-01  3.604417964291626e-04  1.000000000000000e+00  0.000000000000000e+00 -1.799555366676986e-01 -3.456348590618590e-03  1.799555366746736e-01  3.456348590522578e-03  1.000000000000000e+00  0.000000000000000e+00 
 5.248074602497743e+06 -1.162424152286172e-01 -3.699861197126193e-04  1.162425596127324e-01  3.774271430282984e-04  1.000000000000000e+00  0.000000000000000e+00 -1.799596035521600e-01 -3.619196236381757e-03  1.799596035572396e-01  3.619196236308579e-03  1.000000000000000e+00  0.000000000000000e+00 
 5.495408738576263e+06 -1.162425200069139e-01 -3.874245968425930e-04  1.162426771722472e-01  3.952127592065093e-04  1.000000000000000e+00  0.000000000000000e+00 -1.799640627021155e-01 -3.789711982828087e-03  1.799640627068170e-01  3.789711982757193e-03  1.000000000000000e+00  0.000000000000000e+00 
 5.754399373371588e+06 -1.162426350048339e-01 -4.056851144910577e-04  1.162428059627893e-01  4.138363347006343e-04  1.000000000000000e+00  0.000000000000000e+00 -1.799689519428366e-01 -3.968256228165094e-03  1.799689519462820e-01  3.968256228110726e-03  1.000000000000000e+00  0.000000000000000e+00 
 6.025595860743597e+06 -1.162427612263768e-01 -4.248064333639038e-04  1.162429470498600e-01  4.333373332153780e-04  1.000000000000000e+00  0.000000000000000e+00 -1.799743127446529e-01 -4.155206209308884e-03  1.799743127444037e-01  4.155206209313074e-03  1.000000000000000e+00  0.000000000000000e+00 
 6.309573444801954e+06 -1.162428997749226e-01 -4.448291419406379e-04  1.162431015992339e-01  4.537570759551652e-04  1.000000000000000e+00  0.000000000000000e+00 -1.799801905719315e-01 -4.350956773799030e-03  1.799801905764899e-01  4.350956773720200e-03  1.000000000000000e+00  0.000000000000000e+00 
 6.606934480075982e+06 -1.162430518630746e-01 -4.657957424669936e-04  1.162432708863831e-01  4.751388291160429e-04  1.000000000000000e+00  0.000000000000000e+00 -1.799866352739081e-01 -4.555921184926276e-03  1.799866352760732e-01  4.555921184887130e-03  1.000000000000000e+00  0.000000000000000e+00 
 6.918309709189389e+06 -1.162432188234377e-01 -4.877507409437338e-04  1.162434563068145e-01  4.975278955282850e-04  1.000000000000000e+00  0.000000000000000e+00 -1.799937014986905e-01 -4.770531961065041e-03  1.799937014951650e-01  4.770531961131958e-03  1.000000000000000e+00  0.000000000000000e+00 
 7.244359600749927e+06 -1.162434021204336e-01 -5.107407412921071e-04  1.162436593874147e-01  5.209717106488370e-04  1.000000000000000e+00  0.000000000000000e+00 -1.800014491560865e-01 -4.995241750377747e-03  1.800014491610412e-01  4.995241750279507e-03  1.000000000000000e+00  0.000000000000000e+00 
 7.585775750291865e+06 -1.162436033632382e-01 -5.348145438853814e-04  1.162438817989020e-01  5.455199431110497e-04  1.000000000000000e+00  0.000000000000000e+00 -1.800099439324913e-01 -5.230524241944720e-03  1.800099439365999e-01  5.230524241859494e-03  1.000000000000000e+00  0.000000000000000e+00 
 7.943282347242844e+06 -1.162438243199334e-01 -5.600232486456394e-04  1.162441253695135e-01  5.712246000473770e-04  1.000000000000000e+00  0.000000000000000e+00 -1.800192578335260e-01 -5.476875114164446e-03  1.800192578374837e-01  5.476875114078535e-03  1.000000000000000e+00  0.000000000000000e+00 
 8.317637711026741e+06 -1.162440669329934e-01 -5.864203629155288e-04  1.162443921000478e-01  5.981401374088814e-04  1.000000000000000e+00  0.000000000000000e+00 -1.800294697993338e-01 -5.734813021577517e-03  1.800294698000749e-01  5.734813021560759e-03  1.000000000000000e+00  0.000000000000000e+00 
 8.709635899560839e+06 -1.162443333362057e-01 -6.140619143262960e-04  1.162446841804107e-01  6.263235755132195e-04  1.000000000000000e+00  0.000000000000000e+00 -1.800406663661281e-01 -6.004880620811479e-03  1.800406663696364e-01  6.004880620728115e-03  1.000000000000000e+00  0.000000000000000e+00 
 9.120108393559132e+06 -1.162446258731656e-01 -6.430065688959541e-04  1.162450040078208e-01  6.558346200605756e-04  1.000000000000000e+00  0.000000000000000e+00 -1.800529424009215e-01 -6.287645636538657e-03  1.800529424022173e-01  6.287645636506501e-03  1.000000000000000e+00  0.000000000000000e+00 
 9.549925860214395e+06 -1.162449471174790e-01 -6.733157546046987e-04  1.162453542068448e-01  6.867357888645991e-04  1.000000000000000e+00  0.000000000000000e+00 -1.800664018943702e-01 -6.583701967958576e-03  1.800664018964525e-01  6.583701967904452e-03  1.000000000000000e+00  0.000000000000000e+00 
 1.000000000000004e+07 -1.162452998948268e-01 -7.050537907090828e-04  1.162457376514539e-01  7.190925445530382e-04  1.000000000000000e+00  0.000000000000000e+00 -1.800811588401834e-01 -6.893670836441247e-03  1.800811588475640e-01  6.893670836240295e-03  1.000000000000000e+00  0.000000000000000e+00 
 1.047128548050904e+07 -1.162456873070647e-01 -7.382880230711197e-04  1.162461574892981e-01  7.529734335006096e-04  1.000000000000000e+00  0.000000000000000e+00 -1.800973381951298e-01 -7.218201974559671e-03  1.800973381993926e-01  7.218201974438320e-03  1.000000000000000e+00  0.000000000000000e+00 
 1.096478196143189e+07 -1.162461127585481e-01 -7.730889657937331e-04  1.162466171684211e-01  7.884502312648760e-04  1.000000000000000e+00  0.000000000000000e+00 -1.801150769224226e-01 -7.557974856544829e-03  1.801150769287372e-01  7.557974856356750e-03  1.000000000000000e+00  0.000000000000000e+00 
 1.148153621496888e+07 -1.162465799848943e-01 -8.095304494692575e-04  1.162471204666571e-01  8.255980948049147e-04  1.000000000000000e+00  0.000000000000000e+00 -1.801345251490997e-01 -7.913699970160348e-03  1.801345251551871e-01  7.913699969970727e-03  1.000000000000000e+00  0.000000000000000e+00 
 1.202264434617418e+07 -1.162470930844227e-01 -8.476897763627792e-04  1.162476715239526e-01  8.644957217725927e-04  1.000000000000000e+00  0.000000000000000e+00 -1.801558474204686e-01 -8.286120129280407e-03  1.801558474230028e-01  8.286120129197943e-03  1.000000000000000e+00  0.000000000000000e+00 
 1.258925411794173e+07 -1.162476565525380e-01 -8.876478828664998e-04  1.162482748779038e-01  9.052255171776527e-04  1.000000000000000e+00  0.000000000000000e+00 -1.801792240783410e-01 -8.676011826415793e-03  1.801792240785839e-01  8.676011826407658e-03  1.000000000000000e+00  0.000000000000000e+00 
 1.318256738556413e+07 -1.162482753193478e-01 -9.294895095751841e-04  1.162489355027889e-01  9.478737677407847e-04  1.000000000000000e+00  0.000000000000000e+00 -1.802048527715802e-01 -9.084186623839261e-03  1.802048527679260e-01  9.084186623969618e-03  1.000000000000000e+00  0.000000000000000e+00 
 1.380384264602891e+07 -1.162489547908602e-01 -9.733033793452089e-04  1.162496588524266e-01  9.925308242636815e-04  1.000000000000000e+00  0.000000000000000e+00 -1.802329501037161e-01 -9.511492581363442e-03  1.802329501041714e-01  9.511492581346643e-03  1.000000000000000e+00  0.000000000000000e+00 
 1.445439770745934e+07 -1.162497008941092e-01 -1.019182383711528e-03  1.162504509072032e-01  1.039291292361556e-03  1.000000000000000e+00  0.000000000000000e+00 -1.802637534446305e-01 -9.958815718432140e-03  1.802637534457448e-01  9.958815718388903e-03  1.000000000000000e+00  0.000000000000000e+00 
 1.513561248436215e+07 -1.162505201266232e-01 -1.067223778047240e-03  1.162513182256450e-01  1.088254231922032e-03  1.000000000000000e+00  0.000000000000000e+00 -1.802975229001948e-01 -1.042708150707002e-02  1.802975229056522e-01  1.042708150684805e-02  1.000000000000000e+00  0.000000000000000e+00 
 1.584893192461121e+07 -1.162514196106829e-01 -1.117529385860094e-03  1.162522680009432e-01  1.139523365674030e-03  1.000000000000000e+00  0.000000000000000e+00 -1.803345434786549e-01 -1.091725639189351e-02  1.803345434854677e-01  1.091725639160391e-02  1.000000000000000e+00  0.000000000000000e+00 
 1.659586907437568e+07 -1.162524071528489e-01 -1.170205812629577e-03  1.162533081228924e-01  1.193207297271055e-03  1.000000000000000e+00  0.000000000000000e+00 -1.803751274518726e-01 -1.143034933189828e-02  1.803751274482939e-01  1.143034933205751e-02  1.000000000000000e+00  0.000000000000000e+00 
 1.737800828749384e+07 -1.162534913092933e-01 -1.225364669597143e-03  1.162544472457325e-01  1.249419739314719e-03  1.000000000000000e+00  0.000000000000000e+00 -1.804196169329988e-01 -1.196741335782255e-02  1.804196169310028e-01  1.196741335791541e-02  1.000000000000000e+00  0.000000000000000e+00 
 1.819700858609992e+07 -1.162546814575224e-01 -1.283122807931420e-03  1.162556948624398e-01  1.308279751765572e-03  1.000000000000000e+00  0.000000000000000e+00 -1.804683867092743e-01 -1.252954713785239e-02  1.804683867159338e-01  1.252954713752954e-02  1.000000000000000e+00  0.000000000000000e+00 
 1.905460717963257e+07 -1.162559878751007e-01 -1.343602563700944e-03  1.162570613860898e-01  1.369911991208777e-03  1.000000000000000e+00  0.000000000000000e+00 -1.805218473238656e-01 -1.311789654218224e-02  1.805218473261020e-01  1.311789654206912e-02  1.000000000000000e+00  0.000000000000000e+00 
 1.995262314968890e+07 -1.162574218260841e-01 -1.406932014097687e-03  1.162585582389438e-01  1.434446971461731e-03  1.000000000000000e+00  0.000000000000000e+00 -1.805804484351144e-01 -1.373365619558669e-02  1.805804484381967e-01  1.373365619542381e-02  1.000000000000000e+00  0.000000000000000e+00 
 2.089296130854050e+07 -1.162589956558852e-01 -1.473245245368184e-03  1.162601979500187e-01  1.502021336028103e-03  1.000000000000000e+00  0.000000000000000e+00 -1.806446825027072e-01 -1.437807100557437e-02  1.806446825082426e-01  1.437807100526872e-02  1.000000000000000e+00  0.000000000000000e+00 
 2.187761623949564e+07 -1.162607228953859e-01 -1.542682632923262e-03  1.162619942619516e-01  1.572778142918392e-03  1.000000000000000e+00  0.000000000000000e+00 -1.807150887961305e-01 -1.505243765030460e-02  1.807150887991478e-01  1.505243765013073e-02  1.000000000000000e+00  0.000000000000000e+00 
 2.290867652767785e+07 -1.162626183751777e-01 -1.615391134112782e-03  1.162639622480701e-01  1.646867162370523e-03  1.000000000000000e+00  0.000000000000000e+00 -1.807922577674051e-01 -1.575810600851717e-02  1.807922577675428e-01  1.575810600850909e-02  1.000000000000000e+00  0.000000000000000e+00 
 2.398832919019503e+07 -1.162646983508773e-01 -1.691524594169278e-03  1.162661184406687e-01  1.724445188014926e-03  1.000000000000000e+00  0.000000000000000e+00 -1.808768358211345e-01 -1.649648051048771e-02  1.808768358264440e-01  1.649648051015411e-02  1.000000000000000e+00  0.000000000000000e+00 
 2.511886431509594e+07 -1.162669806405854e-01 -1.771244065840650e-03  1.162684809715775e-01  1.805676362037830e-03  1.000000000000000e+00  0.000000000000000e+00 -1.809695305138949e-01 -1.726902138543384e-02  1.809695305180259e-01  1.726902138516298e-02  1.000000000000000e+00  0.000000000000000e+00 
 2.630267991895396e+07 -1.162694847756134e-01 -1.854718143249797e-03  1.162710697262354e-01  1.890732514903304e-03  1.000000000000000e+00  0.000000000000000e+00 -1.810711162037047e-01 -1.807724577634222e-02  1.810711162022109e-01  1.807724577644478e-02  1.000000000000000e+00  0.000000000000000e+00 
 2.754228703338182e+07 -1.162722321657484e-01 -1.942123310534448e-03  1.162739065125828e-01  1.979793520200042e-03  1.000000000000000e+00  0.000000000000000e+00 -1.811824402038507e-01 -1.892272868940203e-02  1.811824402041581e-01  1.892272868938032e-02  1.000000000000000e+00  0.000000000000000e+00 
 2.884031503126622e+07 -1.162752462804403e-01 -2.033644305833947e-03  1.162770152462078e-01  2.073047665183003e-03  1.000000000000000e+00  0.000000000000000e+00 -1.813044294755348e-01 -1.980710373950131e-02  1.813044294793411e-01  1.980710373921766e-02  1.000000000000000e+00  0.000000000000000e+00 
 3.019951720402033e+07 -1.162785528474142e-01 -2.129474501201541e-03  1.162804221533262e-01  2.170692037581970e-03  1.000000000000000e+00  0.000000000000000e+00 -1.814380978884070e-01 -2.073206364696123e-02  1.814380978941816e-01  2.073206364651205e-02  1.000000000000000e+00  0.000000000000000e+00 
 3.162277660168397e+07 -1.162821800703957e-01 -2.229816299026731e-03  1.162841559933155e-01  2.272932929250259e-03  1.000000000000000e+00  0.000000000000000e+00 -1.815845541018349e-01 -2.169936043462299e-02  1.815845541064967e-01  2.169936043424470e-02  1.000000000000000e+00  0.000000000000000e+00 
 3.311311214825930e+07 -1.162861588677558e-01 -2.334881545556018e-03  1.162882483026775e-01  2.379986257225419e-03  1.000000000000000e+00  0.000000000000000e+00 -1.817450101055378e-01 -2.271080526630943e-02  1.817450101126284e-01  2.271080526570892e-02  1.000000000000000e+00  0.000000000000000e+00 
 3.467368504525337e+07 -1.162905231341089e-01 -2.444891962096807e-03  1.162927336624872e-01  2.492078002770291e-03  1.000000000000000e+00  0.000000000000000e+00 -1.819207904704499e-01 -2.376826785951549e-02  1.819207904708362e-01  2.376826785948161e-02  1.000000000000000e+00  0.000000000000000e+00 
 3.630780547701035e+07 -1.162953100270559e-01 -2.560079594481316e-03  1.162976499915706e-01  2.609444668955667e-03  1.000000000000000e+00  0.000000000000000e+00 -1.821133423370822e-01 -2.487367539447288e-02  1.821133423360757e-01  2.487367539456601e-02  1.000000000000000e+00  0.000000000000000e+00 
 3.801893963205635e+07 -1.163005602814964e-01 -2.680687281351993e-03  1.163030388678753e-01  2.732333757334201e-03  1.000000000000000e+00  0.000000000000000e+00 -1.823242462119872e-01 -2.602901083277454e-02  1.823242462157331e-01  2.602901083241437e-02  1.000000000000000e+00  0.000000000000000e+00 
 3.981071705534997e+07 -1.163063185541625e-01 -2.806969141807503e-03  1.163089458807118e-01  2.861004264238202e-03  1.000000000000000e+00  0.000000000000000e+00 -1.825552275954263e-01 -2.723631054466210e-02  1.825552275963693e-01  2.723631054456773e-02  1.000000000000000e+00  0.000000000000000e+00 
 4.168693834703380e+07 -1.163126338012814e-01 -2.939191082917809e-03  1.163154210168186e-01  2.995727197208804e-03  1.000000000000000e+00  0.000000000000000e+00 -1.828081694816407e-01 -2.849766113129498e-02  1.828081694837165e-01  2.849766113107780e-02  1.000000000000000e+00  0.000000000000000e+00 
 4.365158322401687e+07 -1.163195596925309e-01 -3.077631327578090e-03  1.163225190834722e-01  3.136786112030304e-03  1.000000000000000e+00  0.000000000000000e+00 -1.830851257897404e-01 -2.981519531461965e-02  1.830851257924076e-01  2.981519531432838e-02  1.000000000000000e+00  0.000000000000000e+00 
 4.570881896148779e+07 -1.163271550647880e-01 -3.222580963120219e-03  1.163303001721699e-01  3.284477670798521e-03  1.000000000000000e+00  0.000000000000000e+00 -1.833883357345272e-01 -3.119108674858813e-02  1.833883357425711e-01  3.119108674767061e-02  1.000000000000000e+00  0.000000000000000e+00 
 4.786300923226414e+07 -1.163354844194521e-01 -3.374344511040916e-03  1.163388301667597e-01  3.439112221393404e-03  1.000000000000000e+00  0.000000000000000e+00 -1.837202391831084e-01 -3.262754358979311e-02  1.837202391894455e-01  3.262754358903877e-02  1.000000000000000e+00  0.000000000000000e+00 
 5.011872336272755e+07 -1.163446184675114e-01 -3.533240518129206e-03  1.163481813002487e-01  3.601014398652471e-03  1.000000000000000e+00  0.000000000000000e+00 -1.840834929951586e-01 -3.412680064353094e-02  1.840834930011648e-01  3.412680064278464e-02  1.000000000000000e+00  0.000000000000000e+00 
 5.248074602497760e+07 -1.163546347269060e-01 -3.699602169185849e-03  1.163584327649272e-01  3.770523747449708e-03  1.000000000000000e+00  0.000000000000000e+00 -1.844809883736369e-01 -3.569110988263850e-02  1.844809883767792e-01  3.569110988223108e-02  1.000000000000000e+00  0.000000000000000e+00 
 5.495408738576282e+07 -1.163656181771431e-01 -3.873777921417914e-03  1.163696713808918e-01  3.947995367771399e-03  1.000000000000000e+00  0.000000000000000e+00 -1.849158691941786e-01 -3.732272911065972e-02  1.849158691994277e-01  3.732272910994896e-02  1.000000000000000e+00  0.000000000000000e+00 
 5.754399373371608e+07 -1.163776619766125e-01 -4.056132160460297e-03  1.163819923285120e-01  4.133800581743708e-03  1.000000000000000e+00  0.000000000000000e+00 -1.853915512999323e-01 -3.902390851928350e-02  1.853915513041632e-01  3.902390851868535e-02  1.000000000000000e+00  0.000000000000000e+00 
 6.025595860743618e+07 -1.163908682485375e-01 -4.247045877818897e-03  1.163954999509192e-01  4.328327622402183e-03  1.000000000000000e+00  0.000000000000000e+00 -1.859117426892199e-01 -4.079687486187963e-02  1.859117426903396e-01  4.079687486171463e-02  1.000000000000000e+00  0.000000000000000e+00 
 6.309573444801975e+07 -1.164053489420480e-01 -4.446917369344158e-03  1.164103086331642e-01  4.531982343796669e-03  1.000000000000000e+00  0.000000000000000e+00 -1.864804645239763e-01 -4.264381294107723e-02  1.864804645215227e-01  4.264381294145635e-02  1.000000000000000e+00  0.000000000000000e+00 
 6.606934480076005e+07 -1.164212267754773e-01 -4.656162954120922e-03  1.164265437652862e-01  4.745188951793275e-03  1.000000000000000e+00  0.000000000000000e+00 -1.871020728280303e-01 -4.456684407999875e-02  1.871020728288373e-01  4.456684407986908e-02  1.000000000000000e+00  0.000000000000000e+00 
 6.918309709189413e+07 -1.164386362696219e-01 -4.875217712899436e-03  1.164443427972340e-01  4.968390754659403e-03  1.000000000000000e+00  0.000000000000000e+00 -1.877812807142913e-01 -4.656800122188236e-02  1.877812807162084e-01  4.656800122155988e-02  1.000000000000000e+00  0.000000000000000e+00 
 7.244359600749952e+07 -1.164577248794377e-01 -5.104536244881582e-03  1.164638563942838e-01  5.202050932195868e-03  1.000000000000000e+00  0.000000000000000e+00 -1.885231809073695e-01 -4.864920027617832e-02  1.885231809073998e-01  4.864920027617347e-02  1.000000000000000e+00  0.000000000000000e+00 
 7.585775750291891e+07 -1.164786542333928e-01 -5.344593441314834e-03  1.164852497023965e-01  5.446653321801519e-03  1.000000000000000e+00  0.000000000000000e+00 -1.893332682889497e-01 -5.081220730939535e-02  1.893332682948954e-01  5.081220730830220e-02  1.000000000000000e+00  0.000000000000000e+00 
 7.943282347242872e+07 -1.165016014905756e-01 -5.595885273918040e-03  1.165087037338236e-01  5.702703219413609e-03  1.000000000000000e+00  0.000000000000000e+00 -1.902174621125793e-01 -5.305860116071998e-02  1.902174621134768e-01  5.305860116054791e-02  1.000000000000000e+00  0.000000000000000e+00 
 8.317637711026771e+07 -1.165267608265347e-01 -5.858929595666361e-03  1.165344168841787e-01  5.970728192751634e-03  1.000000000000000e+00  0.000000000000000e+00 -1.911821274178530e-01 -5.538973104723781e-02  1.911821274229903e-01  5.538973104620559e-02  1.000000000000000e+00  0.000000000000000e+00 
 8.709635899560872e+07 -1.165543450598417e-01 -6.134266950880774e-03  1.165626065932215e-01  6.251278903692004e-03  1.000000000000000e+00  0.000000000000000e+00 -1.922340951456368e-01 -5.780666872879876e-02  1.922340951552241e-01  5.780666872678424e-02  1.000000000000000e+00  0.000000000000000e+00 
 9.120108393559167e+07 -1.165845874324248e-01 -6.422461390890765e-03  1.165935111626685e-01  6.544929935902900e-03  1.000000000000000e+00  0.000000000000000e+00 -1.933806802608208e-01 -6.031015480217283e-02  1.933806802664477e-01  6.031015480093659e-02  1.000000000000000e+00  0.000000000000000e+00 
 9.549925860214433e+07 -1.166177435578799e-01 -6.724101290753428e-03  1.166273917455324e-01  6.852280623059382e-03  1.000000000000000e+00  0.000000000000000e+00 -1.946296971234597e-01 -6.290053872535289e-02  1.946296971291694e-01  6.290053872404087e-02  1.000000000000000e+00  0.000000000000000e+00 
 1.000000000000008e+08 -1.166540935532128e-01 -7.039800161600359e-03  1.166645345227562e-01  7.173955872020361e-03  1.000000000000000e+00  0.000000000000000e+00 -1.959894712024338e-01 -6.557771221649535e-02  1.959894712047761e-01  6.557771221593270e-02  1.000000000000000e+00  0.000000000000000e+00 
 1.047128548050908e+08 -1.166939443708067e-01 -7.370197452128305e-03  1.167052530842601e-01  7.510606974263400e-03  1.000000000000000e+00  0.000000000000000e+00 -1.974688460399992e-01 -6.834103573617620e-02  1.974688460467876e-01  6.834103573446890e-02  1.000000000000000e+00  0.000000000000000e+00 
 1.096478196143194e+08 -1.167376323488392e-01 -7.715959331530601e-03  1.167498910329989e-01  7.862912397618533e-03  1.000000000000000e+00  0.000000000000000e+00 -1.990771842711626e-01 -7.118925786776166e-02  1.990771842725070e-01  7.118925786740837e-02  1.000000000000000e+00  0.000000000000000e+00 
 1.148153621496892e+08 -1.167855259999332e-01 -8.077779444756409e-03  1.167988248321780e-01  8.231578548893927e-03  1.000000000000000e+00  0.000000000000000e+00 -2.008243612662730e-01 -7.412042753665198e-02  2.008243612744869e-01  7.412042753438940e-02  1.000000000000000e+00  0.000000000000000e+00 
 1.202264434617423e+08 -1.168380290594437e-01 -8.456379629362274e-03  1.168524669174564e-01  8.617340496315934e-03  1.000000000000000e+00  0.000000000000000e+00 -2.027207498852263e-01 -7.713179919848916e-02  2.027207498890030e-01  7.713179919740071e-02  1.000000000000000e+00  0.000000000000000e+00 
 1.258925411794178e+08 -1.168955838165620e-01 -8.852510581348443e-03  1.169112690977415e-01  9.020962638783317e-03  1.000000000000000e+00  0.000000000000000e+00 -2.047771945541572e-01 -8.021973133719904e-02  2.047771945584616e-01  8.021973133590023e-02  1.000000000000000e+00  0.000000000000000e+00 
 1.318256738556418e+08 -1.169586747532639e-01 -9.266952455220641e-03  1.169757262700603e-01  9.443239306722688e-03  1.000000000000000e+00  0.000000000000000e+00 -2.070049728508866e-01 -8.337957891195910e-02  2.070049728490686e-01  8.337957891253468e-02  1.000000000000000e+00  0.000000000000000e+00 
 1.380384264602897e+08 -1.170278325180740e-01 -9.700515381045931e-03  1.170463804759964e-01  9.884995276789259e-03  1.000000000000000e+00  0.000000000000000e+00 -2.094157425443667e-01 -8.660558071735097e-02  2.094157425502548e-01  8.660558071540271e-02  1.000000000000000e+00  0.000000000000000e+00 
 1.445439770745940e+08 -1.171036382637253e-01 -1.015403987842882e-02  1.171238253292458e-01  1.034708617974012e-02  1.000000000000000e+00  0.000000000000000e+00 -2.120214720595762e-01 -8.989074304086753e-02  2.120214720636490e-01  8.989074303945638e-02  1.000000000000000e+00  0.000000000000000e+00 
 1.513561248436221e+08 -1.171867283798886e-01 -1.062839714408034e-02  1.172087108460450e-01  1.083039877745909e-02  1.000000000000000e+00  0.000000000000000e+00 -2.148343522027199e-01 -9.322672145632760e-02  2.148343522114176e-01  9.322672145316981e-02  1.000000000000000e+00  0.000000000000000e+00 
 1.584893192461127e+08 -1.172777996544128e-01 -1.112448918592238e-02  1.173017487124627e-01  1.133585108128076e-02  1.000000000000000e+00  0.000000000000000e+00 -2.178666871660742e-01 -9.660370314095620e-02  2.178666871648885e-01  9.660370314140829e-02  1.000000000000000e+00  0.000000000000000e+00 
 1.659586907437575e+08 -1.173776148988036e-01 -1.164324877239824e-02  1.174037180248640e-01  1.186439227937580e-02  1.000000000000000e+00  0.000000000000000e+00 -2.211307628573561e-01 -1.000102926723998e-01  2.211307628585341e-01  1.000102926719312e-01  1.000000000000000e+00  0.000000000000000e+00 
 1.737800828749391e+08 -1.174870090759810e-01 -1.218563916078529e-02  1.175154715421916e-01  1.241700243594810e-02  1.000000000000000e+00  0.000000000000000e+00 -2.246386910293707e-01 -1.034334049068858e-01  2.246386910314292e-01  1.034334049060267e-01  1.000000000000000e+00  0.000000000000000e+00 
 1.819700858610000e+08 -1.176068959707077e-01 -1.275265356273263e-02  1.176379424910581e-01  1.299469191927505e-02  1.000000000000000e+00  0.000000000000000e+00 -2.284022279856769e-01 -1.068581691665604e-01  2.284022279856761e-01  1.068581691665619e-01  1.000000000000000e+00  0.000000000000000e+00 
 1.905460717963264e+08 -1.177382754453470e-01 -1.334531429889690e-02  1.177721519669245e-01  1.359850050910115e-02  1.000000000000000e+00  0.000000000000000e+00 -2.324325673713879e-01 -1.102678496100518e-01  2.324325673749134e-01  1.102678496084338e-01  1.000000000000000e+00  0.000000000000000e+00 
 1.995262314968898e+08 -1.178822413258466e-01 -1.396467158731584e-02  1.179192169768322e-01  1.422949612647283e-02  1.000000000000000e+00  0.000000000000000e+00 -2.367401073264262e-01 -1.136437872310392e-01  2.367401073313560e-01  1.136437872286660e-01  1.000000000000000e+00  0.000000000000000e+00 
 2.089296130854059e+08 -1.180399899648414e-01 -1.461180190193475e-02  1.180803591711673e-01  1.488877312066289e-02  1.000000000000000e+00  0.000000000000000e+00 -2.413341932903496e-01 -1.169653694001153e-01  2.413341932951612e-01  1.169653693976857e-01  1.000000000000000e+00  0.000000000000000e+00 
 2.187761623949573e+08 -1.182128295305966e-01 -1.528780582836272e-02  1.182569143136779e-01  1.557745003825541e-02  1.000000000000000e+00  0.000000000000000e+00 -2.462228390189125e-01 -1.202100331727189e-01  2.462228390247641e-01  1.202100331696185e-01  1.000000000000000e+00  0.000000000000000e+00 
 2.290867652767794e+08 -1.184021900719142e-01 -1.599380533334775e-02  1.184503425403222e-01  1.629666678860694e-02  1.000000000000000e+00  0.000000000000000e+00 -2.514124297701643e-01 -1.233533086506101e-01  2.514124297704093e-01  1.233533086504752e-01  1.000000000000000e+00  0.000000000000000e+00 
 2.398832919019513e+08 -1.186096344100793e-01 -1.673094035248295e-02  1.186622394583698e-01  1.704758110762517e-02  1.000000000000000e+00  0.000000000000000e+00 -2.569074131836749e-01 -1.263689084437087e-01  2.569074131869469e-01  1.263689084417994e-01  1.000000000000000e+00  0.000000000000000e+00 
 2.511886431509604e+08 -1.188368699092053e-01 -1.750036458712469e-02  1.188943481373163e-01  1.783136420794557e-02  1.000000000000000e+00  0.000000000000000e+00 -2.627099850967430e-01 -1.292288686612741e-01  2.627099850974293e-01  1.292288686608546e-01  1.000000000000000e+00  0.000000000000000e+00 
 2.630267991895407e+08 -1.190857611757457e-01 -1.830324038625918e-02  1.191485720424202e-01  1.864919548798015e-02  1.000000000000000e+00  0.000000000000000e+00 -2.688197791175223e-01 -1.319037457994563e-01  2.688197791215025e-01  1.319037457968937e-01  1.000000000000000e+00  0.000000000000000e+00 
 2.754228703338193e+08 -1.193583437362621e-01 -1.914073257191522e-02  1.194269889597335e-01  1.950225615477465e-02  1.000000000000000e+00  0.000000000000000e+00 -2.752335704520942e-01 -1.343628723561712e-01  2.752335704568688e-01  1.343628723529405e-01  1.000000000000000e+00  0.000000000000000e+00 
 2.884031503126634e+08 -1.196568387394327e-01 -2.001400104750267e-02  1.197318659581241e-01  2.039172159596040e-02  1.000000000000000e+00  0.000000000000000e+00 -2.819450056801685e-01 -1.365746719710724e-01  2.819450056800832e-01  1.365746719711348e-01  1.000000000000000e+00  0.000000000000000e+00 
 3.019951720402046e+08 -1.199836687234380e-01 -2.092419200697769e-02  1.200656754285304e-01  2.131875231414180e-02  1.000000000000000e+00  0.000000000000000e+00 -2.889443711611938e-01 -1.385070323947631e-01  2.889443711613262e-01  1.385070323946657e-01  1.000000000000000e+00  0.000000000000000e+00 
 3.162277660168411e+08 -1.203414744827869e-01 -2.187242753880538e-02  1.204311122331812e-01  2.228448321262828e-02  1.000000000000000e+00  0.000000000000000e+00 -2.962184130878985e-01 -1.401277317061068e-01  2.962184130927943e-01  1.401277317022523e-01  1.000000000000000e+00  0.000000000000000e+00 
 3.311311214825944e+08 -1.207331330588870e-01 -2.285979339213758e-02  1.208311119871508e-01  2.329001099433980e-02  1.000000000000000e+00  0.000000000000000e+00 -3.037502218272312e-01 -1.414049100578249e-01  3.037502218314633e-01  1.414049100543177e-01  1.000000000000000e+00  0.000000000000000e+00 
 3.467368504525352e+08 -1.211617768655638e-01 -2.388732464328546e-02  1.212688704808260e-01  2.433637940582505e-02  1.000000000000000e+00  0.000000000000000e+00 -3.115191920469630e-01 -1.423075760139839e-01  3.115191920449828e-01  1.423075760157159e-01  1.000000000000000e+00  0.000000000000000e+00 
 3.630780547701051e+08 -1.216308139435923e-01 -2.495598896832514e-02  1.217478642338579e-01  2.542456202552621e-02  1.000000000000000e+00  0.000000000000000e+00 -3.195010680958559e-01 -1.428061334758181e-01  3.195010680962885e-01  1.428061334754218e-01  1.000000000000000e+00  0.000000000000000e+00 
 3.801893963205651e+08 -1.221439493162681e-01 -2.606666719244283e-02  1.222718721481014e-01  2.655544225962907e-02  1.000000000000000e+00  0.000000000000000e+00 -3.276680811948588e-01 -1.428729125345240e-01  3.276680811981627e-01  1.428729125313167e-01  1.000000000000000e+00  0.000000000000000e+00 
 3.981071705535014e+08 -1.227052073901188e-01 -2.722013074840585e-02  1.228449981978736e-01  2.772979017007712e-02  1.000000000000000e+00  0.000000000000000e+00 -3.359891812469945e-01 -1.424826856236853e-01  3.359891812482629e-01  1.424826856223871e-01  1.000000000000000e+00  0.000000000000000e+00 
 4.168693834703397e+08 -1.233189553098815e-01 -2.841701563542436e-02  1.234716950594154e-01  2.894823571770602e-02  1.000000000000000e+00  0.000000000000000e+00 -3.444303618440834e-01 -1.416131492758010e-01  3.444303618489782e-01  1.416131492704985e-01  1.000000000000000e+00  0.000000000000000e+00 
 4.365158322401705e+08 -1.239899271335139e-01 -2.965779242587251e-02  1.241567885363467e-01  3.021123795924368e-02  1.000000000000000e+00  0.000000000000000e+00 -3.529550723945354e-01 -1.402453518395777e-01  3.529550723959273e-01  1.402453518379849e-01  1.000000000000000e+00  0.000000000000000e+00 
 4.570881896148798e+08 -1.247232486397507e-01 -3.094273182126925e-02  1.249055025825856e-01  3.151904969055951e-02  1.000000000000000e+00  0.000000000000000e+00 -3.615247065378648e-01 -1.383640488268592e-01  3.615247065399199e-01  1.383640488243673e-01  1.000000000000000e+00  0.000000000000000e+00 
 4.786300923226434e+08 -1.255244625157961e-01 -3.227186521121753e-02  1.257234846569284e-01  3.287167698072832e-02  1.000000000000000e+00  0.000000000000000e+00 -3.700991518216770e-01 -1.359579700295667e-01  3.700991518246255e-01  1.359579700257745e-01  1.000000000000000e+00  0.000000000000000e+00 
 5.011872336272776e+08 -1.263995535942161e-01 -3.364493964060215e-02  1.266168310621918e-01  3.426883299321223e-02  1.000000000000000e+00  0.000000000000000e+00 -3.786373818222287e-01 -1.330199862379603e-01  3.786373818247911e-01  1.330199862344621e-01  1.000000000000000e+00  0.000000000000000e+00 
 5.248074602497782e+08 -1.273549737137919e-01 -3.506136654256944e-02  1.275921118243930e-01  3.570988544315859e-02  1.000000000000000e+00  0.000000000000000e+00 -3.870980693584735e-01 -1.295471679058842e-01  3.870980693612258e-01  1.295471679018877e-01  1.000000000000000e+00  0.000000000000000e+00 
 5.495408738576305e+08 -1.283976656666119e-01 -3.652016354945316e-02  1.286563945513707e-01  3.719379699537452e-02  1.000000000000000e+00  0.000000000000000e+00 -3.954401980232440e-01 -1.255407332549964e-01  3.954401980256929e-01  1.255407332512082e-01  1.000000000000000e+00  0.000000000000000e+00 
 5.754399373371632e+08 -1.295350855604078e-01 -3.801988865328582e-02  1.298172665730330e-01  3.871905786849392e-02  1.000000000000000e+00  0.000000000000000e+00 -4.036236492354920e-01 -1.210058886594452e-01  4.036236492363780e-01  1.210058886579844e-01  1.000000000000000e+00  0.000000000000000e+00 
 6.025595860743644e+08 -1.307752227684642e-01 -3.955856595492917e-02  1.310828545042791e-01  4.028360988048256e-02  1.000000000000000e+00  0.000000000000000e+00 -4.116097433934374e-01 -1.159515692975516e-01  4.116097433950782e-01  1.159515692946535e-01  1.000000000000000e+00  0.000000000000000e+00 
 6.309573444802003e+08 -1.321266164563850e-01 -4.113360222025003e-02  1.324618401838550e-01  4.188476115313514e-02  1.000000000000000e+00  0.000000000000000e+00 -4.193617163306969e-01 -1.103900926259264e-01  4.193617163302936e-01  1.103900926266964e-01  1.000000000000000e+00  0.000000000000000e+00 
 6.606934480076034e+08 -1.335983674630675e-01 -4.274169345817447e-02  1.339634717253059e-01  4.351909069388771e-02  1.000000000000000e+00  0.000000000000000e+00 -4.268451158656267e-01 -1.043367409482249e-01  4.268451158672998e-01  1.043367409448119e-01  1.000000000000000e+00  0.000000000000000e+00 
 6.918309709189442e+08 -1.352001440696664e-01 -4.437872075526206e-02  1.355975681673412e-01  4.518234209867714e-02  1.000000000000000e+00  0.000000000000000e+00 -4.340281076567352e-01 -9.780929185694025e-02  4.340281076567936e-01  9.780929185681650e-02  1.000000000000000e+00  0.000000000000000e+00 
 7.244359600749983e+08 -1.369421799132440e-01 -4.603963465242077e-02  1.373745159284608e-01  4.686930567779311e-02  1.000000000000000e+00  0.000000000000000e+00 -4.408816841393897e-01 -9.082751676315977e-02  4.408816841399464e-01  9.082751676183295e-02  1.000000000000000e+00  0.000000000000000e+00 
 7.585775750291924e+08 -1.388352619897337e-01 -4.771832744101068e-02  1.393052549535115e-01  4.857368840741591e-02  1.000000000000000e+00  0.000000000000000e+00 -4.473797751344164e-01 -8.341266773626251e-02  4.473797751344105e-01  8.341266773628361e-02  1.000000000000000e+00  0.000000000000000e+00 
 7.943282347242906e+08 -1.408907063437432e-01 -4.940749289918091e-02  1.414012520881839e-01  5.028797126444783e-02  1.000000000000000e+00  0.000000000000000e+00 -4.534992629253928e-01 -7.558697199908399e-02  4.534992629258687e-01  7.558697199772910e-02  1.000000000000000e+00  0.000000000000000e+00 
 8.317637711026806e+08 -1.431203186620649e-01 -5.109847319822036e-02  1.436744588332791e-01  5.200325372495035e-02  1.000000000000000e+00  0.000000000000000e+00 -4.592199084546142e-01 -6.737315142018410e-02  4.592199084559716e-01  6.737315141590007e-02  1.000000000000000e+00  0.000000000000000e+00 
 8.709635899560907e+08 -1.455363365775419e-01 -5.278109299843162e-02  1.461372502184841e-01  5.370908551270462e-02  1.000000000000000e+00  0.000000000000000e+00 -4.645241982028449e-01 -5.879398181841193e-02  4.645241982035745e-01  5.879398181585041e-02  1.000000000000000e+00  0.000000000000000e+00 
 9.120108393559203e+08 -1.481513500572139e-01 -5.444348114217040e-02  1.488023411032030e-01  5.539328609188439e-02  1.000000000000000e+00  0.000000000000000e+00 -4.693971234694974e-01 -4.987190387226108e-02  4.693971234693883e-01  4.987190387270340e-02  1.000000000000000e+00  0.000000000000000e+00 
 9.549925860214471e+08 -1.509781958048023e-01 -5.607188085775540e-02  1.516826757719879e-01  5.704175292614302e-02  1.000000000000000e+00  0.000000000000000e+00 -4.738259050379591e-01 -4.062869426014770e-02  4.738259050380708e-01  4.062869425965197e-02  1.000000000000000e+00  0.000000000000000e+00 
 1.000000000000012e+09 -1.540298211692008e-01 -5.765045003301446e-02  1.547912862620629e-01  5.863826019649332e-02  1.000000000000000e+00  0.000000000000000e+00 -4.777996766585352e-01 -3.108520259547409e-02  4.777996766588524e-01  3.108520259381356e-02  1.000000000000000e+00  0.000000000000000e+00 
 1.047128548050912e+09 -1.573191126411457e-01 -5.916105392316634e-02  1.581411144650037e-01  6.016425050368898e-02  1.000000000000000e+00  0.000000000000000e+00 -4.813091405629552e-01 -2.126115689764092e-02  4.813091405634304e-01  2.126115689466493e-02  1.000000000000000e+00  0.000000000000000e+00 
 1.096478196143198e+09 -1.608586836709922e-01 -6.058305364607802e-02  1.617447927166748e-01  6.159862309814620e-02  1.000000000000000e+00  0.000000000000000e+00 -4.843462074844732e-01 -1.117503786678528e-02  4.843462074844745e-01  1.117503786679416e-02  1.000000000000000e+00  0.000000000000000e+00 
 1.148153621496897e+09 -1.646606162926588e-01 -6.189309500813696e-02  1.656143773716397e-01  6.291752340004500e-02  1.000000000000000e+00  0.000000000000000e+00 -4.869036325034993e-01 -8.440202765396532e-04  4.869036325038069e-01  8.440202734325830e-04  1.000000000000000e+00  0.000000000000000e+00 
 1.202264434617427e+09 -1.687361509443052e-01 -6.306490361103793e-02  1.697610298040096e-01  6.409414000731775e-02  1.000000000000000e+00  0.000000000000000e+00 -4.889746567085784e-01  9.716021763534533e-03  4.889746567088475e-01 -9.716021767449901e-03  1.000000000000000e+00  0.000000000000000e+00 
 1.258925411794183e+09 -1.730953189992788e-01 -6.406909382107859e-02  1.741946394515334e-01  6.509851704466205e-02  1.000000000000000e+00  0.000000000000000e+00 -4.905526631903297e-01  2.049044988902733e-02  4.905526631904267e-01 -2.049044989151422e-02  1.000000000000000e+00  0.000000000000000e+00 
 1.318256738556423e+09 -1.777465129381937e-01 -6.487300103364010e-02  1.789233840015522e-01  6.589739157486399e-02  1.000000000000000e+00  0.000000000000000e+00 -4.916308545239159e-01  3.146574183608597e-02  4.916308545239337e-01 -3.146574183808368e-02  1.000000000000000e+00  0.000000000000000e+00 
 1.380384264602902e+09 -1.826959898937965e-01 -6.544054871516408e-02  1.839532226957623e-01  6.645406784925889e-02  1.000000000000000e+00  0.000000000000000e+00 -4.922019575967920e-01  4.262932223363330e-02  4.922019575967544e-01 -4.262932223540741e-02  1.000000000000000e+00  0.000000000000000e+00 
 1.445439770745945e+09 -1.879473055845424e-01 -6.573216390900843e-02  1.892873201049523e-01  6.672834236815270e-02  1.000000000000000e+00  0.000000000000000e+00 -4.922579605589841e-01  5.396934901853215e-02  4.922579605589757e-01 -5.396934901873593e-02  1.000000000000000e+00  0.000000000000000e+00 
 1.513561248436227e+09 -1.935006775276700e-01 -6.570475717630142e-02  1.949253997001327e-01  6.667649597523737e-02  1.000000000000000e+00  0.000000000000000e+00 -4.917898858167986e-01  6.547446050150646e-02  4.917898858167469e-01 -6.547446050214910e-02  1.000000000000000e+00  0.000000000000000e+00 
 1.584893192461133e+09 -1.993522789963714e-01 -6.531178519789696e-02  2.008630292273770e-01  6.625137140611867e-02  1.000000000000000e+00  0.000000000000000e+00 -4.907876023718680e-01  7.713348785012490e-02  4.907876023715000e-01 -7.713348785333014e-02  1.000000000000000e+00  0.000000000000000e+00 
 1.659586907437582e+09 -2.054934685588958e-01 -6.450341633462442e-02  2.070908433746593e-01  6.540255669021108e-02  1.000000000000000e+00  0.000000000000000e+00 -4.892396804214599e-01  8.893513744843985e-02  4.892396804213354e-01 -8.893513744929976e-02  1.000000000000000e+00  0.000000000000000e+00 
 1.737800828749398e+09 -2.119099642899022e-01 -6.322682112700564e-02  2.135937135712334e-01  6.407669635923019e-02  1.000000000000000e+00  0.000000000000000e+00 -4.871332909712430e-01  1.008676473458881e-01  4.871332909712075e-01 -1.008676473460997e-01  1.000000000000000e+00  0.000000000000000e+00 
 1.819700858610007e+09 -2.185809769186118e-01 -6.142661075710729e-02  2.203498800148469e-01  6.221795328581411e-02  1.000000000000000e+00  0.000000000000000e+00 -4.844541532283965e-01  1.129184219086618e-01  4.844541532281381e-01 -1.129184219098836e-01  1.000000000000000e+00  0.000000000000000e+00 
 1.905460717963272e+09 -2.254783222589399e-01 -5.904544658823296e-02  2.273300671499769e-01  5.976864385616854e-02  1.000000000000000e+00  0.000000000000000e+00 -4.811865326923380e-01  1.250736487380263e-01  4.811865326922780e-01 -1.250736487382778e-01  1.000000000000000e+00  0.000000000000000e+00 
 1.995262314968905e+09 -2.325655401569242e-01 -5.602484269408745e-02  2.344966107084434e-01  5.667006772635583e-02  1.000000000000000e+00  0.000000000000000e+00 -4.773132931086028e-01  1.373179021645347e-01  4.773132931086873e-01 -1.373179021642451e-01  1.000000000000000e+00  0.000000000000000e+00 
 2.089296130854067e+09 -2.397970546866484e-01 -5.230618041317994e-02  2.418026318514714e-01  5.286355025777945e-02  1.000000000000000e+00  0.000000000000000e+00 -4.728160057213378e-01  1.496337380601520e-01  4.728160057211679e-01 -1.496337380606896e-01  1.000000000000000e+00  0.000000000000000e+00 
 2.187761623949581e+09 -2.471174180928152e-01 -4.783194904339039e-02  2.491913015687663e-01  4.829171051637512e-02  1.000000000000000e+00  0.000000000000000e+00 -4.676751194987838e-01  1.620012853570306e-01  4.676751194985603e-01 -1.620012853576598e-01  1.000000000000000e+00  0.000000000000000e+00 
 2.290867652767803e+09 -2.544606885314351e-01 -4.254721949356527e-02  2.565952457978242e-01  4.289996014315833e-02  1.000000000000000e+00  0.000000000000000e+00 -4.618701961395912e-01  1.743978405887044e-01  4.618701961394779e-01 -1.743978405889945e-01  1.000000000000000e+00  0.000000000000000e+00 
 2.398832919019522e+09 -2.617499983561166e-01 -3.640134779462836e-02  2.639361480752209e-01  3.663822825214927e-02  1.000000000000000e+00  0.000000000000000e+00 -4.553802136160499e-01  1.867974729329816e-01  4.553802136159001e-01 -1.867974729333270e-01  1.000000000000000e+00  0.000000000000000e+00 
 2.511886431509614e+09 -2.688973747411860e-01 -2.934989275842509e-02  2.711246111287354e-01  2.946289473753180e-02  1.000000000000000e+00  0.000000000000000e+00 -4.481839416990102e-01  1.991706485956038e-01  4.481839416987579e-01 -1.991706485961296e-01  1.000000000000000e+00  0.000000000000000e+00 
 2.630267991895417e+09 -2.758038769077794e-01 -2.135671689915236e-02  2.780603407636508e-01  2.133889915432635e-02  1.000000000000000e+00  0.000000000000000e+00 -4.402603922518405e-01  2.114838849181915e-01  4.402603922515331e-01 -2.114838849187747e-01  1.000000000000000e+00  0.000000000000000e+00 
 2.754228703338203e+09 -2.823601131453841e-01 -1.239622243187249e-02  2.846327137384963e-01  1.224197514466707e-02  1.000000000000000e+00  0.000000000000000e+00 -4.315893459953620e-01  2.236994462444445e-01  4.315893459956199e-01 -2.236994462440044e-01  1.000000000000000e+00  0.000000000000000e+00 
 2.884031503126645e+09 -2.884471952449540e-01 -2.455655513625310e-03  2.907217851561065e-01  2.160942022448320e-03  1.000000000000000e+00  0.000000000000000e+00 -4.221519558622371e-01  2.357750952317876e-01  4.221519558618042e-01 -2.357750952324742e-01  1.000000000000000e+00  0.000000000000000e+00 
 3.019951720402058e+09 -2.939381770715293e-01  8.462606951942786e-03  2.961997794650313e-01 -8.900033229036153e-03  1.000000000000000e+00  0.000000000000000e+00 -4.119314249048295e-01  2.476639148619967e-01  4.119314249048872e-01 -2.476639148619167e-01  1.000000000000000e+00  0.000000000000000e+00 
 3.162277660168423e+09 -2.987000072822692e-01  2.033889114995802e-02  3.009330920203352e-01 -2.091930713795059e-02  1.000000000000000e+00  0.000000000000000e+00 -4.009137539870405e-01  2.593142176648216e-01  4.009137539868298e-01 -2.593142176651038e-01  1.000000000000000e+00  0.000000000000000e+00 
 3.311311214825957e+09 -3.025960035564748e-01  3.313429842507792e-02  3.047848052786281e-01 -3.385588124641903e-02  1.000000000000000e+00  0.000000000000000e+00 -3.890885511146689e-01  2.706695595766541e-01  3.890885511147591e-01 -2.706695595765466e-01  1.000000000000000e+00  0.000000000000000e+00 
 3.467368504525365e+09 -3.054888276424301e-01  4.678914246211785e-02  3.076176956572961e-01 -4.764789941186692e-02  1.000000000000000e+00  0.000000000000000e+00 -3.764498903649142e-01  2.816688760331504e-01  3.764498903649927e-01 -2.816688760330653e-01  1.000000000000000e+00  0.000000000000000e+00 
 3.630780547701065e+09 -3.072439082165782e-01  6.122188066113421e-02  3.092976750911818e-01 -6.221164762675613e-02  1.000000000000000e+00  0.000000000000000e+00 -3.629972039704025e-01  2.922467573224038e-01  3.629972039701913e-01 -2.922467573226221e-01  1.000000000000000e+00  0.000000000000000e+00 
 3.801893963205667e+09 -3.077332238834114e-01  7.632866224394669e-02  3.096975772759274e-01 -7.744117563877129e-02  1.000000000000000e+00  0.000000000000000e+00 -3.487361864415988e-01  3.023338785416969e-01  3.487361864412851e-01 -3.023338785419922e-01  1.000000000000000e+00  0.000000000000000e+00 
 3.981071705535030e+09 -3.068393241674082e-01  9.198359917355614e-02  3.087011650214997e-01 -9.320864249361599e-02  1.000000000000000e+00  0.000000000000000e+00 -3.336796848588046e-01  3.118575966312194e-01  3.336796848587839e-01 -3.118575966312387e-01  1.000000000000000e+00  0.000000000000000e+00 
 4.168693834703414e+09 -3.044594351027488e-01  1.080398392542458e-01  3.062072050310005e-01 -1.093654609901189e-01  1.000000000000000e+00  0.000000000000000e+00 -3.178485449732500e-01  3.207427227219121e-01  3.178485449729493e-01 -3.207427227221459e-01  1.000000000000000e+00  0.000000000000000e+00 
 4.365158322401723e+09 -3.005094712749817e-01  1.243314844652474e-01  3.021334329320472e-01 -1.257442796656723e-01  1.000000000000000e+00  0.000000000000000e+00 -3.012723788946500e-01  3.289124724026399e-01  3.012723788949458e-01 -3.289124724024355e-01  1.000000000000000e+00  0.000000000000000e+00 
 4.570881896148817e+09 -2.949277610349103e-01  1.406763534348824e-01  2.964202175180221e-01 -1.421617971277685e-01  1.000000000000000e+00  0.000000000000000e+00 -2.839902173508780e-01  3.362895895294413e-01  2.839902173502979e-01 -3.362895895298061e-01  1.000000000000000e+00  0.000000000000000e+00 
 4.786300923226454e+09 -2.876782886659608e-01  1.568795378355881e-01  2.890337313440110e-01 -1.584223551558126e-01  1.000000000000000e+00  0.000000000000000e+00 -2.660510081876588e-01  3.427976310921967e-01  2.660510081876002e-01 -3.427976310922308e-01  1.000000000000000e+00  0.000000000000000e+00 
 5.011872336272797e+09 -2.787532681763827e-01  1.727376521120969e-01  2.799684465721590e-01 -1.743222076954873e-01  1.000000000000000e+00  0.000000000000000e+00 -2.475139234184828e-01  3.483623916976419e-01  2.475139234180744e-01 -3.483623916978437e-01  1.000000000000000e+00  0.000000000000000e+00 
 5.248074602497804e+09 -2.681748884781701e-01  1.880436286262338e-01  2.692488005430060e-01 -1.896543168319632e-01  1.000000000000000e+00  0.000000000000000e+00 -2.284484399648501e-01  3.529134369991122e-01  2.284484399645798e-01 -3.529134369992286e-01  1.000000000000000e+00  0.000000000000000e+00 
 5.495408738576327e+09 -2.559961079336021e-01  2.025918703702772e-01  2.569299138332618e-01 -2.042134882797132e-01  1.000000000000000e+00  0.000000000000000e+00 -2.089341645738632e-01  3.563857064176238e-01  2.089341645735436e-01 -3.563857064177407e-01  1.000000000000000e+00  0.000000000000000e+00 
 5.754399373371655e+09 -2.423004250870460e-01  2.161835447775095e-01  2.430972920309507e-01 -2.178016316277262e-01  1.000000000000000e+00  0.000000000000000e+00 -1.890603811519146e-01  3.587211375587733e-01  1.890603811520146e-01 -3.587211375587444e-01  1.000000000000000e+00  0.000000000000000e+00 
 6.025595860743669e+09 -2.272006081112690e-01  2.286317878034408e-01  2.278654974221046e-01 -2.302329173497465e-01  1.000000000000000e+00  0.000000000000000e+00 -1.689253088072560e-01  3.598702584972176e-01  1.689253088071284e-01 -3.598702584972492e-01  1.000000000000000e+00  0.000000000000000e+00 
 6.309573444802029e+09 -2.108364234996880e-01  2.397665889708783e-01  2.113758337500292e-01 -2.413386049255551e-01  1.000000000000000e+00  0.000000000000000e+00 -1.486350707262905e-01  3.597936903124869e-01  1.486350707260560e-01 -3.597936903125296e-01  1.000000000000000e+00  0.000000000000000e+00 
 6.606934480076061e+09 -1.933714599266368e-01  2.494391454876154e-01  1.937931414019646e-01 -2.509713342750499e-01  1.000000000000000e+00  0.000000000000000e+00 -1.283023870023791e-01  3.584635014404167e-01  1.283023870023614e-01 -3.584635014404196e-01  1.000000000000000e+00  0.000000000000000e+00 
 6.918309709189471e+09 -1.749891913352820e-01  2.575255052734010e-01  1.753018472938107e-01 -2.590087044813688e-01  1.000000000000000e+00  0.000000000000000e+00 -1.080450177872166e-01  3.558643579172152e-01  1.080450177871962e-01 -3.558643579172169e-01  1.000000000000000e+00  0.000000000000000e+00 
 7.244359600750012e+09 -1.558884603606578e-01  2.639293617832315e-01  1.561014496527363e-01 -2.653560065147161e-01  1.000000000000000e+00  0.000000000000000e+00 -8.798399571936297e-02  3.519944194863639e-01  8.798399571944716e-02 -3.519944194863650e-01  1.000000000000000e+00  0.000000000000000e+00 
 7.585775750291955e+09 -1.362785865488771e-01  2.685839138762494e-01  1.364016403376638e-01 -2.699480264258792e-01  1.000000000000000e+00  0.000000000000000e+00 -6.824169751914841e-02  3.468659405752683e-01  6.824169751895870e-02 -3.468659405752567e-01  1.000000000000000e+00  0.000000000000000e+00 
 7.943282347242938e+09 -1.163743123679945e-01  2.714527571302963e-01  1.164172752297684e-01 -2.727498878313790e-01  1.000000000000000e+00  0.000000000000000e+00 -4.893981305485859e-02  3.405055467769697e-01  4.893981305485119e-02 -3.405055467769694e-01  1.000000000000000e+00  0.000000000000000e+00 
 8.317637711026839e+09 -9.639079411514236e-02  2.725298244542324e-01  9.636339698845686e-02 -2.737569530796786e-01  1.000000000000000e+00  0.000000000000000e+00 -3.019727544876184e-02  3.329541708839776e-01  3.019727544865278e-02 -3.329541708839571e-01  1.000000000000000e+00  0.000000000000000e+00 
 8.709635899560942e+09 -7.653882625911372e-02  2.718384396587513e-01  7.645049584106731e-02 -2.729938474248614e-01  1.000000000000000e+00  0.000000000000000e+00 -1.212821750531084e-02  3.242666467408666e-01  1.212821750517348e-02 -3.242666467408315e-01  1.000000000000000e+00  0.000000000000000e+00 
 9.120108393559240e+09 -5.702045930154176e-02  2.694295848009740e-01  5.688016579844177e-02 -2.705127069115567e-01  1.000000000000000e+00  0.000000000000000e+00  5.159982090723259e-03  3.145109731713502e-01 -5.159982090787909e-03 -3.145109731713296e-01  1.000000000000000e+00  0.000000000000000e+00 
 9.549925860214510e+09 -3.802513628865056e-02  2.653795087750412e-01  3.784127909770393e-02 -2.663907767051602e-01  1.000000000000000e+00  0.000000000000000e+00  2.156850448361009e-02  3.037672730161169e-01 -2.156850448360324e-02 -3.037672730161206e-01  1.000000000000000e+00  0.000000000000000e+00 
 1.000000000000016e+10 -1.972643521662415e-02  2.597868201616102e-01  1.950676425651696e-02 -2.607275016945456e-01  1.000000000000000e+00  0.000000000000000e+00  3.700869775024486e-02  2.921264830826803e-01 -3.700869775027676e-02 -2.921264830826660e-01  1.000000000000000e+00  0.000000000000000e+00 
 1.047128548050916e+10 -2.279467056029022e-03  2.527692122780380e-01  2.031036122638510e-03 -2.536412558583835e-01  1.000000000000000e+00  0.000000000000000e+00  5.140344461726260e-02  2.796888190028931e-01 -5.140344461729673e-02 -2.796888190028748e-01  1.000000000000000e+00  0.000000000000000e+00 
 1.096478196143202e+10  1.418105528480731e-02  2.444599640902590e-01 -1.445190759675771e-02 -2.452658525065351e-01  1.000000000000000e+00  0.000000000000000e+00  6.468826079208131e-02  2.665620643597178e-01 -6.468826079219056e-02 -2.665620643596471e-01  1.000000000000000e+00  0.000000000000000e+00 
 1.148153621496901e+10  2.954209105936172e-02  2.350043491582385e-01 -2.982973770994955e-02 -2.357469660563750e-01  1.000000000000000e+00  0.000000000000000e+00  7.681210489285871e-02  2.528597360185819e-01 -7.681210489288999e-02 -2.528597360185597e-01  1.000000000000000e+00  0.000000000000000e+00 
 1.202264434617432e+10  4.371292595752609e-02  2.245560683695942e-01 -4.401242993951970e-02 -2.252385797244053e-01  1.000000000000000e+00  0.000000000000000e+00  8.773789141562981e-02  2.386991776737583e-01 -8.773789141564502e-02 -2.386991776737465e-01  1.000000000000000e+00  0.000000000000000e+00 
 1.258925411794188e+10  5.662526024315557e-02  2.132738031333429e-01 -5.693233975714431e-02 -2.138995546322601e-01  1.000000000000000e+00  0.000000000000000e+00  9.744270756890860e-02  2.241996316630281e-01 -9.744270756890606e-02 -2.241996316630324e-01  1.000000000000000e+00  0.000000000000000e+00 
 1.318256738556429e+10  6.823279484007949e-02  2.013179659641287e-01 -6.854377927077707e-02 -2.018903963164864e-01  1.000000000000000e+00  0.000000000000000e+00  1.059177428146355e-01  2.094803356795208e-01 -1.059177428146448e-01 -2.094803356795122e-01  1.000000000000000e+00  0.000000000000000e+00 
 1.380384264602907e+10  7.851038452564421e-02  1.888477065735327e-01 -7.882216474301529e-02 -1.893702760533388e-01  1.000000000000000e+00  0.000000000000000e+00  1.131679465011816e-01  1.946586866679638e-01 -1.131679465012007e-01 -1.946586866679415e-01  1.000000000000000e+00  0.000000000000000e+00 
 1.445439770745951e+10  8.745282828901510e-02  1.760182147845164e-01 -8.776280417453350e-02 -1.764943478290493e-01  1.000000000000000e+00  0.000000000000000e+00  1.192114341492766e-01  1.798485094130848e-01 -1.192114341492883e-01 -1.798485094130701e-01  1.000000000000000e+00  0.000000000000000e+00 
 1.513561248436233e+10  9.507336488058718e-02  1.629783473746853e-01 -9.537939236487800e-02 -1.634113877671449e-01  1.000000000000000e+00  0.000000000000000e+00  1.240786669839723e-01  1.651584624460323e-01 -1.240786669839612e-01 -1.651584624460532e-01  1.000000000000000e+00  0.000000000000000e+00 
 1.584893192461140e+10  1.014019377945742e-01  1.498685944569088e-01 -1.017022771245575e-01 -1.502617714841493e-01  1.000000000000000e+00  0.000000000000000e+00  1.278114324693622e-01  1.506906090931325e-01 -1.278114324693571e-01 -1.506906090931449e-01  1.000000000000000e+00  0.000000000000000e+00 
 1.659586907437588e+10  1.064832893682372e-01  1.368193919887978e-01 -1.067765558222501e-01 -1.371757959488646e-01  1.000000000000000e+00  0.000000000000000e+00  1.304616561574981e-01  1.365391768004427e-01 -1.304616561575042e-01 -1.365391768004323e-01  1.000000000000000e+00  0.000000000000000e+00 
 1.737800828749405e+10  1.103749390547313e-01  1.239497799982290e-01 -1.106600569039075e-01 -1.242723455029568e-01  1.000000000000000e+00  0.000000000000000e+00  1.320900772915121e-01  1.227895232056571e-01 -1.320900772915062e-01 -1.227895232056764e-01  1.000000000000000e+00  0.000000000000000e+00 
 1.819700858610014e+10  1.131450966396950e-01  1.113664005460550e-01 -1.134212568151714e-01 -1.116578961914284e-01  1.000000000000000e+00  0.000000000000000e+00  1.327648223794781e-01  1.095173226511008e-01 -1.327648223794728e-01 -1.095173226511224e-01  1.000000000000000e+00  0.000000000000000e+00 
 1.905460717963279e+10  1.148705573515989e-01  9.916282475427735e-02 -1.151371790156682e-01 -9.942584789083006e-02  1.000000000000000e+00  0.000000000000000e+00  1.325599123342106e-01  9.678798179417547e-02 -1.325599123342119e-01 -9.678798179417530e-02  1.000000000000000e+00  0.000000000000000e+00 
 1.995262314968913e+10  1.156346223632051e-01  8.741919394551843e-02 -1.158913183901328e-01 -8.765616945343875e-02  1.000000000000000e+00  0.000000000000000e+00  1.315537396094331e-01  8.465628758559852e-02 -1.315537396094329e-01 -8.465628758560684e-02  1.000000000000000e+00  0.000000000000000e+00 
 2.089296130854075e+10  1.155250848477318e-01  7.620215576786531e-02 -1.157716310862814e-01 -7.641533791251631e-02  1.000000000000000e+00  0.000000000000000e+00  1.298275518483198e-01  7.316628515475032e-02 -1.298275518483199e-01 -7.316628515476006e-02  1.000000000000000e+00  0.000000000000000e+00 
 2.187761623949590e+10  1.146323182272682e-01  6.556507200640760e-02 -1.148686263310490e-01 -6.575654861010126e-02  1.000000000000000e+00  0.000000000000000e+00  1.274639776786673e-01  6.235137718656655e-02 -1.274639776786682e-01 -6.235137718657183e-02  1.000000000000000e+00  0.000000000000000e+00 
 2.290867652767812e+10  1.130474992414866e-01  5.554847067607782e-02 -1.132735928043935e-01 -5.572016898538877e-02  1.000000000000000e+00  0.000000000000000e+00  1.245456282670510e-01  5.223463042510119e-02 -1.245456282670524e-01 -5.223463042509594e-02  1.000000000000000e+00  0.000000000000000e+00 
 2.398832919019532e+10  1.108609937674219e-01  4.618071115733508e-02 -1.110769874800368e-01 -4.633440490926346e-02  1.000000000000000e+00  0.000000000000000e+00  1.211538049989184e-01  4.282926930520232e-02 -1.211538049989197e-01 -4.282926930520619e-02  1.000000000000000e+00  0.000000000000000e+00 
 2.511886431509623e+10  1.081609278616512e-01  3.747882786800569e-02 -1.083670094022366e-01 -3.761614516237208e-02  1.000000000000000e+00  0.000000000000000e+00  1.173673392177206e-01  3.413933174686525e-02 -1.173673392177219e-01 -3.413933174686803e-02  1.000000000000000e+00  0.000000000000000e+00 
 2.630267991895427e+10  1.050319603452580e-01  2.944951557093306e-02 -1.052283747291726e-01 -2.957194724155274e-02  1.000000000000000e+00  0.000000000000000e+00  1.132615844966864e-01  2.616045818320720e-02 -1.132615844966869e-01 -2.616045818320168e-02  1.000000000000000e+00  0.000000000000000e+00 
 2.754228703338214e+10  1.015542666138574e-01  2.209021816507975e-02 -1.017413027426181e-01 -2.219912641049033e-02  1.000000000000000e+00  0.000000000000000e+00  1.089075757084216e-01  1.888078220921122e-02 -1.089075757084244e-01 -1.888078220922168e-02  1.000000000000000e+00  0.000000000000000e+00 
 2.884031503126656e+10  9.780273653445121e-02  1.539028287356756e-02 -9.798071570644164e-02 -1.548690996184031e-02  1.000000000000000e+00  0.000000000000000e+00  1.043713625598791e-01  1.228189000865085e-02 -1.043713625598807e-01 -1.228189000865388e-02  1.000000000000000e+00  0.000000000000000e+00 
 3.019951720402069e+10  9.384638264661835e-02  9.332143182374077e-03 -9.401564881296867e-02 -9.417620086416081e-03  1.000000000000000e+00  0.000000000000000e+00  9.971351867286651e-02  6.339815993209141e-03 -9.971351867286997e-02 -6.339815993218870e-03  1.000000000000000e+00  0.000000000000000e+00 
 3.162277660168435e+10  8.974794877910412e-02  3.892496627582205e-03 -8.990886034890808e-02 -3.967851479799811e-03  1.000000000000000e+00  0.000000000000000e+00  9.498882110615441e-02  1.026043796462269e-03 -9.498882110615636e-02 -1.026043796465859e-03  1.000000000000000e+00  0.000000000000000e+00 
 3.311311214825969e+10  8.556370394236160e-02 -9.565526077157539e-04 -8.571662696025110e-02  8.903863272863616e-04  1.000000000000000e+00  0.000000000000000e+00  9.024608977759792e-02 -3.691515283825545e-03 -9.024608977760033e-02  3.691515283821056e-03  1.000000000000000e+00  0.000000000000000e+00 
 3.467368504525378e+10  8.134340220223701e-02 -5.246411615339593e-03 -8.148870473806781e-02  5.188587223479747e-03  1.000000000000000e+00  0.000000000000000e+00  8.552817181527801e-02 -7.847590380712951e-03 -8.552817181528033e-02  7.847590380709080e-03  1.000000000000000e+00  0.000000000000000e+00 
 3.630780547701078e+10  7.713038631956144e-02 -9.010997296114667e-03 -7.726843392457518e-02  8.960747433577328e-03  1.000000000000000e+00  0.000000000000000e+00  8.087205260572447e-02 -1.147868511150692e-02 -8.087205260572677e-02  1.147868511150340e-02  1.000000000000000e+00  0.000000000000000e+00 
 3.801893963205680e+10  7.296181129012802e-02 -1.228583017468180e-02 -7.309296338666604e-02  1.224245975308514e-02  1.000000000000000e+00  0.000000000000000e+00  7.630907327034298e-02 -1.462229213933392e-02 -7.630907327034556e-02  1.462229213933006e-02  1.000000000000000e+00  0.000000000000000e+00 
 3.981071705535044e+10  6.886896347851582e-02 -1.510723286242599e-02 -6.899357056149344e-02  1.507011245684287e-02  1.000000000000000e+00  0.000000000000000e+00  7.186523344625820e-02 -1.731619793355209e-02 -7.186523344626121e-02  1.731619793354765e-02  1.000000000000000e+00  0.000000000000000e+00 
 4.168693834703429e+10  6.487765166896640e-02 -1.751163762362879e-02 -6.499605320720996e-02  1.748019732722010e-02  1.000000000000000e+00  0.000000000000000e+00  6.756155845423018e-02 -1.959788284490496e-02 -6.756155845423215e-02  1.959788284490250e-02  1.000000000000000e+00  0.000000000000000e+00 
 4.365158322401739e+10  6.100864786488416e-02 -1.953500317702290e-02 -6.112117079941778e-02  1.950872692556266e-02  1.000000000000000e+00  0.000000000000000e+00  6.341451102755116e-02 -2.150401753090946e-02 -6.341451102755312e-02  2.150401753090708e-02  1.000000000000000e+00  0.000000000000000e+00 
 4.570881896148833e+10  5.727815783518021e-02 -2.121233726065849e-02 -5.738511557989305e-02  2.119075762719002e-02  1.000000000000000e+00  0.000000000000000e+00  5.943642954455382e-02 -2.307005332138281e-02 -5.943642954455543e-02  2.307005332138108e-02  1.000000000000000e+00  0.000000000000000e+00 
 4.786300923226471e+10  5.369830400539709e-02 -2.257731866249508e-02 -5.379999586345260e-02  2.256001211552316e-02  1.000000000000000e+00  0.000000000000000e+00  5.563597693827999e-02 -2.432990137587296e-02 -5.563597693828134e-02  2.432990137587165e-02  1.000000000000000e+00  0.000000000000000e+00 
 5.011872336272815e+10  5.027760611325207e-02 -2.366201037185903e-02 -5.037431703027578e-02  2.364859298436946e-02  1.000000000000000e+00  0.000000000000000e+00  5.201858694585455e-02 -2.531569346620902e-02 -5.201858694585660e-02  2.531569346620688e-02  1.000000000000000e+00  0.000000000000000e+00 
 5.248074602497823e+10  4.702144790844496e-02 -2.449665418904000e-02 -4.711344849106071e-02  2.448677778023686e-02  1.000000000000000e+00  0.000000000000000e+00  4.858689692758806e-02 -2.605761588235724e-02 -4.858689692759026e-02  2.605761588235506e-02  1.000000000000000e+00  0.000000000000000e+00 
 5.495408738576347e+10  4.393252092728984e-02 -2.510953645880582e-02 -4.402006766303096e-02  2.510288514578372e-02  1.000000000000000e+00  0.000000000000000e+00  4.534115898522537e-02 -2.658380723686487e-02 -4.534115898522622e-02  2.658380723686413e-02  1.000000000000000e+00  0.000000000000000e+00 
 5.754399373371677e+10  4.101123890427554e-02 -2.552691446494211e-02 -4.109457452629899e-02  2.552320159759167e-02  1.000000000000000e+00  0.000000000000000e+00  4.227962342965615e-02 -2.692031073934275e-02 -4.227962342965818e-02  2.692031073934093e-02  1.000000000000000e+00  0.000000000000000e+00 
 6.025595860743690e+10  3.825611862255195e-02 -2.577299332510750e-02 -3.833547256992167e-02  2.577195877441816e-02  1.000000000000000e+00  0.000000000000000e+00  3.939889071599346e-02 -2.709107172468295e-02 -3.939889071599504e-02  2.709107172468161e-02  1.000000000000000e+00  0.000000000000000e+00 
 6.309573444802052e+10  3.566412491434909e-02 -2.586994384769202e-02 -3.573971384588817e-02  2.587135161529210e-02  1.000000000000000e+00  0.000000000000000e+00  3.669422973551493e-02 -2.711797174375185e-02 -3.669422973551627e-02  2.711797174375073e-02  1.000000000000000e+00  0.000000000000000e+00 
 6.606934480076085e+10  3.323097908892853e-02 -2.583795265273566e-02 -3.330300741570289e-02  2.584158876800474e-02  1.000000000000000e+00  0.000000000000000e+00  3.415986181405816e-02 -2.702089126655643e-02 -3.415986181405964e-02  2.702089126655525e-02  1.000000000000000e+00  0.000000000000000e+00 
 6.918309709189496e+10  3.095143129974303e-02 -2.569529682803689e-02 -3.102009170805238e-02  2.570096749843721e-02  1.000000000000000e+00  0.000000000000000e+00  3.178921092046181e-02 -2.681779392053160e-02 -3.178921092046308e-02  2.681779392053062e-02  1.000000000000000e+00  0.000000000000000e+00 
 7.244359600750038e+10  2.881949828920978e-02 -2.545843641538916e-02 -2.888497223242832e-02  2.546596639575720e-02  1.000000000000000e+00  0.000000000000000e+00  2.957512145753210e-02 -2.652482611953453e-02 -2.957512145753297e-02  2.652482611953382e-02  1.000000000000000e+00  0.000000000000000e+00 
 7.585775750291982e+10  2.682866860372156e-02 -2.514211904233715e-02 -2.689112674736237e-02  2.515135018970372e-02  1.000000000000000e+00  0.000000000000000e+00  2.751004562244977e-02 -2.615642687626714e-02 -2.751004562245076e-02  2.615642687626641e-02  1.000000000000000e+00  0.000000000000000e+00 
 7.943282347242966e+10  2.497207779301542e-02 -2.475949198899543e-02 -2.503168040289700e-02  2.477028197097951e-02  1.000000000000000e+00  0.000000000000000e+00  2.558620271958285e-02 -2.572544349024789e-02 -2.558620271958385e-02  2.572544349024719e-02  1.000000000000000e+00  0.000000000000000e+00 
 8.317637711026869e+10  2.324265633778665e-02 -2.432221787792382e-02 -2.329955360609194e-02  2.433443900477361e-02  1.000000000000000e+00  0.000000000000000e+00  2.379571302404209e-02 -2.524324963608080e-02 -2.379571302404285e-02  2.524324963608022e-02  1.000000000000000e+00  0.000000000000000e+00 
 8.709635899560974e+10  2.163325312697674e-02 -2.384059097989098e-02 -2.168758543526235e-02  2.385412913270731e-02  1.000000000000000e+00  0.000000000000000e+00  2.213070886568488e-02 -2.471986312455759e-02 -2.213070886568572e-02  2.471986312455701e-02  1.000000000000000e+00  0.000000000000000e+00 
 9.120108393559274e+10  2.013673726763782e-02 -2.332365183090803e-02 -2.018863538945682e-02  2.333840546135654e-02  1.000000000000000e+00  0.000000000000000e+00  2.058342556443730e-02 -2.416406126290774e-02 -2.058342556443832e-02  2.416406126290712e-02  1.000000000000000e+00  0.000000000000000e+00 
 9.549925860214545e+10  1.874608088748565e-02 -2.277929845456415e-02 -1.879566613623901e-02  2.279517763433989e-02  1.000000000000000e+00  0.000000000000000e+00  1.914627472865974e-02 -2.358349229791972e-02 -1.914627472866070e-02  2.358349229791916e-02  1.000000000000000e+00  0.000000000000000e+00 
 1.000000000000020e+11  1.745442541020278e-02 -2.221439298190654e-02 -1.750180974016795e-02  2.223131848324713e-02  1.000000000000000e+00  0.000000000000000e+00  1.781190225433459e-02 -2.298478188927912e-02 -1.781190225433524e-02  2.298478188927871e-02  1.000000000000000e+00  0.000000000000000e+00 
