 1.000000000000000e+06 -3.807426940310854e-01  7.608284899026586e-05  3.807427567069522e-01 -6.698485926811591e-05  1.000000000000000e+00  0.000000000000000e+00 -1.799150546614181e-01 -6.897176263145451e-04  1.799150546618890e-01  6.897176263135956e-04  1.000000000000000e+00  0.000000000000000e+00 
 1.047128548050900e+06 -3.807426907940883e-01  7.966836811183089e-05  3.807427594801512e-01 -7.014200374460801e-05  1.000000000000000e+00  0.000000000000000e+00 -1.799152166032686e-01 -7.222226587248779e-04  1.799152166027008e-01  7.222226587268813e-04  1.000000000000000e+00  0.000000000000000e+00 
 1.096478196143185e+06 -3.807426872472432e-01  8.342284490792397e-05  3.807427625171065e-01 -7.344797575637392e-05  1.000000000000000e+00  0.000000000000000e+00 -1.799153941678606e-01 -7.562595530950366e-04  1.799153941721109e-01  7.562595530825726e-04  1.000000000000000e+00  0.000000000000000e+00 
 1.148153621496883e+06 -3.807426833611237e-01  8.735423882306746e-05  3.807427658425299e-01 -7.690979455282423e-05  1.000000000000000e+00  0.000000000000000e+00 -1.799155888635490e-01 -7.919004960005535e-04  1.799155888719933e-01  7.919004959742291e-04  1.000000000000000e+00  0.000000000000000e+00 
 1.202264434617413e+06 -3.807426791035518e-01  9.147088394554064e-05  3.807427694833711e-01 -8.053481094403642e-05  1.000000000000000e+00  0.000000000000000e+00 -1.799158023442465e-01 -8.292210749019319e-04  1.799158023488926e-01  8.292210748869542e-04  1.000000000000000e+00  0.000000000000000e+00 
 1.258925411794168e+06 -3.807426744393546e-01  9.578150659647328e-05  3.807427734690132e-01 -8.433072303383934e-05  1.000000000000000e+00  0.000000000000000e+00 -1.799160364198861e-01 -8.683004382479435e-04  1.799160364266877e-01  8.683004382247805e-04  1.000000000000000e+00  0.000000000000000e+00 
 1.318256738556408e+06 -3.807426693300904e-01  1.002952437385794e-04  3.807427778314664e-01 -8.830559270913222e-05  1.000000000000000e+00  0.000000000000000e+00 -1.799162930785998e-01 -9.092214631075249e-04  1.799162930864572e-01  9.092214630794348e-04  1.000000000000000e+00  0.000000000000000e+00 
 1.380384264602886e+06 -3.807426637337611e-01  1.050216622419601e-04  3.807427826055870e-01 -9.246786292298396e-05  1.000000000000000e+00  0.000000000000000e+00 -1.799165744990892e-01 -9.520709306632201e-04  1.799165745068381e-01  9.520709306342187e-04  1.000000000000000e+00  0.000000000000000e+00 
 1.445439770745928e+06 -3.807426576044994e-01  1.099707790460431e-04  3.807427878293024e-01 -9.682637581101882e-05  1.000000000000000e+00  0.000000000000000e+00 -1.799168830702647e-01 -9.969397099464118e-04  1.799168830765057e-01  9.969397099220520e-04  1.000000000000000e+00  0.000000000000000e+00 
 1.513561248436209e+06 -3.807426508922286e-01  1.151530822584084e-04  3.807427935438503e-01 -1.013903916826970e-04  1.000000000000000e+00  0.000000000000000e+00 -1.799172214114390e-01 -1.043922950192015e-03  1.799172214148839e-01  1.043922950178171e-03  1.000000000000000e+00  0.000000000000000e+00 
 1.584893192461115e+06 -3.807426435423008e-01  1.205795532330460e-04  3.807427997940295e-01 -1.061696089312763e-04  1.000000000000000e+00  0.000000000000000e+00 -1.799175923936455e-01 -1.093120282213266e-03  1.799175923991417e-01  1.093120282189812e-03  1.000000000000000e+00  0.000000000000000e+00 
 1.659586907437562e+06 -3.807426354951038e-01  1.262616896724255e-04  3.807428066284649e-01 -1.111741849085589e-04  1.000000000000000e+00  0.000000000000000e+00 -1.799179991680748e-01 -1.144636029221521e-03  1.799179991673610e-01  1.144636029225363e-03  1.000000000000000e+00  0.000000000000000e+00 
 1.737800828749377e+06 -3.807426266856446e-01  1.322115297997051e-04  3.807428140998783e-01 -1.164147578129326e-04  1.000000000000000e+00  0.000000000000000e+00 -1.799184451854753e-01 -1.198579427510573e-03  1.799184451835030e-01  1.198579427520623e-03  1.000000000000000e+00  0.000000000000000e+00 
 1.819700858609986e+06 -3.807426170430998e-01  1.384416776494199e-04  3.807428222653702e-01 -1.219024696417679e-04  1.000000000000000e+00  0.000000000000000e+00 -1.799189342319230e-01 -1.255064857489695e-03  1.799189342329613e-01  1.255064857485121e-03  1.000000000000000e+00  0.000000000000000e+00 
 1.905460717963250e+06 -3.807426064903400e-01  1.449653295271283e-04  3.807428311867062e-01 -1.276489902618566e-04  1.000000000000000e+00  0.000000000000000e+00 -1.799194704585139e-01 -1.314212085517877e-03  1.799194704674025e-01  1.314212085471870e-03  1.000000000000000e+00  0.000000000000000e+00 
 1.995262314968882e+06 -3.807425949434177e-01  1.517963016907179e-04  3.807428409306047e-01 -1.336665426543395e-04  1.000000000000000e+00  0.000000000000000e+00 -1.799200584202660e-01 -1.376146517054571e-03  1.799200584208160e-01  1.376146517052242e-03  1.000000000000000e+00  0.000000000000000e+00 
 2.089296130854042e+06 -3.807425823110334e-01  1.589490593084558e-04  3.807428515690254e-01 -1.399679293934075e-04  1.000000000000000e+00  0.000000000000000e+00 -1.799207031035468e-01 -1.440999461619059e-03  1.799207031066040e-01  1.440999461602187e-03  1.000000000000000e+00  0.000000000000000e+00 
 2.187761623949556e+06 -3.807425684939656e-01  1.664387467513464e-04  3.807428631794498e-01 -1.465665604209874e-04  1.000000000000000e+00  0.000000000000000e+00 -1.799214099827359e-01 -1.508908410155229e-03  1.799214099851921e-01  1.508908410141184e-03  1.000000000000000e+00  0.000000000000000e+00 
 2.290867652767777e+06 -3.807425533844697e-01  1.742812192800457e-04  3.807428758451429e-01 -1.534764821826187e-04  1.000000000000000e+00  0.000000000000000e+00 -1.799221850567462e-01 -1.580017325300530e-03  1.799221850622089e-01  1.580017325266851e-03  1.000000000000000e+00  0.000000000000000e+00 
 2.398832919019494e+06 -3.807425368656560e-01  1.824930761894317e-04  3.807428896554048e-01 -1.607124081927565e-04  1.000000000000000e+00  0.000000000000000e+00 -1.799230349066205e-01 -1.654476945205190e-03  1.799230349044945e-01  1.654476945220074e-03  1.000000000000000e+00  0.000000000000000e+00 
 2.511886431509584e+06 -3.807425188108344e-01  1.910916954770035e-04  3.807429047057782e-01 -1.682897511007478e-04  1.000000000000000e+00  0.000000000000000e+00 -1.799239667413675e-01 -1.732445101466763e-03  1.799239667480141e-01  1.732445101421645e-03  1.000000000000000e+00  0.000000000000000e+00 
 2.630267991895386e+06 -3.807424990828412e-01  2.000952701046034e-04  3.807429210982212e-01 -1.762246563317677e-04  1.000000000000000e+00  0.000000000000000e+00 -1.799249884756088e-01 -1.814087051890031e-03  1.799249884731882e-01  1.814087051908484e-03  1.000000000000000e+00  0.000000000000000e+00 
 2.754228703338171e+06 -3.807424775333415e-01  2.095228459265858e-04  3.807429389412188e-01 -1.845340373798748e-04  1.000000000000000e+00  0.000000000000000e+00 -1.799261087760075e-01 -1.899575828632297e-03  1.799261087799043e-01  1.899575828603693e-03  1.000000000000000e+00  0.000000000000000e+00 
 2.884031503126611e+06 -3.807424540021225e-01  2.193943613615262e-04  3.807429583498240e-01 -1.932356128331357e-04  1.000000000000000e+00  0.000000000000000e+00 -1.799273371543245e-01 -1.989092602560637e-03  1.799273371593152e-01  1.989092602522000e-03  1.000000000000000e+00  0.000000000000000e+00 
 3.019951720402022e+06 -3.807424283163758e-01  2.297306888889214e-04  3.807429794456046e-01 -2.023479452133077e-04  1.000000000000000e+00  0.000000000000000e+00 -1.799286840351037e-01 -2.082827064414422e-03  1.799286840422148e-01  2.082827064356335e-03  1.000000000000000e+00  0.000000000000000e+00 
 3.162277660168386e+06 -3.807424002899781e-01  2.405536784571824e-04  3.807430023564737e-01 -2.118904817148089e-04  1.000000000000000e+00  0.000000000000000e+00 -1.799301608505995e-01 -2.180977823615962e-03  1.799301608535268e-01  2.180977823591572e-03  1.000000000000000e+00  0.000000000000000e+00 
 3.311311214825918e+06 -3.807423697227816e-01  2.518862028945657e-04  3.807430272163873e-01 -2.218835969295992e-04  1.000000000000000e+00  0.000000000000000e+00 -1.799317801323015e-01 -2.283752825447711e-03  1.799317801375788e-01  2.283752825400751e-03  1.000000000000000e+00  0.000000000000000e+00 
 3.467368504525324e+06 -3.807423363999234e-01  2.637522054206998e-04  3.807430541648654e-01 -2.323486376458918e-04  1.000000000000000e+00  0.000000000000000e+00 -1.799335556247904e-01 -2.391369787454689e-03  1.799335556248854e-01  2.391369787454985e-03  1.000000000000000e+00  0.000000000000000e+00 
 3.630780547701022e+06 -3.807423000911595e-01  2.761767493629828e-04  3.807430833463206e-01 -2.433079698094778e-04  1.000000000000000e+00  0.000000000000000e+00 -1.799355023936457e-01 -2.504056655843811e-03  1.799355023936867e-01  2.504056655844664e-03  1.000000000000000e+00  0.000000000000000e+00 
 3.801893963205622e+06 -3.807422605502471e-01  2.891860701896084e-04  3.807431149091495e-01 -2.547850277364437e-04  1.000000000000000e+00  0.000000000000000e+00 -1.799376369596178e-01 -2.622052082815772e-03  1.799376369641955e-01  2.622052082769195e-03  1.000000000000000e+00  0.000000000000000e+00 
 3.981071705534983e+06 -3.807422175143776e-01  3.028076299791986e-04  3.807431490045525e-01 -2.668043656654105e-04  1.000000000000000e+00  0.000000000000000e+00 -1.799399774377926e-01 -2.745605925673696e-03  1.799399774432980e-01  2.745605925614772e-03  1.000000000000000e+00  0.000000000000000e+00 
 4.168693834703365e+06 -3.807421707036815e-01  3.170701744562286e-04  3.807431857850431e-01 -2.793917117358262e-04  1.000000000000000e+00  0.000000000000000e+00 -1.799425436886407e-01 -2.874979768642255e-03  1.799425436911251e-01  2.874979768615212e-03  1.000000000000000e+00  0.000000000000000e+00 
 4.365158322401672e+06 -3.807421198208175e-01  3.320037927315101e-04  3.807432254026040e-01 -2.925740244764113e-04  1.000000000000000e+00  0.000000000000000e+00 -1.799453574866875e-01 -3.010447468360443e-03  1.799453574875634e-01  3.010447468351437e-03  1.000000000000000e+00  0.000000000000000e+00 
 4.570881896148764e+06 -3.807420645506565e-01  3.476399798980623e-04  3.807432680064488e-01 -3.063795518845075e-04  1.000000000000000e+00  0.000000000000000e+00 -1.799484427059112e-01 -3.152295724021514e-03  1.799484427122293e-01  3.152295723943684e-03  1.000000000000000e+00  0.000000000000000e+00 
 4.786300923226397e+06 -3.807420045600746e-01  3.640117026446534e-04  3.807433137403480e-01 -3.208378931729960e-04  1.000000000000000e+00  0.000000000000000e+00 -1.799518255253483e-01 -3.300824673171584e-03  1.799518255293879e-01  3.300824673120090e-03  1.000000000000000e+00  0.000000000000000e+00 
 5.011872336272738e+06 -3.807419394978641e-01  3.811534680621026e-04  3.807433627394835e-01 -3.359800632567121e-04  1.000000000000000e+00  0.000000000000000e+00 -1.799555346432233e-01 -3.456348514150147e-03  1.799555346494608e-01  3.456348514065965e-03  1.000000000000000e+00  0.000000000000000e+00 
 5.248074602497743e+06 -3.807418689947636e-01  3.991013958307916e-04  3.807434151267952e-01 -3.518385600453493e-04  1.000000000000000e+00  0.000000000000000e+00 -1.799596015276885e-01 -3.619196156308360e-03  1.799596015320303e-01  3.619196156247564e-03  1.000000000000000e+00  0.000000000000000e+00 
 5.495408738576263e+06 -3.807417926636024e-01  4.178932939916776e-04  3.807434710088016e-01 -3.684474346050280e-04  1.000000000000000e+00  0.000000000000000e+00 -1.799640606776477e-01 -3.789711898979677e-03  1.799640606816117e-01  3.789711898921737e-03  1.000000000000000e+00  0.000000000000000e+00 
 5.754399373371588e+06 -3.807417100995560e-01  4.375687385169183e-04  3.807435304708741e-01 -3.858423642466966e-04  1.000000000000000e+00  0.000000000000000e+00 -1.799689499183729e-01 -3.968256140363565e-03  1.799689499210812e-01  3.968256140322758e-03  1.000000000000000e+00  0.000000000000000e+00 
 6.025595860743597e+06 -3.807416208804805e-01  4.581691569095241e-04  3.807435935719755e-01 -4.040607285972202e-04  1.000000000000000e+00  0.000000000000000e+00 -1.799743107201935e-01 -4.155206117367723e-03  1.799743107192074e-01  4.155206117386100e-03  1.000000000000000e+00  0.000000000000000e+00 
 6.309573444801954e+06 -3.807415245672937e-01  4.797379160738645e-04  3.807436603388688e-01 -4.231416887091541e-04  1.000000000000000e+00  0.000000000000000e+00 -1.799801885474774e-01 -4.350956677522883e-03  1.799801885512988e-01  4.350956677458901e-03  1.000000000000000e+00  0.000000000000000e+00 
 6.606934480075982e+06 -3.807414207043589e-01  5.023204147094261e-04  3.807437307598559e-01 -4.431262692692165e-04  1.000000000000000e+00  0.000000000000000e+00 -1.799866332494592e-01 -4.555921084110570e-03  1.799866332508874e-01  4.555921084086962e-03  1.000000000000000e+00  0.000000000000000e+00 
 6.918309709189389e+06 -3.807413088197869e-01  5.259641804884411e-04  3.807438047780950e-01 -4.640574439743230e-04  1.000000000000000e+00  0.000000000000000e+00 -1.799936994742479e-01 -4.770531855495498e-03  1.799936994699854e-01  4.770531855578672e-03  1.000000000000000e+00  0.000000000000000e+00 
 7.244359600749927e+06 -3.807411884255870e-01  5.507189722831173e-04  3.807438822845954e-01 -4.859802241590974e-04  1.000000000000000e+00  0.000000000000000e+00 -1.800014471316501e-01 -4.995241639829952e-03  1.800014471358686e-01  4.995241639748717e-03  1.000000000000000e+00  0.000000000000000e+00 
 7.585775750291865e+06 -3.807410590175468e-01  5.766368877093131e-04  3.807439631110122e-01 -5.089417507812943e-04  1.000000000000000e+00  0.000000000000000e+00 -1.800099419080626e-01 -5.230524126183615e-03  1.800099419114344e-01  5.230524126116185e-03  1.000000000000000e+00  0.000000000000000e+00 
 7.943282347242844e+06 -3.807409200747179e-01  6.037724762504438e-04  3.807440470223785e-01 -5.329913899021562e-04  1.000000000000000e+00  0.000000000000000e+00 -1.800192558091048e-01 -5.476874992943854e-03  1.800192558123261e-01  5.476874992876554e-03  1.000000000000000e+00  0.000000000000000e+00 
 8.317637711026741e+06 -3.807407710583707e-01  6.321828582176610e-04  3.807441337099513e-01 -5.581808318381654e-04  1.000000000000000e+00  0.000000000000000e+00 -1.800294677749215e-01 -5.734812894639560e-03  1.800294677749260e-01  5.734812894642271e-03  1.000000000000000e+00  0.000000000000000e+00 
 8.709635899560839e+06 -3.807406114102420e-01  6.619278497900003e-04  3.807442227843474e-01 -5.845641942087263e-04  1.000000000000000e+00  0.000000000000000e+00 -1.800406643417252e-01 -6.004880487886060e-03  1.800406643444969e-01  6.004880487823057e-03  1.000000000000000e+00  0.000000000000000e+00 
 9.120108393559132e+06 -3.807404405499273e-01  6.930700943621676e-04  3.807443137691742e-01 -6.121981291600722e-04  1.000000000000000e+00  0.000000000000000e+00 -1.800529403765290e-01 -6.287645497342838e-03  1.800529403770884e-01  6.287645497331981e-03  1.000000000000000e+00  0.000000000000000e+00 
 9.549925860214395e+06 -3.807402578712299e-01  7.256752004085510e-04  3.807444060953423e-01 -6.411419351075302e-04  1.000000000000000e+00  0.000000000000000e+00 -1.800663998699888e-01 -6.583701822195993e-03  1.800663998713349e-01  6.583701822164139e-03  1.000000000000000e+00  0.000000000000000e+00 
 1.000000000000004e+07 -3.807400627373083e-01  7.598118860521073e-04  3.807444990962360e-01 -6.714576734034167e-04  1.000000000000000e+00  0.000000000000000e+00 -1.800811568158138e-01 -6.893670683801425e-03  1.800811568224587e-01  6.893670683623754e-03  1.000000000000000e+00  0.000000000000000e+00 
 1.047128548050904e+07 -3.807398544744579e-01  7.955521305077793e-04  3.807445920038968e-01 -7.032102904028373e-04  1.000000000000000e+00  0.000000000000000e+00 -1.800973361707739e-01 -7.218201814717365e-03  1.800973361743008e-01  7.218201814620353e-03  1.000000000000000e+00  0.000000000000000e+00 
 1.096478196143189e+07 -3.807396323644022e-01  8.329713325551332e-04  3.807446839463171e-01 -7.364677454601452e-04  1.000000000000000e+00  0.000000000000000e+00 -1.801150748980815e-01 -7.557974689159294e-03  1.801150749036604e-01  7.557974688996660e-03  1.000000000000000e+00  0.000000000000000e+00 
 1.148153621496888e+07 -3.807393956349774e-01  8.721484761863189e-04  3.807447739458876e-01 -7.713011454405055e-04  1.000000000000000e+00  0.000000000000000e+00 -1.801345231247747e-01 -7.913699794874593e-03  1.801345231301262e-01  7.913699794711569e-03  1.000000000000000e+00  0.000000000000000e+00 
 1.202264434617418e+07 -3.807391434491540e-01  9.131663035765094e-04  3.807448609189756e-01 -8.077848863692479e-04  1.000000000000000e+00  0.000000000000000e+00 -1.801558453961608e-01 -8.286119945720384e-03  1.801558453979594e-01  8.286119945665712e-03  1.000000000000000e+00  0.000000000000000e+00 
 1.258925411794173e+07 -3.807388748923572e-01  9.561114955365551e-04  3.807449436765260e-01 -8.459968028628774e-04  1.000000000000000e+00  0.000000000000000e+00 -1.801792220540523e-01 -8.676011634189594e-03  1.801792220535600e-01  8.676011634210496e-03  1.000000000000000e+00  0.000000000000000e+00 
 1.318256738556413e+07 -3.807385889580953e-01  1.001074859633650e-03  3.807450209254863e-01 -8.860183259870190e-04  1.000000000000000e+00  0.000000000000000e+00 -1.802048507473117e-01 -9.084186422536203e-03  1.802048507429230e-01  9.084186422696884e-03  1.000000000000000e+00  0.000000000000000e+00 
 1.380384264602891e+07 -3.807382845319593e-01  1.048151526205729e-03  3.807450912708032e-01 -9.279346501675170e-04  1.000000000000000e+00  0.000000000000000e+00 -1.802329480794702e-01 -9.511492370553152e-03  1.802329480791908e-01  9.511492370568033e-03  1.000000000000000e+00  0.000000000000000e+00 
 1.445439770745934e+07 -3.807379603740588e-01  1.097441152548271e-03  3.807451532176346e-01 -9.718349097421674e-04  1.000000000000000e+00  0.000000000000000e+00 -1.802637514204087e-01 -9.958815497663604e-03  1.802637514207888e-01  9.958815497653442e-03  1.000000000000000e+00  0.000000000000000e+00 
 1.513561248436215e+07 -3.807376151000028e-01  1.149048135616544e-03  3.807452051733919e-01 -1.017812365685529e-03  1.000000000000000e+00  0.000000000000000e+00 -1.802975208759991e-01 -1.042708127587050e-02  1.802975208807227e-01  1.042708127568308e-02  1.000000000000000e+00  0.000000000000000e+00 
 1.584893192461121e+07 -3.807372471605243e-01  1.203081833658514e-03  3.807452454491821e-01 -1.065964602972746e-03  1.000000000000000e+00  0.000000000000000e+00 -1.803345414544881e-01 -1.091725614976750e-02  1.803345414605673e-01  1.091725614951395e-02  1.000000000000000e+00  0.000000000000000e+00 
 1.659586907437568e+07 -3.807368548198506e-01  1.259656797269860e-03  3.807452722601999e-01 -1.116393738976955e-03  1.000000000000000e+00  0.000000000000000e+00 -1.803751254277365e-01 -1.143034907832635e-02  1.803751254234246e-01  1.143034907852320e-02  1.000000000000000e+00  0.000000000000000e+00 
 1.737800828749384e+07 -3.807364361328814e-01  1.318893010438074e-03  3.807452837246541e-01 -1.169206643225705e-03  1.000000000000000e+00  0.000000000000000e+00 -1.804196149088961e-01 -1.196741309226012e-02  1.804196149061673e-01  1.196741309239225e-02  1.000000000000000e+00  0.000000000000000e+00 
 1.819700858609992e+07 -3.807359889212015e-01  1.380916142213022e-03  3.807452778608171e-01 -1.224515168782327e-03  1.000000000000000e+00  0.000000000000000e+00 -1.804683846852075e-01 -1.252954685972847e-02  1.804683846911347e-01  1.252954685944659e-02  1.000000000000000e+00  0.000000000000000e+00 
 1.905460717963257e+07 -3.807355107479033e-01  1.445857809702564e-03  3.807452525818720e-01 -1.282436395474537e-03  1.000000000000000e+00  0.000000000000000e+00 -1.805218452998379e-01 -1.311789625089806e-02  1.805218453013425e-01  1.311789625082767e-02  1.000000000000000e+00  0.000000000000000e+00 
 1.995262314968890e+07 -3.807349988911157e-01  1.513855853140763e-03  3.807452056882641e-01 -1.343092885169977e-03  1.000000000000000e+00  0.000000000000000e+00 -1.805804464111286e-01 -1.373365589051429e-02  1.805804464134793e-01  1.373365589039594e-02  1.000000000000000e+00  0.000000000000000e+00 
 2.089296130854050e+07 -3.807344503160782e-01  1.585054623811282e-03  3.807451348573733e-01 -1.406612949299635e-03  1.000000000000000e+00  0.000000000000000e+00 -1.806446804787660e-01 -1.437807068605501e-02  1.806446804835704e-01  1.437807068579581e-02  1.000000000000000e+00  0.000000000000000e+00 
 2.187761623949564e+07 -3.807338616455252e-01  1.659605285629394e-03  3.807450376303656e-01 -1.473130928855808e-03  1.000000000000000e+00  0.000000000000000e+00 -1.807150867722374e-01 -1.505243731564723e-02  1.807150867745240e-01  1.505243731552178e-02  1.000000000000000e+00  0.000000000000000e+00 
 2.290867652767785e+07 -3.807332291280602e-01  1.737666131193633e-03  3.807449113961652e-01 -1.542787487140380e-03  1.000000000000000e+00  0.000000000000000e+00 -1.807922557435628e-01 -1.575810565799668e-02  1.807922557429705e-01  1.575810565803907e-02  1.000000000000000e+00  0.000000000000000e+00 
 2.398832919019503e+07 -3.807325486041683e-01  1.819402913115549e-03  3.807447533725393e-01 -1.615729915607767e-03  1.000000000000000e+00  0.000000000000000e+00 -1.808768337973462e-01 -1.649648014334313e-02  1.808768338019270e-01  1.649648014306207e-02  1.000000000000000e+00  0.000000000000000e+00 
 2.511886431509594e+07 -3.807318154694302e-01  1.904989191425780e-03  3.807445605843164e-01 -1.692112453230632e-03  1.000000000000000e+00  0.000000000000000e+00 -1.809695284901643e-01 -1.726902100086632e-02  1.809695284935667e-01  1.726902100065020e-02  1.000000000000000e+00  0.000000000000000e+00 
 2.630267991895396e+07 -3.807310246344825e-01  1.994606697841713e-03  3.807443298387798e-01 -1.772096619909487e-03  1.000000000000000e+00  0.000000000000000e+00 -1.810711141800345e-01 -1.807724537351306e-02  1.810711141778126e-01  1.807724537367266e-02  1.000000000000000e+00  0.000000000000000e+00 
 2.754228703338182e+07 -3.807301704812226e-01  2.088445717669640e-03  3.807440576982732e-01 -1.855851564544004e-03  1.000000000000000e+00  0.000000000000000e+00 -1.811824381802439e-01 -1.892272826743049e-02  1.811824381798239e-01  1.892272826746819e-02  1.000000000000000e+00  0.000000000000000e+00 
 2.884031503126622e+07 -3.807292468147475e-01  2.186705490107081e-03  3.807437404500250e-01 -1.943554428478599e-03  1.000000000000000e+00  0.000000000000000e+00 -1.813044274519934e-01 -1.980710329746221e-02  1.813044274550734e-01  1.980710329724039e-02  1.000000000000000e+00  0.000000000000000e+00 
 3.019951720402033e+07 -3.807282468104856e-01  2.289594627711490e-03  3.807433740731642e-01 -2.035390725123349e-03  1.000000000000000e+00  0.000000000000000e+00 -1.814380958649331e-01 -2.073206318388243e-02  1.814380958699826e-01  2.073206318349760e-02  1.000000000000000e+00  0.000000000000000e+00 
 3.162277660168397e+07 -3.807271629559854e-01  2.397331555812811e-03  3.807429542028287e-01 -2.131554736629993e-03  1.000000000000000e+00  0.000000000000000e+00 -1.815845520784306e-01 -2.169935994948275e-02  1.815845520823673e-01  2.169935994917147e-02  1.000000000000000e+00  0.000000000000000e+00 
 3.311311214825930e+07 -3.807259869868028e-01  2.510144972669827e-03  3.807424760912340e-01 -2.232249928570360e-03  1.000000000000000e+00  0.000000000000000e+00 -1.817450080822031e-01 -2.271080475803349e-02  1.817450080885695e-01  2.271080475750273e-02  1.000000000000000e+00  0.000000000000000e+00 
 3.467368504525337e+07 -3.807247098159172e-01  2.628274331205245e-03  3.807419345654545e-01 -2.337689383619196e-03  1.000000000000000e+00  0.000000000000000e+00 -1.819207884471834e-01 -2.376826732697408e-02  1.819207884468471e-01  2.376826732701278e-02  1.000000000000000e+00  0.000000000000000e+00 
 3.630780547701035e+07 -3.807233214560839e-01  2.751970343199576e-03  3.807413239816388e-01 -2.448096255288062e-03  1.000000000000000e+00  0.000000000000000e+00 -1.821133403138822e-01 -2.487367483647730e-02  1.821133403121539e-01  2.487367483664594e-02  1.000000000000000e+00  0.000000000000000e+00 
 3.801893963205635e+07 -3.807218109345092e-01  2.881495506879335e-03  3.807406381752944e-01 -2.563704242791433e-03  1.000000000000000e+00  0.000000000000000e+00 -1.823242441888495e-01 -2.602901024807363e-02  1.823242441918740e-01  2.602901024779205e-02  1.000000000000000e+00  0.000000000000000e+00 
 3.981071705534997e+07 -3.807201661991689e-01  3.017124658896413e-03  3.807398704071967e-01 -2.684758088154588e-03  1.000000000000000e+00  0.000000000000000e+00 -1.825552255723435e-01 -2.723630993193846e-02  1.825552255725668e-01  2.723630993192584e-02  1.000000000000000e+00  0.000000000000000e+00 
 4.168693834703380e+07 -3.807183740160568e-01  3.159145551762025e-03  3.807390133044445e-01 -2.811514096697998e-03  1.000000000000000e+00  0.000000000000000e+00 -1.828081674586026e-01 -2.849766048916081e-02  1.828081674599598e-01  2.849766048902872e-02  1.000000000000000e+00  0.000000000000000e+00 
 4.365158322401687e+07 -3.807164198565609e-01  3.307859457866108e-03  3.807380587961103e-01 -2.944240682057799e-03  1.000000000000000e+00  0.000000000000000e+00 -1.830851237667333e-01 -2.981519464161232e-02  1.830851237686827e-01  2.981519464140960e-02  1.000000000000000e+00  0.000000000000000e+00 
 4.570881896148779e+07 -3.807142877740821e-01  3.463581801279948e-03  3.807369980428821e-01 -3.083218936929501e-03  1.000000000000000e+00  0.000000000000000e+00 -1.833883337115314e-01 -3.119108604316538e-02  1.833883337188589e-01  3.119108604233999e-02  1.000000000000000e+00  0.000000000000000e+00 
 4.786300923226414e+07 -3.807119602689190e-01  3.626642818603953e-03  3.807358213600541e-01 -3.228743230755075e-03  1.000000000000000e+00  0.000000000000000e+00 -1.837202371600986e-01 -3.262754285032788e-02  1.837202371657208e-01  3.262754284966939e-02  1.000000000000000e+00  0.000000000000000e+00 
 5.011872336272755e+07 -3.807094181403136e-01  3.797388250181949e-03  3.807345181331668e-01 -3.381121835613323e-03  1.000000000000000e+00  0.000000000000000e+00 -1.840834909721016e-01 -3.412679986830577e-02  1.840834909773944e-01  3.412679986765922e-02  1.000000000000000e+00  0.000000000000000e+00 
 5.248074602497760e+07 -3.807066403244349e-01  3.976180063057853e-03  3.807330767255507e-01 -3.540677581621536e-03  1.000000000000000e+00  0.000000000000000e+00 -1.844809863504904e-01 -3.569110906983952e-02  1.844809863529208e-01  3.569110906953590e-02  1.000000000000000e+00  0.000000000000000e+00 
 5.495408738576282e+07 -3.807036037169476e-01  4.163397207100064e-03  3.807314843769709e-01 -3.707748543212473e-03  1.000000000000000e+00  0.000000000000000e+00 -1.849158671708885e-01 -3.732272825837016e-02  1.849158671754269e-01  3.732272825776738e-02  1.000000000000000e+00  0.000000000000000e+00 
 5.754399373371608e+07 -3.807002829786581e-01  4.359436405762665e-03  3.807297270925112e-01 -3.882688757715250e-03  1.000000000000000e+00  0.000000000000000e+00 -1.853915492764301e-01 -3.902390762547645e-02  1.853915492799522e-01  3.902390762499069e-02  1.000000000000000e+00  0.000000000000000e+00 
 6.025595860743618e+07 -3.806966503225703e-01  4.564712982991907e-03  3.807277895207594e-01 -4.065868977740970e-03  1.000000000000000e+00  0.000000000000000e+00 -1.859117406654214e-01 -4.079687392441075e-02  1.859117406658342e-01  4.079687392436272e-02  1.000000000000000e+00  0.000000000000000e+00 
 6.309573444801975e+07 -3.806926752805314e-01  4.779661727822325e-03  3.807256548202748e-01 -4.257677458952117e-03  1.000000000000000e+00  0.000000000000000e+00 -1.864804624997752e-01 -4.264381195767634e-02  1.864804624966165e-01  4.264381195817720e-02  1.000000000000000e+00  0.000000000000000e+00 
 6.606934480076005e+07 -3.806883244474596e-01  5.004737798238977e-03  3.807233045132337e-01 -4.458520784879596e-03  1.000000000000000e+00  0.000000000000000e+00 -1.871020708032962e-01 -4.456684304826099e-02  1.871020708034004e-01  4.456684304825803e-02  1.000000000000000e+00  0.000000000000000e+00 
 6.918309709189413e+07 -3.806835612009554e-01  5.240417665911837e-03  3.807207183250282e-01 -4.668824730540129e-03  1.000000000000000e+00  0.000000000000000e+00 -1.877812786888631e-01 -4.656800013925889e-02  1.877812786900797e-01  4.656800013906826e-02  1.000000000000000e+00  0.000000000000000e+00 
 7.244359600749952e+07 -3.806783453938949e-01  5.487200103435674e-03  3.807178740084809e-01 -4.889035166699835e-03  1.000000000000000e+00  0.000000000000000e+00 -1.885231788810509e-01 -4.864919913996584e-02  1.885231788803829e-01  4.864919914009819e-02  1.000000000000000e+00  0.000000000000000e+00 
 7.585775750291891e+07 -3.806726330173877e-01  5.745607215733356e-03  3.807147471511973e-01 -5.119619006726409e-03  1.000000000000000e+00  0.000000000000000e+00 -1.893332662614998e-01 -5.081220611672554e-02  1.893332662667500e-01  5.081220611577507e-02  1.000000000000000e+00  0.000000000000000e+00 
 7.943282347242872e+07 -3.806663758312363e-01  6.016185517301970e-03  3.807113109644369e-01 -5.361065198072079e-03  1.000000000000000e+00  0.000000000000000e+00 -1.902174600837058e-01 -5.305859990854753e-02  1.902174600839110e-01  5.305859990852395e-02  1.000000000000000e+00  0.000000000000000e+00 
 8.317637711026771e+07 -3.806595209587652e-01  6.299507056998400e-03  3.807075360516949e-01 -5.613885760531906e-03  1.000000000000000e+00  0.000000000000000e+00 -1.911821253872017e-01 -5.538972973232840e-02  1.911821253916499e-01  5.538972973145070e-02  1.000000000000000e+00  0.000000000000000e+00 
 8.709635899560872e+07 -3.806520104426324e-01  6.596170592074483e-03  3.807033901550257e-01 -5.878616873527961e-03  1.000000000000000e+00  0.000000000000000e+00 -1.922340931127794e-01 -5.780666734771604e-02  1.922340931216807e-01  5.780666734586225e-02  1.000000000000000e+00  0.000000000000000e+00 
 9.120108393559167e+07 -3.806437807578866e-01  6.906802813175941e-03  3.806988378769208e-01 -6.155820014779455e-03  1.000000000000000e+00  0.000000000000000e+00 -1.933806782252404e-01 -6.031015335126483e-02  1.933806782301851e-01  6.031015335019575e-02  1.000000000000000e+00  0.000000000000000e+00 
 9.549925860214433e+07 -3.806347622782208e-01  7.232059622017658e-03  3.806938403753265e-01 -6.446083152831192e-03  1.000000000000000e+00  0.000000000000000e+00 -1.946296950845364e-01 -6.290053720073781e-02  1.946296950895675e-01  6.290053719959957e-02  1.000000000000000e+00  0.000000000000000e+00 
 1.000000000000008e+08 -3.806248786910020e-01  7.572627463433048e-03  3.806883550291629e-01 -6.750021996030878e-03  1.000000000000000e+00  0.000000000000000e+00 -1.959894691594234e-01 -6.557771061404723e-02  1.959894691610913e-01  6.557771061366525e-02  1.000000000000000e+00  0.000000000000000e+00 
 1.047128548050908e+08 -3.806140463562272e-01  7.929224713467409e-03  3.806823350713988e-01 -7.068281300667089e-03  1.000000000000000e+00  0.000000000000000e+00 -1.974688439920121e-01 -6.834103405151049e-02  1.974688439981305e-01  6.834103404999094e-02  1.000000000000000e+00  0.000000000000000e+00 
 1.096478196143194e+08 -3.806021736041425e-01  8.302603125141321e-03  3.806757291864789e-01 -7.401536241107452e-03  1.000000000000000e+00  0.000000000000000e+00 -1.990771822171379e-01 -7.118925609622032e-02  1.990771822178176e-01  7.118925609606205e-02  1.000000000000000e+00  0.000000000000000e+00 
 1.148153621496892e+08 -3.805891599657657e-01  8.693549333445690e-03  3.806684810685421e-01 -7.750493844909164e-03  1.000000000000000e+00  0.000000000000000e+00 -2.008243592049502e-01 -7.412042567328980e-02  2.008243592125050e-01  7.412042567122980e-02  1.000000000000000e+00  0.000000000000000e+00 
 1.202264434617423e+08 -3.805748953300209e-01  9.102886421041638e-03  3.806605289365266e-01 -8.115894496012766e-03  1.000000000000000e+00  0.000000000000000e+00 -2.027207478151092e-01 -7.713179723806068e-02  2.027207478182323e-01  7.713179723718247e-02  1.000000000000000e+00  0.000000000000000e+00 
 1.258925411794178e+08 -3.805592590206368e-01  9.531475546023410e-03  3.806518050018484e-01 -8.498513509275120e-03  1.000000000000000e+00  0.000000000000000e+00 -2.047771924734771e-01 -8.021972927414692e-02  2.047771924771340e-01  8.021972927306617e-02  1.000000000000000e+00  0.000000000000000e+00 
 1.318256738556418e+08 -3.805421187853293e-01  9.980217632952912e-03  3.806422348839055e-01 -8.899162779749311e-03  1.000000000000000e+00  0.000000000000000e+00 -2.070049707575578e-01 -8.337957674040458e-02  2.070049707550987e-01  8.337957674120622e-02  1.000000000000000e+00  0.000000000000000e+00 
 1.380384264602897e+08 -3.805233296891221e-01  1.045005512818881e-02  3.806317369681670e-01 -9.318692510276273e-03  1.000000000000000e+00  0.000000000000000e+00 -2.094157404359363e-01 -8.660557843108783e-02  2.094157404411910e-01  8.660557842937373e-02  1.000000000000000e+00  0.000000000000000e+00 
 1.445439770745940e+08 -3.805027329029264e-01  1.094197382030133e-02  3.806202217010785e-01 -9.757993021118471e-03  1.000000000000000e+00  0.000000000000000e+00 -2.120214699331709e-01 -8.989074063335942e-02  2.120214699366183e-01  8.989074063219077e-02  1.000000000000000e+00  0.000000000000000e+00 
 1.513561248436221e+08 -3.804801543777065e-01  1.145700472608227e-02  3.806075908153972e-01 -1.021799664553561e-02  1.000000000000000e+00  0.000000000000000e+00 -2.148343500549825e-01 -9.322671892071167e-02  2.148343500630632e-01  9.322671891780482e-02  1.000000000000000e+00  0.000000000000000e+00 
 1.584893192461127e+08 -3.804554033937326e-01  1.199622604231973e-02  3.805937364789191e-01 -1.069967971537795e-02  1.000000000000000e+00  0.000000000000000e+00 -2.178666849930979e-01 -9.660370047005223e-02  2.178666849913042e-01  9.660370047076357e-02  1.000000000000000e+00  0.000000000000000e+00 
 1.659586907437575e+08 -3.804282709734720e-01  1.256076516309673e-02  3.805785403588263e-01 -1.120406464095582e-02  1.000000000000000e+00  0.000000000000000e+00 -2.211307606546101e-01 -1.000102898587284e-01  2.211307606551901e-01  1.000102898585273e-01  1.000000000000000e+00  0.000000000000000e+00 
 1.737800828749391e+08 -3.803985281457078e-01  1.315180076188821e-02  3.805618725930364e-01 -1.173222208962616e-02  1.000000000000000e+00  0.000000000000000e+00 -2.246386887916217e-01 -1.034334019426956e-01  2.246386887930928e-01  1.034334019421125e-01  1.000000000000000e+00  0.000000000000000e+00 
 1.819700858610000e+08 -3.803659240474273e-01  1.377056493715535e-02  3.805435906590516e-01 -1.228527326772613e-02  1.000000000000000e+00  0.000000000000000e+00 -2.284022257069055e-01 -1.068581660438681e-01  2.284022257063285e-01  1.068581660441540e-01  1.000000000000000e+00  0.000000000000000e+00 
 1.905460717963264e+08 -3.803301838488503e-01  1.441834541945747e-02  3.805235381297590e-01 -1.286439231067077e-02  1.000000000000000e+00  0.000000000000000e+00 -2.324325650447010e-01 -1.102678463206952e-01  2.324325650476624e-01  1.102678463193697e-01  1.000000000000000e+00  0.000000000000000e+00 
 1.995262314968898e+08 -3.802910064858233e-01  1.509648783731163e-02  3.805015433045126e-01 -1.347080878621684e-02  1.000000000000000e+00  0.000000000000000e+00 -2.367401049439687e-01 -1.136437837667454e-01  2.367401049483474e-01  1.136437837646727e-01  1.000000000000000e+00  0.000000000000000e+00 
 2.089296130854059e+08 -3.802480621824684e-01  1.580639803810261e-02  3.804774177025354e-01 -1.410581031607353e-02  1.000000000000000e+00  0.000000000000000e+00 -2.413341908432152e-01 -1.169653657525881e-01  2.413341908474895e-01  1.169653657504665e-01  1.000000000000000e+00  0.000000000000000e+00 
 2.187761623949573e+08 -3.802009897456582e-01  1.654954445927243e-02  3.804509544042876e-01 -1.477074532121132e-02  1.000000000000000e+00  0.000000000000000e+00 -2.462228364970572e-01 -1.202100293337430e-01  2.462228365023859e-01  1.202100293309582e-01  1.000000000000000e+00  0.000000000000000e+00 
 2.290867652767794e+08 -3.801493936114281e-01  1.732746054377389e-02  3.804219262248174e-01 -1.546702589636952e-02  1.000000000000000e+00  0.000000000000000e+00 -2.514124271623284e-01 -1.233533046121781e-01  2.514124271620654e-01  1.233533046123658e-01  1.000000000000000e+00  0.000000000000000e+00 
 2.398832919019513e+08 -3.800928406219613e-01  1.814174719233699e-02  3.803900837013682e-01 -1.619613081939346e-02  1.000000000000000e+00  0.000000000000000e+00 -2.569074104773112e-01 -1.263689041981681e-01  2.569074104800919e-01  1.263689041965877e-01  1.000000000000000e+00  0.000000000000000e+00 
 2.511886431509604e+08 -3.800308565101816e-01  1.899407524344457e-02  3.803551528754725e-01 -1.695960870112208e-02  1.000000000000000e+00  0.000000000000000e+00 -2.627099822779647e-01 -1.292288642014957e-01  2.627099822781770e-01  1.292288642014112e-01  1.000000000000000e+00  0.000000000000000e+00 
 2.630267991895407e+08 -3.799629220673917e-01  1.988618797001967e-02  3.803168328475685e-01 -1.775908128159644e-02  1.000000000000000e+00  0.000000000000000e+00 -2.688197761710666e-01 -1.319037411190251e-01  2.688197761745909e-01  1.319037411168024e-01  1.000000000000000e+00  0.000000000000000e+00 
 2.754228703338193e+08 -3.798884689677007e-01  2.081990357966244e-02  3.802747930796090e-01 -1.859624687833847e-02  1.000000000000000e+00  0.000000000000000e+00 -2.752335673613133e-01 -1.343628674495935e-01  2.752335673656508e-01  1.343628674467072e-01  1.000000000000000e+00  0.000000000000000e+00 
 2.884031503126634e+08 -3.798068752212806e-01  2.179711770280426e-02  3.802286704183352e-01 -1.947288399235130e-02  1.000000000000000e+00  0.000000000000000e+00 -2.819450024270485e-01 -1.365746668340011e-01  2.819450024265461e-01  1.365746668344113e-01  1.000000000000000e+00  0.000000000000000e+00 
 3.019951720402046e+08 -3.797174602267865e-01  2.281980585034518e-02  3.801780658086886e-01 -2.039085507728054e-02  1.000000000000000e+00  0.000000000000000e+00 -2.889443677264112e-01 -1.385070270242333e-01  2.889443677261471e-01  1.385070270244864e-01  1.000000000000000e+00  0.000000000000000e+00 
 3.162277660168411e+08 -3.796194793915516e-01  2.389002581916344e-02  3.801225406632529e-01 -2.135211047682314e-02  1.000000000000000e+00  0.000000000000000e+00 -2.962184094509127e-01 -1.401277261007773e-01  2.962184094554339e-01  1.401277260972745e-01  1.000000000000000e+00  0.000000000000000e+00 
 3.311311214825944e+08 -3.795121182865246e-01  2.500992002030300e-02  3.800616128496056e-01 -2.235869253493847e-02  1.000000000000000e+00  0.000000000000000e+00 -3.037502179664240e-01 -1.414049042182184e-01  3.037502179703029e-01  1.414049042150631e-01  1.000000000000000e+00  0.000000000000000e+00 
 3.467368504525352e+08 -3.793944863013196e-01  2.618171770061170e-02  3.799947522529036e-01 -2.341273988264682e-02  1.000000000000000e+00  0.000000000000000e+00 -3.115191879398181e-01 -1.423075699427173e-01  3.115191879375080e-01  1.423075699448002e-01  1.000000000000000e+00  0.000000000000000e+00 
 3.630780547701051e+08 -3.792656097633252e-01  2.740773702408991e-02  3.799213758659571e-01 -2.451649190413993e-02  1.000000000000000e+00  0.000000000000000e+00 -3.195010637191888e-01 -1.428061271778144e-01  3.195010637193145e-01  1.428061271777667e-01  1.000000000000000e+00  0.000000000000000e+00 
 3.801893963205651e+08 -3.791244244835364e-01  2.869038697416569e-02  3.798408423532952e-01 -2.567229338349323e-02  1.000000000000000e+00  0.000000000000000e+00 -3.276680765250835e-01 -1.428729060171956e-01  3.276680765281044e-01  1.428729060143328e-01  1.000000000000000e+00  0.000000000000000e+00 
 3.981071705535014e+08 -3.789697676907934e-01  3.003216903251807e-02  3.797524460293130e-01 -2.688259933136483e-02  1.000000000000000e+00  0.000000000000000e+00 -3.359891762620816e-01 -1.424826788965956e-01  3.359891762595307e-01  1.424826788992875e-01  1.000000000000000e+00  0.000000000000000e+00 
 4.168693834703397e+08 -3.788003693154183e-01  3.143567858387673e-02  3.796554101833670e-01 -2.814997998857801e-02  1.000000000000000e+00  0.000000000000000e+00 -3.444303565173134e-01 -1.416131423526986e-01  3.444303565219736e-01  1.416131423477277e-01  1.000000000000000e+00  0.000000000000000e+00 
 4.365158322401705e+08 -3.786148425830242e-01  3.290360598942535e-02  3.795488796766129e-01 -2.947712600025975e-02  1.000000000000000e+00  0.000000000000000e+00 -3.529550667047459e-01 -1.402453447355385e-01  3.529550667059273e-01  1.402453447342683e-01  1.000000000000000e+00  0.000000000000000e+00 
 4.570881896148798e+08 -3.784116738795570e-01  3.443873726399485e-02  3.794319127263686e-01 -3.086685375008157e-02  1.000000000000000e+00  0.000000000000000e+00 -3.615247004632416e-01 -1.383640415602060e-01  3.615247004651106e-01  1.383640415580259e-01  1.000000000000000e+00  0.000000000000000e+00 
 4.786300923226434e+08 -3.781892118495891e-01  3.604395428416197e-02  3.793034717837525e-01 -3.232211083889690e-02  1.000000000000000e+00  0.000000000000000e+00 -3.700991453417830e-01 -1.359579626213074e-01  3.700991453445700e-01  1.359579626178146e-01  1.000000000000000e+00  0.000000000000000e+00 
 5.011872336272776e+08 -3.779456556916197e-01  3.772223444566765e-02  3.791624133992025e-01 -3.384598168543660e-02  1.000000000000000e+00  0.000000000000000e+00 -3.786373749183741e-01 -1.330199787116465e-01  3.786373749207987e-01  1.330199787084332e-01  1.000000000000000e+00  0.000000000000000e+00 
 5.248074602497782e+08 -3.776790426168446e-01  3.947664967928653e-02  3.790074769582334e-01 -3.544169321840463e-02  1.000000000000000e+00  0.000000000000000e+00 -3.870980620140614e-01 -1.295471602874072e-01  3.870980620166997e-01  1.295471602836795e-01  1.000000000000000e+00  0.000000000000000e+00 
 5.495408738576305e+08 -3.773872344416171e-01  4.131036472446011e-02  3.788372721562947e-01 -3.711262061892433e-02  1.000000000000000e+00  0.000000000000000e+00 -3.954401902240821e-01 -1.255407255723280e-01  3.954401902264396e-01  1.255407255687908e-01  1.000000000000000e+00  0.000000000000000e+00 
 5.754399373371632e+08 -3.770679032888989e-01  4.322663454975843e-02  3.786502650669549e-01 -3.886229305939704e-02  1.000000000000000e+00  0.000000000000000e+00 -4.036236409700573e-01 -1.210058809423311e-01  4.036236409708744e-01  1.210058809411013e-01  1.000000000000000e+00  0.000000000000000e+00 
 6.025595860743644e+08 -3.767185163804671e-01  4.522880079867941e-02  3.784447626418329e-01 -4.069439936891814e-02  1.000000000000000e+00  0.000000000000000e+00 -4.116097346530880e-01 -1.159515615771651e-01  4.116097346546811e-01  1.159515615744762e-01  1.000000000000000e+00  0.000000000000000e+00 
 6.309573444802003e+08 -3.763363199097418e-01  4.732028712862004e-02  3.782188954638576e-01 -4.261279353584888e-02  1.000000000000000e+00  0.000000000000000e+00 -4.193617071098207e-01 -1.103900849344968e-01  4.193617071093904e-01  1.103900849354526e-01  1.000000000000000e+00  0.000000000000000e+00 
 6.606934480076034e+08 -3.759183219949237e-01  4.950459330027966e-02  3.779705985577940e-01 -4.462149993426961e-02  1.000000000000000e+00  0.000000000000000e+00 -4.268451061629265e-01 -1.043367333176129e-01  4.268451061628865e-01  1.043367333178439e-01  1.000000000000000e+00  0.000000000000000e+00 
 6.918309709189442e+08 -3.754612747238073e-01  5.178528786456767e-02  3.776975900438014e-01 -4.672471813203877e-02  1.000000000000000e+00  0.000000000000000e+00 -4.340280974704609e-01 -9.780928432240900e-02  4.340280974705295e-01  9.780928432241882e-02  1.000000000000000e+00  0.000000000000000e+00 
 7.244359600749983e+08 -3.749616553152663e-01  5.416599928463628e-02  3.773973474016513e-01 -4.892682710316134e-02  1.000000000000000e+00  0.000000000000000e+00 -4.408816734744880e-01 -9.082750935676130e-02  4.408816734750712e-01  9.082750935553953e-02  1.000000000000000e+00  0.000000000000000e+00 
 7.585775750291924e+08 -3.744156464379150e-01  5.665040532232280e-02  3.770670810957482e-01 -5.123238862514248e-02  1.000000000000000e+00  0.000000000000000e+00 -4.473797639976441e-01 -8.341266049064233e-02  4.473797639976805e-01  8.341266049073812e-02  1.000000000000000e+00  0.000000000000000e+00 
 7.943282347242906e+08 -3.738191157438215e-01  5.924222051152758e-02  3.767037052952882e-01 -5.364614959189876e-02  1.000000000000000e+00  0.000000000000000e+00 -4.534992513263750e-01 -7.558696494611714e-02  4.534992513269065e-01  7.558696494480552e-02  1.000000000000000e+00  0.000000000000000e+00 
 8.317637711026806e+08 -3.731675946940544e-01  6.194518153633004e-02  3.763038054109906e-01 -5.617304291351486e-02  1.000000000000000e+00  0.000000000000000e+00 -4.592198964056598e-01 -6.737314459069040e-02  4.592198964070847e-01  6.737314458641651e-02  1.000000000000000e+00  0.000000000000000e+00 
 8.709635899560907e+08 -3.724562567730000e-01  6.476303032944923e-02  3.758636021615219e-01 -5.881818660453945e-02  1.000000000000000e+00  0.000000000000000e+00 -4.645241857187327e-01 -5.879397524191166e-02  4.645241857195394e-01  5.879397523932595e-02  1.000000000000000e+00  0.000000000000000e+00 
 9.120108393559203e+08 -3.716798952091190e-01  6.769949470742079e-02  3.753789118811378e-01 -6.158688058156460e-02  1.000000000000000e+00  0.000000000000000e+00 -4.693971105672411e-01 -4.987189757677751e-02  4.693971105672174e-01  4.987189757715989e-02  1.000000000000000e+00  0.000000000000000e+00 
 9.549925860214471e+08 -3.708329003403721e-01  7.075826636293740e-02  3.748451027878070e-01 -6.448460059761094e-02  1.000000000000000e+00  0.000000000000000e+00 -4.738258917365620e-01 -4.062868827205401e-02  4.738258917367654e-01  4.062868827146149e-02  1.000000000000000e+00  0.000000000000000e+00 
 1.000000000000012e+09 -3.699092367818716e-01  7.394297604235715e-02  3.742570469514471e-01 -6.751698863474315e-02  1.000000000000000e+00  0.000000000000000e+00 -4.777996629787367e-01 -3.108519693938511e-02  4.777996629791498e-01  3.108519693758979e-02  1.000000000000000e+00  0.000000000000000e+00 
 1.047128548050912e+09 -3.689024205701296e-01  7.725716574732723e-02  3.736090677387661e-01 -7.068983895716592e-02  1.000000000000000e+00  0.000000000000000e+00 -4.813091265275141e-01 -2.126115159523095e-02  4.813091265276594e-01  2.126115159477382e-02  1.000000000000000e+00  0.000000000000000e+00 
 1.096478196143198e+09 -3.678054964710466e-01  8.070425781328391e-02  3.728948825691483e-01 -7.400907889528800e-02  1.000000000000000e+00  0.000000000000000e+00 -4.843461931158239e-01 -1.117503294121788e-02  4.843461931159229e-01  1.117503294101301e-02  1.000000000000000e+00  0.000000000000000e+00 
 1.148153621496897e+09 -3.666110156458756e-01  8.428752073323567e-02  3.721075409002769e-01 -7.748074328823815e-02  1.000000000000000e+00  0.000000000000000e+00 -4.869036178271015e-01 -8.440157447011376e-04  4.869036178272581e-01  8.440157438441287e-04  1.000000000000000e+00  0.000000000000000e+00 
 1.202264434617427e+09 -3.653110138690995e-01  8.801003161096008e-02  3.712393574786094e-01 -8.111094136064122e-02  1.000000000000000e+00  0.000000000000000e+00 -4.889746417493346e-01  9.716025883286739e-03  4.889746417495296e-01 -9.716025885088270e-03  1.000000000000000e+00  0.000000000000000e+00 
 1.258925411794183e+09 -3.638969904828636e-01  9.187463514090800e-02  3.702818410445922e-01 -8.490581465313994e-02  1.000000000000000e+00  0.000000000000000e+00 -4.905526479745693e-01  2.049045358224094e-02  4.905526479745728e-01 -2.049045358043580e-02  1.000000000000000e+00  0.000000000000000e+00 
 1.318256738556423e+09 -3.623598882532544e-01  9.588389901909446e-02  3.692256188821487e-01 -8.887148447110776e-02  1.000000000000000e+00  0.000000000000000e+00 -4.916308390775894e-01  3.146574508692283e-02  4.916308390776625e-01 -3.146574508708105e-02  1.000000000000000e+00  0.000000000000000e+00 
 1.380384264602902e+09 -3.606900742638844e-01  1.000400656853030e-01  3.680603578525794e-01 -9.301398717024657e-02  1.000000000000000e+00  0.000000000000000e+00 -4.922019419471274e-01  4.262932503098460e-02  4.922019419471977e-01 -4.262932503105647e-02  1.000000000000000e+00  0.000000000000000e+00 
 1.445439770745945e+09 -3.588773219429333e-01  1.043450002761967e-01  3.667746828601419e-01 -9.733919547183718e-02  1.000000000000000e+00  0.000000000000000e+00 -4.922579447330434e-01  5.396935135086631e-02  4.922579447330792e-01 -5.396935135153876e-02  1.000000000000000e+00  0.000000000000000e+00 
 1.513561248436227e+09 -3.569107942737118e-01  1.088001346245479e-01  3.653560940641447e-01 -1.018527239073731e-01  1.000000000000000e+00  0.000000000000000e+00 -4.917898698421957e-01  6.547446236068621e-02  4.917898698421702e-01 -6.547446236184146e-02  1.000000000000000e+00  0.000000000000000e+00 
 1.584893192461133e+09 -3.547790281913678e-01  1.134064070643360e-01  3.637908845822192e-01 -1.065598164478958e-01  1.000000000000000e+00  0.000000000000000e+00 -4.907875862763095e-01  7.713348923019166e-02  4.907875862763740e-01 -7.713348923025062e-02  1.000000000000000e+00  0.000000000000000e+00 
 1.659586907437582e+09 -3.524699201279644e-01  1.181641976873669e-01  3.620640609200072e-01 -1.114652143956712e-01  1.000000000000000e+00  0.000000000000000e+00 -4.892396642323620e-01  8.893513834032993e-02  4.892396642324779e-01 -8.893513834002849e-02  1.000000000000000e+00  0.000000000000000e+00 
 1.737800828749398e+09 -3.499707126471883e-01  1.230732585377343e-01  3.601592689081844e-01 -1.165730027249240e-01  1.000000000000000e+00  0.000000000000000e+00 -4.871332747164304e-01  1.008676477445432e-01  4.871332747163472e-01 -1.008676477453998e-01  1.000000000000000e+00  0.000000000000000e+00 
 1.819700858610007e+09 -3.472679821250801e-01  1.281326380214660e-01  3.580587285176755e-01 -1.218864332752010e-01  1.000000000000000e+00  0.000000000000000e+00 -4.844541369356984e-01  1.129184218117931e-01  4.844541369357006e-01 -1.129184218121151e-01  1.000000000000000e+00  0.000000000000000e+00 
 1.905460717963272e+09 -3.443476275053690e-01  1.333405985495119e-01  3.557431815412473e-01 -1.274077235463618e-01  1.000000000000000e+00  0.000000000000000e+00 -4.811865163896499e-01  1.250736481420973e-01  4.811865163898497e-01 -1.250736481415763e-01  1.000000000000000e+00  0.000000000000000e+00 
 1.995262314968905e+09 -3.411948603124648e-01  1.386945261281867e-01  3.531918567511393e-01 -1.331378303372451e-01  1.000000000000000e+00  0.000000000000000e+00 -4.773132768239819e-01  1.373179010672793e-01  4.773132768239150e-01 -1.373179010677641e-01  1.000000000000000e+00  0.000000000000000e+00 
 2.089296130854067e+09 -3.377941963699059e-01  1.441908302757731e-01  3.503824577380449e-01 -1.390761981259074e-01  1.000000000000000e+00  0.000000000000000e+00 -4.728159894826765e-01  1.496337364625791e-01  4.728159894827429e-01 -1.496337364625910e-01  1.000000000000000e+00  0.000000000000000e+00 
 2.187761623949581e+09 -3.341294500762061e-01  1.498248323009928e-01  3.472911791707985e-01 -1.452204829176278e-01  1.000000000000000e+00  0.000000000000000e+00 -4.676751033343186e-01  1.620012832592104e-01  4.676751033343090e-01 -1.620012832594326e-01  1.000000000000000e+00  0.000000000000000e+00 
 2.290867652767803e+09 -3.301837326607197e-01  1.555906396646884e-01  3.438927576478469e-01 -1.515662532893542e-01  1.000000000000000e+00  0.000000000000000e+00 -4.618701800774279e-01  1.743978379932137e-01  4.618701800779706e-01 -1.743978379920259e-01  1.000000000000000e+00  0.000000000000000e+00 
 2.398832919019522e+09 -3.259394566004007e-01  1.614810039099895e-01  3.401605635974207e-01 -1.581066715285101e-01  1.000000000000000e+00  0.000000000000000e+00 -4.553801976846681e-01  1.867974698424132e-01  4.553801976851543e-01 -1.867974698414661e-01  1.000000000000000e+00  0.000000000000000e+00 
 2.511886431509614e+09 -3.213783493342591e-01  1.674871595520145e-01  3.360667407792957e-01 -1.648321590822238e-01  1.000000000000000e+00  0.000000000000000e+00 -4.481839259270254e-01  1.991706450139593e-01  4.481839259268759e-01 -1.991706450144107e-01  1.000000000000000e+00  0.000000000000000e+00 
 2.630267991895417e+09 -3.164814805591910e-01  1.735986414415455e-01  3.315823998054398e-01 -1.717300519717882e-01  1.000000000000000e+00  0.000000000000000e+00 -4.402603766675840e-01  2.114838808519401e-01  4.402603766673287e-01 -2.114838808525506e-01  1.000000000000000e+00  0.000000000000000e+00 
 2.754228703338203e+09 -3.112293086992436e-01  1.798030785428103e-01  3.266778716930567e-01 -1.787842533485072e-01  1.000000000000000e+00  0.000000000000000e+00 -4.315893306273482e-01  2.236994417009452e-01  4.315893306276006e-01 -2.236994417006291e-01  1.000000000000000e+00  0.000000000000000e+00 
 2.884031503126645e+09 -3.056017535524725e-01  1.860859628813419e-01  3.213230267621696e-01 -1.859748919250939e-01  1.000000000000000e+00  0.000000000000000e+00 -4.221519407389400e-01  2.357750902199394e-01  4.221519407384368e-01 -2.357750902208402e-01  1.000000000000000e+00  0.000000000000000e+00 
 3.019951720402058e+09 -2.995783035447872e-01  1.924303937066971e-01  3.154876631701090e-01 -1.932779965599936e-01  1.000000000000000e+00  0.000000000000000e+00 -4.119314100543836e-01  2.476639093927258e-01  4.119314100548324e-01 -2.476639093921753e-01  1.000000000000000e+00  0.000000000000000e+00 
 3.162277660168423e+09 -2.931381673328157e-01  1.988167987440788e-01  3.091419680248398e-01 -2.006651987459662e-01  1.000000000000000e+00  0.000000000000000e+00 -4.009137394377877e-01  2.593142117499432e-01  4.009137394378924e-01 -2.593142117498941e-01  1.000000000000000e+00  0.000000000000000e+00 
 3.311311214825957e+09 -2.862604805373319e-01  2.052226368184738e-01  3.022570523331630e-01 -2.081034761036074e-01  1.000000000000000e+00  0.000000000000000e+00 -3.890885368943905e-01  2.706695532302151e-01  3.890885368947123e-01 -2.706695532299060e-01  1.000000000000000e+00  0.000000000000000e+00 
 3.467368504525365e+09 -2.789245789642912e-01  2.116220891236084e-01  2.948055590188057e-01 -2.155549511496988e-01  1.000000000000000e+00  0.000000000000000e+00 -3.764498765008925e-01  2.816688692710741e-01  3.764498765011106e-01 -2.816688692709062e-01  1.000000000000000e+00  0.000000000000000e+00 
 3.630780547701065e+09 -2.711103495692646e-01  2.179857499201653e-01  2.867623408923522e-01 -2.229767605427390e-01  1.000000000000000e+00  0.000000000000000e+00 -3.629971904890159e-01  2.922467501628306e-01  3.629971904893679e-01 -2.922467501625398e-01  1.000000000000000e+00  0.000000000000000e+00 
 3.801893963205667e+09 -2.627986694221598e-01  2.242803313605407e-01  2.781052027739541e-01 -2.303210106426695e-01  1.000000000000000e+00  0.000000000000000e+00 -3.487361733688207e-01  3.023338710041520e-01  3.487361733689575e-01 -3.023338710040875e-01  1.000000000000000e+00  0.000000000000000e+00 
 3.981071705535030e+09 -2.539719408223718e-01  2.304684012514618e-01  2.688156989662758e-01 -2.375348354883317e-01  1.000000000000000e+00  0.000000000000000e+00 -3.336796722192975e-01  3.118575887375289e-01  3.336796722196076e-01 -3.118575887373231e-01  1.000000000000000e+00  0.000000000000000e+00 
 4.168693834703414e+09 -2.446147273243642e-01  2.365081765992357e-01  2.588799739596844e-01 -2.445605731087103e-01  1.000000000000000e+00  0.000000000000000e+00 -3.178485327901402e-01  3.207427144960839e-01  3.178485327905373e-01 -3.207427144958301e-01  1.000000000000000e+00  0.000000000000000e+00 
 4.365158322401723e+09 -2.347144906477121e-01  2.423533993726320e-01  2.482896306478788e-01 -2.513360753359407e-01  1.000000000000000e+00  0.000000000000000e+00 -3.012723671901932e-01  3.289124638699991e-01  3.012723671905616e-01 -3.289124638697908e-01  1.000000000000000e+00  0.000000000000000e+00 
 4.570881896148817e+09 -2.242624222462899e-01  2.479533236320161e-01  2.370426064889180e-01 -2.577951648493928e-01  1.000000000000000e+00  0.000000000000000e+00 -2.839902061444219e-01  3.362895807180845e-01  2.839902061447099e-01 -3.362895807179487e-01  1.000000000000000e+00  0.000000000000000e+00 
 4.786300923226454e+09 -2.132543558080950e-01  2.532528445279051e-01  2.251440340545445e-01 -2.638682509004996e-01  1.000000000000000e+00  0.000000000000000e+00 -2.660509974978343e-01  3.427976220309288e-01  2.660509974980240e-01 -3.427976220308638e-01  1.000000000000000e+00  0.000000000000000e+00 
 5.011872336272797e+09 -2.016917384162386e-01  2.581927991712369e-01  2.126070584196790e-01 -2.694831118872520e-01  1.000000000000000e+00  0.000000000000000e+00 -2.475139132605724e-01  3.483623824175943e-01  2.475139132606873e-01 -3.483623824175752e-01  1.000000000000000e+00  0.000000000000000e+00 
 5.248074602497804e+09 -1.895826289661652e-01  2.627104665602335e-01  1.994535800791614e-01 -2.745658485160899e-01  1.000000000000000e+00  0.000000000000000e+00 -2.284484303522850e-01  3.529134275323610e-01  2.284484303523621e-01 -3.529134275323625e-01  1.000000000000000e+00  0.000000000000000e+00 
 5.495408738576327e+09 -1.769426833306080e-01  2.667402882515101e-01  1.857148888502439e-01 -2.790420055988290e-01  1.000000000000000e+00  0.000000000000000e+00 -2.089341555168110e-01  3.563856967976567e-01  2.089341555174498e-01 -3.563856967974566e-01  1.000000000000000e+00  0.000000000000000e+00 
 5.754399373371655e+09 -1.637960774853479e-01  2.702148230917740e-01  1.714321519198183e-01 -2.828378535546315e-01  1.000000000000000e+00  0.000000000000000e+00 -1.890603726586582e-01  3.587211278194999e-01  1.890603726591297e-01 -3.587211278193873e-01  1.000000000000000e+00  0.000000000000000e+00 
 6.025595860743669e+09 -1.501763132711477e-01  2.730659381280569e-01  1.566567182817728e-01 -2.858818125150960e-01  1.000000000000000e+00  0.000000000000000e+00 -1.689253008821924e-01  3.598702486734767e-01  1.689253008825981e-01 -3.598702486734066e-01  1.000000000000000e+00  0.000000000000000e+00 
 6.309573444802029e+09 -1.361268476322291e-01  2.752262241389700e-01  1.414502027645327e-01 -2.881059928191516e-01  1.000000000000000e+00  0.000000000000000e+00 -1.486350633711639e-01  3.597936804391796e-01  1.486350633715866e-01 -3.597936804391293e-01  1.000000000000000e+00  0.000000000000000e+00 
 6.606934480076061e+09 -1.217014859418613e-01  2.766306087665446e-01  1.258843161204344e-01 -2.894478160761926e-01  1.000000000000000e+00  0.000000000000000e+00 -1.283023802160237e-01  3.584634915523105e-01  1.283023802164446e-01 -3.584634915522846e-01  1.000000000000000e+00  0.000000000000000e+00 
 6.918309709189471e+09 -1.069644841170506e-01  2.772181240045268e-01  1.100404135769751e-01 -2.898516715055826e-01  1.000000000000000e+00  0.000000000000000e+00 -1.080450115651201e-01  3.558643480486920e-01  1.080450115656150e-01 -3.558643480486863e-01  1.000000000000000e+00  0.000000000000000e+00 
 7.244359600750012e+09 -9.199031303386276e-02  2.769337691243686e-01  9.400874298422408e-02 -2.892705537270934e-01  1.000000000000000e+00  0.000000000000000e+00 -8.798399005420329e-02  3.519944096709949e-01  8.798399005484850e-02 -3.519944096710194e-01  1.000000000000000e+00  0.000000000000000e+00 
 7.585775750291955e+09 -7.686305224475865e-02  2.757303964783834e-01  7.788738511634366e-02 -2.876676214791074e-01  1.000000000000000e+00  0.000000000000000e+00 -6.824169240063423e-02  3.468659308455306e-01  6.824169240126324e-02 -3.468659308455936e-01  1.000000000000000e+00  0.000000000000000e+00 
 7.943282347242938e+09 -6.167539762278416e-02  2.735705375092754e-01  6.178089236601597e-02 -2.850176127804627e-01  1.000000000000000e+00  0.000000000000000e+00 -4.893980847035970e-02  3.405055371639678e-01  4.893980847092343e-02 -3.405055371640624e-01  1.000000000000000e+00  0.000000000000000e+00 
 8.317637711026839e+09 -4.652728824933938e-02  2.704280810390392e-01  4.579864725069311e-02 -2.813080516083562e-01  1.000000000000000e+00  0.000000000000000e+00 -3.019727138279881e-02  3.329541614171618e-01  3.019727138323281e-02 -3.329541614172681e-01  1.000000000000000e+00  0.000000000000000e+00 
 8.709635899560942e+09 -3.152418010727095e-02  2.662897164606045e-01  3.005297778733176e-02 -2.765401847721962e-01  1.000000000000000e+00  0.000000000000000e+00 -1.212821394007931e-02  3.242666374477782e-01  1.212821394079511e-02 -3.242666374479884e-01  1.000000000000000e+00  0.000000000000000e+00 
 9.120108393559240e+09 -1.677501612055348e-02  2.611560612322525e-01  1.465708165749312e-02 -2.707295954987204e-01  1.000000000000000e+00  0.000000000000000e+00  5.159985174597162e-03  3.145109640775648e-01 -5.159985174063181e-03 -3.145109640777661e-01  1.000000000000000e+00  0.000000000000000e+00 
 9.549925860214510e+09 -2.389961882151452e-03  2.550424048675112e-01 -2.771761022215685e-04 -2.639064520617489e-01  1.000000000000000e+00  0.000000000000000e+00  2.156850710761140e-02  3.037672641449245e-01 -2.156850710709063e-02 -3.037672641451614e-01  1.000000000000000e+00  0.000000000000000e+00 
 1.000000000000016e+10  1.152200773762765e-02  2.479790195732373e-01 -1.464151755603914e-02 -2.561153649166582e-01  1.000000000000000e+00  0.000000000000000e+00  3.700869993730910e-02  2.921264744550447e-01 -3.700869993679249e-02 -2.921264744553221e-01  1.000000000000000e+00  0.000000000000000e+00 
 1.047128548050916e+10  2.485557540889523e-02  2.400110094172850e-01 -2.833347866921033e-02 -2.474148431938855e-01  1.000000000000000e+00  0.000000000000000e+00  5.140344639150389e-02  2.796888106373860e-01 -5.140344639087974e-02 -2.796888106377701e-01  1.000000000000000e+00  0.000000000000000e+00 
 1.096478196143202e+10  3.751150159566609e-02  2.311976936286566e-01 -4.125852780918646e-02 -2.378763597796719e-01  1.000000000000000e+00  0.000000000000000e+00  6.468826217843424e-02  2.665620562725470e-01 -6.468826217792224e-02 -2.665620562729163e-01  1.000000000000000e+00  0.000000000000000e+00 
 1.148153621496901e+10  4.939890037932877e-02  2.216115434208281e-01 -5.333199915878788e-02 -2.275830521906202e-01  1.000000000000000e+00  0.000000000000000e+00  7.681210591695395e-02  2.528597282235332e-01 -7.681210591649748e-02 -2.528597282239141e-01  1.000000000000000e+00  0.000000000000000e+00 
 1.202264434617432e+10  6.043728111973093e-02  2.113367137455212e-01 -6.448077242491566e-02 -2.166281027371546e-01  1.000000000000000e+00  0.000000000000000e+00  8.773789210361153e-02  2.386991701821633e-01 -8.773789210319229e-02 -2.386991701825651e-01  1.000000000000000e+00  0.000000000000000e+00 
 1.258925411794188e+10  7.055827941789533e-02  2.004672300903373e-01 -7.464464197152296e-02 -2.051128550025562e-01  1.000000000000000e+00  0.000000000000000e+00  9.744270794710175e-02  2.241996244838739e-01 -9.744270794666866e-02 -2.241996244843439e-01  1.000000000000000e+00  0.000000000000000e+00 
 1.318256738556429e+10  7.970701778987864e-02  1.891049047341397e-01 -8.377733283009324e-02 -1.931447336987587e-01  1.000000000000000e+00  0.000000000000000e+00  1.059177429093116e-01  2.094803288195451e-01 -1.059177429089164e-01 -2.094803288200366e-01  1.000000000000000e+00  0.000000000000000e+00 
 1.380384264602907e+10  8.784305566894809e-02  1.773570661812651e-01 -9.184713684462188e-02 -1.808350411242225e-01  1.000000000000000e+00  0.000000000000000e+00  1.131679463384039e-01  1.946586801317123e-01 -1.131679463380591e-01 -1.946586801322065e-01  1.000000000000000e+00  0.000000000000000e+00 
 1.445439770745951e+10  9.494090835116412e-02  1.653341897124324e-01 -9.883715841767797e-02 -1.682967057180987e-01  1.000000000000000e+00  0.000000000000000e+00  1.192114337547046e-01  1.798485032030288e-01 -1.192114337544333e-01 -1.798485032034854e-01  1.000000000000000e+00  0.000000000000000e+00 
 1.513561248436233e+10  1.009901339805047e-01  1.531475164283893e-01 -1.047451749963903e-01 -1.556420568380101e-01  1.000000000000000e+00  0.000000000000000e+00  1.240786663827499e-01  1.651584565626084e-01 -1.240786663825028e-01 -1.651584565630905e-01  1.000000000000000e+00  0.000000000000000e+00 
 1.584893192461140e+10  1.059950055852287e-01  1.409067434243672e-01 -1.095831318201927e-01 -1.429806953416859e-01  1.000000000000000e+00  0.000000000000000e+00  1.278114316859262e-01  1.506906035349075e-01 -1.278114316857131e-01 -1.506906035353979e-01  1.000000000000000e+00  0.000000000000000e+00 
 1.659586907437588e+10  1.099738007715412e-01  1.287178595861295e-01 -1.133763030022367e-01 -1.304175223861655e-01  1.000000000000000e+00  0.000000000000000e+00  1.304616552154393e-01  1.365391715642522e-01 -1.304616552152722e-01 -1.365391715647202e-01  1.000000000000000e+00  0.000000000000000e+00 
 1.737800828749405e+10  1.129577544763023e-01  1.166811907635705e-01 -1.161621613805428e-01 -1.180509796633766e-01  1.000000000000000e+00  0.000000000000000e+00  1.320900762134652e-01  1.227895182867263e-01 -1.320900762133355e-01 -1.227895182871793e-01  1.000000000000000e+00  0.000000000000000e+00 
 1.819700858610014e+10  1.149897299321627e-01  1.048897055542032e-01 -1.179890075530345e-01 -1.059715436399005e-01  1.000000000000000e+00  0.000000000000000e+00  1.327648211870389e-01  1.095173180431158e-01 -1.327648211869348e-01 -1.095173180435786e-01  1.000000000000000e+00  0.000000000000000e+00 
 1.905460717963279e+10  1.161226696356073e-01  9.342761934970147e-02 -1.189144140131118e-01 -9.426050479360859e-02  1.000000000000000e+00  0.000000000000000e+00  1.325599110478081e-01  9.678797748950096e-02 -1.325599110477389e-01 -9.678797748993523e-02  1.000000000000000e+00  0.000000000000000e+00 
 1.995262314968913e+10  1.164178916836587e-01  8.236932031937080e-02 -1.190035433173127e-01 -8.298905083223532e-02  1.000000000000000e+00  0.000000000000000e+00  1.315537382482651e-01  8.465628357538718e-02 -1.315537382482222e-01 -8.465628357581188e-02  1.000000000000000e+00  0.000000000000000e+00 
 2.089296130854075e+10  1.159432974986234e-01  7.177862720880068e-02 -1.183273997913503e-01 -7.221766090112672e-02  1.000000000000000e+00  0.000000000000000e+00  1.298275504302834e-01  7.316628142909910e-02 -1.298275504302694e-01 -7.316628142947976e-02  1.000000000000000e+00  0.000000000000000e+00 
 2.187761623949590e+10  1.147715549027099e-01  6.170837574429892e-02 -1.169610725207819e-01 -6.199580628343706e-02  1.000000000000000e+00  0.000000000000000e+00  1.274639762203125e-01  6.235137373462998e-02 -1.274639762203192e-01 -6.235137373499409e-02  1.000000000000000e+00  0.000000000000000e+00 
 2.290867652767812e+10  1.129783160137117e-01  5.220031852595716e-02 -1.149820234504128e-01 -5.236194249415234e-02  1.000000000000000e+00  0.000000000000000e+00  1.245456267835357e-01  5.223462723528673e-02 -1.245456267835607e-01 -5.223462723563527e-02  1.000000000000000e+00  0.000000000000000e+00 
 2.398832919019532e+10  1.106405228590309e-01  4.328531298020136e-02 -1.124684685845681e-01 -4.334376837148302e-02  1.000000000000000e+00  0.000000000000000e+00  1.211538035039903e-01  4.282926636533142e-02 -1.211538035040310e-01 -4.282926636564881e-02  1.000000000000000e+00  0.000000000000000e+00 
 2.511886431509623e+10  1.078348453714101e-01  3.498376357112481e-02 -1.094978928773501e-01 -3.495872012887116e-02  1.000000000000000e+00  0.000000000000000e+00  1.173673377237140e-01  3.413932904427650e-02 -1.173673377237679e-01 -3.413932904457550e-02  1.000000000000000e+00  0.000000000000000e+00 
 2.630267991895427e+10  1.046362870252441e-01  2.730627828994767e-02 -1.061457308482560e-01 -2.721466262392438e-02  1.000000000000000e+00  0.000000000000000e+00  1.132615830145336e-01  2.616045570494663e-02 -1.132615830145970e-01 -2.616045570521551e-02  1.000000000000000e+00  0.000000000000000e+00 
 2.754228703338214e+10  1.011169833329914e-01  2.025449558844480e-02 -1.024842357366324e-01 -2.011073649648055e-02  1.000000000000000e+00  0.000000000000000e+00  1.089075742476805e-01  1.888077994216111e-02 -1.089075742477539e-01 -1.888077994242138e-02  1.000000000000000e+00  0.000000000000000e+00 
 2.884031503126656e+10  9.734520829760925e-02  1.382203639766878e-02 -9.858155063104815e-02 -1.363831836897412e-02  1.000000000000000e+00  0.000000000000000e+00  1.043713611287753e-01  1.228188793965754e-02 -1.043713611288555e-01 -1.228188793989917e-02  1.000000000000000e+00  0.000000000000000e+00 
 3.019951720402069e+10  9.338459423597646e-02  7.995536544299763e-03 -9.450098597941105e-02 -7.782051895797062e-03  1.000000000000000e+00  0.000000000000000e+00  9.971351727835474e-02  6.339814109233942e-03 -9.971351727843747e-02 -6.339814109447928e-03  1.000000000000000e+00  0.000000000000000e+00 
 3.162277660168435e+10  8.929356161368303e-02  2.755717485007357e-03 -9.030049965373310e-02 -2.520909875331719e-03  1.000000000000000e+00  0.000000000000000e+00  9.498881975397830e-02  1.026042084653593e-03 -9.498881975406447e-02 -1.026042084851444e-03  1.000000000000000e+00  0.000000000000000e+00 
 3.311311214825969e+10  8.512494803023161e-02 -1.921542534165471e-03 -8.603236867379196e-02  2.170748424005012e-03  1.000000000000000e+00  0.000000000000000e+00  9.024608847237861e-02 -3.691516835990458e-03 -9.024608847246472e-02  3.691516835814177e-03  1.000000000000000e+00  0.000000000000000e+00 
 3.467368504525378e+10  8.092581951294520e-02 -6.064169444628539e-03 -8.174303603825755e-02  6.322155516694068e-03  1.000000000000000e+00  0.000000000000000e+00  8.552817056059225e-02 -7.847591785370072e-03 -8.552817056067924e-02  7.847591785208236e-03  1.000000000000000e+00  0.000000000000000e+00 
 3.630780547701078e+10  7.673744293652554e-02 -9.702912951124631e-03 -7.747311199861727e-02  9.965174574724154e-03  1.000000000000000e+00  0.000000000000000e+00  8.087205140420028e-02 -1.147868638032002e-02 -8.087205140428803e-02  1.147868638017001e-02  1.000000000000000e+00  0.000000000000000e+00 
 3.801893963205680e+10  7.259539567866588e-02 -1.287044493920052e-02 -7.325750654876456e-02  1.313341793706788e-02  1.000000000000000e+00  0.000000000000000e+00  7.630907212375457e-02 -1.462229328343681e-02 -7.630907212384019e-02  1.462229328330220e-02  1.000000000000000e+00  0.000000000000000e+00 
 3.981071705535044e+10  6.852978743918695e-02 -1.560055067255261e-02 -6.912566879475356e-02  1.586145833268187e-02  1.000000000000000e+00  0.000000000000000e+00  7.186523235561877e-02 -1.731619896351065e-02 -7.186523235570122e-02  1.731619896339088e-02  1.000000000000000e+00  0.000000000000000e+00 
 4.168693834703429e+10  6.456556929807604e-02 -1.792742098783657e-02 -6.510190903699013e-02  1.818414036484310e-02  1.000000000000000e+00  0.000000000000000e+00  6.756155741988555e-02 -1.959788377068687e-02 -6.756155741996485e-02  1.959788377057958e-02  1.000000000000000e+00  0.000000000000000e+00 
 4.365158322401739e+10  6.072290632107762e-02 -1.988504859133268e-02 -6.120578060952703e-02  2.013599490682277e-02  1.000000000000000e+00  0.000000000000000e+00  6.341451004927212e-02 -2.150401836186305e-02 -6.341451004935066e-02  2.150401836176302e-02  1.000000000000000e+00  0.000000000000000e+00 
 4.570881896148833e+10  5.701759207056199e-02 -2.150672727366400e-02 -5.745250052110831e-02  2.175075494037871e-02  1.000000000000000e+00  0.000000000000000e+00  5.943642862162535e-02 -2.307005406622718e-02 -5.943642862169917e-02  2.307005406613905e-02  1.000000000000000e+00  0.000000000000000e+00 
 4.786300923226471e+10  5.346148597597076e-02 -2.282464945232974e-02 -5.385339047245509e-02  2.306096809731059e-02  1.000000000000000e+00  0.000000000000000e+00  5.563597606957756e-02 -2.432990204270771e-02 -5.563597606964824e-02  2.432990204262810e-02  1.000000000000000e+00  0.000000000000000e+00 
 5.011872336272815e+10  5.006295741499377e-02 -2.386959492494310e-02 -5.041632264534044e-02  2.409769874107612e-02  1.000000000000000e+00  0.000000000000000e+00  5.201858612992340e-02 -2.531569406251914e-02 -5.201858612999008e-02  2.531569406244804e-02  1.000000000000000e+00  0.000000000000000e+00 
 5.248074602497823e+10  4.682732334123114e-02 -2.467070201281625e-02 -4.714615756529467e-02  2.489031079817544e-02  1.000000000000000e+00  0.000000000000000e+00  4.858689616270813e-02 -2.605761641503513e-02 -4.858689616277242e-02  2.605761641496996e-02  1.000000000000000e+00  0.000000000000000e+00 
 5.495408738576347e+10  4.375726919602720e-02 -2.525531130156114e-02 -4.404516416561446e-02  2.546632162865235e-02  1.000000000000000e+00  0.000000000000000e+00  4.534115826947602e-02 -2.658380771222902e-02 -4.534115826953574e-02  2.658380771217146e-02  1.000000000000000e+00  0.000000000000000e+00 
 5.754399373371677e+10  4.085324553518243e-02 -2.564887182734232e-02 -4.111341480265426e-02  2.585131690065559e-02  1.000000000000000e+00  0.000000000000000e+00  4.227962276096921e-02 -2.692031116316656e-02 -4.227962276102627e-02  2.692031116311406e-02  1.000000000000000e+00  0.000000000000000e+00 
 6.025595860743690e+10  3.811383520126230e-02 -2.587489969037201e-02 -3.834915030892654e-02  2.606891658568003e-02  1.000000000000000e+00  0.000000000000000e+00  3.939889009220009e-02 -2.709107210222509e-02 -3.939889009225387e-02  2.709107210217783e-02  1.000000000000000e+00  0.000000000000000e+00 
 6.309573444802052e+10  3.553608793236165e-02 -2.595497957917026e-02 -3.574911217536021e-02  2.614078270050273e-02  1.000000000000000e+00  0.000000000000000e+00  3.669422915438825e-02 -2.711797207978670e-02 -3.669422915443847e-02  2.711797207974441e-02  1.000000000000000e+00  0.000000000000000e+00 
 6.606934480076085e+10  3.311582100238196e-02 -2.590880044753376e-02 -3.330884061124414e-02  2.608666017956844e-02  1.000000000000000e+00  0.000000000000000e+00  3.415986127334728e-02 -2.702089156540754e-02 -3.415986127339400e-02  2.702089156536977e-02  1.000000000000000e+00  0.000000000000000e+00 
 6.918309709189496e+10  3.084788584378856e-02 -2.575421750291790e-02 -3.102293854722807e-02  2.592444317208255e-02  1.000000000000000e+00  0.000000000000000e+00  3.178921041792038e-02 -2.681779418610529e-02 -3.178921041796458e-02  2.681779418607100e-02  1.000000000000000e+00  0.000000000000000e+00 
 7.244359600750038e+10  2.872640163599721e-02 -2.550733365861260e-02 -2.888530264716507e-02  2.567026004195621e-02  1.000000000000000e+00  0.000000000000000e+00  2.957512099094418e-02 -2.652482635535121e-02 -2.957512099098488e-02  2.652482635532077e-02  1.000000000000000e+00  0.000000000000000e+00 
 7.585775750291982e+10  2.674495758631457e-02 -2.518259460851548e-02 -2.688932311304026e-02  2.533857134341994e-02  1.000000000000000e+00  0.000000000000000e+00  2.751004518964759e-02 -2.615642708549436e-02 -2.751004518968554e-02  2.615642708546699e-02  1.000000000000000e+00  0.000000000000000e+00 
 7.943282347242966e+10  2.489678612666782e-02 -2.479289265469509e-02 -2.502805454378985e-02  2.494227600395752e-02  1.000000000000000e+00  0.000000000000000e+00  2.558620231846239e-02 -2.572544367573074e-02 -2.558620231849811e-02  2.572544367570592e-02  1.000000000000000e+00  0.000000000000000e+00 
 8.317637711026869e+10  2.317490954074701e-02 -2.434967532114932e-02 -2.329436038511501e-02  2.449282183689320e-02  1.000000000000000e+00  0.000000000000000e+00  2.379571265257522e-02 -2.524324980037084e-02 -2.379571265260835e-02  2.524324980034857e-02  1.000000000000000e+00  0.000000000000000e+00 
 8.709635899560974e+10  2.157226266382463e-02 -2.386305560146041e-02 -2.168103362378475e-02  2.400031730829942e-02  1.000000000000000e+00  0.000000000000000e+00  2.213070852192722e-02 -2.471986326994075e-02 -2.213070852195830e-02  2.471986326992061e-02  1.000000000000000e+00  0.000000000000000e+00 
 9.120108393559274e+10  2.008179429927114e-02 -2.334192140267794e-02 -2.018089637350465e-02  2.347364218647038e-02  1.000000000000000e+00  0.000000000000000e+00  2.058342524653449e-02 -2.416406139142990e-02 -2.058342524656328e-02  2.416406139141184e-02  1.000000000000000e+00  0.000000000000000e+00 
 9.549925860214545e+10  1.869654990504696e-02 -2.279404235963524e-02 -1.878688090295045e-02  2.292055530411672e-02  1.000000000000000e+00  0.000000000000000e+00  1.914627443484995e-02 -2.358349241141097e-02 -1.914627443487704e-02  2.358349241139459e-02  1.000000000000000e+00  0.000000000000000e+00 
 1.000000000000020e+11  1.740973794867592e-02 -2.222617270547901e-02 -1.749209449792845e-02  2.234779816620286e-02  1.000000000000000e+00  0.000000000000000e+00  1.781190198295124e-02 -2.298478198937539e-02 -1.781190198297611e-02  2.298478198936075e-02  1.000000000000000e+00  0.000000000000000e+00 
