 5.000000000000000e-08 -5.549738898359857e-03 
 5.010000000000000e-08 -8.204838856503471e-03 
 5.020000000000000e-08 -1.081472423278962e-02 
 5.030000000000000e-08 -1.339179133674206e-02 
 5.040000000000000e-08 -1.591597877608164e-02 
 5.050000000000000e-08 -1.837728378196601e-02 
 5.060000000000000e-08 -2.076603558630197e-02 
 5.070000000000000e-08 -2.307275782989793e-02 
 5.080000000000000e-08 -2.528839538754069e-02 
 5.090000000000001e-08 -2.740416733446960e-02 
 5.100000000000001e-08 -2.941176436155102e-02 
 5.110000000000001e-08 -3.130324364749093e-02 
 5.120000000000001e-08 -3.307117013772154e-02 
 5.130000000000001e-08 -3.470856207473916e-02 
 5.140000000000001e-08 -3.620897680376056e-02 
 5.150000000000001e-08 -3.756649922856337e-02 
 5.160000000000001e-08 -3.877578230980805e-02 
 5.170000000000001e-08 -3.983206620619373e-02 
 5.180000000000001e-08 -4.073118519109165e-02 
 5.190000000000001e-08 -4.146960572381220e-02 
 5.200000000000002e-08 -4.204441007073201e-02 
 5.210000000000002e-08 -4.245334371484533e-02 
 5.220000000000002e-08 -4.269478369850677e-02 
 5.230000000000002e-08 -4.276778819426785e-02 
 5.240000000000002e-08 -4.267205537894747e-02 
 5.250000000000002e-08 -4.240797016210718e-02 
 5.260000000000002e-08 -4.197655755594787e-02 
 5.270000000000002e-08 -4.137952326932570e-02 
 5.280000000000002e-08 -4.061920417575915e-02 
 5.290000000000002e-08 -3.969860078978527e-02 
 5.300000000000002e-08 -3.862132640012916e-02 
 5.310000000000003e-08 -3.739163041177229e-02 
 5.320000000000003e-08 -3.601434705673445e-02 
 5.330000000000003e-08 -3.449490928061771e-02 
 5.340000000000003e-08 -3.283929746832270e-02 
 5.350000000000003e-08 -3.105404404500889e-02 
 5.360000000000003e-08 -2.914618244333878e-02 
 5.370000000000003e-08 -2.712324290506696e-02 
 5.380000000000003e-08 -2.499320175560915e-02 
 5.390000000000003e-08 -2.276446917881292e-02 
 5.400000000000003e-08 -2.044583884901319e-02 
 5.410000000000003e-08 -1.804646856445324e-02 
 5.420000000000004e-08 -1.557583030592724e-02 
 5.430000000000004e-08 -1.304368476005013e-02 
 5.440000000000004e-08 -1.046003193098155e-02 
 5.450000000000004e-08 -7.835080605521849e-03 
 5.460000000000004e-08 -5.179199726145223e-03 
 5.470000000000004e-08 -2.502883919981436e-03 
 5.480000000000004e-08  1.832941048138803e-04 
 5.490000000000004e-08  2.868720867118091e-03 
 5.500000000000004e-08  5.542783718250233e-03 
 5.510000000000004e-08  8.194948192128848e-03 
 5.520000000000004e-08  1.081472425034402e-02 
 5.530000000000005e-08  1.339179135705559e-02 
 5.540000000000005e-08  1.591597879740014e-02 
 5.550000000000005e-08  1.837728379627435e-02 
 5.560000000000005e-08  2.076603560783830e-02 
 5.570000000000005e-08  2.307275784282137e-02 
 5.580000000000005e-08  2.528839540937278e-02 
 5.590000000000005e-08  2.740416734983131e-02 
 5.600000000000005e-08  2.941176438539350e-02 
 5.610000000000005e-08  3.130324366450910e-02 
 5.620000000000005e-08  3.307117016058414e-02 
 5.630000000000005e-08  3.470856209129614e-02 
 5.640000000000006e-08  3.620897682386492e-02 
 5.650000000000006e-08  3.756649924448552e-02 
 5.660000000000006e-08  3.877578232687240e-02 
 5.670000000000006e-08  3.983206622087510e-02 
 5.680000000000006e-08  4.073118520864361e-02 
 5.690000000000006e-08  4.146960574016756e-02 
 5.700000000000006e-08  4.204441008797510e-02 
 5.710000000000006e-08  4.245334373267018e-02 
 5.720000000000006e-08  4.269478371469071e-02 
 5.730000000000006e-08  4.276778821052951e-02 
 5.740000000000006e-08  4.267205539585861e-02 
 5.750000000000006e-08  4.240797018241516e-02 
 5.760000000000007e-08  4.197655757438645e-02 
 5.770000000000007e-08  4.137952328967209e-02 
 5.780000000000007e-08  4.061920419435538e-02 
 5.790000000000007e-08  3.969860081080645e-02 
 5.800000000000007e-08  3.862132641750149e-02 
 5.810000000000007e-08  3.739163043254701e-02 
 5.820000000000007e-08  3.601434707592288e-02 
 5.830000000000007e-08  3.449490930115640e-02 
 5.840000000000007e-08  3.283929748442249e-02 
 5.850000000000007e-08  3.105404406553092e-02 
 5.860000000000007e-08  2.914618246137657e-02 
 5.870000000000008e-08  2.712324292523771e-02 
 5.880000000000008e-08  2.499320177091224e-02 
 5.890000000000008e-08  2.276446919767916e-02 
 5.900000000000008e-08  2.044583886471973e-02 
 5.910000000000008e-08  1.804646858344183e-02 
 5.920000000000008e-08  1.557583032288701e-02 
 5.930000000000008e-08  1.304368478262585e-02 
 5.940000000000008e-08  1.046003194995659e-02 
 5.950000000000008e-08  7.835080627617508e-03 
 5.960000000000008e-08  5.179199744450580e-03 
 5.970000000000008e-08  2.502883940746159e-03 
 5.980000000000007e-08 -1.832940872799060e-04 
 5.990000000000007e-08 -2.868720845186301e-03 
 6.000000000000006e-08 -5.542783697050524e-03 
 6.010000000000006e-08 -8.194948173938288e-03 
 6.020000000000005e-08 -1.081472422917407e-02 
 6.030000000000004e-08 -1.339179133190549e-02 
 6.040000000000004e-08 -1.591597878291084e-02 
 6.050000000000003e-08 -1.837728377337688e-02 
 6.060000000000003e-08 -2.076603559639723e-02 
 6.070000000000002e-08 -2.307275781961282e-02 
 6.080000000000002e-08 -2.528839539734817e-02 
 6.090000000000001e-08 -2.740416732470630e-02 
 6.100000000000000e-08 -2.941176436942072e-02 
 6.110000000000000e-08 -3.130324363775738e-02 
 6.119999999999999e-08 -3.307117014518757e-02 
 6.129999999999999e-08 -3.470856206919337e-02 
 6.139999999999998e-08 -3.620897681165558e-02 
 6.149999999999997e-08 -3.756649922476440e-02 
 6.159999999999997e-08 -3.877578231546752e-02 
 6.169999999999996e-08 -3.983206620181901e-02 
 6.179999999999996e-08 -4.073118519422647e-02 
 6.189999999999995e-08 -4.146960572007563e-02 
 6.199999999999995e-08 -4.204441007374027e-02 
 6.209999999999994e-08 -4.245334371356235e-02 
 6.219999999999993e-08 -4.269478370270074e-02 
 6.229999999999993e-08 -4.276778819509275e-02 
 6.239999999999992e-08 -4.267205538243735e-02 
 6.249999999999992e-08 -4.240797016155207e-02 
 6.259999999999991e-08 -4.197655755607754e-02 
 6.269999999999991e-08 -4.137952326790550e-02 
 6.279999999999990e-08 -4.061920417574005e-02 
 6.289999999999989e-08 -3.969860078921372e-02 
 6.299999999999989e-08 -3.862132639974436e-02 
 6.309999999999988e-08 -3.739163041121141e-02 
 6.319999999999988e-08 -3.601434705610207e-02 
 6.329999999999987e-08 -3.449490928005061e-02 
 6.339999999999987e-08 -3.283929746727199e-02 
 6.349999999999986e-08 -3.105404404464185e-02 
 6.359999999999985e-08 -2.914618244146161e-02 
 6.369999999999985e-08 -2.712324290319468e-02 
 6.379999999999984e-08 -2.499320175290709e-02 
 6.389999999999984e-08 -2.276446917836683e-02 
 6.399999999999983e-08 -2.044583884821405e-02 
 6.409999999999983e-08 -1.804646856545267e-02 
 6.419999999999982e-08 -1.557583030586063e-02 
 6.429999999999981e-08 -1.304368476151274e-02 
 6.439999999999981e-08 -1.046003193100509e-02 
 6.449999999999980e-08 -7.835080607412559e-03 
 6.459999999999980e-08 -5.179199725471317e-03 
 6.469999999999979e-08 -2.502883919754062e-03 
 6.479999999999979e-08  1.832941053634407e-04 
 6.489999999999978e-08  2.868720864723118e-03 
 6.499999999999977e-08  5.542783713830879e-03 
 6.509999999999977e-08  8.194948199286456e-03 
 6.519999999999976e-08  1.081472425054497e-02 
 6.529999999999976e-08  1.339179135439372e-02 
 6.539999999999975e-08  1.591597880476114e-02 
 6.549999999999975e-08  1.837728378989079e-02 
 6.559999999999974e-08  2.076603561717683e-02 
 6.569999999999973e-08  2.307275783746765e-02 
 6.579999999999973e-08  2.528839542151795e-02 
 6.589999999999972e-08  2.740416734691897e-02 
 6.599999999999972e-08  2.941176439685966e-02 
 6.609999999999971e-08  3.130324366139803e-02 
 6.619999999999971e-08  3.307117017050576e-02 
 6.629999999999970e-08  3.470856208898732e-02 
 6.639999999999969e-08  3.620897683166513e-02 
 6.649999999999969e-08  3.756649924141353e-02 
 6.659999999999968e-08  3.877578233222567e-02 
 6.669999999999968e-08  3.983206621792501e-02 
 6.679999999999967e-08  4.073118521196517e-02 
 6.689999999999967e-08  4.146960573632330e-02 
 6.699999999999966e-08  4.204441008949744e-02 
 6.709999999999965e-08  4.245334372941700e-02 
 6.719999999999965e-08  4.269478371735436e-02 
 6.729999999999964e-08  4.276778821047578e-02 
 6.739999999999964e-08  4.267205539854668e-02 
 6.749999999999963e-08  4.240797017991649e-02 
 6.759999999999963e-08  4.197655757410157e-02 
 6.769999999999962e-08  4.137952328769745e-02 
 6.779999999999961e-08  4.061920419521492e-02 
 6.789999999999961e-08  3.969860081029730e-02 
 6.799999999999960e-08  3.862132641901694e-02 
 6.809999999999960e-08  3.739163043191840e-02 
 6.819999999999959e-08  3.601434707530782e-02 
 6.829999999999959e-08  3.449490929880250e-02 
 6.839999999999958e-08  3.283929748408854e-02 
 6.849999999999957e-08  3.105404406501400e-02 
 6.859999999999957e-08  2.914618246221168e-02 
 6.869999999999956e-08  2.712324292660151e-02 
 6.879999999999956e-08  2.499320177388675e-02 
 6.889999999999955e-08  2.276446919995356e-02 
 6.899999999999955e-08  2.044583886692264e-02 
 6.909999999999954e-08  1.804646858530745e-02 
 6.919999999999953e-08  1.557583032485277e-02 
 6.929999999999953e-08  1.304368478402651e-02 
 6.939999999999952e-08  1.046003195152534e-02 
 6.949999999999952e-08  7.835080629045033e-03 
 6.959999999999951e-08  5.179199745937391e-03 
 6.969999999999951e-08  2.502883942320233e-03 
 6.979999999999950e-08 -1.832940862778187e-04 
 6.989999999999949e-08 -2.868720845980999e-03 
 6.999999999999949e-08 -5.542783695675846e-03 
 7.009999999999948e-08 -8.194948181219130e-03 
 7.019999999999948e-08 -1.081472423014462e-02 
 7.029999999999947e-08 -1.339179133218171e-02 
 7.039999999999947e-08 -1.591597878840467e-02 
 7.049999999999946e-08 -1.837728376950132e-02 
 7.059999999999945e-08 -2.076603560216461e-02 
 7.069999999999945e-08 -2.307275781572660e-02 
 7.079999999999944e-08 -2.528839540445027e-02 
 7.089999999999944e-08 -2.740416732009021e-02 
 7.099999999999943e-08 -2.941176437390669e-02 
 7.109999999999943e-08 -3.130324363311932e-02 
 7.119999999999942e-08 -3.307117014868433e-02 
 7.129999999999941e-08 -3.470856206461570e-02 
 7.139999999999941e-08 -3.620897681360713e-02 
 7.149999999999940e-08 -3.756649922096056e-02 
 7.159999999999940e-08 -3.877578231860812e-02 
 7.169999999999939e-08 -3.983206620209767e-02 
 7.179999999999939e-08 -4.073118519934393e-02 
 7.189999999999938e-08 -4.146960572098246e-02 
 7.199999999999937e-08 -4.204441007633242e-02 
 7.209999999999937e-08 -4.245334371128662e-02 
 7.219999999999936e-08 -4.269478370125213e-02 
 7.229999999999936e-08 -4.276778819176807e-02 
 7.239999999999935e-08 -4.267205538060637e-02 
 7.249999999999935e-08 -4.240797015860887e-02 
 7.259999999999934e-08 -4.197655755448171e-02 
 7.269999999999933e-08 -4.137952326625949e-02 
 7.279999999999933e-08 -4.061920417617726e-02 
 7.289999999999932e-08 -3.969860079046894e-02 
 7.299999999999932e-08 -3.862132640210780e-02 
 7.309999999999931e-08 -3.739163041386440e-02 
 7.319999999999931e-08 -3.601434705833162e-02 
 7.329999999999930e-08 -3.449490928099275e-02 
 7.339999999999929e-08 -3.283929746704128e-02 
 7.349999999999929e-08 -3.105404404443957e-02 
 7.359999999999928e-08 -2.914618244218126e-02 
 7.369999999999928e-08 -2.712324290520973e-02 
 7.379999999999927e-08 -2.499320175401398e-02 
 7.389999999999927e-08 -2.276446917905428e-02 
 7.399999999999926e-08 -2.044583884713003e-02 
 7.409999999999925e-08 -1.804646856547665e-02 
 7.419999999999925e-08 -1.557583030624343e-02 
 7.429999999999924e-08 -1.304368476367612e-02 
 7.439999999999924e-08 -1.046003193232048e-02 
 7.449999999999923e-08 -7.835080608199707e-03 
 7.459999999999923e-08 -5.179199724949735e-03 
 7.469999999999922e-08 -2.502883921391197e-03 
 7.479999999999921e-08  1.832941047397174e-04 
 7.489999999999921e-08  2.868720863522300e-03 
 7.499999999999920e-08  5.542783710078769e-03 
 7.509999999999920e-08  8.194948200966223e-03 
 7.519999999999919e-08  1.081472424894381e-02 
 7.529999999999919e-08  1.339179135225832e-02 
 7.539999999999918e-08  1.591597880728202e-02 
 7.549999999999917e-08  1.837728378566283e-02 
 7.559999999999917e-08  2.076603562110169e-02 
 7.569999999999916e-08  2.307275783269214e-02 
 7.579999999999916e-08  2.528839542538952e-02 
 7.589999999999915e-08  2.740416734250739e-02 
 7.599999999999915e-08  2.941176439961568e-02 
 7.609999999999914e-08  3.130324365590575e-02 
 7.619999999999913e-08  3.307117017150119e-02 
 7.629999999999913e-08  3.470856208319884e-02 
 7.639999999999912e-08  3.620897683142177e-02 
 7.649999999999912e-08  3.756649923677902e-02 
 7.659999999999911e-08  3.877578233389256e-02 
 7.669999999999911e-08  3.983206621637958e-02 
 7.679999999999910e-08  4.073118521426755e-02 
 7.689999999999909e-08  4.146960573499059e-02 
 7.699999999999909e-08  4.204441009184112e-02 
 7.709999999999908e-08  4.245334372979959e-02 
 7.719999999999908e-08  4.269478371963964e-02 
 7.729999999999907e-08  4.276778821000415e-02 
 7.739999999999907e-08  4.267205540009522e-02 
 7.749999999999906e-08  4.240797017915909e-02 
 7.759999999999905e-08  4.197655757484187e-02 
 7.769999999999905e-08  4.137952328775385e-02 
 7.779999999999904e-08  4.061920419718890e-02 
 7.789999999999904e-08  3.969860081093435e-02 
 7.799999999999903e-08  3.862132641931626e-02 
 7.809999999999903e-08  3.739163043089100e-02 
 7.819999999999902e-08  3.601434707583784e-02 
 7.829999999999901e-08  3.449490929897747e-02 
 7.839999999999901e-08  3.283929748347081e-02 
 7.849999999999900e-08  3.105404406402901e-02 
 7.859999999999900e-08  2.914618246277323e-02 
 7.869999999999899e-08  2.712324292700896e-02 
 7.879999999999899e-08  2.499320177414255e-02 
 7.889999999999898e-08  2.276446920069963e-02 
 7.899999999999897e-08  2.044583886772777e-02 
 7.909999999999897e-08  1.804646858463865e-02 
 7.919999999999896e-08  1.557583032341325e-02 
 7.929999999999896e-08  1.304368478208295e-02 
 7.939999999999895e-08  1.046003194902156e-02 
 7.949999999999895e-08  7.835080626666713e-03 
 7.959999999999894e-08  5.179199743153617e-03 
 7.969999999999893e-08  2.502883939673017e-03 
 7.979999999999893e-08 -1.832940886674628e-04 
 7.989999999999892e-08 -2.868720846209039e-03 
 7.999999999999892e-08 -5.542783692915387e-03 
 8.009999999999891e-08 -8.194948182904893e-03 
 8.019999999999890e-08 -1.081472422751806e-02 
 8.029999999999890e-08 -1.339179132807344e-02 
 8.039999999999889e-08 -1.591597878717588e-02 
 8.049999999999889e-08 -1.837728376444359e-02 
 8.059999999999888e-08 -2.076603560358459e-02 
 8.069999999999888e-08 -2.307275781112605e-02 
 8.079999999999887e-08 -2.528839540621242e-02 
 8.089999999999886e-08 -2.740416731813800e-02 
 8.099999999999886e-08 -2.941176437869109e-02 
 8.109999999999885e-08 -3.130324363214032e-02 
 8.119999999999885e-08 -3.307117015260341e-02 
 8.129999999999884e-08 -3.470856206491990e-02 
 8.139999999999884e-08 -3.620897681701907e-02 
 8.149999999999883e-08 -3.756649922035393e-02 
 8.159999999999882e-08 -3.877578232007406e-02 
 8.169999999999882e-08 -3.983206619882163e-02 
 8.179999999999881e-08 -4.073118519732777e-02 
 8.189999999999881e-08 -4.146960571657443e-02 
 8.199999999999880e-08 -4.204441007486004e-02 
 8.209999999999880e-08 -4.245334371009535e-02 
 8.219999999999879e-08 -4.269478370255531e-02 
 8.229999999999878e-08 -4.276778819287630e-02 
 8.239999999999878e-08 -4.267205538331487e-02 
 8.249999999999877e-08 -4.240797016068498e-02 
 8.259999999999877e-08 -4.197655755737673e-02 
 8.269999999999876e-08 -4.137952326805605e-02 
 8.279999999999876e-08 -4.061920417681342e-02 
 8.289999999999875e-08 -3.969860079036258e-02 
 8.299999999999874e-08 -3.862132640306903e-02 
 8.309999999999874e-08 -3.739163041551530e-02 
 8.319999999999873e-08 -3.601434706041240e-02 
 8.329999999999873e-08 -3.449490928345189e-02 
 8.339999999999872e-08 -3.283929746927994e-02 
 8.349999999999872e-08 -3.105404404708256e-02 
 8.359999999999871e-08 -2.914618244470102e-02 
 8.369999999999870e-08 -2.712324290796553e-02 
 8.379999999999870e-08 -2.499320175680220e-02 
 8.389999999999869e-08 -2.276446918206587e-02 
 8.399999999999869e-08 -2.044583884921769e-02 
 8.409999999999868e-08 -1.804646856612879e-02 
 8.419999999999868e-08 -1.557583030527043e-02 
 8.429999999999867e-08 -1.304368476241402e-02 
 8.439999999999866e-08 -1.046003192990064e-02 
 8.449999999999866e-08 -7.835080606695355e-03 
 8.459999999999865e-08 -5.179199724024031e-03 
 8.469999999999865e-08 -2.502883920259213e-03 
 8.479999999999864e-08  1.832941067767546e-04 
 8.489999999999864e-08  2.868720865203178e-03 
 8.499999999999863e-08  5.542783711365518e-03 
 8.509999999999862e-08  8.194948204554464e-03 
 8.519999999999862e-08  1.081472424881524e-02 
 8.529999999999861e-08  1.339179135011759e-02 
 8.539999999999861e-08  1.591597880820483e-02 
 8.549999999999860e-08  1.837728378216941e-02 
 8.559999999999860e-08  2.076603562059476e-02 
 8.569999999999859e-08  2.307275782633922e-02 
 8.579999999999858e-08  2.528839542329431e-02 
 8.589999999999858e-08  2.740416733503070e-02 
 8.599999999999857e-08  2.941176439734861e-02 
 8.609999999999857e-08  3.130324365079784e-02 
 8.619999999999856e-08  3.307117017149541e-02 
 8.629999999999856e-08  3.470856208044482e-02 
 8.639999999999855e-08  3.620897683252111e-02 
 8.649999999999854e-08  3.756649923500288e-02 
 8.659999999999854e-08  3.877578233418655e-02 
 8.669999999999853e-08  3.983206621351565e-02 
 8.679999999999853e-08  4.073118521423691e-02 
 8.689999999999852e-08  4.146960573316316e-02 
 8.699999999999852e-08  4.204441009106197e-02 
 8.709999999999851e-08  4.245334372716680e-02 
 8.719999999999850e-08  4.269478371815993e-02 
 8.729999999999850e-08  4.276778820688754e-02 
 8.739999999999849e-08  4.267205539856178e-02 
 8.749999999999849e-08  4.240797017860443e-02 
 8.759999999999848e-08  4.197655757630714e-02 
 8.769999999999848e-08  4.137952328825079e-02 
 8.779999999999847e-08  4.061920419738829e-02 
 8.789999999999846e-08  3.969860080997667e-02 
 8.799999999999846e-08  3.862132642017824e-02 
 8.809999999999845e-08  3.739163043146165e-02 
 8.819999999999845e-08  3.601434707634565e-02 
 8.829999999999844e-08  3.449490930005261e-02 
 8.839999999999844e-08  3.283929748546521e-02 
 8.849999999999843e-08  3.105404406520229e-02 
 8.859999999999842e-08  2.914618246297951e-02 
 8.869999999999842e-08  2.712324292582480e-02 
 8.879999999999841e-08  2.499320177253184e-02 
 8.889999999999841e-08  2.276446919843278e-02 
 8.899999999999840e-08  2.044583886610041e-02 
 8.909999999999840e-08  1.804646858421033e-02 
 8.919999999999839e-08  1.557583032434962e-02 
 8.929999999999838e-08  1.304368478377627e-02 
 8.939999999999838e-08  1.046003195120981e-02 
 8.949999999999837e-08  7.835080628872726e-03 
 8.959999999999837e-08  5.179199745806828e-03 
 8.969999999999836e-08  2.502883942238743e-03 
 8.979999999999836e-08 -1.832940865140742e-04 
 8.989999999999835e-08 -2.868720846015638e-03 
 8.999999999999834e-08 -5.542783692668252e-03 
 9.009999999999834e-08 -8.194948186153850e-03 
 9.019999999999833e-08 -1.081472422981911e-02 
 9.029999999999833e-08 -1.339179133147672e-02 
 9.039999999999832e-08 -1.591597879206108e-02 
 9.049999999999832e-08 -1.837728376474890e-02 
 9.059999999999831e-08 -2.076603560517820e-02 
 9.069999999999830e-08 -2.307275780929219e-02 
 9.079999999999830e-08 -2.528839540752581e-02 
 9.089999999999829e-08 -2.740416731649020e-02 
 9.099999999999829e-08 -2.941176438073589e-02 
 9.109999999999828e-08 -3.130324363235926e-02 
 9.119999999999828e-08 -3.307117015441419e-02 
 9.129999999999827e-08 -3.470856206283646e-02 
 9.139999999999826e-08 -3.620897681737412e-02 
 9.149999999999826e-08 -3.756649921908140e-02 
 9.159999999999825e-08 -3.877578232047729e-02 
 9.169999999999825e-08 -3.983206619886359e-02 
 9.179999999999824e-08 -4.073118519947405e-02 
 9.189999999999824e-08 -4.146960571717018e-02 
 9.199999999999823e-08 -4.204441007600757e-02 
 9.209999999999822e-08 -4.245334371100240e-02 
 9.219999999999822e-08 -4.269478370409696e-02 
 9.229999999999821e-08 -4.276778819158578e-02 
 9.239999999999821e-08 -4.267205538060770e-02 
 9.249999999999820e-08 -4.240797015740805e-02 
 9.259999999999820e-08 -4.197655755456853e-02 
 9.269999999999819e-08 -4.137952326569505e-02 
 9.279999999999818e-08 -4.061920417638154e-02 
 9.289999999999818e-08 -3.969860079035814e-02 
 9.299999999999817e-08 -3.862132640239202e-02 
 9.309999999999817e-08 -3.739163041394233e-02 
 9.319999999999816e-08 -3.601434705847728e-02 
 9.329999999999816e-08 -3.449490928090437e-02 
 9.339999999999815e-08 -3.283929746703307e-02 
 9.349999999999814e-08 -3.105404404461920e-02 
 9.359999999999814e-08 -2.914618244214862e-02 
 9.369999999999813e-08 -2.712324290523349e-02 
 9.379999999999813e-08 -2.499320175394315e-02 
 9.389999999999812e-08 -2.276446917949881e-02 
 9.399999999999812e-08 -2.044583884626539e-02 
 9.409999999999811e-08 -1.804646856341452e-02 
 9.419999999999810e-08 -1.557583030224707e-02 
 9.429999999999810e-08 -1.304368476052775e-02 
 9.439999999999809e-08 -1.046003192936085e-02 
 9.449999999999809e-08 -7.835080606806821e-03 
 9.459999999999808e-08 -5.179199723003514e-03 
 9.469999999999808e-08 -2.502883919540011e-03 
 9.479999999999807e-08  1.832941063586446e-04 
 9.489999999999806e-08  2.868720863913099e-03 
 9.499999999999806e-08  5.542783708873511e-03 
 9.509999999999805e-08  8.194948204175656e-03 
 9.519999999999805e-08  1.081472424870822e-02 
 9.529999999999804e-08  1.339179134964774e-02 
 9.539999999999804e-08  1.591597880927753e-02 
 9.549999999999803e-08  1.837728378169201e-02 
 9.559999999999802e-08  2.076603562456469e-02 
 9.569999999999802e-08  2.307275782873308e-02 
 9.579999999999801e-08  2.528839542889716e-02 
 9.589999999999801e-08  2.740416733853679e-02 
 9.599999999999800e-08  2.941176440296212e-02 
 9.609999999999800e-08  3.130324365275894e-02 
 9.619999999999799e-08  3.307117017432271e-02 
 9.629999999999798e-08  3.470856208150686e-02 
 9.639999999999798e-08  3.620897683525692e-02 
 9.649999999999797e-08  3.756649923580047e-02 
 9.659999999999797e-08  3.877578233596757e-02 
 9.669999999999796e-08  3.983206621421731e-02 
 9.679999999999796e-08  4.073118521677332e-02 
 9.689999999999795e-08  4.146960573482805e-02 
 9.699999999999794e-08  4.204441009393411e-02 
 9.709999999999794e-08  4.245334372966059e-02 
 9.719999999999793e-08  4.269478372113622e-02 
 9.729999999999793e-08  4.276778820950189e-02 
 9.739999999999792e-08  4.267205540162600e-02 
 9.749999999999792e-08  4.240797018047848e-02 
 9.759999999999791e-08  4.197655757685714e-02 
 9.769999999999790e-08  4.137952328770034e-02 
 9.779999999999790e-08  4.061920419851606e-02 
 9.789999999999789e-08  3.969860081053866e-02 
 9.799999999999789e-08  3.862132642065408e-02 
 9.809999999999788e-08  3.739163043268912e-02 
 9.819999999999788e-08  3.601434707768680e-02 
 9.829999999999787e-08  3.449490929944199e-02 
 9.839999999999786e-08  3.283929748442138e-02 
 9.849999999999786e-08  3.105404406346679e-02 
 9.859999999999785e-08  2.914618246071243e-02 
 9.869999999999785e-08  2.712324292387391e-02 
 9.879999999999784e-08  2.499320177226982e-02 
 9.889999999999783e-08  2.276446919929098e-02 
 9.899999999999783e-08  2.044583886685825e-02 
 9.909999999999782e-08  1.804646858435377e-02 
 9.919999999999782e-08  1.557583032307885e-02 
 9.929999999999781e-08  1.304368478183071e-02 
 9.939999999999781e-08  1.046003194909684e-02 
 9.949999999999780e-08  7.835080626385826e-03 
 9.959999999999779e-08  5.179199743119423e-03 
 9.969999999999779e-08  2.502883939262679e-03 
 9.979999999999778e-08 -1.832940883454981e-04 
 9.989999999999778e-08 -2.868720846151751e-03 
 9.999999999999777e-08 -5.542783691177222e-03 
 1.000999999999978e-07 -8.194948185537232e-03 
 1.001999999999978e-07 -1.081472422714169e-02 
 1.002999999999978e-07 -1.339179132858592e-02 
 1.003999999999977e-07 -1.591597879142026e-02 
 1.004999999999977e-07 -1.837728376374659e-02 
 1.005999999999977e-07 -2.076603560699830e-02 
 1.006999999999977e-07 -2.307275780900242e-02 
 1.007999999999977e-07 -2.528839540854189e-02 
 1.008999999999977e-07 -2.740416731354545e-02 
 1.009999999999977e-07 -2.941176437779558e-02 
 1.010999999999977e-07 -3.130324362806292e-02 
 1.011999999999977e-07 -3.307117015238226e-02 
 1.012999999999977e-07 -3.470856206027451e-02 
 1.013999999999977e-07 -3.620897681695023e-02 
 1.014999999999977e-07 -3.756649921788346e-02 
 1.015999999999977e-07 -3.877578232062984e-02 
 1.016999999999977e-07 -3.983206619808488e-02 
 1.017999999999977e-07 -4.073118519938301e-02 
 1.018999999999977e-07 -4.146960571693237e-02 
 1.019999999999977e-07 -4.204441007553616e-02 
 1.020999999999977e-07 -4.245334370917231e-02 
 1.021999999999976e-07 -4.269478370312418e-02 
 1.022999999999976e-07 -4.276778819154159e-02 
 1.023999999999976e-07 -4.267205538222063e-02 
 1.024999999999976e-07 -4.240797015901610e-02 
 1.025999999999976e-07 -4.197655755670904e-02 
 1.026999999999976e-07 -4.137952326729666e-02 
 1.027999999999976e-07 -4.061920417678455e-02 
 1.028999999999976e-07 -3.969860078953258e-02 
 1.029999999999976e-07 -3.862132640091587e-02 
 1.030999999999976e-07 -3.739163041197280e-02 
 1.031999999999976e-07 -3.601434705715323e-02 
 1.032999999999976e-07 -3.449490928096965e-02 
 1.033999999999976e-07 -3.283929746752823e-02 
 1.034999999999976e-07 -3.105404404626699e-02 
 1.035999999999976e-07 -2.914618244400446e-02 
 1.036999999999976e-07 -2.712324290754031e-02 
 1.037999999999976e-07 -2.499320175621644e-02 
 1.038999999999975e-07 -2.276446918221597e-02 
 1.039999999999975e-07 -2.044583884896212e-02 
 1.040999999999975e-07 -1.804646856631242e-02 
 1.041999999999975e-07 -1.557583030514098e-02 
 1.042999999999975e-07 -1.304368476271134e-02 
 1.043999999999975e-07 -1.046003193003853e-02 
 1.044999999999975e-07 -7.835080607027978e-03 
 1.045999999999975e-07 -5.179199723877037e-03 
 1.046999999999975e-07 -2.502883920081134e-03 
 1.047999999999975e-07  1.832941068253824e-04 
 1.048999999999975e-07  2.868720865151220e-03 
 1.049999999999975e-07  5.542783710399402e-03 
 1.050999999999975e-07  8.194948206434960e-03 
 1.051999999999975e-07  1.081472424901331e-02 
 1.052999999999975e-07  1.339179135085478e-02 
 1.053999999999975e-07  1.591597881182683e-02 
 1.054999999999975e-07  1.837728378214742e-02 
 1.055999999999975e-07  2.076603562517221e-02 
 1.056999999999974e-07  2.307275782666540e-02 
 1.057999999999974e-07  2.528839542835848e-02 
 1.058999999999974e-07  2.740416733561357e-02 
 1.059999999999974e-07  2.941176440212789e-02 
 1.060999999999974e-07  3.130324365212322e-02 
 1.061999999999974e-07  3.307117017519801e-02 
 1.062999999999974e-07  3.470856207996209e-02 
 1.063999999999974e-07  3.620897683529511e-02 
 1.064999999999974e-07  3.756649923558086e-02 
 1.065999999999974e-07  3.877578233715617e-02 
 1.066999999999974e-07  3.983206621360003e-02 
 1.067999999999974e-07  4.073118521571306e-02 
 1.068999999999974e-07  4.146960573256475e-02 
 1.069999999999974e-07  4.204441009203608e-02 
 1.070999999999974e-07  4.245334372676823e-02 
 1.071999999999974e-07  4.269478371872992e-02 
 1.072999999999974e-07  4.276778820603266e-02 
 1.073999999999973e-07  4.267205539912666e-02 
 1.074999999999973e-07  4.240797017806974e-02 
 1.075999999999973e-07  4.197655757649299e-02 
 1.076999999999973e-07  4.137952328782402e-02 
 1.077999999999973e-07  4.061920419780307e-02 
 1.078999999999973e-07  3.969860080946619e-02 
 1.079999999999973e-07  3.862132642046290e-02 
 1.080999999999973e-07  3.739163043132332e-02 
 1.081999999999973e-07  3.601434707596396e-02 
 1.082999999999973e-07  3.449490929788723e-02 
 1.083999999999973e-07  3.283929748439895e-02 
 1.084999999999973e-07  3.105404406449108e-02 
 1.085999999999973e-07  2.914618246224276e-02 
 1.086999999999973e-07  2.712324292611368e-02 
 1.087999999999973e-07  2.499320177388009e-02 
 1.088999999999973e-07  2.276446919975261e-02 
 1.089999999999973e-07  2.044583886690665e-02 
 1.090999999999973e-07  1.804646858477255e-02 
 1.091999999999972e-07  1.557583032380405e-02 
 1.092999999999972e-07  1.304368478193618e-02 
 1.093999999999972e-07  1.046003194995304e-02 
 1.094999999999972e-07  7.835080627996982e-03 
 1.095999999999972e-07  5.179199745238172e-03 
 1.096999999999972e-07  2.502883941940759e-03 
 1.097999999999972e-07 -1.832940869310740e-04 
 1.098999999999972e-07 -2.868720846052497e-03 
 1.099999999999972e-07 -5.542783691902420e-03 
 1.100999999999972e-07 -8.194948187840501e-03 
 1.101999999999972e-07 -1.081472422966834e-02 
 1.102999999999972e-07 -1.339179133003454e-02 
 1.103999999999972e-07 -1.591597879220874e-02 
 1.104999999999972e-07 -1.837728376367243e-02 
 1.105999999999972e-07 -2.076603560800305e-02 
 1.106999999999972e-07 -2.307275780885920e-02 
 1.107999999999972e-07 -2.528839540908789e-02 
 1.108999999999971e-07 -2.740416731378037e-02 
 1.109999999999971e-07 -2.941176438048432e-02 
 1.110999999999971e-07 -3.130324362885650e-02 
 1.111999999999971e-07 -3.307117015283478e-02 
 1.112999999999971e-07 -3.470856205990058e-02 
 1.113999999999971e-07 -3.620897681773161e-02 
 1.114999999999971e-07 -3.756649921910071e-02 
 1.115999999999971e-07 -3.877578232178180e-02 
 1.116999999999971e-07 -3.983206619800717e-02 
 1.117999999999971e-07 -4.073118519860253e-02 
 1.118999999999971e-07 -4.146960571576463e-02 
 1.119999999999971e-07 -4.204441007581883e-02 
 1.120999999999971e-07 -4.245334370928933e-02 
 1.121999999999971e-07 -4.269478370258550e-02 
 1.122999999999971e-07 -4.276778818957294e-02 
 1.123999999999971e-07 -4.267205538017005e-02 
 1.124999999999971e-07 -4.240797015701947e-02 
 1.125999999999971e-07 -4.197655755425256e-02 
 1.126999999999970e-07 -4.137952326480754e-02 
 1.127999999999970e-07 -4.061920417411868e-02 
 1.128999999999970e-07 -3.969860078740828e-02 
 1.129999999999970e-07 -3.862132640041827e-02 
 1.130999999999970e-07 -3.739163041262028e-02 
 1.131999999999970e-07 -3.601434705773565e-02 
 1.132999999999970e-07 -3.449490928084331e-02 
 1.133999999999970e-07 -3.283929746643510e-02 
 1.134999999999970e-07 -3.105404404464629e-02 
 1.135999999999970e-07 -2.914618244203648e-02 
 1.136999999999970e-07 -2.712324290555745e-02 
 1.137999999999970e-07 -2.499320175386521e-02 
 1.138999999999970e-07 -2.276446917943042e-02 
 1.139999999999970e-07 -2.044583884694173e-02 
 1.140999999999970e-07 -1.804646856518843e-02 
 1.141999999999970e-07 -1.557583030354004e-02 
 1.142999999999970e-07 -1.304368476067208e-02 
 1.143999999999969e-07 -1.046003192846290e-02 
 1.144999999999969e-07 -7.835080606352740e-03 
 1.145999999999969e-07 -5.179199723347239e-03 
 1.146999999999969e-07 -2.502883920218135e-03 
 1.147999999999969e-07  1.832941071135963e-04 
 1.148999999999969e-07  2.868720864466656e-03 
 1.149999999999969e-07  5.542783708273991e-03 
 1.150999999999969e-07  8.194948205755948e-03 
 1.151999999999969e-07  1.081472424807717e-02 
 1.152999999999969e-07  1.339179134942747e-02 
 1.153999999999969e-07  1.591597881032603e-02 
 1.154999999999969e-07  1.837728377946823e-02 
 1.155999999999969e-07  2.076603562398360e-02 
 1.156999999999969e-07  2.307275782596396e-02 
 1.157999999999969e-07  2.528839542959349e-02 
 1.158999999999969e-07  2.740416733687012e-02 
 1.159999999999969e-07  2.941176440466675e-02 
 1.160999999999969e-07  3.130324365293102e-02 
 1.161999999999968e-07  3.307117017567918e-02 
 1.162999999999968e-07  3.470856207837958e-02 
 1.163999999999968e-07  3.620897683391910e-02 
 1.164999999999968e-07  3.756649923394262e-02 
 1.165999999999968e-07  3.877578233726320e-02 
 1.166999999999968e-07  3.983206621453039e-02 
 1.167999999999968e-07  4.073118521743546e-02 
 1.168999999999968e-07  4.146960573476743e-02 
 1.169999999999968e-07  4.204441009377269e-02 
 1.170999999999968e-07  4.245334372731691e-02 
 1.171999999999968e-07  4.269478372051028e-02 
 1.172999999999968e-07  4.276778820805283e-02 
 1.173999999999968e-07  4.267205540072383e-02 
 1.174999999999968e-07  4.240797017803088e-02 
 1.175999999999968e-07  4.197655757555885e-02 
 1.176999999999968e-07  4.137952328672267e-02 
 1.177999999999968e-07  4.061920419746534e-02 
 1.178999999999967e-07  3.969860081083132e-02 
 1.179999999999967e-07  3.862132642236360e-02 
 1.180999999999967e-07  3.739163043337435e-02 
 1.181999999999967e-07  3.601434707844886e-02 
 1.182999999999967e-07  3.449490930095900e-02 
 1.183999999999967e-07  3.283929748640735e-02 
 1.184999999999967e-07  3.105404406588397e-02 
 1.185999999999967e-07  2.914618246349443e-02 
 1.186999999999967e-07  2.712324292596957e-02 
 1.187999999999967e-07  2.499320177252984e-02 
 1.188999999999967e-07  2.276446919939534e-02 
 1.189999999999967e-07  2.044583886798490e-02 
 1.190999999999967e-07  1.804646858497039e-02 
 1.191999999999967e-07  1.557583032292231e-02 
 1.192999999999967e-07  1.304368478150120e-02 
 1.193999999999967e-07  1.046003194956513e-02 
 1.194999999999967e-07  7.835080627925040e-03 
 1.195999999999967e-07  5.179199745073415e-03 
 1.196999999999967e-07  2.502883941861711e-03 
 1.197999999999967e-07 -1.832940867414479e-04 
 1.198999999999967e-07 -2.868720846357586e-03 
 1.199999999999967e-07 -5.542783691807385e-03 
 1.200999999999967e-07 -8.194948188210649e-03 
 1.201999999999967e-07 -1.081472422931151e-02 
 1.202999999999968e-07 -1.339179133010826e-02 
 1.203999999999968e-07 -1.591597879181594e-02 
 1.204999999999968e-07 -1.837728376199821e-02 
 1.205999999999968e-07 -2.076603560736601e-02 
 1.206999999999968e-07 -2.307275780856677e-02 
 1.207999999999968e-07 -2.528839541026562e-02 
 1.208999999999968e-07 -2.740416731430306e-02 
 1.209999999999968e-07 -2.941176438147153e-02 
 1.210999999999968e-07 -3.130324362966541e-02 
 1.211999999999968e-07 -3.307117015536676e-02 
 1.212999999999968e-07 -3.470856206084627e-02 
 1.213999999999968e-07 -3.620897681824720e-02 
 1.214999999999968e-07 -3.756649921783572e-02 
 1.215999999999969e-07 -3.877578232124912e-02 
 1.216999999999969e-07 -3.983206619816659e-02 
 1.217999999999969e-07 -4.073118519986707e-02 
 1.218999999999969e-07 -4.146960571661129e-02 
 1.219999999999969e-07 -4.204441007579862e-02 
 1.220999999999969e-07 -4.245334370796150e-02 
 1.221999999999969e-07 -4.269478370188917e-02 
 1.222999999999969e-07 -4.276778818992311e-02 
 1.223999999999969e-07 -4.267205538147434e-02 
 1.224999999999969e-07 -4.240797015787923e-02 
 1.225999999999969e-07 -4.197655755517871e-02 
 1.226999999999969e-07 -4.137952326604388e-02 
 1.227999999999969e-07 -4.061920417583509e-02 
 1.228999999999970e-07 -3.969860078850784e-02 
 1.229999999999970e-07 -3.862132640143123e-02 
 1.230999999999970e-07 -3.739163041409332e-02 
 1.231999999999970e-07 -3.601434705950868e-02 
 1.232999999999970e-07 -3.449490928262544e-02 
 1.233999999999970e-07 -3.283929746902836e-02 
 1.234999999999970e-07 -3.105404404645529e-02 
 1.235999999999970e-07 -2.914618244197897e-02 
 1.236999999999970e-07 -2.712324290453982e-02 
 1.237999999999970e-07 -2.499320175305475e-02 
 1.238999999999970e-07 -2.276446917947239e-02 
 1.239999999999970e-07 -2.044583884850004e-02 
 1.240999999999970e-07 -1.804646856674030e-02 
 1.241999999999970e-07 -1.557583030557019e-02 
 1.242999999999971e-07 -1.304368476293671e-02 
 1.243999999999971e-07 -1.046003193073575e-02 
 1.244999999999971e-07 -7.835080608650680e-03 
 1.245999999999971e-07 -5.179199725285688e-03 
 1.246999999999971e-07 -2.502883921013721e-03 
 1.247999999999971e-07  1.832941056600923e-04 
 1.248999999999971e-07  2.868720863264729e-03 
 1.249999999999971e-07  5.542783708467613e-03 
 1.250999999999971e-07  8.194948207169261e-03 
 1.251999999999971e-07  1.081472425008312e-02 
 1.252999999999971e-07  1.339179135144297e-02 
 1.253999999999971e-07  1.591597881225604e-02 
 1.254999999999971e-07  1.837728378017767e-02 
 1.255999999999972e-07  2.076603562498147e-02 
 1.256999999999972e-07  2.307275782546814e-02 
 1.257999999999972e-07  2.528839542842620e-02 
 1.258999999999972e-07  2.740416733446005e-02 
 1.259999999999972e-07  2.941176440165250e-02 
 1.260999999999972e-07  3.130324364939985e-02 
 1.261999999999972e-07  3.307117017435246e-02 
 1.262999999999972e-07  3.470856207844175e-02 
 1.263999999999972e-07  3.620897683446933e-02 
 1.264999999999972e-07  3.756649923344613e-02 
 1.265999999999972e-07  3.877578233575618e-02 
 1.266999999999972e-07  3.983206621242852e-02 
 1.267999999999972e-07  4.073118521513819e-02 
 1.268999999999973e-07  4.146960573268799e-02 
 1.269999999999973e-07  4.204441009381976e-02 
 1.270999999999973e-07  4.245334372730469e-02 
 1.271999999999973e-07  4.269478371945223e-02 
 1.272999999999973e-07  4.276778820686222e-02 
 1.273999999999973e-07  4.267205539836150e-02 
 1.274999999999973e-07  4.240797017636733e-02 
 1.275999999999973e-07  4.197655757452790e-02 
 1.276999999999973e-07  4.137952328573591e-02 
 1.277999999999973e-07  4.061920419572274e-02 
 1.278999999999973e-07  3.969860080947596e-02 
 1.279999999999973e-07  3.862132642127603e-02 
 1.280999999999973e-07  3.739163043294247e-02 
 1.281999999999973e-07  3.601434707826834e-02 
 1.282999999999974e-07  3.449490930040189e-02 
 1.283999999999974e-07  3.283929748654724e-02 
 1.284999999999974e-07  3.105404406451617e-02 
 1.285999999999974e-07  2.914618246144296e-02 
 1.286999999999974e-07  2.712324292449808e-02 
 1.287999999999974e-07  2.499320177246367e-02 
 1.288999999999974e-07  2.276446919973618e-02 
 1.289999999999974e-07  2.044583886749418e-02 
 1.290999999999974e-07  1.804646858427117e-02 
 1.291999999999974e-07  1.557583032348409e-02 
 1.292999999999974e-07  1.304368478188378e-02 
 1.293999999999974e-07  1.046003194886236e-02 
 1.294999999999974e-07  7.835080626676039e-03 
 1.295999999999975e-07  5.179199743118534e-03 
 1.296999999999975e-07  2.502883939512479e-03 
 1.297999999999975e-07 -1.832940892476653e-04 
 1.298999999999975e-07 -2.868720848751893e-03 
 1.299999999999975e-07 -5.542783694186371e-03 
 1.300999999999975e-07 -8.194948190374696e-03 
 1.301999999999975e-07 -1.081472422987284e-02 
 1.302999999999975e-07 -1.339179132920476e-02 
 1.303999999999975e-07 -1.591597879125528e-02 
 1.304999999999975e-07 -1.837728376095282e-02 
 1.305999999999975e-07 -2.076603560698276e-02 
 1.306999999999975e-07 -2.307275780807161e-02 
 1.307999999999975e-07 -2.528839541031824e-02 
 1.308999999999976e-07 -2.740416731391160e-02 
 1.309999999999976e-07 -2.941176438072546e-02 
 1.310999999999976e-07 -3.130324362775072e-02 
 1.311999999999976e-07 -3.307117015505678e-02 
 1.312999999999976e-07 -3.470856206246409e-02 
 1.313999999999976e-07 -3.620897682077562e-02 
 1.314999999999976e-07 -3.756649921933364e-02 
 1.315999999999976e-07 -3.877578232243817e-02 
 1.316999999999976e-07 -3.983206619840973e-02 
 1.317999999999976e-07 -4.073118520065711e-02 
 1.318999999999976e-07 -4.146960571665592e-02 
 1.319999999999976e-07 -4.204441007583437e-02 
 1.320999999999976e-07 -4.245334370808718e-02 
 1.321999999999977e-07 -4.269478370190516e-02 
 1.322999999999977e-07 -4.276778818997506e-02 
 1.323999999999977e-07 -4.267205538156205e-02 
 1.324999999999977e-07 -4.240797015834996e-02 
 1.325999999999977e-07 -4.197655755707030e-02 
 1.326999999999977e-07 -4.137952326713479e-02 
 1.327999999999977e-07 -4.061920417650566e-02 
 1.328999999999977e-07 -3.969860078933385e-02 
 1.329999999999977e-07 -3.862132640055838e-02 
 1.330999999999977e-07 -3.739163041274529e-02 
 1.331999999999977e-07 -3.601434705854856e-02 
 1.332999999999977e-07 -3.449490928209253e-02 
 1.333999999999977e-07 -3.283929746855785e-02 
 1.334999999999977e-07 -3.105404404700818e-02 
 1.335999999999978e-07 -2.914618244430489e-02 
 1.336999999999978e-07 -2.712324290795709e-02 
 1.337999999999978e-07 -2.499320175646869e-02 
 1.338999999999978e-07 -2.276446918183583e-02 
 1.339999999999978e-07 -2.044583884902318e-02 
 1.340999999999978e-07 -1.804646856633974e-02 
 1.341999999999978e-07 -1.557583030505483e-02 
 1.342999999999978e-07 -1.304368476271356e-02 
 1.343999999999978e-07 -1.046003192949230e-02 
 1.344999999999978e-07 -7.835080606772848e-03 
 1.345999999999978e-07 -5.179199723782668e-03 
 1.346999999999978e-07 -2.502883920508792e-03 
 1.347999999999978e-07  1.832941071577832e-04 
 1.348999999999979e-07  2.868720864960927e-03 
 1.349999999999979e-07  5.542783709641563e-03 
 1.350999999999979e-07  8.194948207387087e-03 
 1.351999999999979e-07  1.081472424892982e-02 
 1.352999999999979e-07  1.339179135048063e-02 
 1.353999999999979e-07  1.591597881294615e-02 
 1.354999999999979e-07  1.837728378164827e-02 
 1.355999999999979e-07  2.076603562709867e-02 
 1.356999999999979e-07  2.307275782741081e-02 
 1.357999999999979e-07  2.528839543038552e-02 
 1.358999999999979e-07  2.740416733571971e-02 
 1.359999999999979e-07  2.941176440353677e-02 
 1.360999999999979e-07  3.130324365144732e-02 
 1.361999999999980e-07  3.307117017578243e-02 
 1.362999999999980e-07  3.470856207939232e-02 
 1.363999999999980e-07  3.620897683591262e-02 
 1.364999999999980e-07  3.756649923509281e-02 
 1.365999999999980e-07  3.877578233725076e-02 
 1.366999999999980e-07  3.983206621299895e-02 
 1.367999999999980e-07  4.073118521633945e-02 
 1.368999999999980e-07  4.146960573217928e-02 
 1.369999999999980e-07  4.204441009259408e-02 
 1.370999999999980e-07  4.245334372642562e-02 
 1.371999999999980e-07  4.269478371882918e-02 
 1.372999999999980e-07  4.276778820615124e-02 
 1.373999999999980e-07  4.267205539884977e-02 
 1.374999999999980e-07  4.240797017803577e-02 
 1.375999999999981e-07  4.197655757689778e-02 
 1.376999999999981e-07  4.137952328858585e-02 
 1.377999999999981e-07  4.061920419993470e-02 
 1.378999999999981e-07  3.969860081250709e-02 
 1.379999999999981e-07  3.862132642236671e-02 
 1.380999999999981e-07  3.739163043274485e-02 
 1.381999999999981e-07  3.601434707675799e-02 
 1.382999999999981e-07  3.449490929854360e-02 
 1.383999999999981e-07  3.283929748467118e-02 
 1.384999999999981e-07  3.105404406467027e-02 
 1.385999999999981e-07  2.914618246245482e-02 
 1.386999999999981e-07  2.712324292604351e-02 
 1.387999999999981e-07  2.499320177403841e-02 
 1.388999999999982e-07  2.276446920009478e-02 
 1.389999999999982e-07  2.044583886866191e-02 
 1.390999999999982e-07  1.804646858605641e-02 
 1.391999999999982e-07  1.557583032451548e-02 
 1.392999999999982e-07  1.304368478248885e-02 
 1.393999999999982e-07  1.046003195030010e-02 
 1.394999999999982e-07  7.835080628235458e-03 
 1.395999999999982e-07  5.179199744668406e-03 
 1.396999999999982e-07  2.502883940242784e-03 
 1.397999999999982e-07 -1.832940879644696e-04 
 1.398999999999982e-07 -2.868720846930239e-03 
 1.399999999999982e-07 -5.542783692817688e-03 
 1.400999999999982e-07 -8.194948190276330e-03 
 1.401999999999983e-07 -1.081472423094287e-02 
 1.402999999999983e-07 -1.339179133005208e-02 
 1.403999999999983e-07 -1.591597879200135e-02 
 1.404999999999983e-07 -1.837728376155301e-02 
 1.405999999999983e-07 -2.076603560656642e-02 
 1.406999999999983e-07 -2.307275780670270e-02 
 1.407999999999983e-07 -2.528839540949201e-02 
 1.408999999999983e-07 -2.740416731334783e-02 
 1.409999999999983e-07 -2.941176438025273e-02 
 1.410999999999983e-07 -3.130324362731418e-02 
 1.411999999999983e-07 -3.307117015397831e-02 
 1.412999999999983e-07 -3.470856206020878e-02 
 1.413999999999983e-07 -3.620897681795210e-02 
 1.414999999999983e-07 -3.756649921809774e-02 
 1.415999999999984e-07 -3.877578232298795e-02 
 1.416999999999984e-07 -3.983206619907120e-02 
 1.417999999999984e-07 -4.073118520092844e-02 
 1.418999999999984e-07 -4.146960571804059e-02 
 1.419999999999984e-07 -4.204441007767068e-02 
 1.420999999999984e-07 -4.245334370995635e-02 
 1.421999999999984e-07 -4.269478370429880e-02 
 1.422999999999984e-07 -4.276778819156091e-02 
 1.423999999999984e-07 -4.267205538144458e-02 
 1.424999999999984e-07 -4.240797015754749e-02 
 1.425999999999984e-07 -4.197655755590257e-02 
 1.426999999999984e-07 -4.137952326683303e-02 
 1.427999999999984e-07 -4.061920417551979e-02 
 1.428999999999985e-07 -3.969860078761789e-02 
 1.429999999999985e-07 -3.862132639938132e-02 
 1.430999999999985e-07 -3.739163041197724e-02 
 1.431999999999985e-07 -3.601434705789952e-02 
 1.432999999999985e-07 -3.449490928194421e-02 
 1.433999999999985e-07 -3.283929746776759e-02 
 1.434999999999985e-07 -3.105404404446421e-02 
 1.435999999999985e-07 -2.914618244079836e-02 
 1.436999999999985e-07 -2.712324290437040e-02 
 1.437999999999985e-07 -2.499320175336672e-02 
 1.438999999999985e-07 -2.276446917913555e-02 
 1.439999999999985e-07 -2.044583884687445e-02 
 1.440999999999985e-07 -1.804646856517778e-02 
 1.441999999999986e-07 -1.557583030325005e-02 
 1.442999999999986e-07 -1.304368476049822e-02 
 1.443999999999986e-07 -1.046003192815737e-02 
 1.444999999999986e-07 -7.835080605775202e-03 
 1.445999999999986e-07 -5.179199723340133e-03 
 1.446999999999986e-07 -2.502883920509902e-03 
 1.447999999999986e-07  1.832941074098038e-04 
 1.448999999999986e-07  2.868720865331520e-03 
 1.449999999999986e-07  5.542783709966859e-03 
 1.450999999999986e-07  8.194948207363328e-03 
 1.451999999999986e-07  1.081472424879837e-02 
 1.452999999999986e-07  1.339179134974344e-02 
 1.453999999999986e-07  1.591597881073348e-02 
 1.454999999999986e-07  1.837728377961767e-02 
 1.455999999999987e-07  2.076603562488688e-02 
 1.456999999999987e-07  2.307275782555429e-02 
 1.457999999999987e-07  2.528839543006312e-02 
 1.458999999999987e-07  2.740416733637230e-02 
 1.459999999999987e-07  2.941176440452797e-02 
 1.460999999999987e-07  3.130324365063331e-02 
 1.461999999999987e-07  3.307117017501104e-02 
 1.462999999999987e-07  3.470856207817286e-02 
 1.463999999999987e-07  3.620897683557311e-02 
 1.464999999999987e-07  3.756649923475330e-02 
 1.465999999999987e-07  3.877578233787293e-02 
 1.466999999999987e-07  3.983206621455926e-02 
 1.467999999999987e-07  4.073118521726782e-02 
 1.468999999999988e-07  4.146960573267688e-02 
 1.469999999999988e-07  4.204441009301108e-02 
 1.470999999999988e-07  4.245334372661547e-02 
 1.471999999999988e-07  4.269478371983171e-02 
 1.472999999999988e-07  4.276778820779525e-02 
 1.473999999999988e-07  4.267205540045071e-02 
 1.474999999999988e-07  4.240797017867326e-02 
 1.475999999999988e-07  4.197655757730634e-02 
 1.476999999999988e-07  4.137952328818684e-02 
 1.477999999999988e-07  4.061920419848475e-02 
 1.478999999999988e-07  3.969860081155741e-02 
 1.479999999999988e-07  3.862132642172944e-02 
 1.480999999999988e-07  3.739163043202831e-02 
 1.481999999999989e-07  3.601434707719275e-02 
 1.482999999999989e-07  3.449490930002796e-02 
 1.483999999999989e-07  3.283929748585668e-02 
 1.484999999999989e-07  3.105404406496737e-02 
 1.485999999999989e-07  2.914618246321310e-02 
 1.486999999999989e-07  2.712324292540336e-02 
 1.487999999999989e-07  2.499320177236375e-02 
 1.488999999999989e-07  2.276446919915998e-02 
 1.489999999999989e-07  2.044583886781615e-02 
 1.490999999999989e-07  1.804646858551440e-02 
 1.491999999999989e-07  1.557583032517385e-02 
 1.492999999999989e-07  1.304368478443485e-02 
 1.493999999999989e-07  1.046003195141387e-02 
 1.494999999999989e-07  7.835080629025493e-03 
 1.495999999999990e-07  5.179199746046192e-03 
 1.496999999999990e-07  2.502883942185896e-03 
 1.497999999999990e-07 -1.832940865593713e-04 
 1.498999999999990e-07 -2.868720845970341e-03 
 1.499999999999990e-07 -5.542783691339093e-03 
 1.500999999999990e-07 -8.194948188612106e-03 
 1.501999999999990e-07 -1.081472422935215e-02 
 1.502999999999990e-07 -1.339179132985091e-02 
 1.503999999999990e-07 -1.591597879290751e-02 
 1.504999999999990e-07 -1.837728376302317e-02 
 1.505999999999990e-07 -2.076603560903711e-02 
 1.506999999999990e-07 -2.307275780795659e-02 
 1.507999999999990e-07 -2.528839540975669e-02 
 1.508999999999991e-07 -2.740416731243323e-02 
 1.509999999999991e-07 -2.941176437948712e-02 
 1.510999999999991e-07 -3.130324362709147e-02 
 1.511999999999991e-07 -3.307117015362437e-02 
 1.512999999999991e-07 -3.470856206045303e-02 
 1.513999999999991e-07 -3.620897681923418e-02 
 1.514999999999991e-07 -3.756649921859823e-02 
 1.515999999999991e-07 -3.877578232112722e-02 
 1.516999999999991e-07 -3.983206619658386e-02 
 1.517999999999991e-07 -4.073118519819174e-02 
 1.518999999999991e-07 -4.146960571438618e-02 
 1.519999999999991e-07 -4.204441007442705e-02 
 1.520999999999991e-07 -4.245334370796483e-02 
 1.521999999999992e-07 -4.269478370205815e-02 
 1.522999999999992e-07 -4.276778818937199e-02 
 1.523999999999992e-07 -4.267205538080843e-02 
 1.524999999999992e-07 -4.240797015805642e-02 
 1.525999999999992e-07 -4.197655755561525e-02 
 1.526999999999992e-07 -4.137952326519101e-02 
 1.527999999999992e-07 -4.061920417451348e-02 
 1.528999999999992e-07 -3.969860078683274e-02 
 1.529999999999992e-07 -3.862132639924010e-02 
 1.530999999999992e-07 -3.739163041159754e-02 
 1.531999999999992e-07 -3.601434705688522e-02 
 1.532999999999992e-07 -3.449490927984433e-02 
 1.533999999999992e-07 -3.283929746614977e-02 
 1.534999999999993e-07 -3.105404404446910e-02 
 1.535999999999993e-07 -2.914618244201228e-02 
 1.536999999999993e-07 -2.712324290556878e-02 
 1.537999999999993e-07 -2.499320175390740e-02 
 1.538999999999993e-07 -2.276446917942421e-02 
 1.539999999999993e-07 -2.044583884688467e-02 
 1.540999999999993e-07 -1.804646856570313e-02 
 1.541999999999993e-07 -1.557583030591880e-02 
 1.542999999999993e-07 -1.304368476418793e-02 
 1.543999999999993e-07 -1.046003193220413e-02 
 1.544999999999993e-07 -7.835080608587397e-03 
 1.545999999999993e-07 -5.179199724726580e-03 
 1.546999999999993e-07 -2.502883921842169e-03 
 1.547999999999993e-07  1.832941053208081e-04 
 1.548999999999994e-07  2.868720863793195e-03 
 1.549999999999994e-07  5.542783709105326e-03 
 1.550999999999994e-07  8.194948206607933e-03 
 1.551999999999994e-07  1.081472424880658e-02 
 1.552999999999994e-07  1.339179134955581e-02 
 1.553999999999994e-07  1.591597881104789e-02 
 1.554999999999994e-07  1.837728377963899e-02 
 1.555999999999994e-07  2.076603562481938e-02 
 1.556999999999994e-07  2.307275782526519e-02 
 1.557999999999994e-07  2.528839543054007e-02 
 1.558999999999994e-07  2.740416733526785e-02 
 1.559999999999994e-07  2.941176440300453e-02 
 1.560999999999994e-07  3.130324364963943e-02 
 1.561999999999995e-07  3.307117017490224e-02 
 1.562999999999995e-07  3.470856207903616e-02 
 1.563999999999995e-07  3.620897683660695e-02 
 1.564999999999995e-07  3.756649923478594e-02 
 1.565999999999995e-07  3.877578233692014e-02 
 1.566999999999995e-07  3.983206621352275e-02 
 1.567999999999995e-07  4.073118521750274e-02 
 1.568999999999995e-07  4.146960573430003e-02 
 1.569999999999995e-07  4.204441009487447e-02 
 1.570999999999995e-07  4.245334372869891e-02 
 1.571999999999995e-07  4.269478372179503e-02 
 1.572999999999995e-07  4.276778820903693e-02 
 1.573999999999995e-07  4.267205540112728e-02 
 1.574999999999996e-07  4.240797017826137e-02 
 1.575999999999996e-07  4.197655757589502e-02 
 1.576999999999996e-07  4.137952328682859e-02 
 1.577999999999996e-07  4.061920419827603e-02 
 1.578999999999996e-07  3.969860081104137e-02 
 1.579999999999996e-07  3.862132642242555e-02 
 1.580999999999996e-07  3.739163043366034e-02 
 1.581999999999996e-07  3.601434707828233e-02 
 1.582999999999996e-07  3.449490930093191e-02 
 1.583999999999996e-07  3.283929748639980e-02 
 1.584999999999996e-07  3.105404406534595e-02 
 1.585999999999996e-07  2.914618246333966e-02 
 1.586999999999996e-07  2.712324292573021e-02 
 1.587999999999996e-07  2.499320177253850e-02 
 1.588999999999997e-07  2.276446919894148e-02 
 1.589999999999997e-07  2.044583886790652e-02 
 1.590999999999997e-07  1.804646858555947e-02 
 1.591999999999997e-07  1.557583032516252e-02 
 1.592999999999997e-07  1.304368478432050e-02 
 1.593999999999997e-07  1.046003195169032e-02 
 1.594999999999997e-07  7.835080629023938e-03 
 1.595999999999997e-07  5.179199746049079e-03 
 1.596999999999997e-07  2.502883942165912e-03 
 1.597999999999997e-07 -1.832940865880150e-04 
 1.598999999999997e-07 -2.868720846186834e-03 
 1.599999999999997e-07 -5.542783691311337e-03 
 1.600999999999997e-07 -8.194948188461781e-03 
 1.601999999999998e-07 -1.081472422929730e-02 
 1.602999999999998e-07 -1.339179132979074e-02 
 1.603999999999998e-07 -1.591597879278073e-02 
 1.604999999999998e-07 -1.837728376301473e-02 
 1.605999999999998e-07 -2.076603560912615e-02 
 1.606999999999998e-07 -2.307275780805229e-02 
 1.607999999999998e-07 -2.528839540957706e-02 
 1.608999999999998e-07 -2.740416731300233e-02 
 1.609999999999998e-07 -2.941176438136650e-02 
 1.610999999999998e-07 -3.130324362825676e-02 
 1.611999999999998e-07 -3.307117015368655e-02 
 1.612999999999998e-07 -3.470856205933903e-02 
 1.613999999999998e-07 -3.620897681850077e-02 
 1.614999999999999e-07 -3.756649921877719e-02 
 1.615999999999999e-07 -3.877578232259049e-02 
 1.616999999999999e-07 -3.983206619739699e-02 
 1.617999999999999e-07 -4.073118519905794e-02 
 1.618999999999999e-07 -4.146960571557834e-02 
 1.619999999999999e-07 -4.204441007609860e-02 
 1.620999999999999e-07 -4.245334370919318e-02 
 1.621999999999999e-07 -4.269478370251178e-02 
 1.622999999999999e-07 -4.276778818954630e-02 
 1.623999999999999e-07 -4.267205538043073e-02 
 1.624999999999999e-07 -4.240797015672593e-02 
 1.625999999999999e-07 -4.197655755461671e-02 
 1.626999999999999e-07 -4.137952326467831e-02 
 1.627999999999999e-07 -4.061920417406606e-02 
 1.629000000000000e-07 -3.969860078746468e-02 
 1.630000000000000e-07 -3.862132640052995e-02 
 1.631000000000000e-07 -3.739163041271820e-02 
 1.632000000000000e-07 -3.601434705763795e-02 
 1.633000000000000e-07 -3.449490928160892e-02 
 1.634000000000000e-07 -3.283929746821479e-02 
 1.635000000000000e-07 -3.105404404586154e-02 
 1.636000000000000e-07 -2.914618244247169e-02 
 1.637000000000000e-07 -2.712324290572332e-02 
 1.638000000000000e-07 -2.499320175405972e-02 
 1.639000000000000e-07 -2.276446917982433e-02 
 1.640000000000000e-07 -2.044583884635820e-02 
 1.641000000000000e-07 -1.804646856353420e-02 
 1.642000000000001e-07 -1.557583030304244e-02 
 1.643000000000001e-07 -1.304368476208051e-02 
 1.644000000000001e-07 -1.046003193069600e-02 
 1.645000000000001e-07 -7.835080607648592e-03 
 1.646000000000001e-07 -5.179199724340666e-03 
 1.647000000000001e-07 -2.502883921643217e-03 
 1.648000000000001e-07  1.832941052106740e-04 
 1.649000000000001e-07  2.868720863763219e-03 
 1.650000000000001e-07  5.542783708928578e-03 
 1.651000000000001e-07  8.194948207086439e-03 
 1.652000000000001e-07  1.081472424877417e-02 
 1.653000000000001e-07  1.339179134961199e-02 
 1.654000000000001e-07  1.591597881086382e-02 
 1.655000000000002e-07  1.837728377957548e-02 
 1.656000000000002e-07  2.076603562527590e-02 
 1.657000000000002e-07  2.307275782484131e-02 
 1.658000000000002e-07  2.528839542857719e-02 
 1.659000000000002e-07  2.740416733419893e-02 
 1.660000000000002e-07  2.941176440220628e-02 
 1.661000000000002e-07  3.130324364885517e-02 
 1.662000000000002e-07  3.307117017493644e-02 
 1.663000000000002e-07  3.470856207851813e-02 
 1.664000000000002e-07  3.620897683475466e-02 
 1.665000000000002e-07  3.756649923392041e-02 
 1.666000000000002e-07  3.877578233756473e-02 
 1.667000000000002e-07  3.983206621415714e-02 
 1.668000000000002e-07  4.073118521794528e-02 
 1.669000000000003e-07  4.146960573479919e-02 
 1.670000000000003e-07  4.204441009402049e-02 
 1.671000000000003e-07  4.245334372726761e-02 
 1.672000000000003e-07  4.269478372036617e-02 
 1.673000000000003e-07  4.276778820836080e-02 
 1.674000000000003e-07  4.267205540077001e-02 
 1.675000000000003e-07  4.240797017814768e-02 
 1.676000000000003e-07  4.197655757556262e-02 
 1.677000000000003e-07  4.137952328703420e-02 
 1.678000000000003e-07  4.061920419796006e-02 
 1.679000000000003e-07  3.969860081078935e-02 
 1.680000000000003e-07  3.862132642208138e-02 
 1.681000000000003e-07  3.739163043345917e-02 
 1.682000000000004e-07  3.601434707834317e-02 
 1.683000000000004e-07  3.449490930078269e-02 
 1.684000000000004e-07  3.283929748640646e-02 
 1.685000000000004e-07  3.105404406523138e-02 
 1.686000000000004e-07  2.914618246313494e-02 
 1.687000000000004e-07  2.712324292576151e-02 
 1.688000000000004e-07  2.499320177274056e-02 
 1.689000000000004e-07  2.276446919943420e-02 
 1.690000000000004e-07  2.044583886800910e-02 
 1.691000000000004e-07  1.804646858473946e-02 
 1.692000000000004e-07  1.557583032276089e-02 
 1.693000000000004e-07  1.304368478159823e-02 
 1.694000000000004e-07  1.046003194961465e-02 
 1.695000000000005e-07  7.835080627483393e-03 
 1.696000000000005e-07  5.179199745136920e-03 
 1.697000000000005e-07  2.502883941859713e-03 
 1.698000000000005e-07 -1.832940870432065e-04 
 1.699000000000005e-07 -2.868720846021855e-03 
 1.700000000000005e-07 -5.542783691407482e-03 
 1.701000000000005e-07 -8.194948188509077e-03 
 1.702000000000005e-07 -1.081472422960550e-02 
 1.703000000000005e-07 -1.339179132992374e-02 
 1.704000000000005e-07 -1.591597879303697e-02 
 1.705000000000005e-07 -1.837728376305048e-02 
 1.706000000000005e-07 -2.076603560879997e-02 
 1.707000000000005e-07 -2.307275780819751e-02 
 1.708000000000006e-07 -2.528839540987282e-02 
 1.709000000000006e-07 -2.740416731289441e-02 
 1.710000000000006e-07 -2.941176438105320e-02 
 1.711000000000006e-07 -3.130324362854831e-02 
 1.712000000000006e-07 -3.307117015377581e-02 
 1.713000000000006e-07 -3.470856205948269e-02 
 1.714000000000006e-07 -3.620897681860402e-02 
 1.715000000000006e-07 -3.756649921870681e-02 
 1.716000000000006e-07 -3.877578232257606e-02 
 1.717000000000006e-07 -3.983206619820812e-02 
 1.718000000000006e-07 -4.073118520137653e-02 
 1.719000000000006e-07 -4.146960571834923e-02 
 1.720000000000006e-07 -4.204441007732274e-02 
 1.721000000000006e-07 -4.245334370879505e-02 
 1.722000000000007e-07 -4.269478370249247e-02 
 1.723000000000007e-07 -4.276778818942573e-02 
 1.724000000000007e-07 -4.267205537996621e-02 
 1.725000000000007e-07 -4.240797015668263e-02 
 1.726000000000007e-07 -4.197655755461560e-02 
 1.727000000000007e-07 -4.137952326527117e-02 
 1.728000000000007e-07 -4.061920417635245e-02 
 1.729000000000007e-07 -3.969860079014365e-02 
 1.730000000000007e-07 -3.862132640247840e-02 
 1.731000000000007e-07 -3.739163041456428e-02 
 1.732000000000007e-07 -3.601434705995565e-02 
 1.733000000000007e-07 -3.449490928199617e-02 
 1.734000000000007e-07 -3.283929746759573e-02 
 1.735000000000008e-07 -3.105404404504974e-02 
 1.736000000000008e-07 -2.914618244158684e-02 
 1.737000000000008e-07 -2.712324290391255e-02 
 1.738000000000008e-07 -2.499320175289221e-02 
 1.739000000000008e-07 -2.276446917877673e-02 
 1.740000000000008e-07 -2.044583884575402e-02 
 1.741000000000008e-07 -1.804646856335790e-02 
 1.742000000000008e-07 -1.557583030203880e-02 
 1.743000000000008e-07 -1.304368476066653e-02 
 1.744000000000008e-07 -1.046003192948541e-02 
 1.745000000000008e-07 -7.835080607308642e-03 
 1.746000000000008e-07 -5.179199722821215e-03 
 1.747000000000008e-07 -2.502883919194288e-03 
 1.748000000000009e-07  1.832941092090312e-04 
 1.749000000000009e-07  2.868720867669650e-03 
 1.750000000000009e-07  5.542783711405930e-03 
 1.751000000000009e-07  8.194948207563613e-03 
 1.752000000000009e-07  1.081472424813179e-02 
 1.753000000000009e-07  1.339179134889257e-02 
 1.754000000000009e-07  1.591597881139073e-02 
 1.755000000000009e-07  1.837728378079273e-02 
 1.756000000000009e-07  2.076603562625823e-02 
 1.757000000000009e-07  2.307275782547968e-02 
 1.758000000000009e-07  2.528839542917627e-02 
 1.759000000000009e-07  2.740416733457685e-02 
 1.760000000000009e-07  2.941176440331783e-02 
 1.761000000000009e-07  3.130324365085246e-02 
 1.762000000000010e-07  3.307117017587258e-02 
 1.763000000000010e-07  3.470856207947071e-02 
 1.764000000000010e-07  3.620897683535818e-02 
 1.765000000000010e-07  3.756649923314304e-02 
 1.766000000000010e-07  3.877578233631374e-02 
 1.767000000000010e-07  3.983206621242497e-02 
 1.768000000000010e-07  4.073118521543795e-02 
 1.769000000000010e-07  4.146960573284608e-02 
 1.770000000000010e-07  4.204441009402982e-02 
 1.771000000000010e-07  4.245334372820109e-02 
 1.772000000000010e-07  4.269478372137980e-02 
 1.773000000000010e-07  4.276778820797555e-02 
 1.774000000000010e-07  4.267205539950547e-02 
 1.775000000000011e-07  4.240797017684428e-02 
 1.776000000000011e-07  4.197655757508967e-02 
 1.777000000000011e-07  4.137952328615913e-02 
 1.778000000000011e-07  4.061920419773535e-02 
 1.779000000000011e-07  3.969860081023402e-02 
 1.780000000000011e-07  3.862132641947369e-02 
 1.781000000000011e-07  3.739163043034988e-02 
 1.782000000000011e-07  3.601434707603368e-02 
 1.783000000000011e-07  3.449490929927923e-02 
 1.784000000000011e-07  3.283929748547876e-02 
 1.785000000000011e-07  3.105404406473222e-02 
 1.786000000000011e-07  2.914618246263245e-02 
 1.787000000000011e-07  2.712324292578150e-02 
 1.788000000000012e-07  2.499320177245790e-02 
 1.789000000000012e-07  2.276446919827291e-02 
 1.790000000000012e-07  2.044583886608198e-02 
 1.791000000000012e-07  1.804646858360370e-02 
 1.792000000000012e-07  1.557583032297405e-02 
 1.793000000000012e-07  1.304368478235030e-02 
 1.794000000000012e-07  1.046003195052148e-02 
 1.795000000000012e-07  7.835080627559110e-03 
 1.796000000000012e-07  5.179199744133278e-03 
 1.797000000000012e-07  2.502883940586509e-03 
 1.798000000000012e-07 -1.832940866486332e-04 
 1.799000000000012e-07 -2.868720844850792e-03 
 1.800000000000012e-07 -5.542783690508424e-03 
 1.801000000000012e-07 -8.194948188301021e-03 
 1.802000000000013e-07 -1.081472422815510e-02 
 1.803000000000013e-07 -1.339179132808765e-02 
 1.804000000000013e-07 -1.591597879155415e-02 
 1.805000000000013e-07 -1.837728376237457e-02 
 1.806000000000013e-07 -2.076603560851065e-02 
 1.807000000000013e-07 -2.307275780867801e-02 
 1.808000000000013e-07 -2.528839541209615e-02 
 1.809000000000013e-07 -2.740416731602391e-02 
 1.810000000000013e-07 -2.941176438307891e-02 
 1.811000000000013e-07 -3.130324363010839e-02 
 1.812000000000013e-07 -3.307117015688976e-02 
 1.813000000000013e-07 -3.470856206296347e-02 
 1.814000000000013e-07 -3.620897682029844e-02 
 1.815000000000014e-07 -3.756649921833932e-02 
 1.816000000000014e-07 -3.877578232199941e-02 
 1.817000000000014e-07 -3.983206619809643e-02 
 1.818000000000014e-07 -4.073118520016727e-02 
 1.819000000000014e-07 -4.146960571661706e-02 
 1.820000000000014e-07 -4.204441007595561e-02 
 1.821000000000014e-07 -4.245334370806586e-02 
 1.822000000000014e-07 -4.269478370194868e-02 
 1.823000000000014e-07 -4.276778818988292e-02 
 1.824000000000014e-07 -4.267205538157826e-02 
 1.825000000000014e-07 -4.240797015752218e-02 
 1.826000000000014e-07 -4.197655755487872e-02 
 1.827000000000014e-07 -4.137952326586136e-02 
 1.828000000000015e-07 -4.061920417555220e-02 
 1.829000000000015e-07 -3.969860078878207e-02 
 1.830000000000015e-07 -3.862132640134885e-02 
 1.831000000000015e-07 -3.739163041359239e-02 
 1.832000000000015e-07 -3.601434705990991e-02 
 1.833000000000015e-07 -3.449490928309085e-02 
 1.834000000000015e-07 -3.283929746927194e-02 
 1.835000000000015e-07 -3.105404404624168e-02 
 1.836000000000015e-07 -2.914618244210399e-02 
 1.837000000000015e-07 -2.712324290446144e-02 
 1.838000000000015e-07 -2.499320175285136e-02 
 1.839000000000015e-07 -2.276446917997887e-02 
 1.840000000000015e-07 -2.044583884802464e-02 
 1.841000000000015e-07 -1.804646856682846e-02 
 1.842000000000016e-07 -1.557583030547582e-02 
 1.843000000000016e-07 -1.304368476322137e-02 
 1.844000000000016e-07 -1.046003193080303e-02 
 1.845000000000016e-07 -7.835080608794343e-03 
 1.846000000000016e-07 -5.179199724910211e-03 
 1.847000000000016e-07 -2.502883921173593e-03 
 1.848000000000016e-07  1.832941061847837e-04 
 1.849000000000016e-07  2.868720863436147e-03 
 1.850000000000016e-07  5.542783708221810e-03 
 1.851000000000016e-07  8.194948207679742e-03 
 1.852000000000016e-07  1.081472424998653e-02 
 1.853000000000016e-07  1.339179135155710e-02 
 1.854000000000016e-07  1.591597881319040e-02 
 1.855000000000017e-07  1.837728378177506e-02 
 1.856000000000017e-07  2.076603562700008e-02 
 1.857000000000017e-07  2.307275782565621e-02 
 1.858000000000017e-07  2.528839542922201e-02 
 1.859000000000017e-07  2.740416733473139e-02 
 1.860000000000017e-07  2.941176440307269e-02 
 1.861000000000017e-07  3.130324365081494e-02 
 1.862000000000017e-07  3.307117017584993e-02 
 1.863000000000017e-07  3.470856207927397e-02 
 1.864000000000017e-07  3.620897683539792e-02 
 1.865000000000017e-07  3.756649923334532e-02 
 1.866000000000017e-07  3.877578233600554e-02 
 1.867000000000017e-07  3.983206621233482e-02 
 1.868000000000018e-07  4.073118521505714e-02 
 1.869000000000018e-07  4.146960573268266e-02 
 1.870000000000018e-07  4.204441009401538e-02 
 1.871000000000018e-07  4.245334372799792e-02 
 1.872000000000018e-07  4.269478372147928e-02 
 1.873000000000018e-07  4.276778820804039e-02 
 1.874000000000018e-07  4.267205539966690e-02 
 1.875000000000018e-07  4.240797017678033e-02 
 1.876000000000018e-07  4.197655757509078e-02 
 1.877000000000018e-07  4.137952328618355e-02 
 1.878000000000018e-07  4.061920419770071e-02 
 1.879000000000018e-07  3.969860081004106e-02 
 1.880000000000018e-07  3.862132641994265e-02 
 1.881000000000018e-07  3.739163043036631e-02 
 1.882000000000019e-07  3.601434707607321e-02 
 1.883000000000019e-07  3.449490929937538e-02 
 1.884000000000019e-07  3.283929748594638e-02 
 1.885000000000019e-07  3.105404406492229e-02 
 1.886000000000019e-07  2.914618246355616e-02 
 1.887000000000019e-07  2.712324292528456e-02 
 1.888000000000019e-07  2.499320177266640e-02 
 1.889000000000019e-07  2.276446919830288e-02 
 1.890000000000019e-07  2.044583886589502e-02 
 1.891000000000019e-07  1.804646858380909e-02 
 1.892000000000019e-07  1.557583032318877e-02 
 1.893000000000019e-07  1.304368478239826e-02 
 1.894000000000019e-07  1.046003195141787e-02 
 1.895000000000020e-07  7.835080629935653e-03 
 1.896000000000020e-07  5.179199747695762e-03 
 1.897000000000020e-07  2.502883944724088e-03 
 1.898000000000020e-07 -1.832940839936459e-04 
 1.899000000000020e-07 -2.868720843195227e-03 
 1.900000000000020e-07 -5.542783689623132e-03 
 1.901000000000020e-07 -8.194948187505213e-03 
 1.902000000000020e-07 -1.081472422713103e-02 
 1.903000000000020e-07 -1.339179132797974e-02 
 1.904000000000020e-07 -1.591597879191053e-02 
 1.905000000000020e-07 -1.837728376191494e-02 
 1.906000000000020e-07 -2.076603560814028e-02 
 1.907000000000020e-07 -2.307275780802120e-02 
 1.908000000000021e-07 -2.528839541149308e-02 
 1.909000000000021e-07 -2.740416731410433e-02 
 1.910000000000021e-07 -2.941176438182547e-02 
 1.911000000000021e-07 -3.130324362931525e-02 
 1.912000000000021e-07 -3.307117015584859e-02 
 1.913000000000021e-07 -3.470856206061579e-02 
 1.914000000000021e-07 -3.620897681830981e-02 
 1.915000000000021e-07 -3.756649921760169e-02 
 1.916000000000021e-07 -3.877578232123380e-02 
 1.917000000000021e-07 -3.983206619790369e-02 
 1.918000000000021e-07 -4.073118520039309e-02 
 1.919000000000021e-07 -4.146960571642078e-02 
 1.920000000000021e-07 -4.204441007615012e-02 
 1.921000000000022e-07 -4.245334370822995e-02 
 1.922000000000022e-07 -4.269478370210766e-02 
 1.923000000000022e-07 -4.276778819026172e-02 
 1.924000000000022e-07 -4.267205538116592e-02 
 1.925000000000022e-07 -4.240797015757969e-02 
 1.926000000000022e-07 -4.197655755556040e-02 
 1.927000000000022e-07 -4.137952326575367e-02 
 1.928000000000022e-07 -4.061920417580311e-02 
 1.929000000000022e-07 -3.969860078902787e-02 
 1.930000000000022e-07 -3.862132640138527e-02 
 1.931000000000022e-07 -3.739163041417726e-02 
 1.932000000000022e-07 -3.601434705906881e-02 
 1.933000000000022e-07 -3.449490928287213e-02 
 1.934000000000022e-07 -3.283929746916714e-02 
 1.935000000000023e-07 -3.105404404614975e-02 
 1.936000000000023e-07 -2.914618244256939e-02 
 1.937000000000023e-07 -2.712324290447965e-02 
 1.938000000000023e-07 -2.499320175254582e-02 
 1.939000000000023e-07 -2.276446917749042e-02 
 1.940000000000023e-07 -2.044583884453366e-02 
 1.941000000000023e-07 -1.804646856307190e-02 
 1.942000000000023e-07 -1.557583030387444e-02 
 1.943000000000023e-07 -1.304368476128581e-02 
 1.944000000000023e-07 -1.046003192931821e-02 
 1.945000000000023e-07 -7.835080605962830e-03 
 1.946000000000023e-07 -5.179199722142425e-03 
 1.947000000000023e-07 -2.502883919140331e-03 
 1.948000000000024e-07  1.832941080144312e-04 
 1.949000000000024e-07  2.868720865927044e-03 
 1.950000000000024e-07  5.542783709462817e-03 
 1.951000000000024e-07  8.194948206187602e-03 
 1.952000000000024e-07  1.081472424781116e-02 
 1.953000000000024e-07  1.339179135009583e-02 
 1.954000000000024e-07  1.591597881251183e-02 
 1.955000000000024e-07  1.837728378065107e-02 
 1.956000000000024e-07  2.076603562668500e-02 
 1.957000000000024e-07  2.307275782499651e-02 
 1.958000000000024e-07  2.528839542949735e-02 
 1.959000000000024e-07  2.740416733445272e-02 
 1.960000000000024e-07  2.941176440347060e-02 
 1.961000000000025e-07  3.130324365073656e-02 
 1.962000000000025e-07  3.307117017627803e-02 
 1.963000000000025e-07  3.470856207940454e-02 
 1.964000000000025e-07  3.620897683567681e-02 
 1.965000000000025e-07  3.756649923354649e-02 
 1.966000000000025e-07  3.877578233616918e-02 
 1.967000000000025e-07  3.983206621198354e-02 
 1.968000000000025e-07  4.073118521604502e-02 
 1.969000000000025e-07  4.146960573256830e-02 
 1.970000000000025e-07  4.204441009384330e-02 
 1.971000000000025e-07  4.245334372801501e-02 
 1.972000000000025e-07  4.269478372137425e-02 
 1.973000000000025e-07  4.276778820840477e-02 
 1.974000000000025e-07  4.267205539967178e-02 
 1.975000000000026e-07  4.240797017707942e-02 
 1.976000000000026e-07  4.197655757432628e-02 
 1.977000000000026e-07  4.137952328651440e-02 
 1.978000000000026e-07  4.061920419732079e-02 
 1.979000000000026e-07  3.969860080977883e-02 
 1.980000000000026e-07  3.862132642013849e-02 
 1.981000000000026e-07  3.739163043235005e-02 
 1.982000000000026e-07  3.601434707761153e-02 
 1.983000000000026e-07  3.449490929910870e-02 
 1.984000000000026e-07  3.283929748425263e-02 
 1.985000000000026e-07  3.105404406263967e-02 
 1.986000000000026e-07  2.914618246117895e-02 
 1.987000000000026e-07  2.712324292394497e-02 
 1.988000000000027e-07  2.499320177216058e-02 
 1.989000000000027e-07  2.276446919968045e-02 
 1.990000000000027e-07  2.044583886702078e-02 
 1.991000000000027e-07  1.804646858396564e-02 
 1.992000000000027e-07  1.557583032304644e-02 
 1.993000000000027e-07  1.304368478170326e-02 
 1.994000000000027e-07  1.046003194942391e-02 
 1.995000000000027e-07  7.835080626140467e-03 
 1.996000000000027e-07  5.179199743017060e-03 
 1.997000000000027e-07  2.502883939820899e-03 
 1.998000000000027e-07 -1.832940894501700e-04 
 1.999000000000027e-07 -2.868720849167561e-03 
 2.000000000000027e-07 -5.542783694466147e-03 
 2.001000000000028e-07 -8.194948190308970e-03 
 2.002000000000028e-07 -1.081472423015706e-02 
 2.003000000000028e-07 -1.339179132914303e-02 
 2.004000000000028e-07 -1.591597879109052e-02 
 2.005000000000028e-07 -1.837728376172598e-02 
 2.006000000000028e-07 -2.076603560734447e-02 
 2.007000000000028e-07 -2.307275780819507e-02 
 2.008000000000028e-07 -2.528839541105343e-02 
 2.009000000000028e-07 -2.740416731394002e-02 
 2.010000000000028e-07 -2.941176438206017e-02 
 2.011000000000028e-07 -3.130324362940784e-02 
 2.012000000000028e-07 -3.307117015563921e-02 
 2.013000000000028e-07 -3.470856206052320e-02 
 2.014000000000028e-07 -3.620897681825030e-02 
 2.015000000000029e-07 -3.756649921735966e-02 
 2.016000000000029e-07 -3.877578232113144e-02 
 2.017000000000029e-07 -3.983206619733970e-02 
 2.018000000000029e-07 -4.073118519991326e-02 
 2.019000000000029e-07 -4.146960571711600e-02 
 2.020000000000029e-07 -4.204441007568938e-02 
 2.021000000000029e-07 -4.245334370849174e-02 
 2.022000000000029e-07 -4.269478370185875e-02 
 2.023000000000029e-07 -4.276778818973992e-02 
 2.024000000000029e-07 -4.267205538149055e-02 
 2.025000000000029e-07 -4.240797015761899e-02 
 2.026000000000029e-07 -4.197655755528151e-02 
 2.027000000000029e-07 -4.137952326558469e-02 
 2.028000000000030e-07 -4.061920417605647e-02 
 2.029000000000030e-07 -3.969860078933451e-02 
 2.030000000000030e-07 -3.862132640038896e-02 
 2.031000000000030e-07 -3.739163041145455e-02 
 2.032000000000030e-07 -3.601434705688056e-02 
 2.033000000000030e-07 -3.449490928108156e-02 
 2.034000000000030e-07 -3.283929746782532e-02 
 2.035000000000030e-07 -3.105404404683743e-02 
 2.036000000000030e-07 -2.914618244391942e-02 
 2.037000000000030e-07 -2.712324290670942e-02 
 2.038000000000030e-07 -2.499320175394182e-02 
 2.039000000000030e-07 -2.276446917785635e-02 
 2.040000000000030e-07 -2.044583884484097e-02 
 2.041000000000031e-07 -1.804646856361303e-02 
 2.042000000000031e-07 -1.557583030308551e-02 
 2.043000000000031e-07 -1.304368476128159e-02 
 2.044000000000031e-07 -1.046003192903444e-02 
 2.045000000000031e-07 -7.835080606378719e-03 
 2.046000000000031e-07 -5.179199721583094e-03 
 2.047000000000031e-07 -2.502883919683230e-03 
 2.048000000000031e-07  1.832941082338113e-04 
 2.049000000000031e-07  2.868720865639496e-03 
 2.050000000000031e-07  5.542783709801435e-03 
 2.051000000000031e-07  8.194948206241559e-03 
 2.052000000000031e-07  1.081472424784202e-02 
 2.053000000000031e-07  1.339179135003543e-02 
 2.054000000000031e-07  1.591597881254914e-02 
 2.055000000000032e-07  1.837728378085446e-02 
 2.056000000000032e-07  2.076603562721835e-02 
 2.057000000000032e-07  2.307275782727780e-02 
 2.058000000000032e-07  2.528839543080030e-02 
 2.059000000000032e-07  2.740416733534135e-02 
 2.060000000000032e-07  2.941176440395887e-02 
 2.061000000000032e-07  3.130324365095150e-02 
 2.062000000000032e-07  3.307117017684846e-02 
 2.063000000000032e-07  3.470856207926465e-02 
 2.064000000000032e-07  3.620897683566127e-02 
 2.065000000000032e-07  3.756649923340993e-02 
 2.066000000000032e-07  3.877578233662415e-02 
 2.067000000000032e-07  3.983206621185986e-02 
 2.068000000000033e-07  4.073118521591690e-02 
 2.069000000000033e-07  4.146960573284320e-02 
 2.070000000000033e-07  4.204441009373494e-02 
 2.071000000000033e-07  4.245334372723364e-02 
 2.072000000000033e-07  4.269478371975066e-02 
 2.073000000000033e-07  4.276778820681715e-02 
 2.074000000000033e-07  4.267205539846053e-02 
 2.075000000000033e-07  4.240797017636422e-02 
 2.076000000000033e-07  4.197655757565766e-02 
 2.077000000000033e-07  4.137952328795391e-02 
 2.078000000000033e-07  4.061920419884069e-02 
 2.079000000000033e-07  3.969860081044985e-02 
 2.080000000000033e-07  3.862132642038851e-02 
 2.081000000000034e-07  3.739163043238825e-02 
 2.082000000000034e-07  3.601434707729223e-02 
 2.083000000000034e-07  3.449490929983523e-02 
 2.084000000000034e-07  3.283929748461634e-02 
 2.085000000000034e-07  3.105404406322809e-02 
 2.086000000000034e-07  2.914618246056677e-02 
 2.087000000000034e-07  2.712324292340007e-02 
 2.088000000000034e-07  2.499320177196540e-02 
 2.089000000000034e-07  2.276446919914332e-02 
 2.090000000000034e-07  2.044583886700013e-02 
 2.091000000000034e-07  1.804646858425585e-02 
 2.092000000000034e-07  1.557583032335219e-02 
 2.093000000000034e-07  1.304368478179851e-02 
 2.094000000000035e-07  1.046003194886658e-02 
 2.095000000000035e-07  7.835080625975266e-03 
 2.096000000000035e-07  5.179199742884055e-03 
 2.097000000000035e-07  2.502883940025180e-03 
 2.098000000000035e-07 -1.832940885628798e-04 
 2.099000000000035e-07 -2.868720846212369e-03 
 2.100000000000035e-07 -5.542783690646313e-03 
 2.101000000000035e-07 -8.194948187146611e-03 
 2.102000000000035e-07 -1.081472422746077e-02 
 2.103000000000035e-07 -1.339179132767399e-02 
 2.104000000000035e-07 -1.591597879052786e-02 
 2.105000000000035e-07 -1.837728376053405e-02 
 2.106000000000035e-07 -2.076603560703050e-02 
 2.107000000000035e-07 -2.307275780786355e-02 
 2.108000000000036e-07 -2.528839541049166e-02 
 2.109000000000036e-07 -2.740416731446382e-02 
 2.110000000000036e-07 -2.941176438191206e-02 
 2.111000000000036e-07 -3.130324362901304e-02 
 2.112000000000036e-07 -3.307117015491068e-02 
 2.113000000000036e-07 -3.470856206064510e-02 
 2.114000000000036e-07 -3.620897681827384e-02 
 2.115000000000036e-07 -3.756649921795474e-02 
 2.116000000000036e-07 -3.877578232146162e-02 
 2.117000000000036e-07 -3.983206619741386e-02 
 2.118000000000036e-07 -4.073118520017216e-02 
 2.119000000000036e-07 -4.146960571623604e-02 
 2.120000000000036e-07 -4.204441007589743e-02 
 2.121000000000037e-07 -4.245334370760934e-02 
 2.122000000000037e-07 -4.269478370133251e-02 
 2.123000000000037e-07 -4.276778818965510e-02 
 2.124000000000037e-07 -4.267205538139818e-02 
 2.125000000000037e-07 -4.240797015824804e-02 
 2.126000000000037e-07 -4.197655755671192e-02 
 2.127000000000037e-07 -4.137952326655769e-02 
 2.128000000000037e-07 -4.061920417711229e-02 
 2.129000000000037e-07 -3.969860078856313e-02 
 2.130000000000037e-07 -3.862132640061700e-02 
 2.131000000000037e-07 -3.739163041215843e-02 
 2.132000000000037e-07 -3.601434705848794e-02 
 2.133000000000037e-07 -3.449490928236276e-02 
 2.134000000000038e-07 -3.283929746854919e-02 
 2.135000000000038e-07 -3.105404404742851e-02 
 2.136000000000038e-07 -2.914618244340428e-02 
 2.137000000000038e-07 -2.712324290728696e-02 
 2.138000000000038e-07 -2.499320175691788e-02 
 2.139000000000038e-07 -2.276446918196307e-02 
 2.140000000000038e-07 -2.044583884895279e-02 
 2.141000000000038e-07 -1.804646856648517e-02 
 2.142000000000038e-07 -1.557583030451792e-02 
 2.143000000000038e-07 -1.304368476270334e-02 
 2.144000000000038e-07 -1.046003192911638e-02 
 2.145000000000038e-07 -7.835080606798384e-03 
 2.146000000000038e-07 -5.179199723096328e-03 
 2.147000000000038e-07 -2.502883920739274e-03 
 2.148000000000039e-07  1.832941075770034e-04 
 2.149000000000039e-07  2.868720864822150e-03 
 2.150000000000039e-07  5.542783709560517e-03 
 2.151000000000039e-07  8.194948207659536e-03 
 2.152000000000039e-07  1.081472424952223e-02 
 2.153000000000039e-07  1.339179135074531e-02 
 2.154000000000039e-07  1.591597881279916e-02 
 2.155000000000039e-07  1.837728378055603e-02 
 2.156000000000039e-07  2.076603562447810e-02 
 2.157000000000039e-07  2.307275782394314e-02 
 2.158000000000039e-07  2.528839542952444e-02 
 2.159000000000039e-07  2.740416733637563e-02 
 2.160000000000039e-07  2.941176440473692e-02 
 2.161000000000040e-07  3.130324365068304e-02 
 2.162000000000040e-07  3.307117017691108e-02 
 2.163000000000040e-07  3.470856207992190e-02 
 2.164000000000040e-07  3.620897683557023e-02 
 2.165000000000040e-07  3.756649923495292e-02 
 2.166000000000040e-07  3.877578233699852e-02 
 2.167000000000040e-07  3.983206621339686e-02 
 2.168000000000040e-07  4.073118521588404e-02 
 2.169000000000040e-07  4.146960573255098e-02 
 2.170000000000040e-07  4.204441009276438e-02 
 2.171000000000040e-07  4.245334372610166e-02 
 2.172000000000040e-07  4.269478371835933e-02 
 2.173000000000040e-07  4.276778820546645e-02 
 2.174000000000041e-07  4.267205539896501e-02 
 2.175000000000041e-07  4.240797017792941e-02 
 2.176000000000041e-07  4.197655757591501e-02 
 2.177000000000041e-07  4.137952328600325e-02 
 2.178000000000041e-07  4.061920419591591e-02 
 2.179000000000041e-07  3.969860080918641e-02 
 2.180000000000041e-07  3.862132641931137e-02 
 2.181000000000041e-07  3.739163043158755e-02 
 2.182000000000041e-07  3.601434707683748e-02 
 2.183000000000041e-07  3.449490929886911e-02 
 2.184000000000041e-07  3.283929748447045e-02 
 2.185000000000041e-07  3.105404406329182e-02 
 2.186000000000041e-07  2.914618246012912e-02 
 2.187000000000041e-07  2.712324292360746e-02 
 2.188000000000042e-07  2.499320177266728e-02 
 2.189000000000042e-07  2.276446919863240e-02 
 2.190000000000042e-07  2.044583886702034e-02 
 2.191000000000042e-07  1.804646858384440e-02 
 2.192000000000042e-07  1.557583032309506e-02 
 2.193000000000042e-07  1.304368478188089e-02 
 2.194000000000042e-07  1.046003194886569e-02 
 2.195000000000042e-07  7.835080626208191e-03 
 2.196000000000042e-07  5.179199743375662e-03 
 2.197000000000042e-07  2.502883939377032e-03 
 2.198000000000042e-07 -1.832940890031942e-04 
 2.199000000000042e-07 -2.868720845859096e-03 
 2.200000000000042e-07 -5.542783690746678e-03 
 2.201000000000043e-07 -8.194948187415729e-03 
 2.202000000000043e-07 -1.081472422696028e-02 
 2.203000000000043e-07 -1.339179132744528e-02 
 2.204000000000043e-07 -1.591597879074991e-02 
 2.205000000000043e-07 -1.837728376009817e-02 
 2.206000000000043e-07 -2.076603560699852e-02 
 2.207000000000043e-07 -2.307275780753382e-02 
 2.208000000000043e-07 -2.528839541100036e-02 
 2.209000000000043e-07 -2.740416731449025e-02 
 2.210000000000043e-07 -2.941176438186677e-02 
 2.211000000000043e-07 -3.130324362967296e-02 
 2.212000000000043e-07 -3.307117015588523e-02 
 2.213000000000043e-07 -3.470856206058914e-02 
 2.214000000000044e-07 -3.620897681839685e-02 
 2.215000000000044e-07 -3.756649921763233e-02 
 2.216000000000044e-07 -3.877578232103929e-02 
 2.217000000000044e-07 -3.983206619785840e-02 
 2.218000000000044e-07 -4.073118520023655e-02 
 2.219000000000044e-07 -4.146960571686886e-02 
 2.220000000000044e-07 -4.204441007571447e-02 
 2.221000000000044e-07 -4.245334370849929e-02 
 2.222000000000044e-07 -4.269478370355850e-02 
 2.223000000000044e-07 -4.276778819052174e-02 
 2.224000000000044e-07 -4.267205538215113e-02 
 2.225000000000044e-07 -4.240797015901610e-02 
 2.226000000000044e-07 -4.197655755690821e-02 
 2.227000000000044e-07 -4.137952326740302e-02 
 2.228000000000045e-07 -4.061920417643461e-02 
 2.229000000000045e-07 -3.969860078890242e-02 
 2.230000000000045e-07 -3.862132640045401e-02 
 2.231000000000045e-07 -3.739163041211735e-02 
 2.232000000000045e-07 -3.601434705641338e-02 
 2.233000000000045e-07 -3.449490928089616e-02 
 2.234000000000045e-07 -3.283929746732905e-02 
 2.235000000000045e-07 -3.105404404643242e-02 
 2.236000000000045e-07 -2.914618244371869e-02 
 2.237000000000045e-07 -2.712324290766621e-02 
 2.238000000000045e-07 -2.499320175625086e-02 
 2.239000000000045e-07 -2.276446918154895e-02 
 2.240000000000045e-07 -2.044583884895146e-02 
 2.241000000000046e-07 -1.804646856613834e-02 
 2.242000000000046e-07 -1.557583030499798e-02 
 2.243000000000046e-07 -1.304368476214779e-02 
 2.244000000000046e-07 -1.046003192938016e-02 
 2.245000000000046e-07 -7.835080606743317e-03 
 2.246000000000046e-07 -5.179199723299499e-03 
 2.247000000000046e-07 -2.502883920765253e-03 
 2.248000000000046e-07  1.832941074078054e-04 
 2.249000000000046e-07  2.868720865354391e-03 
 2.250000000000046e-07  5.542783710048571e-03 
 2.251000000000046e-07  8.194948207571384e-03 
 2.252000000000046e-07  1.081472424864915e-02 
 2.253000000000046e-07  1.339179135091673e-02 
 2.254000000000047e-07  1.591597881306805e-02 
 2.255000000000047e-07  1.837728378079739e-02 
 2.256000000000047e-07  2.076603562470036e-02 
 2.257000000000047e-07  2.307275782474494e-02 
 2.258000000000047e-07  2.528839542928774e-02 
 2.259000000000047e-07  2.740416733572504e-02 
 2.260000000000047e-07  2.941176440414806e-02 
 2.261000000000047e-07  3.130324365136516e-02 
 2.262000000000047e-07  3.307117017698458e-02 
 2.263000000000047e-07  3.470856208079653e-02 
 2.264000000000047e-07  3.620897683710744e-02 
 2.265000000000047e-07  3.756649923409072e-02 
 2.266000000000047e-07  3.877578233792489e-02 
 2.267000000000047e-07  3.983206621463053e-02 
 2.268000000000048e-07  4.073118521691499e-02 
 2.269000000000048e-07  4.146960573327574e-02 
 2.270000000000048e-07  4.204441009515714e-02 
 2.271000000000048e-07  4.245334372683707e-02 
 2.272000000000048e-07  4.269478372008906e-02 
 2.273000000000048e-07  4.276778820677452e-02 
 2.274000000000048e-07  4.267205539904051e-02 
 2.275000000000048e-07  4.240797017581377e-02 
 2.276000000000048e-07  4.197655757576202e-02 
 2.277000000000048e-07  4.137952328740258e-02 
 2.278000000000048e-07  4.061920419926035e-02 
 2.279000000000048e-07  3.969860081056109e-02 
 2.280000000000048e-07  3.862132642087479e-02 
 2.281000000000049e-07  3.739163043250104e-02 
 2.282000000000049e-07  3.601434707709950e-02 
 2.283000000000049e-07  3.449490929937604e-02 
 2.284000000000049e-07  3.283929748462766e-02 
 2.285000000000049e-07  3.105404406312084e-02 
 2.286000000000049e-07  2.914618246036804e-02 
 2.287000000000049e-07  2.712324292352375e-02 
 2.288000000000049e-07  2.499320177249342e-02 
 2.289000000000049e-07  2.276446919925390e-02 
 2.290000000000049e-07  2.044583886689821e-02 
 2.291000000000049e-07  1.804646858393633e-02 
 2.292000000000049e-07  1.557583032285281e-02 
 2.293000000000049e-07  1.304368478189977e-02 
 2.294000000000050e-07  1.046003194857725e-02 
 2.295000000000050e-07  7.835080626084290e-03 
 2.296000000000050e-07  5.179199743102769e-03 
 2.297000000000050e-07  2.502883939591305e-03 
 2.298000000000050e-07 -1.832940881765222e-04 
 2.299000000000050e-07 -2.868720846346706e-03 
 2.300000000000050e-07 -5.542783689957309e-03 
 2.301000000000050e-07 -8.194948187371098e-03 
 2.302000000000050e-07 -1.081472422720631e-02 
 2.303000000000050e-07 -1.339179132772084e-02 
 2.304000000000050e-07 -1.591597879045259e-02 
 2.305000000000050e-07 -1.837728376076697e-02 
 2.306000000000050e-07 -2.076603560729473e-02 
 2.307000000000051e-07 -2.307275780845885e-02 
 2.308000000000051e-07 -2.528839541116090e-02 
 2.309000000000051e-07 -2.740416731422957e-02 
 2.310000000000051e-07 -2.941176438187254e-02 
 2.311000000000051e-07 -3.130324362925041e-02 
 2.312000000000051e-07 -3.307117015521888e-02 
 2.313000000000051e-07 -3.470856206033890e-02 
 2.314000000000051e-07 -3.620897681858803e-02 
 2.315000000000051e-07 -3.756649921824717e-02 
 2.316000000000051e-07 -3.877578232185663e-02 
 2.317000000000051e-07 -3.983206619767965e-02 
 2.318000000000051e-07 -4.073118519994323e-02 
 2.319000000000051e-07 -4.146960571697633e-02 
 2.320000000000051e-07 -4.204441007619319e-02 
 2.321000000000052e-07 -4.245334370832521e-02 
 2.322000000000052e-07 -4.269478370296231e-02 
 2.323000000000052e-07 -4.276778819130200e-02 
 2.324000000000052e-07 -4.267205538180252e-02 
 2.325000000000052e-07 -4.240797015877606e-02 
 2.326000000000052e-07 -4.197655755692908e-02 
 2.327000000000052e-07 -4.137952326783534e-02 
 2.328000000000052e-07 -4.061920417650589e-02 
 2.329000000000052e-07 -3.969860078918863e-02 
 2.330000000000052e-07 -3.862132640117033e-02 
 2.331000000000052e-07 -3.739163041308369e-02 
 2.332000000000052e-07 -3.601434705819817e-02 
 2.333000000000052e-07 -3.449490928183496e-02 
 2.334000000000053e-07 -3.283929746830050e-02 
 2.335000000000053e-07 -3.105404404661805e-02 
 2.336000000000053e-07 -2.914618244300526e-02 
 2.337000000000053e-07 -2.712324290598001e-02 
 2.338000000000053e-07 -2.499320175299635e-02 
 2.339000000000053e-07 -2.276446917814789e-02 
 2.340000000000053e-07 -2.044583884679052e-02 
 2.341000000000053e-07 -1.804646856467440e-02 
 2.342000000000053e-07 -1.557583030330956e-02 
 2.343000000000053e-07 -1.304368476243734e-02 
 2.344000000000053e-07 -1.046003192942013e-02 
 2.345000000000053e-07 -7.835080606535261e-03 
 2.346000000000053e-07 -5.179199723455818e-03 
 2.347000000000054e-07 -2.502883920137089e-03 
 2.348000000000054e-07  1.832941065340599e-04 
 2.349000000000054e-07  2.868720865041974e-03 
 2.350000000000054e-07  5.542783709678423e-03 
 2.351000000000054e-07  8.194948207464803e-03 
 2.352000000000054e-07  1.081472424841512e-02 
 2.353000000000054e-07  1.339179134955648e-02 
 2.354000000000054e-07  1.591597881073303e-02 
 2.355000000000054e-07  1.837728377978198e-02 
 2.356000000000054e-07  2.076603562685797e-02 
 2.357000000000054e-07  2.307275782611495e-02 
 2.358000000000054e-07  2.528839543143668e-02 
 2.359000000000054e-07  2.740416733648332e-02 
 2.360000000000054e-07  2.941176440499627e-02 
 2.361000000000055e-07  3.130324365190251e-02 
 2.362000000000055e-07  3.307117017792804e-02 
 2.363000000000055e-07  3.470856208157769e-02 
 2.364000000000055e-07  3.620897683678037e-02 
 2.365000000000055e-07  3.756649923463073e-02 
 2.366000000000055e-07  3.877578233772327e-02 
 2.367000000000055e-07  3.983206621401680e-02 
 2.368000000000055e-07  4.073118521706043e-02 
 2.369000000000055e-07  4.146960573336722e-02 
 2.370000000000055e-07  4.204441009491844e-02 
 2.371000000000055e-07  4.245334372752696e-02 
 2.372000000000055e-07  4.269478371984969e-02 
 2.373000000000055e-07  4.276778820636640e-02 
 2.374000000000056e-07  4.267205539858110e-02 
 2.375000000000056e-07  4.240797017620968e-02 
 2.376000000000056e-07  4.197655757558238e-02 
 2.377000000000056e-07  4.137952328818884e-02 
 2.378000000000056e-07  4.061920419940557e-02 
 2.379000000000056e-07  3.969860081113041e-02 
 2.380000000000056e-07  3.862132642091742e-02 
 2.381000000000056e-07  3.739163043231852e-02 
 2.382000000000056e-07  3.601434707710571e-02 
 2.383000000000056e-07  3.449490929942067e-02 
 2.384000000000056e-07  3.283929748440073e-02 
 2.385000000000056e-07  3.105404406294676e-02 
 2.386000000000056e-07  2.914618246022127e-02 
 2.387000000000057e-07  2.712324292390322e-02 
 2.388000000000057e-07  2.499320177210240e-02 
 2.389000000000057e-07  2.276446919958719e-02 
 2.390000000000057e-07  2.044583886684270e-02 
 2.391000000000057e-07  1.804646858389414e-02 
 2.392000000000057e-07  1.557583032356202e-02 
 2.393000000000057e-07  1.304368478158180e-02 
 2.394000000000057e-07  1.046003194908884e-02 
 2.395000000000057e-07  7.835080625631763e-03 
 2.396000000000057e-07  5.179199742938012e-03 
 2.397000000000057e-07  2.502883939037970e-03 
 2.398000000000057e-07 -1.832940887578349e-04 
 2.399000000000057e-07 -2.868720846376238e-03 
 2.400000000000057e-07 -5.542783690358100e-03 
 2.401000000000058e-07 -8.194948187222106e-03 
 2.402000000000058e-07 -1.081472422773722e-02 
 2.403000000000058e-07 -1.339179132745927e-02 
 2.404000000000058e-07 -1.591597879057716e-02 
 2.405000000000058e-07 -1.837728376023628e-02 
 2.406000000000058e-07 -2.076603560691925e-02 
 2.407000000000058e-07 -2.307275780746809e-02 
 2.408000000000058e-07 -2.528839541097416e-02 
 2.409000000000058e-07 -2.740416731351991e-02 
 2.410000000000058e-07 -2.941176438164583e-02 
 2.411000000000058e-07 -3.130324362784975e-02 
 2.412000000000058e-07 -3.307117015525773e-02 
 2.413000000000058e-07 -3.470856206258421e-02 
 2.414000000000059e-07 -3.620897682085578e-02 
 2.415000000000059e-07 -3.756649921944599e-02 
 2.416000000000059e-07 -3.877578232234224e-02 
 2.417000000000059e-07 -3.983206619672863e-02 
 2.418000000000059e-07 -4.073118519923802e-02 
 2.419000000000059e-07 -4.146960571608815e-02 
 2.420000000000059e-07 -4.204441007696946e-02 
 2.421000000000059e-07 -4.245334370984932e-02 
 2.422000000000059e-07 -4.269478370371393e-02 
 2.423000000000059e-07 -4.276778819132265e-02 
 2.424000000000059e-07 -4.267205538258168e-02 
 2.425000000000059e-07 -4.240797015948394e-02 
 2.426000000000059e-07 -4.197655755724128e-02 
 2.427000000000060e-07 -4.137952326672334e-02 
 2.428000000000060e-07 -4.061920417673615e-02 
 2.429000000000060e-07 -3.969860078910137e-02 
 2.430000000000060e-07 -3.862132640093696e-02 
 2.431000000000060e-07 -3.739163041246774e-02 
 2.432000000000060e-07 -3.601434705860052e-02 
 2.433000000000060e-07 -3.449490928207188e-02 
 2.434000000000060e-07 -3.283929746723113e-02 
 2.435000000000060e-07 -3.105404404431988e-02 
 2.436000000000060e-07 -2.914618244038492e-02 
 2.437000000000060e-07 -2.712324290424539e-02 
 2.438000000000060e-07 -2.499320175435327e-02 
 2.439000000000060e-07 -2.276446918064834e-02 
 2.440000000000060e-07 -2.044583884774354e-02 
 2.441000000000061e-07 -1.804646856576064e-02 
 2.442000000000061e-07 -1.557583030430965e-02 
 2.443000000000061e-07 -1.304368476213691e-02 
 2.444000000000061e-07 -1.046003192962197e-02 
 2.445000000000061e-07 -7.835080606136913e-03 
 2.446000000000061e-07 -5.179199723759575e-03 
 2.447000000000061e-07 -2.502883919916155e-03 
 2.448000000000061e-07  1.832941075625705e-04 
 2.449000000000061e-07  2.868720865169205e-03 
 2.450000000000061e-07  5.542783709645560e-03 
 2.451000000000061e-07  8.194948207660202e-03 
 2.452000000000061e-07  1.081472424879326e-02 
 2.453000000000061e-07  1.339179134991153e-02 
 2.454000000000062e-07  1.591597881266282e-02 
 2.455000000000062e-07  1.837728378070569e-02 
 2.456000000000062e-07  2.076603562506096e-02 
 2.457000000000062e-07  2.307275782463614e-02 
 2.458000000000062e-07  2.528839542938210e-02 
 2.459000000000062e-07  2.740416733584605e-02 
 2.460000000000062e-07  2.941176440421756e-02 
 2.461000000000062e-07  3.130324365123927e-02 
 2.462000000000062e-07  3.307117017782613e-02 
 2.463000000000062e-07  3.470856208102902e-02 
 2.464000000000062e-07  3.620897683717050e-02 
 2.465000000000062e-07  3.756649923395172e-02 
 2.466000000000062e-07  3.877578233818624e-02 
 2.467000000000063e-07  3.983206621415514e-02 
 2.468000000000063e-07  4.073118521686880e-02 
 2.469000000000063e-07  4.146960573367187e-02 
 2.470000000000063e-07  4.204441009468374e-02 
 2.471000000000063e-07  4.245334372758669e-02 
 2.472000000000063e-07  4.269478371954549e-02 
 2.473000000000063e-07  4.276778820647786e-02 
 2.474000000000063e-07  4.267205539842012e-02 
 2.475000000000063e-07  4.240797017661069e-02 
 2.476000000000063e-07  4.197655757492380e-02 
 2.477000000000063e-07  4.137952328741190e-02 
 2.478000000000063e-07  4.061920419861864e-02 
 2.479000000000063e-07  3.969860081022980e-02 
 2.480000000000063e-07  3.862132642114569e-02 
 2.481000000000064e-07  3.739163043179405e-02 
 2.482000000000064e-07  3.601434707842688e-02 
 2.483000000000064e-07  3.449490929911114e-02 
 2.484000000000064e-07  3.283929748433101e-02 
 2.485000000000064e-07  3.105404406311973e-02 
 2.486000000000064e-07  2.914618246054634e-02 
 2.487000000000064e-07  2.712324292385060e-02 
 2.488000000000064e-07  2.499320177186348e-02 
 2.489000000000064e-07  2.276446919919017e-02 
 2.490000000000064e-07  2.044583886627915e-02 
 2.491000000000064e-07  1.804646858364634e-02 
 2.492000000000064e-07  1.557583032327492e-02 
 2.493000000000064e-07  1.304368478170681e-02 
 2.494000000000065e-07  1.046003194880507e-02 
 2.495000000000065e-07  7.835080625873125e-03 
 2.496000000000065e-07  5.179199742700202e-03 
 2.497000000000065e-07  2.502883938989342e-03 
 2.498000000000065e-07 -1.832940888046863e-04 
 2.499000000000065e-07 -2.868720846151529e-03 
 2.500000000000065e-07 -5.544886925466175e-03 
