 2.000000000000000e-09  1.000373716914762e-01 
 2.004000000000000e-09  8.576138379908871e-02 
 2.008000000000000e-09  7.106236400448029e-02 
 2.012000000000000e-09  5.616795276149089e-02 
 2.016000000000000e-09  4.104568070919079e-02 
 2.020000000000000e-09  2.575666879671346e-02 
 2.024000000000000e-09  1.036312200570144e-02 
 2.028000000000000e-09 -5.072436441885042e-03 
 2.032000000000000e-09 -2.048745767695648e-02 
 2.036000000000000e-09 -3.581883124465524e-02 
 2.040000000000000e-09 -5.100397211593233e-02 
 2.044000000000000e-09 -6.598165671761125e-02 
 2.048000000000000e-09 -8.069186985707244e-02 
 2.052000000000000e-09 -9.507579081529771e-02 
 2.056000000000000e-09 -1.090760135565687e-01 
 2.060000000000000e-09 -1.226368145815404e-01 
 2.064000000000000e-09 -1.357044304348189e-01 
 2.068000000000000e-09 -1.482273195633228e-01 
 2.072000000000000e-09 -1.601563949926750e-01 
 2.076000000000000e-09 -1.714452311873385e-01 
 2.080000000000000e-09 -1.820502370588386e-01 
 2.084000000000000e-09 -1.919308043063201e-01 
 2.088000000000000e-09 -2.010494252797050e-01 
 2.092000000000000e-09 -2.093717897676066e-01 
 2.096000000000000e-09 -2.168668566641565e-01 
 2.100000000000000e-09 -2.235069091805488e-01 
 2.104000000000000e-09 -2.292675910881727e-01 
 2.108000000000000e-09 -2.341279318448990e-01 
 2.112000000000000e-09 -2.380703591845366e-01 
 2.116000000000000e-09 -2.410807060442794e-01 
 2.120000000000000e-09 -2.431482108754488e-01 
 2.124000000000000e-09 -2.442655169056809e-01 
 2.128000000000000e-09 -2.444286692198234e-01 
 2.132000000000000e-09 -2.436371135990034e-01 
 2.136000000000000e-09 -2.418936953145105e-01 
 2.140000000000000e-09 -2.392046600514774e-01 
 2.144000000000000e-09 -2.355796542857751e-01 
 2.148000000000000e-09 -2.310317256721734e-01 
 2.152000000000000e-09 -2.255773200119375e-01 
 2.156000000000000e-09 -2.192362741453842e-01 
 2.160000000000000e-09 -2.120318009664968e-01 
 2.164000000000000e-09 -2.039904652553133e-01 
 2.168000000000000e-09 -1.951421466397998e-01 
 2.172000000000000e-09 -1.855199883286147e-01 
 2.176000000000000e-09 -1.751603284942578e-01 
 2.180000000000000e-09 -1.641026133624661e-01 
 2.183999999999999e-09 -1.523892897859045e-01 
 2.187999999999999e-09 -1.400656770616480e-01 
 2.191999999999999e-09 -1.271798168153802e-01 
 2.195999999999999e-09 -1.137823016017672e-01 
 2.199999999999999e-09 -9.992608189916963e-02 
 2.203999999999999e-09 -8.566625295981112e-02 
 2.207999999999999e-09 -7.105982261786314e-02 
 2.211999999999999e-09 -5.616546181515547e-02 
 2.215999999999999e-09 -4.104323944323607e-02 
 2.219999999999999e-09 -2.575427647005402e-02 
 2.223999999999999e-09 -1.036077788956691e-02 
 2.227999999999999e-09  5.074733064183157e-03 
 2.231999999999999e-09  2.048970751086054e-02 
 2.235999999999999e-09  3.582103499290845e-02 
 2.239999999999999e-09  5.100613048445934e-02 
 2.243999999999999e-09  6.598377041886172e-02 
 2.247999999999999e-09  8.069393960794180e-02 
 2.251999999999999e-09  9.507781733933962e-02 
 2.255999999999999e-09  1.090779975839702e-01 
 2.259999999999999e-09  1.226387568521679e-01 
 2.263999999999999e-09  1.357063316981915e-01 
 2.267999999999999e-09  1.482291805801892e-01 
 2.271999999999999e-09  1.601582165348381e-01 
 2.275999999999999e-09  1.714470140377382e-01 
 2.279999999999999e-09  1.820519820110598e-01 
 2.283999999999999e-09  1.919325121639159e-01 
 2.287999999999999e-09  2.010510968539685e-01 
 2.291999999999999e-09  2.093734258763174e-01 
 2.295999999999999e-09  2.168684581296447e-01 
 2.299999999999999e-09  2.235084768265956e-01 
 2.303999999999999e-09  2.292691257381545e-01 
 2.307999999999999e-09  2.341294343183724e-01 
 2.311999999999999e-09  2.380718302941800e-01 
 2.315999999999999e-09  2.410821465934228e-01 
 2.319999999999999e-09  2.431496216547111e-01 
 2.323999999999999e-09  2.442668986899874e-01 
 2.327999999999999e-09  2.444300227657530e-01 
 2.331999999999999e-09  2.436384396424525e-01 
 2.335999999999999e-09  2.418949945681610e-01 
 2.339999999999999e-09  2.392059332029846e-01 
 2.343999999999999e-09  2.355809019963588e-01 
 2.347999999999999e-09  2.310329485754128e-01 
 2.351999999999999e-09  2.255785187123289e-01 
 2.355999999999999e-09  2.192374492194638e-01 
 2.359999999999999e-09  2.120329529611931e-01 
 2.363999999999999e-09  2.039915946888355e-01 
 2.367999999999999e-09  1.951432540029356e-01 
 2.371999999999999e-09  1.855210740849820e-01 
 2.375999999999999e-09  1.751613930819669e-01 
 2.379999999999999e-09  1.641036571949477e-01 
 2.383999999999999e-09  1.523903132541067e-01 
 2.387999999999999e-09  1.400666805359370e-01 
 2.391999999999999e-09  1.271808006462529e-01 
 2.395999999999999e-09  1.137832661228382e-01 
 2.399999999999999e-09  9.992702742865589e-02 
 2.403999999999999e-09  8.566717980282412e-02 
 2.407999999999999e-09  7.106073106712030e-02 
 2.411999999999999e-09  5.616635215427879e-02 
 2.415999999999999e-09  4.104411194720514e-02 
 2.419999999999999e-09  2.575513140792474e-02 
 2.423999999999999e-09  1.036161552592141e-02 
 2.427999999999999e-09 -5.073912468847475e-03 
 2.431999999999999e-09 -2.048890369953638e-02 
 2.435999999999999e-09 -3.582024770877146e-02 
 2.439999999999999e-09 -5.100535946950968e-02 
 2.443999999999999e-09 -6.598301541193319e-02 
 2.447999999999999e-09 -8.069320034610472e-02 
 2.451999999999999e-09 -9.507709355695892e-02 
 2.455999999999999e-09 -1.090772890125056e-01 
 2.459999999999999e-09 -1.226380632193682e-01 
 2.463999999999999e-09 -1.357056527281491e-01 
 2.467999999999999e-09 -1.482285159926895e-01 
 2.471999999999998e-09 -1.601575660459993e-01 
 2.475999999999998e-09 -1.714463773591253e-01 
 2.479999999999998e-09 -1.820513588511687e-01 
 2.483999999999998e-09 -1.919319022274875e-01 
 2.487999999999998e-09 -2.010504998436546e-01 
 2.491999999999998e-09 -2.093728414925553e-01 
 2.495999999999998e-09 -2.168678860718676e-01 
 2.499999999999998e-09 -2.235079167945697e-01 
 2.503999999999998e-09 -2.292685774323797e-01 
 2.507999999999998e-09 -2.341288974407325e-01 
 2.511999999999998e-09 -2.380713045507936e-01 
 2.515999999999998e-09 -2.410816316940638e-01 
 2.519999999999998e-09 -2.431491173144331e-01 
 2.523999999999998e-09 -2.442664046302594e-01 
 2.527999999999998e-09 -2.444295387153415e-01 
 2.531999999999998e-09 -2.436379653381460e-01 
 2.535999999999998e-09 -2.418945297554136e-01 
 2.539999999999998e-09 -2.392054776369463e-01 
 2.543999999999998e-09 -2.355804554420260e-01 
 2.547999999999998e-09 -2.310325108077886e-01 
 2.551999999999998e-09 -2.255780895174666e-01 
 2.555999999999998e-09 -2.192370283930698e-01 
 2.559999999999998e-09 -2.120325403102099e-01 
 2.563999999999998e-09 -2.039911900300533e-01 
 2.567999999999998e-09 -1.951428571633818e-01 
 2.571999999999998e-09 -1.855206849011377e-01 
 2.575999999999998e-09 -1.751610113993318e-01 
 2.579999999999998e-09 -1.641032828680333e-01 
 2.583999999999998e-09 -1.523899461451688e-01 
 2.587999999999998e-09 -1.400663205146837e-01 
 2.591999999999998e-09 -1.271804475894989e-01 
 2.595999999999998e-09 -1.137829199136600e-01 
 2.599999999999998e-09 -9.992668795542325e-02 
 2.603999999999998e-09 -8.566684695890281e-02 
 2.607999999999998e-09 -7.106040475015885e-02 
 2.611999999999998e-09 -5.616603226561834e-02 
 2.615999999999998e-09 -4.104379839138295e-02 
 2.619999999999998e-09 -2.575482409233398e-02 
 2.623999999999998e-09 -1.036131435932619e-02 
 2.627999999999998e-09  5.074207575978207e-03 
 2.631999999999998e-09  2.048919283474149e-02 
 2.635999999999998e-09  3.582053095876203e-02 
 2.639999999999998e-09  5.100563692157900e-02 
 2.643999999999998e-09  6.598328715393276e-02 
 2.647999999999998e-09  8.069346646581943e-02 
 2.651999999999998e-09  9.507735414298724e-02 
 2.655999999999998e-09  1.090775441541934e-01 
 2.659999999999998e-09  1.226383130070143e-01 
 2.663999999999998e-09  1.357058972532021e-01 
 2.667999999999998e-09  1.482287553478998e-01 
 2.671999999999998e-09  1.601578003254089e-01 
 2.675999999999998e-09  1.714466066587534e-01 
 2.679999999999998e-09  1.820515832675520e-01 
 2.683999999999998e-09  1.919321218593835e-01 
 2.687999999999998e-09  2.010507147905749e-01 
 2.691999999999998e-09  2.093730518550989e-01 
 2.695999999999998e-09  2.168680919518025e-01 
 2.699999999999998e-09  2.235081182940526e-01 
 2.703999999999998e-09  2.292687746536930e-01 
 2.707999999999998e-09  2.341290904867079e-01 
 2.711999999999998e-09  2.380714935231889e-01 
 2.715999999999998e-09  2.410818166944579e-01 
 2.719999999999998e-09  2.431492984429151e-01 
 2.723999999999998e-09  2.442665819854808e-01 
 2.727999999999998e-09  2.444297123934822e-01 
 2.731999999999998e-09  2.436381354338892e-01 
 2.735999999999998e-09  2.418946963607427e-01 
 2.739999999999998e-09  2.392056408405936e-01 
 2.743999999999998e-09  2.355806153292745e-01 
 2.747999999999998e-09  2.310326674614400e-01 
 2.751999999999998e-09  2.255782430159656e-01 
 2.755999999999998e-09  2.192371788116525e-01 
 2.759999999999998e-09  2.120326877207306e-01 
 2.763999999999997e-09  2.039913345002728e-01 
 2.767999999999997e-09  1.951429987576658e-01 
 2.771999999999997e-09  1.855208236801245e-01 
 2.775999999999997e-09  1.751611474209374e-01 
 2.779999999999997e-09  1.641034161865105e-01 
 2.783999999999997e-09  1.523900768119004e-01 
 2.787999999999997e-09  1.400664485787075e-01 
 2.791999999999997e-09  1.271805730971654e-01 
 2.795999999999997e-09  1.137830429090045e-01 
 2.799999999999997e-09  9.992680848054425e-02 
 2.803999999999997e-09  8.566696505437932e-02 
 2.807999999999997e-09  7.106052045516309e-02 
 2.811999999999997e-09  5.616614561825628e-02 
 2.815999999999997e-09  4.104390942869252e-02 
 2.819999999999997e-09  2.575493285062791e-02 
 2.823999999999997e-09  1.036142087468050e-02 
 2.827999999999997e-09 -5.074103267844521e-03 
 2.831999999999997e-09 -2.048909069805926e-02 
 2.835999999999997e-09 -3.582043095773368e-02 
 2.839999999999997e-09 -5.100553901997262e-02 
 2.843999999999997e-09 -6.598319131496133e-02 
 2.847999999999997e-09 -8.069337265227583e-02 
 2.851999999999997e-09 -9.507726231680147e-02 
 2.855999999999997e-09 -1.090774542770032e-01 
 2.859999999999997e-09 -1.226382250392111e-01 
 2.863999999999997e-09 -1.357058111553386e-01 
 2.867999999999997e-09 -1.482286710797815e-01 
 2.871999999999997e-09 -1.601577178458768e-01 
 2.875999999999997e-09 -1.714465259260223e-01 
 2.879999999999997e-09 -1.820515042405186e-01 
 2.883999999999997e-09 -1.919320444952382e-01 
 2.887999999999997e-09 -2.010506390475080e-01 
 2.891999999999997e-09 -2.093729776907853e-01 
 2.895999999999997e-09 -2.168680193237664e-01 
 2.899999999999997e-09 -2.235080471608395e-01 
 2.903999999999997e-09 -2.292687049741999e-01 
 2.907999999999997e-09 -2.341290222202985e-01 
 2.911999999999997e-09 -2.380714266304340e-01 
 2.915999999999997e-09 -2.410817511361656e-01 
 2.919999999999997e-09 -2.431492341816204e-01 
 2.923999999999997e-09 -2.442665189848356e-01 
 2.927999999999997e-09 -2.444296506187384e-01 
 2.931999999999997e-09 -2.436380748511731e-01 
 2.935999999999997e-09 -2.418946369378028e-01 
 2.939999999999997e-09 -2.392055825467041e-01 
 2.943999999999997e-09 -2.355805581356085e-01 
 2.947999999999997e-09 -2.310326113399199e-01 
 2.951999999999997e-09 -2.255781879404917e-01 
 2.955999999999997e-09 -2.192371247578360e-01 
 2.959999999999997e-09 -2.120326346645760e-01 
 2.963999999999997e-09 -2.039912824201944e-01 
 2.967999999999997e-09 -1.951429476328266e-01 
 2.971999999999997e-09 -1.855207734914641e-01 
 2.975999999999997e-09 -1.751610981490455e-01 
 2.979999999999997e-09 -1.641033678151165e-01 
 2.983999999999997e-09 -1.523900293244393e-01 
 2.987999999999997e-09 -1.400664019594564e-01 
 2.991999999999997e-09 -1.271805273318467e-01 
 2.995999999999997e-09 -1.137829979838267e-01 
 2.999999999999997e-09 -9.992676438259851e-02 
 3.003999999999997e-09 -8.566692177153712e-02 
 3.007999999999997e-09 -7.106047797593540e-02 
 3.011999999999997e-09 -5.616610393146537e-02 
 3.015999999999997e-09 -4.104386852396136e-02 
 3.019999999999997e-09 -2.575489271781350e-02 
 3.023999999999997e-09 -1.036138150469235e-02 
 3.027999999999997e-09  5.074141884896299e-03 
 3.031999999999997e-09  2.048912857024376e-02 
 3.035999999999997e-09  3.582046809372130e-02 
 3.039999999999997e-09  5.100557542763795e-02 
 3.043999999999997e-09  6.598322700231662e-02 
 3.047999999999997e-09  8.069340762704069e-02 
 3.051999999999996e-09  9.507729658667596e-02 
 3.055999999999996e-09  1.090774878491771e-01 
 3.059999999999996e-09  1.226382579216398e-01 
 3.063999999999996e-09  1.357058433550939e-01 
 3.067999999999996e-09  1.482287026043738e-01 
 3.071999999999996e-09  1.601577487033152e-01 
 3.075999999999996e-09  1.714465561243923e-01 
 3.079999999999996e-09  1.820515337874808e-01 
 3.083999999999996e-09  1.919320733996028e-01 
 3.087999999999996e-09  2.010506673176065e-01 
 3.091999999999996e-09  2.093730053364213e-01 
 3.095999999999996e-09  2.168680463543768e-01 
 3.099999999999996e-09  2.235080735864987e-01 
 3.103999999999996e-09  2.292687308050687e-01 
 3.107999999999996e-09  2.341290474670683e-01 
 3.111999999999996e-09  2.380714513045619e-01 
 3.115999999999996e-09  2.410817752493140e-01 
 3.119999999999996e-09  2.431492577451921e-01 
 3.123999999999996e-09  2.442665420109686e-01 
 3.127999999999996e-09  2.444296731196225e-01 
 3.131999999999996e-09  2.436380968388272e-01 
 3.135999999999996e-09  2.418946584245931e-01 
 3.139999999999996e-09  2.392056035443160e-01 
 3.143999999999996e-09  2.355805786562279e-01 
 3.147999999999996e-09  2.310326313950155e-01 
 3.151999999999996e-09  2.255782075415322e-01 
 3.155999999999996e-09  2.192371439155585e-01 
 3.159999999999996e-09  2.120326533896939e-01 
 3.163999999999996e-09  2.039913007227767e-01 
 3.167999999999996e-09  1.951429655221819e-01 
 3.171999999999996e-09  1.855207909768422e-01 
 3.175999999999996e-09  1.751611152396202e-01 
 3.179999999999996e-09  1.641033845185831e-01 
 3.183999999999996e-09  1.523900456489482e-01 
 3.187999999999996e-09  1.400664179123696e-01 
 3.191999999999996e-09  1.271805429204602e-01 
 3.195999999999996e-09  1.137830132150350e-01 
 3.199999999999996e-09  9.992677926353810e-02 
 3.203999999999996e-09  8.566693630838706e-02 
 3.207999999999996e-09  7.106049217482013e-02 
 3.211999999999996e-09  5.616611779937131e-02 
 3.215999999999996e-09  4.104388206733223e-02 
 3.219999999999996e-09  2.575490594280261e-02 
 3.223999999999996e-09  1.036139441834472e-02 
 3.227999999999996e-09 -5.074129275929096e-03 
 3.231999999999996e-09 -2.048911625928884e-02 
 3.235999999999996e-09 -3.582045607310658e-02 
 3.239999999999996e-09 -5.100556369007236e-02 
 3.243999999999996e-09 -6.598321553994602e-02 
 3.247999999999996e-09 -8.069339643153839e-02 
 3.251999999999996e-09 -9.507728564958828e-02 
 3.255999999999996e-09 -1.090774771616543e-01 
 3.259999999999996e-09 -1.226382474749093e-01 
 3.263999999999996e-09 -1.357058331401588e-01 
 3.267999999999996e-09 -1.482286926119505e-01 
 3.271999999999996e-09 -1.601577389233757e-01 
 3.275999999999996e-09 -1.714465465479975e-01 
 3.279999999999996e-09 -1.820515244050989e-01 
 3.283999999999996e-09 -1.919320642016782e-01 
 3.287999999999996e-09 -2.010506582952210e-01 
 3.291999999999996e-09 -2.093729964800075e-01 
 3.295999999999996e-09 -2.168680376560981e-01 
 3.299999999999996e-09 -2.235080650371877e-01 
 3.303999999999996e-09 -2.292687223972552e-01 
 3.307999999999996e-09 -2.341290391935478e-01 
 3.311999999999996e-09 -2.380714431579205e-01 
 3.315999999999996e-09 -2.410817672232546e-01 
 3.319999999999996e-09 -2.431492498341856e-01 
 3.323999999999996e-09 -2.442665342095673e-01 
 3.327999999999996e-09 -2.444296654229596e-01 
 3.331999999999996e-09 -2.436380892427383e-01 
 3.335999999999996e-09 -2.418946509253237e-01 
 3.339999999999995e-09 -2.392055961389146e-01 
 3.343999999999995e-09 -2.355805713416452e-01 
 3.347999999999995e-09 -2.310326241688050e-01 
 3.351999999999995e-09 -2.255782004012037e-01 
 3.355999999999995e-09 -2.192371368591695e-01 
 3.359999999999995e-09 -2.120326464158611e-01 
 3.363999999999995e-09 -2.039912938297501e-01 
 3.367999999999995e-09 -1.951429587089337e-01 
 3.371999999999995e-09 -1.855207842418856e-01 
 3.375999999999995e-09 -1.751611085821745e-01 
 3.379999999999995e-09 -1.641033779376011e-01 
 3.383999999999995e-09 -1.523900391431781e-01 
 3.387999999999995e-09 -1.400664114817554e-01 
 3.391999999999995e-09 -1.271805365639116e-01 
 3.395999999999995e-09 -1.137830069320342e-01 
 3.399999999999995e-09 -9.992677305375874e-02 
 3.403999999999995e-09 -8.566693017162752e-02 
 3.407999999999995e-09 -7.106048611097737e-02 
 3.411999999999995e-09 -5.616611180832098e-02 
 3.415999999999995e-09 -4.104387614928040e-02 
 3.419999999999995e-09 -2.575490009890302e-02 
 3.423999999999995e-09 -1.036138864872971e-02 
 3.427999999999995e-09  5.074134970262101e-03 
 3.431999999999995e-09  2.048912187720653e-02 
 3.435999999999995e-09  3.582046161287789e-02 
 3.439999999999995e-09  5.100556914995824e-02 
 3.443999999999995e-09  6.598322091774289e-02 
 3.447999999999995e-09  8.069340172511286e-02 
 3.451999999999995e-09  9.507729085667727e-02 
 3.455999999999995e-09  1.090774822796154e-01 
 3.459999999999995e-09  1.226382525005949e-01 
 3.463999999999995e-09  1.357058380708880e-01 
 3.467999999999995e-09  1.482286974442637e-01 
 3.471999999999995e-09  1.601577436552062e-01 
 3.475999999999995e-09  1.714465511751757e-01 
 3.479999999999995e-09  1.820515289251246e-01 
 3.483999999999995e-09  1.919320686124868e-01 
 3.487999999999995e-09  2.010506625938775e-01 
 3.491999999999995e-09  2.093730006644070e-01 
 3.495999999999995e-09  2.168680417234585e-01 
 3.499999999999995e-09  2.235080689870623e-01 
 3.503999999999995e-09  2.292687262277677e-01 
 3.507999999999995e-09  2.341290429042113e-01 
 3.511999999999995e-09  2.380714467483027e-01 
 3.515999999999995e-09  2.410817706934938e-01 
 3.519999999999995e-09  2.431492531846460e-01 
 3.523999999999995e-09  2.442665374417401e-01 
 3.527999999999995e-09  2.444296685377361e-01 
 3.531999999999995e-09  2.436380922422106e-01 
 3.535999999999995e-09  2.418946538105295e-01 
 3.539999999999995e-09  2.392055989124398e-01 
 3.543999999999995e-09  2.355805740060430e-01 
 3.547999999999995e-09  2.310326267264626e-01 
 3.551999999999995e-09  2.255782028547166e-01 
 3.555999999999995e-09  2.192371392110475e-01 
 3.559999999999995e-09  2.120326486683899e-01 
 3.563999999999995e-09  2.039912959859063e-01 
 3.567999999999995e-09  1.951429607710633e-01 
 3.571999999999995e-09  1.855207862125439e-01 
 3.575999999999995e-09  1.751611104632791e-01 
 3.579999999999995e-09  1.641033797316700e-01 
 3.583999999999995e-09  1.523900408530601e-01 
 3.587999999999995e-09  1.400664131087188e-01 
 3.591999999999995e-09  1.271805381105189e-01 
 3.595999999999995e-09  1.137830084001559e-01 
 3.599999999999995e-09  9.992677444545173e-02 
 3.603999999999995e-09  8.566693148896576e-02 
 3.607999999999995e-09  7.106048735647352e-02 
 3.611999999999995e-09  5.616611298359864e-02 
 3.615999999999995e-09  4.104387725737979e-02 
 3.619999999999995e-09  2.575490114204015e-02 
 3.623999999999995e-09  1.036138962980715e-02 
 3.627999999999995e-09 -5.074134048716594e-03 
 3.631999999999994e-09 -2.048912101209588e-02 
 3.635999999999994e-09 -3.582046080010226e-02 
 3.639999999999994e-09 -5.100556838648629e-02 
 3.643999999999994e-09 -6.598322019952185e-02 
 3.647999999999994e-09 -8.069340104822764e-02 
 3.651999999999994e-09 -9.507729021613365e-02 
 3.655999999999994e-09 -1.090774816711590e-01 
 3.659999999999994e-09 -1.226382519195495e-01 
 3.663999999999994e-09 -1.357058375120825e-01 
 3.667999999999994e-09 -1.482286969030895e-01 
 3.671999999999994e-09 -1.601577431259233e-01 
 3.675999999999994e-09 -1.714465506535956e-01 
 3.679999999999994e-09 -1.820515284059079e-01 
 3.683999999999994e-09 -1.919320680904613e-01 
 3.687999999999994e-09 -2.010506620642896e-01 
 3.691999999999994e-09 -2.093730001230001e-01 
 3.695999999999994e-09 -2.168680411665571e-01 
 3.699999999999994e-09 -2.235080684102149e-01 
 3.703999999999994e-09 -2.292687256280208e-01 
 3.707999999999994e-09 -2.341290422783742e-01 
 3.711999999999994e-09 -2.380714460937539e-01 
 3.715999999999994e-09 -2.410817700080359e-01 
 3.719999999999994e-09 -2.431492524672412e-01 
 3.723999999999994e-09 -2.442665366902301e-01 
 3.727999999999995e-09 -2.444296677516398e-01 
 3.731999999999995e-09 -2.436380914211980e-01 
 3.735999999999995e-09 -2.418946529545043e-01 
 3.739999999999996e-09 -2.392055980215804e-01 
 3.743999999999996e-09 -2.355805730804617e-01 
 3.747999999999997e-09 -2.310326257668371e-01 
 3.751999999999997e-09 -2.255782018620058e-01 
 3.755999999999997e-09 -2.192371381861069e-01 
 3.759999999999998e-09 -2.120326476124741e-01 
 3.763999999999998e-09 -2.039912948994100e-01 
 3.767999999999999e-09 -1.951429596554406e-01 
 3.771999999999999e-09 -1.855207850686087e-01 
 3.775999999999999e-09 -1.751611092924210e-01 
 3.780000000000000e-09 -1.641033785351711e-01 
 3.784000000000000e-09 -1.523900396309568e-01 
 3.788000000000001e-09 -1.400664118626755e-01 
 3.792000000000001e-09 -1.271805368413244e-01 
 3.796000000000001e-09 -1.137830071092916e-01 
 3.800000000000002e-09 -9.992677313372322e-02 
 3.804000000000002e-09 -8.566693015731008e-02 
 3.808000000000003e-09 -7.106048600664128e-02 
 3.812000000000003e-09 -5.616611161713347e-02 
 3.816000000000003e-09 -4.104387587522407e-02 
 3.820000000000004e-09 -2.575489974640188e-02 
 3.824000000000004e-09 -1.036138822187649e-02 
 3.828000000000005e-09  5.074135466587748e-03 
 3.832000000000005e-09  2.048912243732381e-02 
 3.836000000000005e-09  3.582046223031909e-02 
 3.840000000000006e-09  5.100556981859405e-02 
 3.844000000000006e-09  6.598322163112780e-02 
 3.848000000000007e-09  8.069340247519108e-02 
 3.852000000000007e-09  9.507729163569500e-02 
 3.856000000000007e-09  1.090774830790142e-01 
 3.860000000000008e-09  1.226382533122683e-01 
 3.864000000000008e-09  1.357058388853050e-01 
 3.868000000000009e-09  1.482286982530576e-01 
 3.872000000000009e-09  1.601577444486768e-01 
 3.876000000000009e-09  1.714465519446993e-01 
 3.880000000000010e-09  1.820515296618117e-01 
 3.884000000000010e-09  1.919320693068616e-01 
 3.888000000000011e-09  2.010506632380484e-01 
 3.892000000000011e-09  2.093730012504187e-01 
 3.896000000000011e-09  2.168680422443741e-01 
 3.900000000000012e-09  2.235080694357827e-01 
 3.904000000000012e-09  2.292687265986968e-01 
 3.908000000000013e-09  2.341290431917780e-01 
 3.912000000000013e-09  2.380714469488945e-01 
 3.916000000000013e-09  2.410817708034727e-01 
 3.920000000000014e-09  2.431492532015729e-01 
 3.924000000000014e-09  2.442665373639243e-01 
 3.928000000000015e-09  2.444296683645497e-01 
 3.932000000000015e-09  2.436380919728447e-01 
 3.936000000000015e-09  2.418946534464708e-01 
 3.940000000000016e-09  2.392055984539097e-01 
 3.944000000000016e-09  2.355805734544651e-01 
 3.948000000000017e-09  2.310326260835096e-01 
 3.952000000000017e-09  2.255782021231691e-01 
 3.956000000000017e-09  2.192371383931384e-01 
 3.960000000000018e-09  2.120326477664070e-01 
 3.964000000000018e-09  2.039912950021461e-01 
 3.968000000000019e-09  1.951429597081358e-01 
 3.972000000000019e-09  1.855207850733982e-01 
 3.976000000000019e-09  1.751611092501149e-01 
 3.980000000000020e-09  1.641033784469883e-01 
 3.984000000000020e-09  1.523900394987887e-01 
 3.988000000000021e-09  1.400664116880677e-01 
 3.992000000000021e-09  1.271805366251737e-01 
 3.996000000000021e-09  1.137830068529340e-01 
 4.000000000000022e-09  9.992677283867302e-02 
 4.004000000000022e-09  8.566692982497415e-02 
 4.008000000000023e-09  7.106048563837497e-02 
 4.012000000000023e-09  5.616611121457105e-02 
 4.016000000000023e-09  4.104387544000065e-02 
 4.020000000000024e-09  2.575489928077523e-02 
 4.024000000000024e-09  1.036138772797202e-02 
 4.028000000000025e-09 -5.074135986730788e-03 
 4.032000000000025e-09 -2.048912298116168e-02 
 4.036000000000025e-09 -3.582046279566686e-02 
 4.040000000000026e-09 -5.100557040213349e-02 
 4.044000000000026e-09 -6.598322222915876e-02 
 4.048000000000027e-09 -8.069340308517514e-02 
 4.052000000000027e-09 -9.507729225341599e-02 
 4.056000000000027e-09 -1.090774837011583e-01 
 4.060000000000028e-09 -1.226382539344755e-01 
 4.064000000000028e-09 -1.357058395037249e-01 
 4.068000000000029e-09 -1.482286988633845e-01 
 4.072000000000029e-09 -1.601577450468890e-01 
 4.076000000000029e-09 -1.714465525266720e-01 
 4.080000000000030e-09 -1.820515302232648e-01 
 4.084000000000030e-09 -1.919320698438609e-01 
 4.088000000000031e-09 -2.010506637465834e-01 
 4.092000000000031e-09 -2.093730017269970e-01 
 4.096000000000031e-09 -2.168680426857623e-01 
 4.100000000000032e-09 -2.235080698386018e-01 
 4.104000000000032e-09 -2.292687269607976e-01 
 4.108000000000033e-09 -2.341290435106644e-01 
 4.112000000000033e-09 -2.380714472225431e-01 
 4.116000000000033e-09 -2.410817710306783e-01 
 4.120000000000034e-09 -2.431492533811945e-01 
 4.124000000000034e-09 -2.442665374951771e-01 
 4.128000000000035e-09 -2.444296684469767e-01 
 4.132000000000035e-09 -2.436380920069476e-01 
 4.136000000000035e-09 -2.418946534319224e-01 
 4.140000000000036e-09 -2.392055983920502e-01 
 4.144000000000036e-09 -2.355805733455540e-01 
 4.148000000000037e-09 -2.310326259288478e-01 
 4.152000000000037e-09 -2.255782019232440e-01 
 4.156000000000037e-09 -2.192371381491034e-01 
 4.160000000000038e-09 -2.120326474802705e-01 
 4.164000000000038e-09 -2.039912946748337e-01 
 4.168000000000039e-09 -1.951429593407199e-01 
 4.172000000000039e-09 -1.855207846671005e-01 
 4.176000000000039e-09 -1.751611088061980e-01 
 4.180000000000040e-09 -1.641033779668097e-01 
 4.184000000000040e-09 -1.523900389834436e-01 
 4.188000000000041e-09 -1.400664111384042e-01 
 4.192000000000041e-09 -1.271805360430971e-01 
 4.196000000000041e-09 -1.137830062391618e-01 
 4.200000000000042e-09 -9.992677219420276e-02 
 4.204000000000042e-09 -8.566692915176510e-02 
 4.208000000000043e-09 -7.106048493721318e-02 
 4.212000000000043e-09 -5.616611048700193e-02 
 4.216000000000043e-09 -4.104387468755011e-02 
 4.220000000000044e-09 -2.575489850530932e-02 
 4.224000000000044e-09 -1.036138693102995e-02 
 4.228000000000045e-09  5.074136802948104e-03 
 4.232000000000045e-09  2.048912381416823e-02 
 4.236000000000045e-09  3.582046364268621e-02 
 4.240000000000046e-09  5.100557126117788e-02 
 4.244000000000046e-09  6.598322309711424e-02 
 4.248000000000047e-09  8.069340395808666e-02 
 4.252000000000047e-09  9.507729312852575e-02 
 4.256000000000047e-09  1.090774845750584e-01 
 4.260000000000048e-09  1.226382548030918e-01 
 4.264000000000048e-09  1.357058403638272e-01 
 4.268000000000049e-09  1.482286997103870e-01 
 4.272000000000049e-09  1.601577458772967e-01 
 4.276000000000049e-09  1.714465533360938e-01 
 4.280000000000050e-09  1.820515310083328e-01 
 4.284000000000050e-09  1.919320706008771e-01 
 4.288000000000051e-09  2.010506644718197e-01 
 4.292000000000051e-09  2.093730024168337e-01 
 4.296000000000051e-09  2.168680433375152e-01 
 4.300000000000052e-09  2.235080704493448e-01 
 4.304000000000052e-09  2.292687275282126e-01 
 4.308000000000053e-09  2.341290440325521e-01 
 4.312000000000053e-09  2.380714476975725e-01 
 4.316000000000053e-09  2.410817714571458e-01 
 4.320000000000054e-09  2.431492537581665e-01 
 4.324000000000054e-09  2.442665378220350e-01 
 4.328000000000055e-09  2.444296687238769e-01 
 4.332000000000055e-09  2.436380922333394e-01 
 4.336000000000055e-09  2.418946536087114e-01 
 4.340000000000056e-09  2.392055985194710e-01 
 4.344000000000056e-09  2.355805734248757e-01 
 4.348000000000057e-09  2.310326259610984e-01 
 4.352000000000057e-09  2.255782019091410e-01 
 4.356000000000057e-09  2.192371380902225e-01 
 4.360000000000058e-09  2.120326473776002e-01 
 4.364000000000058e-09  2.039912945294140e-01 
 4.368000000000059e-09  1.951429591547535e-01 
 4.372000000000059e-09  1.855207844408024e-01 
 4.376000000000059e-09  1.751611085413209e-01 
 4.380000000000060e-09  1.641033776643042e-01 
 4.384000000000060e-09  1.523900386449561e-01 
 4.388000000000061e-09  1.400664107649030e-01 
 4.392000000000061e-09  1.271805356354045e-01 
 4.396000000000061e-09  1.137830057987070e-01 
 4.400000000000062e-09  9.992677172220432e-02 
 4.404000000000062e-09  8.566692864894332e-02 
 4.408000000000063e-09  7.106048440526980e-02 
 4.412000000000063e-09  5.616610992780213e-02 
 4.416000000000063e-09  4.104387410195098e-02 
 4.420000000000064e-09  2.575489789563168e-02 
 4.424000000000064e-09  1.036138629896755e-02 
 4.428000000000065e-09 -5.074137455658878e-03 
 4.432000000000065e-09 -2.048912448544193e-02 
 4.436000000000065e-09 -3.582046432978281e-02 
 4.440000000000066e-09 -5.100557196108202e-02 
 4.444000000000066e-09 -6.598322380777955e-02 
 4.448000000000067e-09 -8.069340467638231e-02 
 4.452000000000067e-09 -9.507729385077113e-02 
 4.456000000000067e-09 -1.090774852977825e-01 
 4.460000000000068e-09 -1.226382555228183e-01 
 4.464000000000068e-09 -1.357058410762919e-01 
 4.468000000000069e-09 -1.482287004128526e-01 
 4.472000000000069e-09 -1.601577465651216e-01 
 4.476000000000069e-09 -1.714465540061996e-01 
 4.480000000000070e-09 -1.820515316564535e-01 
 4.484000000000070e-09 -1.919320712236150e-01 
 4.488000000000071e-09 -2.010506650655879e-01 
 4.492000000000071e-09 -2.093730029787264e-01 
 4.496000000000071e-09 -2.168680438641535e-01 
 4.500000000000072e-09 -2.235080709382711e-01 
 4.504000000000072e-09 -2.292687279767156e-01 
 4.508000000000073e-09 -2.341290444389634e-01 
 4.512000000000073e-09 -2.380714480599608e-01 
 4.516000000000073e-09 -2.410817717743654e-01 
 4.520000000000074e-09 -2.431492540295737e-01 
 4.524000000000074e-09 -2.442665380464490e-01 
 4.528000000000075e-09 -2.444296689012386e-01 
 4.532000000000075e-09 -2.436380923641270e-01 
 4.536000000000075e-09 -2.418946536931410e-01 
 4.540000000000076e-09 -2.392055985578603e-01 
 4.544000000000076e-09 -2.355805734180663e-01 
 4.548000000000077e-09 -2.310326259096434e-01 
 4.552000000000077e-09 -2.255782018149333e-01 
 4.556000000000077e-09 -2.192371379537459e-01 
 4.560000000000078e-09 -2.120326472001635e-01 
 4.564000000000078e-09 -2.039912943125692e-01 
 4.568000000000079e-09 -1.951429588988760e-01 
 4.572000000000079e-09 -1.855207841480500e-01 
 4.576000000000079e-09 -1.751611082125013e-01 
 4.580000000000080e-09 -1.641033773002585e-01 
 4.584000000000080e-09 -1.523900382469137e-01 
 4.588000000000081e-09 -1.400664103337927e-01 
 4.592000000000081e-09 -1.271805351726032e-01 
 4.596000000000081e-09 -1.137830053051792e-01 
 4.600000000000082e-09 -9.992677119919957e-02 
 4.604000000000082e-09 -8.566692809778864e-02 
 4.608000000000083e-09 -7.106048382728680e-02 
 4.612000000000083e-09 -5.616610932364008e-02 
 4.616000000000083e-09 -4.104387347417138e-02 
 4.620000000000084e-09 -2.575489724476032e-02 
 4.624000000000084e-09 -1.036138562743272e-02 
 4.628000000000085e-09  5.074138146004437e-03 
 4.632000000000085e-09  2.048912519257406e-02 
 4.636000000000085e-09  3.582046505183278e-02 
 4.640000000000086e-09  5.100557269508688e-02 
 4.644000000000086e-09  6.598322455047168e-02 
 4.648000000000087e-09  8.069340542558656e-02 
 4.652000000000087e-09  9.507729460285841e-02 
 4.656000000000087e-09  1.090774860498698e-01 
 4.660000000000088e-09  1.226382562714070e-01 
 4.664000000000088e-09  1.357058418179236e-01 
 4.668000000000089e-09  1.482287011436503e-01 
 4.672000000000089e-09  1.601577472817510e-01 
 4.676000000000089e-09  1.714465547048549e-01 
 4.680000000000090e-09  1.820515323335892e-01 
 4.684000000000090e-09  1.919320718758861e-01 
 4.688000000000091e-09  2.010506656892241e-01 
 4.692000000000091e-09  2.093730035712746e-01 
 4.696000000000091e-09  2.168680444223186e-01 
 4.700000000000092e-09  2.235080714596238e-01 
 4.704000000000092e-09  2.292687284589718e-01 
 4.708000000000093e-09  2.341290448803275e-01 
 4.712000000000093e-09  2.380714484585584e-01 
 4.716000000000093e-09  2.410817721292229e-01 
 4.720000000000094e-09  2.431492543398672e-01 
 4.724000000000094e-09  2.442665383114540e-01 
 4.728000000000095e-09  2.444296691209835e-01 
 4.732000000000095e-09  2.436380925383708e-01 
 4.736000000000095e-09  2.418946538221665e-01 
 4.740000000000096e-09  2.392055986427333e-01 
 4.744000000000096e-09  2.355805734591430e-01 
 4.748000000000097e-09  2.310326259081166e-01 
 4.752000000000097e-09  2.255782017711536e-01 
 4.756000000000097e-09  2.192371378693894e-01 
 4.760000000000098e-09  2.120326470761822e-01 
 4.764000000000098e-09  2.039912941501583e-01 
 4.768000000000099e-09  1.951429586990461e-01 
 4.772000000000099e-09  1.855207839119757e-01 
 4.776000000000099e-09  1.751611079413324e-01 
 4.780000000000100e-09  1.641033769954268e-01 
 4.784000000000100e-09  1.523900379090044e-01 
 4.788000000000101e-09  1.400664099643345e-01 
 4.792000000000101e-09  1.271805347722710e-01 
 4.796000000000101e-09  1.137830048753248e-01 
 4.800000000000102e-09  9.992677074032130e-02 
 4.804000000000102e-09  8.566692761196215e-02 
 4.808000000000103e-09  7.106048331476078e-02 
 4.812000000000103e-09  5.616610878650619e-02 
 4.816000000000103e-09  4.104387291339506e-02 
 4.820000000000104e-09  2.575489666244035e-02 
 4.824000000000104e-09  1.036138502436046e-02 
 4.828000000000105e-09 -5.074138767689362e-03 
 4.832000000000105e-09 -2.048912583074802e-02 
 4.836000000000105e-09 -3.582046570412523e-02 
 4.840000000000106e-09 -5.100557335912637e-02 
 4.844000000000106e-09 -6.598322522361588e-02 
 4.848000000000107e-09 -8.069340610496756e-02 
 4.852000000000107e-09 -9.507729528577968e-02 
 4.856000000000107e-09 -1.090774867323878e-01 
 4.860000000000108e-09 -1.226382569508528e-01 
 4.864000000000108e-09 -1.357058424911255e-01 
 4.868000000000109e-09 -1.482287018067163e-01 
 4.872000000000109e-09 -1.601577479311223e-01 
 4.876000000000109e-09 -1.714465553374520e-01 
 4.880000000000110e-09 -1.820515329455716e-01 
 4.884000000000110e-09 -1.919320724640832e-01 
 4.888000000000111e-09 -2.010506662511311e-01 
 4.892000000000111e-09 -2.093730041028157e-01 
 4.896000000000111e-09 -2.168680449214522e-01 
 4.900000000000112e-09 -2.235080719237845e-01 
 4.904000000000112e-09 -2.292687288856792e-01 
 4.908000000000113e-09 -2.341290452678730e-01 
 4.912000000000113e-09 -2.380714488058291e-01 
 4.916000000000113e-09 -2.410817724341776e-01 
 4.920000000000114e-09 -2.431492546023020e-01 
 4.924000000000114e-09 -2.442665385306388e-01 
 4.928000000000115e-09 -2.444296692965409e-01 
 4.932000000000115e-09 -2.436380926706483e-01 
 4.936000000000115e-09 -2.418946539115392e-01 
 4.940000000000116e-09 -2.392055986892989e-01 
 4.944000000000116e-09 -2.355805734639465e-01 
 4.948000000000117e-09 -2.310326258721247e-01 
 4.952000000000117e-09 -2.255782016955941e-01 
 4.956000000000117e-09 -2.192371377545794e-01 
 4.960000000000118e-09 -2.120326469234222e-01 
 4.964000000000118e-09 -2.039912939605211e-01 
 4.968000000000119e-09 -1.951429584742117e-01 
 4.972000000000119e-09 -1.855207836521862e-01 
 4.976000000000119e-09 -1.751611076479076e-01 
 4.980000000000120e-09 -1.641033766695381e-01 
 4.984000000000120e-09 -1.523900375519052e-01 
 4.988000000000121e-09 -1.400664095764688e-01 
 4.992000000000121e-09 -1.271805343553041e-01 
 4.996000000000121e-09 -1.137830044295898e-01 
 5.000000000000122e-09 -9.992677026818075e-02 
 5.004000000000122e-09 -8.566692711261847e-02 
 5.008000000000122e-09 -7.106048279078170e-02 
 5.012000000000123e-09 -5.616610823845747e-02 
 5.016000000000123e-09 -4.104387234277951e-02 
 5.020000000000124e-09 -2.575489607077053e-02 
 5.024000000000124e-09 -1.036138441331502e-02 
 5.028000000000124e-09  5.074139396151978e-03 
 5.032000000000125e-09  2.048912647519252e-02 
 5.036000000000125e-09  3.582046636191549e-02 
 5.040000000000126e-09  5.100557402802686e-02 
 5.044000000000126e-09  6.598322590146388e-02 
 5.048000000000126e-09  8.069340678857717e-02 
 5.052000000000127e-09  9.507729597238690e-02 
 5.056000000000127e-09  1.090774874193174e-01 
 5.060000000000128e-09  1.226382576346969e-01 
 5.064000000000128e-09  1.357058431682816e-01 
 5.068000000000128e-09  1.482287024741291e-01 
 5.072000000000129e-09  1.601577485859984e-01 
 5.076000000000129e-09  1.714465559752130e-01 
 5.080000000000130e-09  1.820515335642412e-01 
 5.084000000000130e-09  1.919320730597978e-01 
 5.088000000000130e-09  2.010506668205103e-01 
 5.092000000000131e-09  2.093730046436919e-01 
 5.096000000000131e-09  2.168680454308971e-01 
 5.100000000000132e-09  2.235080723994769e-01 
 5.104000000000132e-09  2.292687293256774e-01 
 5.108000000000132e-09  2.341290456703637e-01 
 5.112000000000133e-09  2.380714491684550e-01 
 5.116000000000133e-09  2.410817727570314e-01 
 5.120000000000134e-09  2.431492548834937e-01 
 5.124000000000134e-09  2.442665387702447e-01 
 5.128000000000134e-09  2.444296694945884e-01 
 5.132000000000135e-09  2.436380928272999e-01 
 5.136000000000135e-09  2.418946540265599e-01 
 5.140000000000136e-09  2.392055987636370e-01 
 5.144000000000136e-09  2.355805734979257e-01 
 5.148000000000136e-09  2.310326258664699e-01 
 5.152000000000137e-09  2.255782016512353e-01 
 5.156000000000137e-09  2.192371376734621e-01 
 5.160000000000138e-09  2.120326468057105e-01 
 5.164000000000138e-09  2.039912938076416e-01 
 5.168000000000138e-09  1.951429582866115e-01 
 5.172000000000139e-09  1.855207834316106e-01 
 5.176000000000139e-09  1.751611073952937e-01 
 5.180000000000140e-09  1.641033763857092e-01 
 5.184000000000140e-09  1.523900372377334e-01 
 5.188000000000140e-09  1.400664092332526e-01 
 5.192000000000141e-09  1.271805339836023e-01 
 5.196000000000141e-09  1.137830040309442e-01 
 5.200000000000142e-09  9.992676984276017e-02 
 5.204000000000142e-09  8.566692666241416e-02 
 5.208000000000142e-09  7.106048231658946e-02 
 5.212000000000143e-09  5.616610774116992e-02 
 5.216000000000143e-09  4.104387182421299e-02 
 5.220000000000144e-09  2.575489553194110e-02 
 5.224000000000144e-09  1.036138385634366e-02 
 5.228000000000144e-09 -5.074139970748348e-03 
 5.232000000000145e-09 -2.048912706443851e-02 
 5.236000000000145e-09 -3.582046696419283e-02 
 5.240000000000146e-09 -5.100557464111510e-02 
 5.244000000000146e-09 -6.598322652284772e-02 
 5.248000000000146e-09 -8.069340741576347e-02 
 5.252000000000147e-09 -9.507729660234610e-02 
 5.256000000000147e-09 -1.090774880494036e-01 
 5.260000000000148e-09 -1.226382582618335e-01 
 5.264000000000148e-09 -1.357058437894887e-01 
 5.268000000000148e-09 -1.482287030858007e-01 
 5.272000000000149e-09 -1.601577491849628e-01 
 5.276000000000149e-09 -1.714465565587844e-01 
 5.280000000000150e-09 -1.820515341286582e-01 
 5.284000000000150e-09 -1.919320736023424e-01 
 5.288000000000150e-09 -2.010506673386363e-01 
 5.292000000000151e-09 -2.093730051340685e-01 
 5.296000000000151e-09 -2.168680458911458e-01 
 5.300000000000152e-09 -2.235080728269656e-01 
 5.304000000000152e-09 -2.292687297189619e-01 
 5.308000000000152e-09 -2.341290460273955e-01 
 5.312000000000153e-09 -2.380714494883074e-01 
 5.316000000000153e-09 -2.410817730385437e-01 
 5.320000000000154e-09 -2.431492551258825e-01 
 5.324000000000154e-09 -2.442665389729659e-01 
 5.328000000000154e-09 -2.444296696573272e-01 
 5.332000000000155e-09 -2.436380929498652e-01 
 5.336000000000155e-09 -2.418946541093894e-01 
 5.340000000000156e-09 -2.392055988070998e-01 
 5.344000000000156e-09 -2.355805735032512e-01 
 5.348000000000156e-09 -2.310326258339541e-01 
 5.352000000000157e-09 -2.255782015820142e-01 
 5.356000000000157e-09 -2.192371375681423e-01 
 5.360000000000158e-09 -2.120326466655755e-01 
 5.364000000000158e-09 -2.039912936336625e-01 
 5.368000000000158e-09 -1.951429580796491e-01 
 5.372000000000159e-09 -1.855207831928753e-01 
 5.376000000000159e-09 -1.751611071257546e-01 
 5.380000000000160e-09 -1.641033760862758e-01 
 5.384000000000160e-09 -1.523900369093774e-01 
 5.388000000000160e-09 -1.400664088769670e-01 
 5.392000000000161e-09 -1.271805335998177e-01 
 5.396000000000161e-09 -1.137830036212533e-01 
 5.400000000000162e-09 -9.992676940805190e-02 
 5.404000000000162e-09 -8.566692620327920e-02 
 5.408000000000162e-09 -7.106048183428904e-02 
 5.412000000000163e-09 -5.616610723702387e-02 
 5.416000000000163e-09 -4.104387129928355e-02 
 5.420000000000164e-09 -2.575489498767958e-02 
 5.424000000000164e-09 -1.036138329420133e-02 
 5.428000000000164e-09  5.074140548792627e-03 
 5.432000000000165e-09  2.048912765737398e-02 
 5.436000000000165e-09  3.582046756961077e-02 
 5.440000000000166e-09  5.100557525639537e-02 
 5.444000000000166e-09  6.598322714608962e-02 
 5.448000000000166e-09  8.069340804469860e-02 
 5.452000000000167e-09  9.507729723411629e-02 
 5.456000000000167e-09  1.090774886810948e-01 
 5.460000000000168e-09  1.226382588905137e-01 
 5.464000000000168e-09  1.357058444124837e-01 
 5.468000000000168e-09  1.482287037001608e-01 
 5.472000000000169e-09  1.601577497870217e-01 
 5.476000000000169e-09  1.714465571459964e-01 
 5.480000000000170e-09  1.820515346974219e-01 
 5.484000000000170e-09  1.919320741503130e-01 
 5.488000000000170e-09  2.010506678625799e-01 
 5.492000000000171e-09  2.093730056317584e-01 
 5.496000000000171e-09  2.168680463593873e-01 
 5.500000000000172e-09  2.235080732644050e-01 
 5.504000000000172e-09  2.292687301234344e-01 
 5.508000000000172e-09  2.341290463974008e-01 
 5.512000000000173e-09  2.380714498221914e-01 
 5.516000000000173e-09  2.410817733347654e-01 
 5.520000000000174e-09  2.431492553849044e-01 
 5.524000000000174e-09  2.442665391935097e-01 
 5.528000000000174e-09  2.444296698389867e-01 
 5.532000000000175e-09  2.436380930933868e-01 
 5.536000000000175e-09  2.418946542149951e-01 
 5.540000000000176e-09  2.392055988752677e-01 
 5.544000000000176e-09  2.355805735340679e-01 
 5.548000000000176e-09  2.310326258284352e-01 
 5.552000000000177e-09  2.255782015413983e-01 
 5.556000000000177e-09  2.192371374932032e-01 
 5.560000000000178e-09  2.120326465569931e-01 
 5.564000000000178e-09  2.039912934922041e-01 
 5.568000000000178e-09  1.951429579071018e-01 
 5.572000000000179e-09  1.855207829893883e-01 
 5.576000000000179e-09  1.751611068925873e-01 
 5.580000000000180e-09  1.641033758247588e-01 
 5.584000000000180e-09  1.523900366201580e-01 
 5.588000000000180e-09  1.400664085606786e-01 
 5.592000000000181e-09  1.271805332579872e-01 
 5.596000000000181e-09  1.137830032538893e-01 
 5.600000000000182e-09  9.992676901660325e-02 
 5.604000000000182e-09  8.566692578894219e-02 
 5.608000000000182e-09  7.106048139750598e-02 
 5.612000000000183e-09  5.616610677934553e-02 
 5.616000000000183e-09  4.104387082167271e-02 
 5.620000000000184e-09  2.575489449148627e-02 
 5.624000000000184e-09  1.036138278109178e-02 
 5.628000000000184e-09 -5.074141077933803e-03 
 5.632000000000185e-09 -2.048912820001014e-02 
 5.636000000000185e-09 -3.582046812416273e-02 
 5.640000000000186e-09 -5.100557582132303e-02 
 5.644000000000186e-09 -6.598322771860410e-02 
 5.648000000000186e-09 -8.069340862201102e-02 
 5.652000000000187e-09 -9.507729781422114e-02 
 5.656000000000187e-09 -1.090774892613879e-01 
 5.660000000000188e-09 -1.226382594680029e-01 
 5.664000000000188e-09 -1.357058449838489e-01 
 5.668000000000188e-09 -1.482287042630670e-01 
 5.672000000000189e-09 -1.601577503386862e-01 
 5.676000000000189e-09 -1.714465576831170e-01 
 5.680000000000190e-09 -1.820515352176146e-01 
 5.684000000000190e-09 -1.919320746504116e-01 
 5.688000000000190e-09 -2.010506683393043e-01 
 5.692000000000191e-09 -2.093730060830863e-01 
 5.696000000000191e-09 -2.168680467839428e-01 
 5.700000000000192e-09 -2.235080736593620e-01 
 5.704000000000192e-09 -2.292687304857490e-01 
 5.708000000000192e-09 -2.341290467271855e-01 
 5.712000000000193e-09 -2.380714501173256e-01 
 5.716000000000193e-09 -2.410817735946578e-01 
 5.720000000000194e-09 -2.431492556080408e-01 
 5.724000000000194e-09 -2.442665393800501e-01 
 5.728000000000194e-09 -2.444296699888202e-01 
 5.732000000000195e-09 -2.436380932062152e-01 
 5.736000000000195e-09 -2.418946542915743e-01 
 5.740000000000196e-09 -2.392055989157336e-01 
 5.744000000000196e-09 -2.355805735388992e-01 
 5.748000000000196e-09 -2.310326257989384e-01 
 5.752000000000197e-09 -2.255782014774170e-01 
 5.756000000000197e-09 -2.192371373962012e-01 
 5.760000000000198e-09 -2.120326464283497e-01 
 5.764000000000198e-09 -2.039912933321730e-01 
 5.768000000000198e-09 -1.951429577167358e-01 
 5.772000000000199e-09 -1.855207827697418e-01 
 5.776000000000199e-09 -1.751611066447909e-01 
 5.780000000000200e-09 -1.641033755490557e-01 
 5.784000000000200e-09 -1.523900363176667e-01 
 5.788000000000200e-09 -1.400664082324221e-01 
 5.792000000000201e-09 -1.271805329048910e-01 
 5.796000000000201e-09 -1.137830028763105e-01 
 5.800000000000202e-09 -9.992676861602945e-02 
 5.804000000000202e-09 -8.566692536608755e-02 
 5.808000000000202e-09 -7.106048095360329e-02 
 5.812000000000203e-09 -5.616610631511598e-02 
 5.816000000000203e-09 -4.104387033838108e-02 
 5.820000000000204e-09 -2.575489399064956e-02 
 5.824000000000204e-09 -1.036138226352179e-02 
 5.828000000000204e-09  5.074141610242222e-03 
 5.832000000000205e-09  2.048912874602316e-02 
 5.836000000000205e-09  3.582046868113409e-02 
 5.840000000000206e-09  5.100557638808212e-02 
 5.844000000000206e-09  6.598322829263203e-02 
 5.848000000000206e-09  8.069340920154033e-02 
 5.852000000000207e-09  9.507729839615919e-02 
 5.856000000000207e-09  1.090774898431519e-01 
 5.860000000000208e-09  1.226382600474700e-01 
 5.864000000000208e-09  1.357058455581388e-01 
 5.868000000000208e-09  1.482287048289841e-01 
 5.872000000000209e-09  1.601577508933811e-01 
 5.876000000000209e-09  1.714465582239333e-01 
 5.880000000000210e-09  1.820515357415324e-01 
 5.884000000000210e-09  1.919320751548517e-01 
 5.888000000000210e-09  2.010506688225364e-01 
 5.892000000000211e-09  2.093730065417088e-01 
 5.896000000000211e-09  2.168680472154501e-01 
 5.900000000000212e-09  2.235080740624502e-01 
 5.904000000000212e-09  2.292687308588830e-01 
 5.908000000000212e-09  2.341290470674231e-01 
 5.912000000000213e-09  2.380714504245773e-01 
 5.916000000000213e-09  2.410817738679594e-01 
 5.920000000000214e-09  2.431492558468979e-01 
 5.924000000000214e-09  2.442665395835362e-01 
 5.928000000000214e-09  2.444296701569213e-01 
 5.932000000000215e-09  2.436380933392883e-01 
 5.936000000000215e-09  2.418946543896368e-01 
 5.940000000000216e-09  2.392055989786934e-01 
 5.944000000000216e-09  2.355805735680763e-01 
 5.948000000000216e-09  2.310326257946871e-01 
 5.952000000000217e-09  2.255782014404843e-01 
 5.956000000000217e-09  2.192371373272448e-01 
 5.960000000000218e-09  2.120326463286579e-01 
 5.964000000000218e-09  2.039912932030399e-01 
 5.968000000000218e-09  1.951429575579633e-01 
 5.972000000000219e-09  1.855207825837892e-01 
 5.976000000000219e-09  1.751611064311929e-01 
 5.980000000000220e-09  1.641033753093186e-01 
 5.984000000000220e-09  1.523900360521910e-01 
 5.988000000000220e-09  1.400664079425393e-01 
 5.992000000000221e-09  1.271805325907067e-01 
 5.996000000000221e-09  1.137830025396767e-01 
 6.000000000000222e-09  9.992676825699043e-02 
 6.004000000000222e-09  8.566692498534856e-02 
 6.008000000000222e-09  7.106048055238823e-02 
 6.012000000000223e-09  5.616610589455817e-02 
 6.016000000000223e-09  4.104386989970799e-02 
 6.020000000000224e-09  2.575489353481153e-02 
 6.024000000000224e-09  1.036138179232893e-02 
 6.028000000000224e-09 -5.074142096177070e-03 
 6.032000000000225e-09 -2.048912924437118e-02 
 6.036000000000225e-09 -3.582046919065718e-02 
 6.040000000000226e-09 -5.100557690697372e-02 
 6.044000000000226e-09 -6.598322881821872e-02 
 6.048000000000226e-09 -8.069340973216654e-02 
 6.052000000000227e-09 -9.507729892920125e-02 
 6.056000000000227e-09 -1.090774903761833e-01 
 6.060000000000228e-09 -1.226382605780927e-01 
 6.064000000000228e-09 -1.357058460831482e-01 
 6.068000000000228e-09 -1.482287053468134e-01 
 6.072000000000229e-09 -1.601577514005932e-01 
 6.076000000000229e-09 -1.714465587178120e-01 
 6.080000000000230e-09 -1.820515362193280e-01 
 6.084000000000230e-09 -1.919320756135550e-01 
 6.088000000000230e-09 -2.010506692604928e-01 
 6.092000000000231e-09 -2.093730069565698e-01 
 6.096000000000231e-09 -2.168680476051694e-01 
 6.100000000000232e-09 -2.235080744236417e-01 
 6.104000000000232e-09 -2.292687311916617e-01 
 6.108000000000232e-09 -2.341290473695432e-01 
 6.112000000000233e-09 -2.380714506952550e-01 
 6.116000000000233e-09 -2.410817741060050e-01 
 6.120000000000234e-09 -2.431492560508552e-01 
 6.124000000000234e-09 -2.442665397539587e-01 
 6.128000000000234e-09 -2.444296702934134e-01 
 6.132000000000235e-09 -2.436380934416011e-01 
 6.136000000000235e-09 -2.418946544580016e-01 
 6.140000000000236e-09 -2.392055990150126e-01 
 6.144000000000236e-09 -2.355805735714693e-01 
 6.148000000000236e-09 -2.310326257663866e-01 
 6.152000000000237e-09 -2.255782013810625e-01 
 6.156000000000237e-09 -2.192371372377608e-01 
 6.160000000000238e-09 -2.120326462087538e-01 
 6.164000000000238e-09 -2.039912930541217e-01 
 6.168000000000238e-09 -1.951429573821777e-01 
 6.172000000000239e-09 -1.855207823800704e-01 
 6.176000000000239e-09 -1.751611062015606e-01 
 6.180000000000240e-09 -1.641033750542453e-01 
 6.184000000000240e-09 -1.523900357729007e-01 
 6.188000000000240e-09 -1.400664076389013e-01 
 6.192000000000241e-09 -1.271805322641519e-01 
 6.196000000000241e-09 -1.137830021908286e-01 
 6.200000000000242e-09 -9.992676788644062e-02 
 6.204000000000242e-09 -8.566692459473124e-02 
 6.208000000000242e-09 -7.106048014201782e-02 
 6.212000000000243e-09 -5.616610546644552e-02 
 6.216000000000243e-09 -4.104386945397565e-02 
 6.220000000000244e-09 -2.575489307233703e-02 
 6.224000000000244e-09 -1.036138131360786e-02 
 6.228000000000244e-09  5.074142587687902e-03 
 6.232000000000245e-09  2.048912974854211e-02 
 6.236000000000245e-09  3.582046970568520e-02 
 6.240000000000246e-09  5.100557743017653e-02 
 6.244000000000246e-09  6.598322934808287e-02 
 6.248000000000246e-09  8.069341026670607e-02 
 6.252000000000247e-09  9.507729946626320e-02 
 6.256000000000247e-09  1.090774909134140e-01 
 6.260000000000248e-09  1.226382611124031e-01 
 6.264000000000248e-09  1.357058466129910e-01 
 6.268000000000248e-09  1.482287058683571e-01 
 6.272000000000249e-09  1.601577519120898e-01 
 6.276000000000249e-09  1.714465592165428e-01 
 6.280000000000250e-09  1.820515367027618e-01 
 6.284000000000250e-09  1.919320760795804e-01 
 6.288000000000250e-09  2.010506697058005e-01 
 6.292000000000251e-09  2.093730073791376e-01 
 6.296000000000251e-09  2.168680480034642e-01 
 6.300000000000252e-09  2.235080747959017e-01 
 6.304000000000252e-09  2.292687315354285e-01 
 6.308000000000252e-09  2.341290476843381e-01 
 6.312000000000253e-09  2.380714509790538e-01 
 6.316000000000253e-09  2.410817743585345e-01 
 6.320000000000254e-09  2.431492562718918e-01 
 6.324000000000254e-09  2.442665399424198e-01 
 6.328000000000254e-09  2.444296704490683e-01 
 6.332000000000255e-09  2.436380935650007e-01 
 6.336000000000255e-09  2.418946545490208e-01 
 6.340000000000256e-09  2.392055990738993e-01 
 6.344000000000256e-09  2.355805735991858e-01 
 6.348000000000256e-09  2.310326257630373e-01 
 6.352000000000257e-09  2.255782013476435e-01 
 6.356000000000257e-09  2.192371371753015e-01 
 6.360000000000258e-09  2.120326461180015e-01 
 6.364000000000258e-09  2.039912929362053e-01 
 6.368000000000258e-09  1.951429572371177e-01 
 6.372000000000259e-09  1.855207822093909e-01 
 6.376000000000259e-09  1.751611060060903e-01 
 6.380000000000260e-09  1.641033748340588e-01 
 6.384000000000260e-09  1.523900355287484e-01 
 6.388000000000260e-09  1.400664073725615e-01 
 6.392000000000261e-09  1.271805319758084e-01 
 6.396000000000261e-09  1.137830018815329e-01 
 6.400000000000262e-09  9.992676755611463e-02 
 6.404000000000262e-09  8.566692424540889e-02 
 6.408000000000262e-09  7.106047977360497e-02 
 6.412000000000263e-09  5.616610507929742e-02 
 6.416000000000263e-09  4.104386904982071e-02 
 6.420000000000264e-09  2.575489265292141e-02 
 6.424000000000264e-09  1.036138088057470e-02 
 6.428000000000264e-09 -5.074143034255130e-03 
 6.432000000000265e-09 -2.048913020696830e-02 
 6.436000000000265e-09 -3.582047017426682e-02 
 6.440000000000266e-09 -5.100557790679794e-02 
 6.444000000000266e-09 -6.598322983188609e-02 
 6.448000000000266e-09 -8.069341075451675e-02 
 6.452000000000267e-09 -9.507729995628367e-02 
 6.456000000000267e-09 -1.090774914036547e-01 
 6.460000000000268e-09 -1.226382615996915e-01 
 6.464000000000268e-09 -1.357058470958599e-01 
 6.468000000000268e-09 -1.482287063442502e-01 
 6.472000000000269e-09 -1.601577523782023e-01 
 6.476000000000269e-09 -1.714465596704962e-01 
 6.480000000000270e-09 -1.820515371420361e-01 
 6.484000000000270e-09 -1.919320765017440e-01 
 6.488000000000270e-09 -2.010506701090273e-01 
 6.492000000000271e-09 -2.093730077609086e-01 
 6.496000000000271e-09 -2.168680483612748e-01 
 6.500000000000272e-09 -2.235080751284166e-01 
 6.504000000000272e-09 -2.292687318410951e-01 
 6.508000000000272e-09 -2.341290479620231e-01 
 6.512000000000273e-09 -2.380714512277584e-01 
 6.516000000000273e-09 -2.410817745768026e-01 
 6.520000000000274e-09 -2.431492564589552e-01 
 6.524000000000274e-09 -2.442665400986808e-01 
 6.528000000000274e-09 -2.444296705743427e-01 
 6.532000000000275e-09 -2.436380936590932e-01 
 6.536000000000275e-09 -2.418946546121508e-01 
 6.540000000000276e-09 -2.392055991058675e-01 
 6.544000000000276e-09 -2.355805736011791e-01 
 6.548000000000276e-09 -2.310326257358164e-01 
 6.552000000000277e-09 -2.255782012924854e-01 
 6.556000000000277e-09 -2.192371370916684e-01 
 6.560000000000278e-09 -2.120326460064703e-01 
 6.564000000000278e-09 -2.039912927983201e-01 
 6.568000000000278e-09 -1.951429570733225e-01 
 6.572000000000279e-09 -1.855207820205269e-01 
 6.576000000000279e-09 -1.751611057937987e-01 
 6.580000000000280e-09 -1.641033745985130e-01 
 6.584000000000280e-09 -1.523900352707184e-01 
 6.588000000000280e-09 -1.400664070919682e-01 
 6.592000000000281e-09 -1.271805316746075e-01 
 6.596000000000281e-09 -1.137830015595824e-01 
 6.600000000000282e-09 -9.992676721531524e-02 
 6.604000000000282e-09 -8.566692388479957e-02 
 6.608000000000282e-09 -7.106047939513438e-02 
 6.612000000000283e-09 -5.616610468377026e-02 
 6.616000000000283e-09 -4.104386863873266e-02 
 6.620000000000284e-09 -2.575489222637906e-02 
 6.624000000000284e-09 -1.036138044031709e-02 
 6.628000000000284e-09  5.074143488064564e-03 
 6.632000000000285e-09  2.048913067130798e-02 
 6.636000000000285e-09  3.582047064843330e-02 
 6.640000000000286e-09  5.100557838884079e-02 
 6.644000000000286e-09  6.598323032045172e-02 
 6.648000000000286e-09  8.069341124758722e-02 
 6.652000000000287e-09  9.507730045121932e-02 
 6.656000000000287e-09  1.090774918986366e-01 
 6.660000000000288e-09  1.226382620931421e-01 
 6.664000000000288e-09  1.357058475840986e-01 
 6.668000000000288e-09  1.482287068258561e-01 
 6.672000000000289e-09  1.601577528500719e-01 
 6.676000000000289e-09  1.714465601312956e-01 
 6.680000000000290e-09  1.820515375886433e-01 
 6.684000000000290e-09  1.919320769320372e-01 
 6.688000000000290e-09  2.010506705201882e-01 
 6.692000000000291e-09  2.093730081515943e-01 
 6.696000000000291e-09  2.168680487290668e-01 
 6.700000000000292e-09  2.235080754726946e-01 
 6.704000000000292e-09  2.292687321595941e-01 
 6.708000000000292e-09  2.341290482526319e-01 
 6.712000000000293e-09  2.380714514911695e-01 
 6.716000000000293e-09  2.410817748107656e-01 
 6.720000000000294e-09  2.431492566638676e-01 
 6.724000000000294e-09  2.442665402738269e-01 
 6.728000000000294e-09  2.444296707192295e-01 
 6.732000000000295e-09  2.436380937744334e-01 
 6.736000000000295e-09  2.418946546976219e-01 
 6.740000000000296e-09  2.392055991622084e-01 
 6.744000000000296e-09  2.355805736286292e-01 
 6.748000000000296e-09  2.310326257346875e-01 
 6.752000000000297e-09  2.255782012630272e-01 
 6.756000000000297e-09  2.192371370359441e-01 
 6.760000000000298e-09  2.120326459255439e-01 
 6.764000000000298e-09  2.039912926916436e-01 
 6.768000000000298e-09  1.951429569420151e-01 
 6.772000000000299e-09  1.855207818657671e-01 
 6.776000000000299e-09  1.751611056149480e-01 
 6.780000000000300e-09  1.641033743971949e-01 
 6.784000000000300e-09  1.523900350478300e-01 
 6.788000000000300e-09  1.400664068487636e-01 
 6.792000000000301e-09  1.271805314101648e-01 
 6.796000000000301e-09  1.137830012761416e-01 
 6.800000000000302e-09  9.992676691305569e-02 
 6.804000000000302e-09  8.566692356467165e-02 
 6.808000000000302e-09  7.106047905782198e-02 
 6.812000000000303e-09  5.616610433016334e-02 
 6.816000000000303e-09  4.104386826848661e-02 
 6.820000000000304e-09  2.575489184279789e-02 
 6.824000000000304e-09  1.036138004258724e-02 
 6.828000000000304e-09 -5.074143898228911e-03 
 6.832000000000305e-09 -2.048913109248574e-02 
 6.836000000000305e-09 -3.582047107810737e-02 
 6.840000000000306e-09 -5.100557882666834e-02 
 6.844000000000306e-09 -6.598323076367940e-02 
 6.848000000000306e-09 -8.069341169512612e-02 
 6.852000000000307e-09 -9.507730090146360e-02 
 6.856000000000307e-09 -1.090774923482520e-01 
 6.860000000000308e-09 -1.226382625408586e-01 
 6.864000000000308e-09 -1.357058480275839e-01 
 6.868000000000308e-09 -1.482287072626249e-01 
 6.872000000000309e-09 -1.601577532780336e-01 
 6.876000000000309e-09 -1.714465605471478e-01 
 6.880000000000310e-09 -1.820515379912271e-01 
 6.884000000000310e-09 -1.919320773186755e-01 
 6.888000000000310e-09 -2.010506708890389e-01 
 6.892000000000311e-09 -2.093730085007106e-01 
 6.896000000000311e-09 -2.168680490567159e-01 
 6.900000000000312e-09 -2.235080757773495e-01 
 6.904000000000312e-09 -2.292687324392615e-01 
 6.908000000000312e-09 -2.341290485070502e-01 
 6.912000000000313e-09 -2.380714517180054e-01 
 6.916000000000313e-09 -2.410817750099330e-01 
 6.920000000000314e-09 -2.431492568347375e-01 
 6.924000000000314e-09 -2.442665404159339e-01 
 6.928000000000314e-09 -2.444296708322853e-01 
 6.932000000000315e-09 -2.436380938588125e-01 
 6.936000000000315e-09 -2.418946547540064e-01 
 6.940000000000316e-09 -2.392055991901447e-01 
 6.944000000000316e-09 -2.355805736288556e-01 
 6.948000000000316e-09 -2.310326257081168e-01 
 6.952000000000317e-09 -2.255782012098679e-01 
 6.956000000000317e-09 -2.192371369564459e-01 
 6.960000000000318e-09 -2.120326458210799e-01 
 6.964000000000318e-09 -2.039912925627938e-01 
 6.968000000000318e-09 -1.951429567902476e-01 
 6.972000000000319e-09 -1.855207816912579e-01 
 6.976000000000319e-09 -1.751611054178364e-01 
 6.980000000000320e-09 -1.641033741786639e-01 
 6.984000000000320e-09 -1.523900348083700e-01 
 6.988000000000320e-09 -1.400664065899999e-01 
 6.992000000000321e-09 -1.271805311316445e-01 
 6.996000000000321e-09 -1.137830009790957e-01 
 7.000000000000322e-09 -9.992676659762445e-02 
 7.004000000000322e-09 -8.566692323187119e-02 
 7.008000000000322e-09 -7.106047870845167e-02 
 7.012000000000323e-09 -5.616610396494437e-02 
 7.016000000000323e-09 -4.104386788866243e-02 
 7.020000000000324e-09 -2.575489144848575e-02 
 7.024000000000324e-09 -1.036137963621542e-02 
 7.028000000000324e-09  5.074144316171925e-03 
 7.032000000000325e-09  2.048913152070497e-02 
 7.036000000000325e-09  3.582047151567025e-02 
 7.040000000000326e-09  5.100557927192995e-02 
 7.044000000000326e-09  6.598323121517957e-02 
 7.048000000000326e-09  8.069341214957682e-02 
 7.052000000000327e-09  9.507730135812409e-02 
 7.056000000000327e-09  1.090774928053548e-01 
 7.060000000000328e-09  1.226382629958671e-01 
 7.064000000000328e-09  1.357058484784304e-01 
 7.068000000000328e-09  1.482287077069309e-01 
 7.072000000000329e-09  1.601577537139409e-01 
 7.076000000000329e-09  1.714465609724520e-01 
 7.080000000000330e-09  1.820515384031109e-01 
 7.084000000000330e-09  1.919320777156361e-01 
 7.088000000000330e-09  2.010506712685798e-01 
 7.092000000000331e-09  2.093730088614798e-01 
 7.096000000000331e-09  2.168680493968447e-01 
 7.100000000000332e-09  2.235080760948769e-01 
 7.104000000000332e-09  2.292687327333831e-01 
 7.108000000000332e-09  2.341290487757983e-01 
 7.112000000000333e-09  2.380714519610301e-01 
 7.116000000000333e-09  2.410817752268137e-01 
 7.120000000000334e-09  2.431492570244635e-01 
 7.124000000000334e-09  2.442665405782900e-01 
 7.128000000000334e-09  2.444296709675835e-01 
 7.132000000000335e-09  2.436380939652945e-01 
 7.136000000000335e-09  2.418946548329726e-01 
 7.140000000000336e-09  2.392055992427091e-01 
 7.144000000000336e-09  2.355805736547012e-01 
 7.148000000000336e-09  2.310326257079067e-01 
 7.152000000000337e-09  2.255782011845322e-01 
 7.156000000000337e-09  2.192371369065000e-01 
 7.160000000000338e-09  2.120326457468273e-01 
 7.164000000000338e-09  2.039912924652016e-01 
 7.168000000000338e-09  1.951429566696490e-01 
 7.172000000000339e-09  1.855207815484929e-01 
 7.176000000000339e-09  1.751611052542756e-01 
 7.180000000000340e-09  1.641033739945552e-01 
 7.184000000000340e-09  1.523900346045064e-01 
 7.188000000000340e-09  1.400664063660635e-01 
 7.192000000000341e-09  1.271805308895040e-01 
 7.196000000000341e-09  1.137830007182750e-01 
 7.200000000000342e-09  9.992676632035646e-02 
 7.204000000000342e-09  8.566692293735656e-02 
 7.208000000000342e-09  7.106047839795693e-02 
 7.212000000000343e-09  5.616610363914454e-02 
 7.216000000000343e-09  4.104386754918465e-02 
 7.220000000000344e-09  2.575489109507423e-02 
 7.224000000000344e-09  1.036137927041381e-02 
 7.228000000000344e-09 -5.074144692896354e-03 
 7.232000000000345e-09 -2.048913190738233e-02 
 7.236000000000345e-09 -3.582047191102689e-02 
 7.240000000000346e-09 -5.100557967427299e-02 
 7.244000000000346e-09 -6.598323162229214e-02 
 7.248000000000346e-09 -8.069341256108764e-02 
 7.252000000000347e-09 -9.507730177163687e-02 
 7.256000000000347e-09 -1.090774932188552e-01 
 7.260000000000348e-09 -1.226382634071257e-01 
 7.264000000000348e-09 -1.357058488855660e-01 
 7.268000000000348e-09 -1.482287081079932e-01 
 7.272000000000349e-09 -1.601577541062316e-01 
 7.276000000000349e-09 -1.714465613547222e-01 
 7.280000000000350e-09 -1.820515387734361e-01 
 7.284000000000350e-09 -1.919320780709004e-01 
 7.288000000000350e-09 -2.010506716077813e-01 
 7.292000000000351e-09 -2.093730091824400e-01 
 7.296000000000351e-09 -2.168680496981068e-01 
 7.300000000000352e-09 -2.235080763744666e-01 
 7.304000000000352e-09 -2.292687329899268e-01 
 7.308000000000352e-09 -2.341290490087320e-01 
 7.312000000000353e-09 -2.380714521689522e-01 
 7.316000000000353e-09 -2.410817754092496e-01 
 7.320000000000354e-09 -2.431492571806766e-01 
 7.324000000000354e-09 -2.442665407078695e-01 
 7.328000000000354e-09 -2.444296710710927e-01 
 7.332000000000355e-09 -2.436380940428602e-01 
 7.336000000000355e-09 -2.418946548847545e-01 
 7.340000000000356e-09 -2.392055992678976e-01 
 7.344000000000356e-09 -2.355805736546372e-01 
 7.348000000000356e-09 -2.310326256827806e-01 
 7.352000000000357e-09 -2.255782011350358e-01 
 7.356000000000357e-09 -2.192371368332378e-01 
 7.360000000000358e-09 -2.120326456502424e-01 
 7.364000000000358e-09 -2.039912923463074e-01 
 7.368000000000358e-09 -1.951429565295868e-01 
 7.372000000000359e-09 -1.855207813869466e-01 
 7.376000000000359e-09 -1.751611050723714e-01 
 7.380000000000360e-09 -1.641033737925657e-01 
 7.384000000000360e-09 -1.523900343837568e-01 
 7.388000000000360e-09 -1.400664061269872e-01 
 7.392000000000361e-09 -1.271805306320690e-01 
 7.396000000000361e-09 -1.137830004439486e-01 
 7.400000000000362e-09 -9.992676602874973e-02 
 7.404000000000362e-09 -8.566692263021025e-02 
 7.408000000000362e-09 -7.106047807572757e-02 
 7.412000000000363e-09 -5.616610330253913e-02 
 7.416000000000363e-09 -4.104386719846964e-02 
 7.420000000000364e-09 -2.575489073242565e-02 
 7.424000000000364e-09 -1.036137889560074e-02 
 7.428000000000364e-09  5.074145078410197e-03 
 7.432000000000365e-09  2.048913230302318e-02 
 7.436000000000365e-09  3.582047231483365e-02 
 7.440000000000366e-09  5.100558008424549e-02 
 7.444000000000366e-09  6.598323203854761e-02 
 7.448000000000366e-09  8.069341298077681e-02 
 7.452000000000367e-09  9.507730219329069e-02 
 7.456000000000366e-09  1.090774936407382e-01 
 7.460000000000366e-09  1.226382638269001e-01 
 7.464000000000365e-09  1.357058493014325e-01 
 7.468000000000365e-09  1.482287085174505e-01 
 7.472000000000365e-09  1.601577545083011e-01 
 7.476000000000364e-09  1.714465617470022e-01 
 7.480000000000364e-09  1.820515391527806e-01 
 7.484000000000363e-09  1.919320784370280e-01 
 7.488000000000363e-09  2.010506719578800e-01 
 7.492000000000362e-09  2.093730095152466e-01 
 7.496000000000362e-09  2.168680500116844e-01 
 7.500000000000362e-09  2.235080766672377e-01 
 7.504000000000361e-09  2.292687332612577e-01 
 7.508000000000361e-09  2.341290492574690e-01 
 7.512000000000360e-09  2.380714523936067e-01 
 7.516000000000360e-09  2.410817756092460e-01 
 7.520000000000359e-09  2.431492573560605e-01 
 7.524000000000359e-09  2.442665408583951e-01 
 7.528000000000359e-09  2.444296711958087e-01 
 7.532000000000358e-09  2.436380941427341e-01 
 7.536000000000358e-09  2.418946549586287e-01 
 7.540000000000357e-09  2.392055993169682e-01 
 7.544000000000357e-09  2.355805736790049e-01 
 7.548000000000357e-09  2.310326256834641e-01 
 7.552000000000356e-09  2.255782011128176e-01 
 7.556000000000356e-09  2.192371367879788e-01 
 7.560000000000355e-09  2.120326455835997e-01 
 7.564000000000355e-09  2.039912922581362e-01 
 7.568000000000354e-09  1.951429564200451e-01 
 7.572000000000354e-09  1.855207812572832e-01 
 7.576000000000354e-09  1.751611049227826e-01 
 7.580000000000353e-09  1.641033736245614e-01 
 7.584000000000353e-09  1.523900341976372e-01 
 7.588000000000352e-09  1.400664059228145e-01 
 7.592000000000352e-09  1.271805304113833e-01 
 7.596000000000351e-09  1.137830002057267e-01 
 7.600000000000351e-09  9.992676577420490e-02 
 7.604000000000351e-09  8.566692236103712e-02 
 7.608000000000350e-09  7.106047779178759e-02 
 7.612000000000350e-09  5.616610300491587e-02 
 7.616000000000349e-09  4.104386688760364e-02 
 7.620000000000349e-09  2.575489040853185e-02 
 7.624000000000348e-09  1.036137856098662e-02 
 7.628000000000348e-09 -5.074145423485277e-03 
 7.632000000000348e-09 -2.048913265696051e-02 
 7.636000000000347e-09 -3.582047267678234e-02 
 7.640000000000347e-09 -5.100558045314862e-02 
 7.644000000000346e-09 -6.598323241210124e-02 
 7.648000000000346e-09 -8.069341335752611e-02 
 7.652000000000345e-09 -9.507730257169911e-02 
 7.656000000000345e-09 -1.090774940186510e-01 
 7.660000000000345e-09 -1.226382642034824e-01 
 7.664000000000344e-09 -1.357058496742809e-01 
 7.668000000000344e-09 -1.482287088848988e-01 
 7.672000000000343e-09 -1.601577548683881e-01 
 7.676000000000343e-09 -1.714465620971062e-01 
 7.680000000000342e-09 -1.820515394919138e-01 
 7.684000000000342e-09 -1.919320787629673e-01 
 7.688000000000342e-09 -2.010506722687575e-01 
 7.692000000000341e-09 -2.093730098090854e-01 
 7.696000000000341e-09 -2.168680502870020e-01 
 7.700000000000340e-09 -2.235080769233022e-01 
 7.704000000000340e-09 -2.292687334962484e-01 
 7.708000000000339e-09 -2.341290494702166e-01 
 7.712000000000339e-09 -2.380714525836822e-01 
 7.716000000000339e-09 -2.410817757760468e-01 
 7.720000000000338e-09 -2.431492574988432e-01 
 7.724000000000338e-09 -2.442665409764899e-01 
 7.728000000000337e-09 -2.444296712896130e-01 
 7.732000000000337e-09 -2.436380942117433e-01 
 7.736000000000336e-09 -2.418946550037655e-01 
 7.740000000000336e-09 -2.392055993383084e-01 
 7.744000000000336e-09 -2.355805736769647e-01 
 7.748000000000335e-09 -2.310326256583446e-01 
 7.752000000000335e-09 -2.255782010654919e-01 
 7.756000000000334e-09 -2.192371367183323e-01 
 7.760000000000334e-09 -2.120326454924939e-01 
 7.764000000000333e-09 -2.039912921462710e-01 
 7.768000000000333e-09 -1.951429562882625e-01 
 7.772000000000333e-09 -1.855207811065736e-01 
 7.776000000000332e-09 -1.751611047533714e-01 
 7.780000000000332e-09 -1.641033734366335e-01 
 7.784000000000331e-09 -1.523900339917965e-01 
 7.788000000000331e-09 -1.400664056998728e-01 
 7.792000000000330e-09 -1.271805301714295e-01 
 7.796000000000330e-09 -1.137829999507858e-01 
 7.800000000000330e-09 -9.992676550443669e-02 
 7.804000000000329e-09 -8.566692207635818e-02 
 7.808000000000329e-09 -7.106047749273969e-02 
 7.812000000000328e-09 -5.616610269217048e-02 
 7.816000000000328e-09 -4.104386656222125e-02 
 7.820000000000327e-09 -2.575489007229237e-02 
 7.824000000000327e-09 -1.036137821343353e-02 
 7.828000000000327e-09  5.074145781227557e-03 
 7.832000000000326e-09  2.048913302296995e-02 
 7.836000000000326e-09  3.582047305099323e-02 
 7.840000000000325e-09  5.100558083363005e-02 
 7.844000000000325e-09  6.598323279669671e-02 
 7.848000000000324e-09  8.069341374608818e-02 
 7.852000000000324e-09  9.507730296213701e-02 
 7.856000000000324e-09  1.090774944096093e-01 
 7.860000000000323e-09  1.226382645919397e-01 
 7.864000000000323e-09  1.357058500593737e-01 
 7.868000000000322e-09  1.482287092645507e-01 
 7.872000000000322e-09  1.601577552403857e-01 
 7.876000000000321e-09  1.714465624598933e-01 
 7.880000000000321e-09  1.820515398436715e-01 
 7.884000000000321e-09  1.919320791018091e-01 
 7.888000000000320e-09  2.010506725929737e-01 
 7.892000000000320e-09  2.093730101175337e-01 
 7.896000000000319e-09  2.168680505780181e-01 
 7.900000000000319e-09  2.235080771955857e-01 
 7.904000000000318e-09  2.292687337481230e-01 
 7.908000000000318e-09  2.341290497008890e-01 
 7.912000000000318e-09  2.380714527919903e-01 
 7.916000000000317e-09  2.410817759622346e-01 
 7.920000000000317e-09  2.431492576618155e-01 
 7.924000000000316e-09  2.442665411165703e-01 
 7.928000000000316e-09  2.444296714059182e-01 
 7.932000000000315e-09  2.436380943045939e-01 
 7.936000000000315e-09  2.418946550742400e-01 
 7.940000000000315e-09  2.392055993856168e-01 
 7.944000000000314e-09  2.355805737017147e-01 
 7.948000000000314e-09  2.310326256613555e-01 
 7.952000000000313e-09  2.255782010465488e-01 
 7.956000000000313e-09  2.192371366783599e-01 
 7.960000000000312e-09  2.120326454325090e-01 
 7.964000000000312e-09  2.039912920667213e-01 
 7.968000000000312e-09  1.951429561891729e-01 
 7.972000000000311e-09  1.855207809885364e-01 
 7.976000000000311e-09  1.751611046176098e-01 
 7.980000000000310e-09  1.641033732837709e-01 
 7.984000000000310e-09  1.523900338216482e-01 
 7.988000000000309e-09  1.400664055131582e-01 
 7.992000000000309e-09  1.271805299695181e-01 
 7.996000000000309e-09  1.137829997333935e-01 
 8.000000000000308e-09  9.992676527169664e-02 
 8.004000000000308e-09  8.566692182911240e-02 
 8.008000000000307e-09  7.106047723251230e-02 
 8.012000000000307e-09  5.616610241882114e-02 
 8.016000000000306e-09  4.104386627758494e-02 
 8.020000000000306e-09  2.575488977518958e-02 
 8.024000000000306e-09  1.036137790653413e-02 
 8.028000000000305e-09 -5.074146097637566e-03 
 8.032000000000305e-09 -2.048913334810365e-02 
 8.036000000000304e-09 -3.582047338272609e-02 
 8.040000000000304e-09 -5.100558117134391e-02 
 8.044000000000304e-09 -6.598323313953891e-02 
 8.048000000000303e-09 -8.069341409186137e-02 
 8.052000000000303e-09 -9.507730330951958e-02 
 8.056000000000302e-09 -1.090774947569848e-01 
 8.060000000000302e-09 -1.226382649382902e-01 
 8.064000000000301e-09 -1.357058504020969e-01 
 8.068000000000301e-09 -1.482287096018720e-01 
 8.072000000000301e-09 -1.601577555708023e-01 
 8.076000000000300e-09 -1.714465627813837e-01 
 8.080000000000300e-09 -1.820515401555269e-01 
 8.084000000000299e-09 -1.919320794009671e-01 
 8.088000000000299e-09 -2.010506728784769e-01 
 8.092000000000298e-09 -2.093730103867717e-01 
 8.096000000000298e-09 -2.168680508304215e-01 
 8.100000000000298e-09 -2.235080774298490e-01 
 8.104000000000297e-09 -2.292687339630035e-01 
 8.108000000000297e-09 -2.341290498956003e-01 
 8.112000000000296e-09 -2.380714529668162e-01 
 8.116000000000296e-09 -2.410817761147537e-01 
 8.120000000000295e-09 -2.431492577926448e-01 
 8.124000000000295e-09 -2.442665412249947e-01 
 8.128000000000295e-09 -2.444296714918905e-01 
 8.132000000000294e-09 -2.436380943687251e-01 
 8.136000000000294e-09 -2.418946551155474e-01 
 8.140000000000293e-09 -2.392055994049922e-01 
 8.144000000000293e-09 -2.355805736997083e-01 
 8.148000000000292e-09 -2.310326256378077e-01 
 8.152000000000292e-09 -2.255782010026994e-01 
 8.156000000000292e-09 -2.192371366147947e-01 
 8.160000000000291e-09 -2.120326453488408e-01 
 8.164000000000291e-09 -2.039912919641749e-01 
 8.168000000000290e-09 -1.951429560681959e-01 
 8.172000000000290e-09 -1.855207808493553e-01 
 8.176000000000289e-09 -1.751611044614947e-01 
 8.180000000000289e-09 -1.641033731109331e-01 
 8.184000000000289e-09 -1.523900336319297e-01 
 8.188000000000288e-09 -1.400664053080121e-01 
 8.192000000000288e-09 -1.271805297490634e-01 
 8.196000000000287e-09 -1.137829994981896e-01 
 8.200000000000287e-09 -9.992676502244358e-02 
 8.204000000000286e-09 -8.566692156696476e-02 
 8.208000000000286e-09 -7.106047695678797e-02 
 8.212000000000286e-09 -5.616610213100692e-02 
 8.216000000000285e-09 -4.104386597769505e-02 
 8.220000000000285e-09 -2.575488946546578e-02 
 8.224000000000284e-09 -1.036137758586797e-02 
 8.228000000000284e-09  5.074146426979453e-03 
 8.232000000000283e-09  2.048913368565941e-02 
 8.236000000000283e-09  3.582047372664654e-02 
 8.240000000000283e-09  5.100558152192392e-02 
 8.244000000000282e-09  6.598323349454560e-02 
 8.248000000000282e-09  8.069341444995359e-02 
 8.252000000000281e-09  9.507730366861367e-02 
 8.256000000000281e-09  1.090774951160629e-01 
 8.260000000000280e-09  1.226382652958655e-01 
 8.264000000000280e-09  1.357058507563007e-01 
 8.268000000000280e-09  1.482287099515407e-01 
 8.272000000000279e-09  1.601577559136800e-01 
 8.276000000000279e-09  1.714465631156639e-01 
 8.280000000000278e-09  1.820515404793994e-01 
 8.284000000000278e-09  1.919320797129220e-01 
 8.288000000000277e-09  2.010506731772104e-01 
 8.292000000000277e-09  2.093730106707108e-01 
 8.296000000000277e-09  2.168680510982215e-01 
 8.300000000000276e-09  2.235080776799441e-01 
 8.304000000000276e-09  2.292687341953838e-01 
 8.308000000000275e-09  2.341290501085678e-01 
 8.312000000000275e-09  2.380714531589261e-01 
 8.316000000000274e-09  2.410817762859403e-01 
 8.320000000000274e-09  2.431492579426060e-01 
 8.324000000000274e-09  2.442665413533427e-01 
 8.328000000000273e-09  2.444296715990428e-01 
 8.332000000000273e-09  2.436380944539511e-01 
 8.336000000000272e-09  2.418946551797645e-01 
 8.340000000000272e-09  2.392055994475717e-01 
 8.344000000000271e-09  2.355805737222738e-01 
 8.348000000000271e-09  2.310326256404691e-01 
 8.352000000000271e-09  2.255782009846792e-01 
 8.356000000000270e-09  2.192371365781920e-01 
 8.360000000000270e-09  2.120326452931947e-01 
 8.364000000000269e-09  2.039912918905422e-01 
 8.368000000000269e-09  1.951429559769071e-01 
 8.372000000000268e-09  1.855207807414931e-01 
 8.376000000000268e-09  1.751611043364480e-01 
 8.380000000000268e-09  1.641033729694463e-01 
 8.384000000000267e-09  1.523900334754931e-01 
 8.388000000000267e-09  1.400664051364835e-01 
 8.392000000000266e-09  1.271805295628141e-01 
 8.396000000000266e-09  1.137829992982358e-01 
 8.400000000000265e-09  9.992676480942819e-02 
 8.404000000000265e-09  8.566692134054144e-02 
 8.408000000000265e-09  7.106047671829963e-02 
 8.412000000000264e-09  5.616610188104865e-02 
 8.416000000000264e-09  4.104386571576413e-02 
 8.420000000000263e-09  2.575488919283409e-02 
 8.424000000000263e-09  1.036137730430120e-02 
 8.428000000000262e-09 -5.074146717149119e-03 
 8.432000000000262e-09 -2.048913398343011e-02 
 8.436000000000262e-09 -3.582047403194544e-02 
 8.440000000000261e-09 -5.100558183203141e-02 
 8.444000000000261e-09 -6.598323380909044e-02 
 8.448000000000260e-09 -8.069341476710434e-02 
 8.452000000000260e-09 -9.507730398770065e-02 
 8.456000000000259e-09 -1.090774954349669e-01 
 8.460000000000259e-09 -1.226382656128600e-01 
 8.464000000000259e-09 -1.357058510707763e-01 
 8.468000000000258e-09 -1.482287102609394e-01 
 8.472000000000258e-09 -1.601577562167442e-01 
 8.476000000000257e-09 -1.714465634105284e-01 
 8.480000000000257e-09 -1.820515407645491e-01 
 8.484000000000256e-09 -1.919320799870725e-01 
 8.488000000000256e-09 -2.010506734389494e-01 
 8.492000000000256e-09 -2.093730109186192e-01 
 8.496000000000255e-09 -2.168680513299854e-01 
 8.500000000000255e-09 -2.235080778949161e-01 
 8.504000000000254e-09 -2.292687343929067e-01 
 8.508000000000254e-09 -2.341290502872631e-01 
 8.512000000000254e-09 -2.380714533186667e-01 
 8.516000000000253e-09 -2.410817764259512e-01 
 8.520000000000253e-09 -2.431492580621486e-01 
 8.524000000000252e-09 -2.442665414523186e-01 
 8.528000000000252e-09 -2.444296716773642e-01 
 8.532000000000251e-09 -2.436380945120562e-01 
 8.536000000000251e-09 -2.418946552165535e-01 
 8.540000000000251e-09 -2.392055994658320e-01 
 8.544000000000250e-09 -2.355805737196155e-01 
 8.548000000000250e-09 -2.310326256184161e-01 
 8.552000000000249e-09 -2.255782009436347e-01 
 8.556000000000249e-09 -2.192371365177612e-01 
 8.560000000000248e-09 -2.120326452155945e-01 
 8.564000000000248e-09 -2.039912917948801e-01 
 8.568000000000248e-09 -1.951429558644371e-01 
 8.572000000000247e-09 -1.855207806124568e-01 
 8.576000000000247e-09 -1.751611041914920e-01 
 8.580000000000246e-09 -1.641033728095245e-01 
 8.584000000000246e-09 -1.523900333007191e-01 
 8.588000000000245e-09 -1.400664049469107e-01 
 8.592000000000245e-09 -1.271805293597428e-01 
 8.596000000000245e-09 -1.137829990808896e-01 
 8.600000000000244e-09 -9.992676457913063e-02 
 8.604000000000244e-09 -8.566692109802077e-02 
 8.608000000000243e-09 -7.106047646359848e-02 
 8.612000000000243e-09 -5.616610161456315e-02 
 8.616000000000242e-09 -4.104386543930261e-02 
 8.620000000000242e-09 -2.575488890673405e-02 
 8.624000000000242e-09 -1.036137700854844e-02 
 8.628000000000241e-09  5.074147021421282e-03 
 8.632000000000241e-09  2.048913429572430e-02 
 8.636000000000240e-09  3.582047435038405e-02 
 8.640000000000240e-09  5.100558215586126e-02 
 8.644000000000239e-09  6.598323413705742e-02 
 8.648000000000239e-09  8.069341509802364e-02 
 8.652000000000239e-09  9.507730432018491e-02 
 8.656000000000238e-09  1.090774957674974e-01 
 8.660000000000238e-09  1.226382659440155e-01 
 8.664000000000237e-09  1.357058513987486e-01 
 8.668000000000237e-09  1.482287105840303e-01 
 8.672000000000236e-09  1.601577565336889e-01 
 8.676000000000236e-09  1.714465637192255e-01 
 8.680000000000236e-09  1.820515410635970e-01 
 8.684000000000235e-09  1.919320802753077e-01 
 8.688000000000235e-09  2.010506737152262e-01 
 8.692000000000234e-09  2.093730111807952e-01 
 8.696000000000234e-09  2.168680515777055e-01 
 8.700000000000233e-09  2.235080781267014e-01 
 8.704000000000233e-09  2.292687346075777e-01 
 8.708000000000233e-09  2.341290504841256e-01 
 8.712000000000232e-09  2.380714534967163e-01 
 8.716000000000232e-09  2.410817765849196e-01 
 8.720000000000231e-09  2.431492582020898e-01 
 8.724000000000231e-09  2.442665415720171e-01 
 8.728000000000230e-09  2.444296717773768e-01 
 8.732000000000230e-09  2.436380945920116e-01 
 8.736000000000230e-09  2.418946552776560e-01 
 8.740000000000229e-09  2.392055995068072e-01 
 8.744000000000229e-09  2.355805737415708e-01 
 8.748000000000228e-09  2.310326256214617e-01 
 8.752000000000228e-09  2.255782009288030e-01 
 8.756000000000227e-09  2.192371364853418e-01 
 8.760000000000227e-09  2.120326451651566e-01 
 8.764000000000227e-09  2.039912917284230e-01 
 8.768000000000226e-09  1.951429557815541e-01 
 8.772000000000226e-09  1.855207805141124e-01 
 8.776000000000225e-09  1.751611040783168e-01 
 8.780000000000225e-09  1.641033726805343e-01 
 8.784000000000224e-09  1.523900331579160e-01 
 8.788000000000224e-09  1.400664047906925e-01 
 8.792000000000224e-09  1.271805291901096e-01 
 8.796000000000223e-09  1.137829988982002e-01 
 8.800000000000223e-09  9.992676438443127e-02 
 8.804000000000222e-09  8.566692089040551e-02 
 8.808000000000222e-09  7.106047624503198e-02 
 8.812000000000221e-09  5.616610138552147e-02 
 8.816000000000221e-09  4.104386519994030e-02 
 8.820000000000221e-09  2.575488865778475e-02 
 8.824000000000220e-09  1.036137675106019e-02 
 8.828000000000220e-09 -5.074147287057684e-03 
 8.832000000000219e-09 -2.048913456814816e-02 
 8.836000000000219e-09 -3.582047462895588e-02 
 8.840000000000218e-09 -5.100558243979414e-02 
 8.844000000000218e-09 -6.598323442485388e-02 
 8.848000000000218e-09 -8.069341538851837e-02 
 8.852000000000217e-09 -9.507730461195329e-02 
 8.856000000000217e-09 -1.090774960596210e-01 
 8.860000000000216e-09 -1.226382662344481e-01 
 8.864000000000216e-09 -1.357058516861827e-01 
 8.868000000000215e-09 -1.482287108672597e-01 
 8.872000000000215e-09 -1.601577568108112e-01 
 8.876000000000215e-09 -1.714465639895586e-01 
 8.880000000000214e-09 -1.820515413254373e-01 
 8.884000000000214e-09 -1.919320805266711e-01 
 8.888000000000213e-09 -2.010506739544109e-01 
 8.892000000000213e-09 -2.093730114070400e-01 
 8.896000000000212e-09 -2.168680517899846e-01 
 8.900000000000212e-09 -2.235080783237517e-01 
 8.904000000000212e-09 -2.292687347874747e-01 
 8.908000000000211e-09 -2.341290506472569e-01 
 8.912000000000211e-09 -2.380714536420458e-01 
 8.916000000000210e-09 -2.410817767119886e-01 
 8.920000000000210e-09 -2.431492583098058e-01 
 8.924000000000209e-09 -2.442665416613972e-01 
 8.928000000000209e-09 -2.444296718480363e-01 
 8.932000000000209e-09 -2.436380946433641e-01 
 8.936000000000208e-09 -2.418946553098411e-01 
 8.940000000000208e-09 -2.392055995208406e-01 
 8.944000000000207e-09 -2.355805737369936e-01 
 8.948000000000207e-09 -2.310326255988668e-01 
 8.952000000000206e-09 -2.255782008886236e-01 
 8.956000000000206e-09 -2.192371364282204e-01 
 8.960000000000206e-09 -2.120326450919041e-01 
 8.964000000000205e-09 -2.039912916392730e-01 
 8.968000000000205e-09 -1.951429556765376e-01 
 8.972000000000204e-09 -1.855207803938068e-01 
 8.976000000000204e-09 -1.751611039432390e-01 
 8.980000000000203e-09 -1.641033725316898e-01 
 8.984000000000203e-09 -1.523900329951555e-01 
 8.988000000000203e-09 -1.400664046142488e-01 
 8.992000000000202e-09 -1.271805290008654e-01 
 8.996000000000202e-09 -1.137829986970775e-01 
 9.000000000000201e-09 -9.992676417015289e-02 
 9.004000000000201e-09 -8.566692066504800e-02 
 9.008000000000201e-09 -7.106047600893817e-02 
 9.012000000000200e-09 -5.616610113895604e-02 
 9.016000000000200e-09 -4.104386494383938e-02 
 9.020000000000199e-09 -2.575488839198314e-02 
 9.024000000000199e-09 -1.036137647701096e-02 
 9.028000000000198e-09  5.074147568667087e-03 
 9.032000000000198e-09  2.048913485693049e-02 
 9.036000000000198e-09  3.582047492369256e-02 
 9.040000000000197e-09  5.100558273918665e-02 
 9.044000000000197e-09  6.598323472820944e-02 
 9.048000000000196e-09  8.069341569492927e-02 
 9.052000000000196e-09  9.507730491943001e-02 
 9.056000000000195e-09  1.090774963666572e-01 
 9.060000000000195e-09  1.226382665408359e-01 
 9.064000000000195e-09  1.357058519895151e-01 
 9.068000000000194e-09  1.482287111660572e-01 
 9.072000000000194e-09  1.601577571042192e-01 
 9.076000000000193e-09  1.714465642759393e-01 
 9.080000000000193e-09  1.820515416027000e-01 
 9.084000000000192e-09  1.919320807942491e-01 
 9.088000000000192e-09  2.010506742103342e-01 
 9.092000000000192e-09  2.093730116506523e-01 
 9.096000000000191e-09  2.168680520189783e-01 
 9.100000000000191e-09  2.235080785374919e-01 
 9.104000000000190e-09  2.292687349860136e-01 
 9.108000000000190e-09  2.341290508297451e-01 
 9.112000000000189e-09  2.380714538070690e-01 
 9.116000000000189e-09  2.410817768596489e-01 
 9.120000000000189e-09  2.431492584395722e-01 
 9.124000000000188e-09  2.442665417727414e-01 
 9.128000000000188e-09  2.444296719411820e-01 
 9.132000000000187e-09  2.436380947184158e-01 
 9.136000000000187e-09  2.418946553668901e-01 
 9.140000000000186e-09  2.392055995594879e-01 
 9.144000000000186e-09  2.355805737586141e-01 
 9.148000000000186e-09  2.310326256034170e-01 
 9.152000000000185e-09  2.255782008758827e-01 
 9.156000000000185e-09  2.192371363991548e-01 
 9.160000000000184e-09  2.120326450473540e-01 
 9.164000000000184e-09  2.039912915784647e-01 
 9.168000000000183e-09  1.951429556011490e-01 
 9.172000000000183e-09  1.855207803043868e-01 
 9.176000000000183e-09  1.751611038390397e-01 
 9.180000000000182e-09  1.641033724143597e-01 
 9.184000000000182e-09  1.523900328643251e-01 
 9.188000000000181e-09  1.400664044711455e-01 
 9.192000000000181e-09  1.271805288448924e-01 
 9.196000000000180e-09  1.137829985288654e-01 
 9.200000000000180e-09  9.992676399171074e-02 
 9.204000000000180e-09  8.566692047562441e-02 
 9.208000000000179e-09  7.106047580852071e-02 
 9.212000000000179e-09  5.616610092870289e-02 
 9.216000000000178e-09  4.104386472384647e-02 
 9.220000000000178e-09  2.575488816334826e-02 
 9.224000000000177e-09  1.036137624011246e-02 
 9.228000000000177e-09 -5.074147813623142e-03 
 9.232000000000177e-09 -2.048913510880723e-02 
 9.236000000000176e-09 -3.582047518098008e-02 
 9.240000000000176e-09 -5.100558300027913e-02 
 9.244000000000175e-09 -6.598323499351011e-02 
 9.248000000000175e-09 -8.069341596222301e-02 
 9.252000000000174e-09 -9.507730518836865e-02 
 9.256000000000174e-09 -1.090774966358037e-01 
 9.260000000000174e-09 -1.226382668076287e-01 
 9.264000000000173e-09 -1.357058522543539e-01 
 9.268000000000173e-09 -1.482287114272864e-01 
 9.272000000000172e-09 -1.601577573594426e-01 
 9.276000000000172e-09 -1.714465645245564e-01 
 9.280000000000171e-09 -1.820515418438458e-01 
 9.284000000000171e-09 -1.919320810249339e-01 
 9.288000000000171e-09 -2.010506744302774e-01 
 9.292000000000170e-09 -2.093730118583643e-01 
 9.296000000000170e-09 -2.168680522139335e-01 
 9.300000000000169e-09 -2.235080787187096e-01 
 9.304000000000169e-09 -2.292687351519547e-01 
 9.308000000000168e-09 -2.341290509794929e-01 
 9.312000000000168e-09 -2.380714539412567e-01 
 9.316000000000168e-09 -2.410817769769122e-01 
 9.320000000000167e-09 -2.431492585386450e-01 
 9.324000000000167e-09 -2.442665418553625e-01 
 9.328000000000166e-09 -2.444296720061467e-01 
 9.332000000000166e-09 -2.436380947658716e-01 
 9.336000000000165e-09 -2.418946553967039e-01 
 9.340000000000165e-09 -2.392055995725770e-01 
 9.344000000000165e-09 -2.355805737547034e-01 
 9.348000000000164e-09 -2.310326255829702e-01 
 9.352000000000164e-09 -2.255782008399105e-01 
 9.356000000000163e-09 -2.192371363476129e-01 
 9.360000000000163e-09 -2.120326449798933e-01 
 9.364000000000162e-09 -2.039912914963384e-01 
 9.368000000000162e-09 -1.951429555047728e-01 
 9.372000000000162e-09 -1.855207801933574e-01 
 9.376000000000161e-09 -1.751611037154888e-01 
 9.380000000000161e-09 -1.641033722768590e-01 
 9.384000000000160e-09 -1.523900327143011e-01 
 9.388000000000160e-09 -1.400664043084348e-01 
 9.392000000000159e-09 -1.271805286713725e-01 
 9.396000000000159e-09 -1.137829983433178e-01 
 9.400000000000159e-09 -9.992676379450138e-02 
 9.404000000000158e-09 -8.566692026812817e-02 
 9.408000000000158e-09 -7.106047559110351e-02 
 9.412000000000157e-09 -5.616610070106276e-02 
 9.416000000000157e-09 -4.104386448815944e-02 
 9.420000000000156e-09 -2.575488791881853e-02 
 9.424000000000156e-09 -1.036137598714859e-02 
 9.428000000000156e-09  5.074148072822027e-03 
 9.432000000000155e-09  2.048913537402441e-02 
 9.436000000000155e-09  3.582047545242872e-02 
 9.440000000000154e-09  5.100558327670868e-02 
 9.444000000000154e-09  6.598323527250827e-02 
 9.448000000000153e-09  8.069341624441151e-02 
 9.452000000000153e-09  9.507730547143467e-02 
 9.456000000000153e-09  1.090774969191113e-01 
 9.460000000000152e-09  1.226382670900108e-01 
 9.464000000000152e-09  1.357058525332473e-01 
 9.468000000000151e-09  1.482287117025223e-01 
 9.472000000000151e-09  1.601577576300457e-01 
 9.476000000000150e-09  1.714465647885746e-01 
 9.480000000000150e-09  1.820515420993605e-01 
 9.484000000000150e-09  1.919320812712346e-01 
 9.488000000000149e-09  2.010506746658738e-01 
 9.492000000000149e-09  2.093730120829118e-01 
 9.496000000000148e-09  2.168680524262081e-01 
 9.500000000000148e-09  2.235080789169599e-01 
 9.504000000000148e-09  2.292687353359737e-01 
 9.508000000000147e-09  2.341290511480354e-01 
 9.512000000000147e-09  2.380714540937547e-01 
 9.516000000000146e-09  2.410817771132101e-01 
 9.520000000000146e-09  2.431492586596118e-01 
 9.524000000000145e-09  2.442665419589380e-01 
 9.528000000000145e-09  2.444296720932553e-01 
 9.532000000000145e-09  2.436380948359274e-01 
 9.536000000000144e-09  2.418946554507837e-01 
 9.540000000000144e-09  2.392055996093099e-01 
 9.544000000000143e-09  2.355805737754881e-01 
 9.548000000000143e-09  2.310326255880604e-01 
 9.552000000000142e-09  2.255782008294842e-01 
 9.556000000000142e-09  2.192371363220360e-01 
 9.560000000000142e-09  2.120326449399759e-01 
 9.564000000000141e-09  2.039912914418984e-01 
 9.568000000000141e-09  1.951429554370492e-01 
 9.572000000000140e-09  1.855207801121903e-01 
 9.576000000000140e-09  1.751611036210043e-01 
 9.580000000000139e-09  1.641033721705121e-01 
 9.584000000000139e-09  1.523900325956227e-01 
 9.588000000000139e-09  1.400664041776380e-01 
 9.592000000000138e-09  1.271805285290242e-01 
 9.596000000000138e-09  1.137829981908265e-01 
 9.600000000000137e-09  9.992676363120978e-02 
 9.604000000000137e-09  8.566692009468824e-02 
 9.608000000000136e-09  7.106047540771598e-02 
 9.612000000000136e-09  5.616610050883253e-02 
 9.616000000000136e-09  4.104386428604911e-02 
 9.620000000000135e-09  2.575488770976975e-02 
 9.624000000000135e-09  1.036137577068530e-02 
 9.628000000000134e-09 -5.074148296163372e-03 
 9.632000000000134e-09 -2.048913560352617e-02 
 9.636000000000133e-09 -3.582047568692914e-02 
 9.640000000000133e-09 -5.100558351549012e-02 
 9.644000000000133e-09 -6.598323551552809e-02 
 9.648000000000132e-09 -8.069341648904071e-02 
 9.652000000000132e-09 -9.507730571734996e-02 
 9.656000000000131e-09 -1.090774971649733e-01 
 9.660000000000131e-09 -1.226382673352830e-01 
 9.664000000000130e-09 -1.357058527759349e-01 
 9.668000000000130e-09 -1.482287119409875e-01 
 9.672000000000130e-09 -1.601577578641376e-01 
 9.676000000000129e-09 -1.714465650153141e-01 
 9.680000000000129e-09 -1.820515423184901e-01 
 9.684000000000128e-09 -1.919320814827916e-01 
 9.688000000000128e-09 -2.010506748673144e-01 
 9.692000000000127e-09 -2.093730122729092e-01 
 9.696000000000127e-09 -2.168680526042248e-01 
 9.700000000000127e-09 -2.235080790819870e-01 
 9.704000000000126e-09 -2.292687354870022e-01 
 9.708000000000126e-09 -2.341290512850227e-01 
 9.712000000000125e-09 -2.380714542156941e-01 
 9.716000000000125e-09 -2.410817772195826e-01 
 9.720000000000124e-09 -2.431492587503290e-01 
 9.724000000000124e-09 -2.442665420336272e-01 
 9.728000000000124e-09 -2.444296721515065e-01 
 9.732000000000123e-09 -2.436380948786130e-01 
 9.736000000000123e-09 -2.418946554766905e-01 
 9.740000000000122e-09 -2.392055996198539e-01 
 9.744000000000122e-09 -2.355805737713195e-01 
 9.748000000000121e-09 -2.310326255674626e-01 
 9.752000000000121e-09 -2.255782007951934e-01 
 9.756000000000121e-09 -2.192371362731906e-01 
 9.760000000000120e-09 -2.120326448762784e-01 
 9.764000000000120e-09 -2.039912913654280e-01 
 9.768000000000119e-09 -1.951429553467676e-01 
 9.772000000000119e-09 -1.855207800093108e-01 
 9.776000000000118e-09 -1.751611035054417e-01 
 9.780000000000118e-09 -1.641033720431384e-01 
 9.784000000000118e-09 -1.523900324566956e-01 
 9.788000000000117e-09 -1.400664040273938e-01 
 9.792000000000117e-09 -1.271805283674770e-01 
 9.796000000000116e-09 -1.137829980191416e-01 
 9.800000000000116e-09 -9.992676344960749e-02 
 9.804000000000115e-09 -8.566691990273512e-02 
 9.808000000000115e-09 -7.106047520697700e-02 
 9.812000000000115e-09 -5.616610029930058e-02 
 9.816000000000114e-09 -4.104386406873672e-02 
 9.820000000000114e-09 -2.575488748388821e-02 
 9.824000000000113e-09 -1.036137553784044e-02 
 9.828000000000113e-09  5.074148535584300e-03 
 9.832000000000112e-09  2.048913584896539e-02 
 9.836000000000112e-09  3.582047593652149e-02 
 9.840000000000112e-09  5.100558376961217e-02 
 9.844000000000111e-09  6.598323577212994e-02 
 9.848000000000111e-09  8.069341674783104e-02 
 9.852000000000110e-09  9.507730597750452e-02 
 9.856000000000110e-09  1.090774974248685e-01 
 9.860000000000109e-09  1.226382675943292e-01 
 9.864000000000109e-09  1.357058530327091e-01 
 9.868000000000109e-09  1.482287121943529e-01 
 9.872000000000108e-09  1.601577581112856e-01 
 9.876000000000108e-09  1.714465652578401e-01 
 9.880000000000107e-09  1.820515425531699e-01 
 9.884000000000107e-09  1.919320817089076e-01 
 9.888000000000106e-09  2.010506750840548e-01 
 9.892000000000106e-09  2.093730124792827e-01 
 9.896000000000106e-09  2.168680527981630e-01 
 9.900000000000105e-09  2.235080792639321e-01 
 9.904000000000105e-09  2.292687356563530e-01 
 9.908000000000104e-09  2.341290514399361e-01 
 9.912000000000104e-09  2.380714543561133e-01 
 9.916000000000103e-09  2.410817773450646e-01 
 9.920000000000103e-09  2.431492588602420e-01 
 9.924000000000103e-09  2.442665421282422e-01 
 9.928000000000102e-09  2.444296722307004e-01 
 9.932000000000102e-09  2.436380949419994e-01 
 9.936000000000101e-09  2.418946555250938e-01 
 9.940000000000101e-09  2.392055996540252e-01 
 9.944000000000100e-09  2.355805737893504e-01 
 9.948000000000100e-09  2.310326255715207e-01 
 9.952000000000100e-09  2.255782007842857e-01 
 9.956000000000099e-09  2.192371362487497e-01 
 9.960000000000099e-09  2.120326448386738e-01 
 9.964000000000098e-09  2.039912913145940e-01 
 9.968000000000098e-09  1.951429552828294e-01 
 9.972000000000097e-09  1.855207799328227e-01 
 9.976000000000097e-09  1.751611034179525e-01 
 9.980000000000097e-09  1.641033719432077e-01 
 9.984000000000096e-09  1.523900323459983e-01 
 9.988000000000096e-09  1.400664039064630e-01 
 9.992000000000095e-09  1.271805282359058e-01 
 9.996000000000095e-09  1.137829978769354e-01 
 1.000000000000009e-08  9.996663153170293e-02 
