 5.000000000000000e-08 -6.783672497432391e-03 
 5.010000000000000e-08 -9.948161068671135e-03 
 5.020000000000000e-08 -1.305778024051873e-02 
 5.030000000000000e-08 -1.612784369382259e-02 
 5.040000000000000e-08 -1.913425213029196e-02 
 5.050000000000000e-08 -2.206501522703208e-02 
 5.060000000000000e-08 -2.490871591803612e-02 
 5.070000000000000e-08 -2.765397899221544e-02 
 5.080000000000000e-08 -3.029011343978194e-02 
 5.090000000000001e-08 -3.280660452972928e-02 
 5.100000000000001e-08 -3.519362223056177e-02 
 5.110000000000001e-08 -3.744168720279761e-02 
 5.120000000000001e-08 -3.954198560538913e-02 
 5.130000000000001e-08 -4.148621291414112e-02 
 5.140000000000001e-08 -4.326672029889234e-02 
 5.150000000000001e-08 -4.487649466022869e-02 
 5.160000000000001e-08 -4.630918313246712e-02 
 5.170000000000001e-08 -4.755916164734542e-02 
 5.180000000000001e-08 -4.862148155189394e-02 
 5.190000000000001e-08 -4.949198659943321e-02 
 5.200000000000002e-08 -5.016721587916129e-02 
 5.210000000000002e-08 -5.064453985281392e-02 
 5.220000000000002e-08 -5.092204343712825e-02 
 5.230000000000002e-08 -5.099866146921839e-02 
 5.240000000000002e-08 -5.087405716781168e-02 
 5.250000000000002e-08 -5.054874504696172e-02 
 5.260000000000002e-08 -5.002397357405997e-02 
 5.270000000000002e-08 -4.930182908880698e-02 
 5.280000000000002e-08 -4.838512703304887e-02 
 5.290000000000002e-08 -4.727749412821591e-02 
 5.300000000000002e-08 -4.598326974086397e-02 
 5.310000000000003e-08 -4.450756599778916e-02 
 5.320000000000003e-08 -4.285617906876293e-02 
 5.330000000000003e-08 -4.103562832562635e-02 
 5.340000000000003e-08 -3.905307648063538e-02 
 5.350000000000003e-08 -3.691634969696533e-02 
 5.360000000000003e-08 -3.463386511507860e-02 
 5.370000000000003e-08 -3.221463419854342e-02 
 5.380000000000003e-08 -2.966819612711058e-02 
 5.390000000000003e-08 -2.700460681464745e-02 
 5.400000000000003e-08 -2.423437680739493e-02 
 5.410000000000003e-08 -2.136844837777674e-02 
 5.420000000000004e-08 -1.841813683119842e-02 
 5.430000000000004e-08 -1.539509795640925e-02 
 5.440000000000004e-08 -1.231127192501180e-02 
 5.450000000000004e-08 -9.178843266044234e-03 
 5.460000000000004e-08 -6.010186836308273e-03 
 5.470000000000004e-08 -2.817822306591999e-03 
 5.480000000000004e-08  3.856380474793752e-04 
 5.490000000000004e-08  3.587538535399171e-03 
 5.500000000000004e-08  6.775213059346363e-03 
 5.510000000000004e-08  9.936158403745177e-03 
 5.520000000000004e-08  1.305778024725823e-02 
 5.530000000000005e-08  1.612784370543574e-02 
 5.540000000000005e-08  1.913425213978703e-02 
 5.550000000000005e-08  2.206501523397386e-02 
 5.560000000000005e-08  2.490871592703225e-02 
 5.570000000000005e-08  2.765397900012045e-02 
 5.580000000000005e-08  3.029011345226262e-02 
 5.590000000000005e-08  3.280660454033879e-02 
 5.600000000000005e-08  3.519362223992717e-02 
 5.610000000000005e-08  3.744168720904995e-02 
 5.620000000000005e-08  3.954198561437572e-02 
 5.630000000000005e-08  4.148621292583576e-02 
 5.640000000000006e-08  4.326672031190992e-02 
 5.650000000000006e-08  4.487649467298915e-02 
 5.660000000000006e-08  4.630918314172727e-02 
 5.670000000000006e-08  4.755916165532659e-02 
 5.680000000000006e-08  4.862148155679002e-02 
 5.690000000000006e-08  4.949198660685838e-02 
 5.700000000000006e-08  5.016721588487139e-02 
 5.710000000000006e-08  5.064453986375739e-02 
 5.720000000000006e-08  5.092204344887885e-02 
 5.730000000000006e-08  5.099866148568277e-02 
 5.740000000000006e-08  5.087405717851801e-02 
 5.750000000000006e-08  5.054874505959472e-02 
 5.760000000000007e-08  5.002397358354882e-02 
 5.770000000000007e-08  4.930182910314151e-02 
 5.780000000000007e-08  4.838512704349185e-02 
 5.790000000000007e-08  4.727749414222515e-02 
 5.800000000000007e-08  4.598326975193778e-02 
 5.810000000000007e-08  4.450756601552719e-02 
 5.820000000000007e-08  4.285617908302464e-02 
 5.830000000000007e-08  4.103562833981811e-02 
 5.840000000000007e-08  3.905307648790024e-02 
 5.850000000000007e-08  3.691634970880830e-02 
 5.860000000000007e-08  3.463386512396038e-02 
 5.870000000000008e-08  3.221463421314885e-02 
 5.880000000000008e-08  2.966819613882166e-02 
 5.890000000000008e-08  2.700460682887762e-02 
 5.900000000000008e-08  2.423437681769292e-02 
 5.910000000000008e-08  2.136844839385033e-02 
 5.920000000000008e-08  1.841813684272076e-02 
 5.930000000000008e-08  1.539509797003569e-02 
 5.940000000000008e-08  1.231127193274140e-02 
 5.950000000000008e-08  9.178843277217741e-03 
 5.960000000000008e-08  6.010186844260357e-03 
 5.970000000000008e-08  2.817822316856455e-03 
 5.980000000000007e-08 -3.856380406652704e-04 
 5.990000000000007e-08 -3.587538521658606e-03 
 6.000000000000006e-08 -6.775213046928075e-03 
 6.010000000000006e-08 -9.936158392884975e-03 
 6.020000000000005e-08 -1.305778023605209e-02 
 6.030000000000004e-08 -1.612784368952980e-02 
 6.040000000000004e-08 -1.913425213093012e-02 
 6.050000000000003e-08 -2.206501521949433e-02 
 6.060000000000003e-08 -2.490871591977895e-02 
 6.070000000000002e-08 -2.765397898539801e-02 
 6.080000000000002e-08 -3.029011344397881e-02 
 6.090000000000001e-08 -3.280660452388462e-02 
 6.100000000000000e-08 -3.519362223326028e-02 
 6.110000000000000e-08 -3.744168719890650e-02 
 6.119999999999999e-08 -3.954198561079414e-02 
 6.129999999999999e-08 -4.148621291518984e-02 
 6.139999999999998e-08 -4.326672030423695e-02 
 6.149999999999997e-08 -4.487649465853205e-02 
 6.159999999999997e-08 -4.630918313336663e-02 
 6.169999999999996e-08 -4.755916164534080e-02 
 6.179999999999996e-08 -4.862148155325752e-02 
 6.189999999999995e-08 -4.949198659899068e-02 
 6.199999999999995e-08 -5.016721587977546e-02 
 6.209999999999994e-08 -5.064453985176187e-02 
 6.219999999999993e-08 -5.092204343666551e-02 
 6.229999999999993e-08 -5.099866146907672e-02 
 6.239999999999992e-08 -5.087405716809457e-02 
 6.249999999999992e-08 -5.054874504887685e-02 
 6.259999999999991e-08 -5.002397357580035e-02 
 6.269999999999991e-08 -4.930182909101455e-02 
 6.279999999999990e-08 -4.838512703353515e-02 
 6.289999999999989e-08 -4.727749412805782e-02 
 6.299999999999989e-08 -4.598326973954481e-02 
 6.309999999999988e-08 -4.450756599905947e-02 
 6.319999999999988e-08 -4.285617906986694e-02 
 6.329999999999987e-08 -4.103562832792829e-02 
 6.339999999999987e-08 -3.905307648072931e-02 
 6.349999999999986e-08 -3.691634969775470e-02 
 6.359999999999985e-08 -3.463386511512057e-02 
 6.369999999999985e-08 -3.221463420097725e-02 
 6.379999999999984e-08 -2.966819612785976e-02 
 6.389999999999984e-08 -2.700460681517769e-02 
 6.399999999999983e-08 -2.423437680465401e-02 
 6.409999999999983e-08 -2.136844837636831e-02 
 6.419999999999982e-08 -1.841813682854632e-02 
 6.429999999999981e-08 -1.539509795599625e-02 
 6.439999999999981e-08 -1.231127192247072e-02 
 6.449999999999980e-08 -9.178843263577763e-03 
 6.459999999999980e-08 -6.010186832698938e-03 
 6.469999999999979e-08 -2.817822306374174e-03 
 6.479999999999979e-08  3.856380491074063e-04 
 6.489999999999978e-08  3.587538536087953e-03 
 6.499999999999977e-08  6.775213057700569e-03 
 6.509999999999977e-08  9.936158406059326e-03 
 6.519999999999976e-08  1.305778024552140e-02 
 6.529999999999976e-08  1.612784370077014e-02 
 6.539999999999975e-08  1.913425213931741e-02 
 6.549999999999975e-08  2.206501522858706e-02 
 6.559999999999974e-08  2.490871593065735e-02 
 6.569999999999973e-08  2.765397899727629e-02 
 6.579999999999973e-08  3.029011345715271e-02 
 6.589999999999972e-08  3.280660453660511e-02 
 6.599999999999972e-08  3.519362224250155e-02 
 6.609999999999971e-08  3.744168720648178e-02 
 6.619999999999971e-08  3.954198561851840e-02 
 6.629999999999970e-08  4.148621292516630e-02 
 6.639999999999969e-08  4.326672031554124e-02 
 6.649999999999969e-08  4.487649467093680e-02 
 6.659999999999968e-08  4.630918314276267e-02 
 6.669999999999968e-08  4.755916165401008e-02 
 6.679999999999967e-08  4.862148155934243e-02 
 6.689999999999967e-08  4.949198660523435e-02 
 6.699999999999966e-08  5.016721588457762e-02 
 6.709999999999965e-08  5.064453986097339e-02 
 6.719999999999965e-08  5.092204344777862e-02 
 6.729999999999964e-08  5.099866148389820e-02 
 6.739999999999964e-08  5.087405717981808e-02 
 6.749999999999963e-08  5.054874506006302e-02 
 6.759999999999963e-08  5.002397358520549e-02 
 6.769999999999962e-08  4.930182910222203e-02 
 6.779999999999961e-08  4.838512704218045e-02 
 6.789999999999961e-08  4.727749414079008e-02 
 6.799999999999960e-08  4.598326975353739e-02 
 6.809999999999960e-08  4.450756601594974e-02 
 6.819999999999959e-08  4.285617908227390e-02 
 6.829999999999959e-08  4.103562833816876e-02 
 6.839999999999958e-08  3.905307648732936e-02 
 6.849999999999957e-08  3.691634970703750e-02 
 6.859999999999957e-08  3.463386512282418e-02 
 6.869999999999956e-08  3.221463421102722e-02 
 6.879999999999956e-08  2.966819613520788e-02 
 6.889999999999955e-08  2.700460682314598e-02 
 6.899999999999955e-08  2.423437681290252e-02 
 6.909999999999954e-08  2.136844839040331e-02 
 6.919999999999953e-08  1.841813684135629e-02 
 6.929999999999953e-08  1.539509796887328e-02 
 6.939999999999952e-08  1.231127193349457e-02 
 6.949999999999952e-08  9.178843279181059e-03 
 6.959999999999951e-08  6.010186847589027e-03 
 6.969999999999951e-08  2.817822319500563e-03 
 6.979999999999950e-08 -3.856380396740633e-04 
 6.989999999999949e-08 -3.587538522945799e-03 
 6.999999999999949e-08 -6.775213045671080e-03 
 7.009999999999948e-08 -9.936158395265071e-03 
 7.019999999999948e-08 -1.305778023529647e-02 
 7.029999999999947e-08 -1.612784368948694e-02 
 7.039999999999947e-08 -1.913425213195175e-02 
 7.049999999999946e-08 -2.206501521811899e-02 
 7.059999999999945e-08 -2.490871592218125e-02 
 7.069999999999945e-08 -2.765397898567690e-02 
 7.079999999999944e-08 -3.029011344875854e-02 
 7.089999999999944e-08 -3.280660452479411e-02 
 7.099999999999943e-08 -3.519362223526978e-02 
 7.109999999999943e-08 -3.744168719799523e-02 
 7.119999999999942e-08 -3.954198561181710e-02 
 7.129999999999941e-08 -4.148621291356336e-02 
 7.139999999999941e-08 -4.326672030374179e-02 
 7.149999999999940e-08 -4.487649465598809e-02 
 7.159999999999940e-08 -4.630918313118726e-02 
 7.169999999999939e-08 -4.755916164159224e-02 
 7.179999999999939e-08 -4.862148154984913e-02 
 7.189999999999938e-08 -4.949198659550014e-02 
 7.199999999999937e-08 -5.016721587781925e-02 
 7.209999999999937e-08 -5.064453985146899e-02 
 7.219999999999936e-08 -5.092204343732165e-02 
 7.229999999999936e-08 -5.099866147042453e-02 
 7.239999999999935e-08 -5.087405716960824e-02 
 7.249999999999935e-08 -5.054874504988649e-02 
 7.259999999999934e-08 -5.002397357552169e-02 
 7.269999999999933e-08 -4.930182909030889e-02 
 7.279999999999933e-08 -4.838512703253484e-02 
 7.289999999999932e-08 -4.727749412944426e-02 
 7.299999999999932e-08 -4.598326974055356e-02 
 7.309999999999931e-08 -4.450756599947447e-02 
 7.319999999999931e-08 -4.285617906892902e-02 
 7.329999999999930e-08 -4.103562832693308e-02 
 7.339999999999929e-08 -3.905307647786760e-02 
 7.349999999999929e-08 -3.691634969497759e-02 
 7.359999999999928e-08 -3.463386511090061e-02 
 7.369999999999928e-08 -3.221463419723181e-02 
 7.379999999999927e-08 -2.966819612516169e-02 
 7.389999999999927e-08 -2.700460681570394e-02 
 7.399999999999926e-08 -2.423437680711338e-02 
 7.409999999999925e-08 -2.136844838014751e-02 
 7.419999999999925e-08 -1.841813683038040e-02 
 7.429999999999924e-08 -1.539509795758853e-02 
 7.439999999999924e-08 -1.231127192439030e-02 
 7.449999999999923e-08 -9.178843267911629e-03 
 7.459999999999923e-08 -6.010186836507225e-03 
 7.469999999999922e-08 -2.817822308991413e-03 
 7.479999999999921e-08  3.856380479860810e-04 
 7.489999999999921e-08  3.587538533380785e-03 
 7.499999999999920e-08  6.775213054897700e-03 
 7.509999999999920e-08  9.936158407097162e-03 
 7.519999999999919e-08  1.305778024571280e-02 
 7.529999999999919e-08  1.612784370060094e-02 
 7.539999999999918e-08  1.913425214164710e-02 
 7.549999999999917e-08  2.206501522801085e-02 
 7.559999999999917e-08  2.490871593283384e-02 
 7.569999999999916e-08  2.765397899693989e-02 
 7.579999999999916e-08  3.029011346012145e-02 
 7.589999999999915e-08  3.280660453796469e-02 
 7.599999999999915e-08  3.519362224716938e-02 
 7.609999999999914e-08  3.744168720823593e-02 
 7.619999999999913e-08  3.954198562140121e-02 
 7.629999999999913e-08  4.148621292527421e-02 
 7.639999999999912e-08  4.326672031688439e-02 
 7.649999999999912e-08  4.487649467150767e-02 
 7.659999999999911e-08  4.630918314495047e-02 
 7.669999999999911e-08  4.755916165432628e-02 
 7.679999999999910e-08  4.862148156095669e-02 
 7.689999999999909e-08  4.949198660582899e-02 
 7.699999999999909e-08  5.016721588668727e-02 
 7.709999999999908e-08  5.064453986240225e-02 
 7.719999999999908e-08  5.092204344921480e-02 
 7.729999999999907e-08  5.099866148339482e-02 
 7.739999999999907e-08  5.087405717991089e-02 
 7.749999999999906e-08  5.054874506058171e-02 
 7.759999999999905e-08  5.002397358681465e-02 
 7.769999999999905e-08  4.930182910365577e-02 
 7.779999999999904e-08  4.838512704441134e-02 
 7.789999999999904e-08  4.727749414183391e-02 
 7.799999999999903e-08  4.598326975368661e-02 
 7.809999999999903e-08  4.450756601452621e-02 
 7.819999999999902e-08  4.285617908183514e-02 
 7.829999999999901e-08  4.103562833942642e-02 
 7.839999999999901e-08  3.905307648998124e-02 
 7.849999999999900e-08  3.691634970940916e-02 
 7.859999999999900e-08  3.463386512553113e-02 
 7.869999999999899e-08  3.221463421336357e-02 
 7.879999999999899e-08  2.966819613773120e-02 
 7.889999999999898e-08  2.700460682525585e-02 
 7.899999999999897e-08  2.423437681427743e-02 
 7.909999999999897e-08  2.136844839038599e-02 
 7.919999999999896e-08  1.841813684142179e-02 
 7.929999999999896e-08  1.539509796956562e-02 
 7.939999999999895e-08  1.231127193490877e-02 
 7.949999999999895e-08  9.178843279847415e-03 
 7.959999999999894e-08  6.010186847310139e-03 
 7.969999999999893e-08  2.817822318334162e-03 
 7.979999999999893e-08 -3.856380401581205e-04 
 7.989999999999892e-08 -3.587538522529021e-03 
 7.999999999999892e-08 -6.775213044876605e-03 
 8.009999999999891e-08 -9.936158396839367e-03 
 8.019999999999890e-08 -1.305778023604254e-02 
 8.029999999999890e-08 -1.612784369023634e-02 
 8.039999999999889e-08 -1.913425213267450e-02 
 8.049999999999889e-08 -2.206501521794269e-02 
 8.059999999999888e-08 -2.490871592182775e-02 
 8.069999999999888e-08 -2.765397898323019e-02 
 8.079999999999887e-08 -3.029011344690558e-02 
 8.089999999999886e-08 -3.280660452381579e-02 
 8.099999999999886e-08 -3.519362223638889e-02 
 8.109999999999885e-08 -3.744168719699381e-02 
 8.119999999999885e-08 -3.954198561105593e-02 
 8.129999999999884e-08 -4.148621291421040e-02 
 8.139999999999884e-08 -4.326672030606371e-02 
 8.149999999999883e-08 -4.487649465818988e-02 
 8.159999999999882e-08 -4.630918313346544e-02 
 8.169999999999882e-08 -4.755916164357976e-02 
 8.179999999999881e-08 -4.862148155190971e-02 
 8.189999999999881e-08 -4.949198659766063e-02 
 8.199999999999880e-08 -5.016721587909156e-02 
 8.209999999999880e-08 -5.064453985131556e-02 
 8.219999999999879e-08 -5.092204343635176e-02 
 8.229999999999878e-08 -5.099866146882936e-02 
 8.239999999999878e-08 -5.087405716784454e-02 
 8.249999999999877e-08 -5.054874504911844e-02 
 8.259999999999877e-08 -5.002397357551192e-02 
 8.269999999999876e-08 -4.930182909298342e-02 
 8.279999999999876e-08 -4.838512703668996e-02 
 8.289999999999875e-08 -4.727749413241944e-02 
 8.299999999999874e-08 -4.598326974226907e-02 
 8.309999999999874e-08 -4.450756600198735e-02 
 8.319999999999873e-08 -4.285617907167971e-02 
 8.329999999999873e-08 -4.103562832999064e-02 
 8.339999999999872e-08 -3.905307648020484e-02 
 8.349999999999872e-08 -3.691634969718960e-02 
 8.359999999999871e-08 -3.463386511298605e-02 
 8.369999999999870e-08 -3.221463419882609e-02 
 8.379999999999870e-08 -2.966819612420757e-02 
 8.389999999999869e-08 -2.700460681338113e-02 
 8.399999999999869e-08 -2.423437680466778e-02 
 8.409999999999868e-08 -2.136844837822860e-02 
 8.419999999999868e-08 -1.841813682806137e-02 
 8.429999999999867e-08 -1.539509795644145e-02 
 8.439999999999866e-08 -1.231127192354831e-02 
 8.449999999999866e-08 -9.178843266459236e-03 
 8.459999999999865e-08 -6.010186834866094e-03 
 8.469999999999865e-08 -2.817822308095463e-03 
 8.479999999999864e-08  3.856380479787536e-04 
 8.489999999999864e-08  3.587538531982792e-03 
 8.499999999999863e-08  6.775213053271889e-03 
 8.509999999999862e-08  9.936158405156270e-03 
 8.519999999999862e-08  1.305778024452442e-02 
 8.529999999999861e-08  1.612784370052034e-02 
 8.539999999999861e-08  1.913425214267495e-02 
 8.549999999999860e-08  2.206501522878068e-02 
 8.559999999999860e-08  2.490871593501987e-02 
 8.569999999999859e-08  2.765397899774125e-02 
 8.579999999999858e-08  3.029011346039145e-02 
 8.589999999999858e-08  3.280660453558149e-02 
 8.599999999999857e-08  3.519362224485678e-02 
 8.609999999999857e-08  3.744168720510976e-02 
 8.619999999999856e-08  3.954198562021571e-02 
 8.629999999999856e-08  4.148621292495358e-02 
 8.639999999999855e-08  4.326672031820245e-02 
 8.649999999999854e-08  4.487649467152544e-02 
 8.659999999999854e-08  4.630918314458743e-02 
 8.669999999999853e-08  4.755916165409935e-02 
 8.679999999999853e-08  4.862148156165547e-02 
 8.689999999999852e-08  4.949198660621557e-02 
 8.699999999999852e-08  5.016721588600292e-02 
 8.709999999999851e-08  5.064453986135176e-02 
 8.719999999999850e-08  5.092204344850915e-02 
 8.729999999999850e-08  5.099866148262877e-02 
 8.739999999999849e-08  5.087405717915305e-02 
 8.749999999999849e-08  5.054874505889129e-02 
 8.759999999999848e-08  5.002397358507960e-02 
 8.769999999999848e-08  4.930182910154191e-02 
 8.779999999999847e-08  4.838512704235653e-02 
 8.789999999999846e-08  4.727749414038840e-02 
 8.799999999999846e-08  4.598326975505129e-02 
 8.809999999999845e-08  4.450756601697892e-02 
 8.819999999999845e-08  4.285617908345496e-02 
 8.829999999999844e-08  4.103562833947549e-02 
 8.839999999999844e-08  3.905307648957113e-02 
 8.849999999999843e-08  3.691634970792412e-02 
 8.859999999999842e-08  3.463386512367750e-02 
 8.869999999999842e-08  3.221463421117221e-02 
 8.879999999999841e-08  2.966819613666116e-02 
 8.889999999999841e-08  2.700460682529715e-02 
 8.899999999999840e-08  2.423437681540808e-02 
 8.909999999999840e-08  2.136844839095753e-02 
 8.919999999999839e-08  1.841813683983351e-02 
 8.929999999999838e-08  1.539509796593830e-02 
 8.939999999999838e-08  1.231127193121129e-02 
 8.949999999999837e-08  9.178843276749005e-03 
 8.959999999999837e-08  6.010186844802590e-03 
 8.969999999999836e-08  2.817822316345975e-03 
 8.979999999999836e-08 -3.856380404461124e-04 
 8.989999999999835e-08 -3.587538523622147e-03 
 8.999999999999834e-08 -6.775213046725126e-03 
 9.009999999999834e-08 -9.936158398793582e-03 
 9.019999999999833e-08 -1.305778023592508e-02 
 9.029999999999833e-08 -1.612784368946407e-02 
 9.039999999999832e-08 -1.913425213228015e-02 
 9.049999999999832e-08 -2.206501521829751e-02 
 9.059999999999831e-08 -2.490871592392985e-02 
 9.069999999999830e-08 -2.765397898585076e-02 
 9.079999999999830e-08 -3.029011344978616e-02 
 9.089999999999829e-08 -3.280660452561723e-02 
 9.099999999999829e-08 -3.519362223641620e-02 
 9.109999999999828e-08 -3.744168719623908e-02 
 9.119999999999828e-08 -3.954198561091893e-02 
 9.129999999999827e-08 -4.148621291370680e-02 
 9.139999999999826e-08 -4.326672030524925e-02 
 9.149999999999826e-08 -4.487649465665688e-02 
 9.159999999999825e-08 -4.630918313261345e-02 
 9.169999999999825e-08 -4.755916164363017e-02 
 9.179999999999824e-08 -4.862148155224877e-02 
 9.189999999999824e-08 -4.949198659718546e-02 
 9.199999999999823e-08 -5.016721587793915e-02 
 9.209999999999822e-08 -5.064453985049133e-02 
 9.219999999999822e-08 -5.092204343660289e-02 
 9.229999999999821e-08 -5.099866147096876e-02 
 9.239999999999821e-08 -5.087405716982762e-02 
 9.249999999999820e-08 -5.054874504932183e-02 
 9.259999999999820e-08 -5.002397357576460e-02 
 9.269999999999819e-08 -4.930182909314751e-02 
 9.279999999999818e-08 -4.838512703486164e-02 
 9.289999999999818e-08 -4.727749412966920e-02 
 9.299999999999817e-08 -4.598326974034772e-02 
 9.309999999999817e-08 -4.450756600214967e-02 
 9.319999999999816e-08 -4.285617907167460e-02 
 9.329999999999816e-08 -4.103562832918195e-02 
 9.339999999999815e-08 -3.905307648055301e-02 
 9.349999999999814e-08 -3.691634969917645e-02 
 9.359999999999814e-08 -3.463386511390332e-02 
 9.369999999999813e-08 -3.221463420002024e-02 
 9.379999999999813e-08 -2.966819612648730e-02 
 9.389999999999812e-08 -2.700460681466033e-02 
 9.399999999999812e-08 -2.423437680285478e-02 
 9.409999999999811e-08 -2.136844837606344e-02 
 9.419999999999810e-08 -1.841813682823012e-02 
 9.429999999999810e-08 -1.539509795751748e-02 
 9.439999999999809e-08 -1.231127192357784e-02 
 9.449999999999809e-08 -9.178843266967718e-03 
 9.459999999999808e-08 -6.010186834725983e-03 
 9.469999999999808e-08 -2.817822307544127e-03 
 9.479999999999807e-08  3.856380491813471e-04 
 9.489999999999806e-08  3.587538533612822e-03 
 9.499999999999806e-08  6.775213055933316e-03 
 9.509999999999805e-08  9.936158409068030e-03 
 9.519999999999805e-08  1.305778024762572e-02 
 9.529999999999804e-08  1.612784370333054e-02 
 9.539999999999804e-08  1.913425214559972e-02 
 9.549999999999803e-08  2.206501523026128e-02 
 9.559999999999802e-08  2.490871593517530e-02 
 9.569999999999802e-08  2.765397899647204e-02 
 9.579999999999801e-08  3.029011345880872e-02 
 9.589999999999801e-08  3.280660453317474e-02 
 9.599999999999800e-08  3.519362224359135e-02 
 9.609999999999800e-08  3.744168720503471e-02 
 9.619999999999799e-08  3.954198562041600e-02 
 9.629999999999798e-08  4.148621292288768e-02 
 9.639999999999798e-08  4.326672031562895e-02 
 9.649999999999797e-08  4.487649466999866e-02 
 9.659999999999797e-08  4.630918314485810e-02 
 9.669999999999796e-08  4.755916165406382e-02 
 9.679999999999796e-08  4.862148156091339e-02 
 9.689999999999795e-08  4.949198660658305e-02 
 9.699999999999794e-08  5.016721588843787e-02 
 9.709999999999794e-08  5.064453986217710e-02 
 9.719999999999793e-08  5.092204344906204e-02 
 9.729999999999793e-08  5.099866148272603e-02 
 9.739999999999792e-08  5.087405717865701e-02 
 9.749999999999792e-08  5.054874505780416e-02 
 9.759999999999791e-08  5.002397358352817e-02 
 9.769999999999790e-08  4.930182910043945e-02 
 9.779999999999790e-08  4.838512704286146e-02 
 9.789999999999789e-08  4.727749414148086e-02 
 9.799999999999789e-08  4.598326975574030e-02 
 9.809999999999788e-08  4.450756601846351e-02 
 9.819999999999788e-08  4.285617908580686e-02 
 9.829999999999787e-08  4.103562834095653e-02 
 9.839999999999786e-08  3.905307648921608e-02 
 9.849999999999786e-08  3.691634970794699e-02 
 9.859999999999785e-08  3.463386512463251e-02 
 9.869999999999785e-08  3.221463421289528e-02 
 9.879999999999784e-08  2.966819613645222e-02 
 9.889999999999783e-08  2.700460682234218e-02 
 9.899999999999783e-08  2.423437681227281e-02 
 9.909999999999782e-08  2.136844838885299e-02 
 9.919999999999782e-08  1.841813683972893e-02 
 9.929999999999781e-08  1.539509796675165e-02 
 9.939999999999781e-08  1.231127193135317e-02 
 9.949999999999780e-08  9.178843276757886e-03 
 9.959999999999779e-08  6.010186845855525e-03 
 9.969999999999779e-08  2.817822317253249e-03 
 9.979999999999778e-08 -3.856380406179749e-04 
 9.989999999999778e-08 -3.587538522838551e-03 
 9.999999999999777e-08 -6.775213044697193e-03 
 1.000999999999978e-07 -9.936158397719330e-03 
 1.001999999999978e-07 -1.305778023561621e-02 
 1.002999999999978e-07 -1.612784369000053e-02 
 1.003999999999977e-07 -1.913425213370057e-02 
 1.004999999999977e-07 -2.206501521795157e-02 
 1.005999999999977e-07 -2.490871592266886e-02 
 1.006999999999977e-07 -2.765397898482691e-02 
 1.007999999999977e-07 -3.029011344860222e-02 
 1.008999999999977e-07 -3.280660452396877e-02 
 1.009999999999977e-07 -3.519362223646683e-02 
 1.010999999999977e-07 -3.744168719845931e-02 
 1.011999999999977e-07 -3.954198561396449e-02 
 1.012999999999977e-07 -4.148621291562771e-02 
 1.013999999999977e-07 -4.326672030629242e-02 
 1.014999999999977e-07 -4.487649465812282e-02 
 1.015999999999977e-07 -4.630918313430654e-02 
 1.016999999999977e-07 -4.755916164579643e-02 
 1.017999999999977e-07 -4.862148155405688e-02 
 1.018999999999977e-07 -4.949198659818199e-02 
 1.019999999999977e-07 -5.016721587877271e-02 
 1.020999999999977e-07 -5.064453985073181e-02 
 1.021999999999976e-07 -5.092204343581797e-02 
 1.022999999999976e-07 -5.099866146960408e-02 
 1.023999999999976e-07 -5.087405716926785e-02 
 1.024999999999976e-07 -5.054874504916840e-02 
 1.025999999999976e-07 -5.002397357467459e-02 
 1.026999999999976e-07 -4.930182909179659e-02 
 1.027999999999976e-07 -4.838512703397679e-02 
 1.028999999999976e-07 -4.727749412879123e-02 
 1.029999999999976e-07 -4.598326973948330e-02 
 1.030999999999976e-07 -4.450756600042394e-02 
 1.031999999999976e-07 -4.285617907067096e-02 
 1.032999999999976e-07 -4.103562832945573e-02 
 1.033999999999976e-07 -3.905307648158329e-02 
 1.034999999999976e-07 -3.691634970072233e-02 
 1.035999999999976e-07 -3.463386511585820e-02 
 1.036999999999976e-07 -3.221463420082959e-02 
 1.037999999999976e-07 -2.966819612612825e-02 
 1.038999999999975e-07 -2.700460681358918e-02 
 1.039999999999975e-07 -2.423437680224394e-02 
 1.040999999999975e-07 -2.136844837660790e-02 
 1.041999999999975e-07 -1.841813682941873e-02 
 1.042999999999975e-07 -1.539509795800531e-02 
 1.043999999999975e-07 -1.231127192394155e-02 
 1.044999999999975e-07 -9.178843267262815e-03 
 1.045999999999975e-07 -6.010186834727316e-03 
 1.046999999999975e-07 -2.817822308359919e-03 
 1.047999999999975e-07  3.856380470319554e-04 
 1.048999999999975e-07  3.587538530512413e-03 
 1.049999999999975e-07  6.775213051867235e-03 
 1.050999999999975e-07  9.936158404523887e-03 
 1.051999999999975e-07  1.305778024412385e-02 
 1.052999999999975e-07  1.612784370025344e-02 
 1.053999999999975e-07  1.913425214294451e-02 
 1.054999999999975e-07  2.206501522771998e-02 
 1.055999999999975e-07  2.490871593299127e-02 
 1.056999999999974e-07  2.765397899530386e-02 
 1.057999999999974e-07  3.029011345988364e-02 
 1.058999999999974e-07  3.280660453639350e-02 
 1.059999999999974e-07  3.519362224690248e-02 
 1.060999999999974e-07  3.744168720614072e-02 
 1.061999999999974e-07  3.954198562023814e-02 
 1.062999999999974e-07  4.148621292329735e-02 
 1.063999999999974e-07  4.326672031766332e-02 
 1.064999999999974e-07  4.487649467209032e-02 
 1.065999999999974e-07  4.630918314597432e-02 
 1.066999999999974e-07  4.755916165480500e-02 
 1.067999999999974e-07  4.862148156143475e-02 
 1.068999999999974e-07  4.949198660584164e-02 
 1.069999999999974e-07  5.016721588696371e-02 
 1.070999999999974e-07  5.064453986097184e-02 
 1.071999999999974e-07  5.092204344810214e-02 
 1.072999999999974e-07  5.099866148230459e-02 
 1.073999999999973e-07  5.087405717952986e-02 
 1.074999999999973e-07  5.054874505925833e-02 
 1.075999999999973e-07  5.002397358440236e-02 
 1.076999999999973e-07  4.930182910009795e-02 
 1.077999999999973e-07  4.838512704071007e-02 
 1.078999999999973e-07  4.727749413729465e-02 
 1.079999999999973e-07  4.598326975138756e-02 
 1.080999999999973e-07  4.450756601570216e-02 
 1.081999999999973e-07  4.285617908358552e-02 
 1.082999999999973e-07  4.103562833877916e-02 
 1.083999999999973e-07  3.905307648884682e-02 
 1.084999999999973e-07  3.691634970847923e-02 
 1.085999999999973e-07  3.463386512492117e-02 
 1.086999999999973e-07  3.221463421287840e-02 
 1.087999999999973e-07  2.966819613759974e-02 
 1.088999999999973e-07  2.700460682371997e-02 
 1.089999999999973e-07  2.423437681326046e-02 
 1.090999999999973e-07  2.136844838807206e-02 
 1.091999999999972e-07  1.841813683881433e-02 
 1.092999999999972e-07  1.539509796603578e-02 
 1.093999999999972e-07  1.231127193120951e-02 
 1.094999999999972e-07  9.178843276734350e-03 
 1.095999999999972e-07  6.010186845460730e-03 
 1.096999999999972e-07  2.817822316970586e-03 
 1.097999999999972e-07 -3.856380396500825e-04 
 1.098999999999972e-07 -3.587538521759415e-03 
 1.099999999999972e-07 -6.775213043644035e-03 
 1.100999999999972e-07 -9.936158396907091e-03 
 1.101999999999972e-07 -1.305778023512216e-02 
 1.102999999999972e-07 -1.612784369013087e-02 
 1.103999999999972e-07 -1.913425213260345e-02 
 1.104999999999972e-07 -2.206501521768334e-02 
 1.105999999999972e-07 -2.490871592376864e-02 
 1.106999999999972e-07 -2.765397898652999e-02 
 1.107999999999972e-07 -3.029011345017518e-02 
 1.108999999999971e-07 -3.280660452483386e-02 
 1.109999999999971e-07 -3.519362223628408e-02 
 1.110999999999971e-07 -3.744168719754049e-02 
 1.111999999999971e-07 -3.954198561305278e-02 
 1.112999999999971e-07 -4.148621291509769e-02 
 1.113999999999971e-07 -4.326672030645984e-02 
 1.114999999999971e-07 -4.487649465874566e-02 
 1.115999999999971e-07 -4.630918313547872e-02 
 1.116999999999971e-07 -4.755916164582130e-02 
 1.117999999999971e-07 -4.862148155258139e-02 
 1.118999999999971e-07 -4.949198659735932e-02 
 1.119999999999971e-07 -5.016721587878870e-02 
 1.120999999999971e-07 -5.064453985120032e-02 
 1.121999999999971e-07 -5.092204343605000e-02 
 1.122999999999971e-07 -5.099866146993404e-02 
 1.123999999999971e-07 -5.087405716911642e-02 
 1.124999999999971e-07 -5.054874504986340e-02 
 1.125999999999971e-07 -5.002397357590826e-02 
 1.126999999999970e-07 -4.930182909335423e-02 
 1.127999999999970e-07 -4.838512703661024e-02 
 1.128999999999970e-07 -4.727749413236704e-02 
 1.129999999999970e-07 -4.598326974178835e-02 
 1.130999999999970e-07 -4.450756600258687e-02 
 1.131999999999970e-07 -4.285617907190087e-02 
 1.132999999999970e-07 -4.103562832982588e-02 
 1.133999999999970e-07 -3.905307648173517e-02 
 1.134999999999970e-07 -3.691634970084334e-02 
 1.135999999999970e-07 -3.463386511590572e-02 
 1.136999999999970e-07 -3.221463420189785e-02 
 1.137999999999970e-07 -2.966819612743321e-02 
 1.138999999999970e-07 -2.700460681466876e-02 
 1.139999999999970e-07 -2.423437680191176e-02 
 1.140999999999970e-07 -2.136844837460727e-02 
 1.141999999999970e-07 -1.841813682615645e-02 
 1.142999999999970e-07 -1.539509795611926e-02 
 1.143999999999969e-07 -1.231127192349213e-02 
 1.144999999999969e-07 -9.178843267239944e-03 
 1.145999999999969e-07 -6.010186834660036e-03 
 1.146999999999969e-07 -2.817822308558426e-03 
 1.147999999999969e-07  3.856380470730336e-04 
 1.148999999999969e-07  3.587538530672285e-03 
 1.149999999999969e-07  6.775213053040963e-03 
 1.150999999999969e-07  9.936158407424900e-03 
 1.151999999999969e-07  1.305778024655635e-02 
 1.152999999999969e-07  1.612784370187215e-02 
 1.153999999999969e-07  1.913425214382891e-02 
 1.154999999999969e-07  2.206501522822779e-02 
 1.155999999999969e-07  2.490871593339650e-02 
 1.156999999999969e-07  2.765397899393984e-02 
 1.157999999999969e-07  3.029011345765209e-02 
 1.158999999999969e-07  3.280660453472706e-02 
 1.159999999999969e-07  3.519362224517497e-02 
 1.160999999999969e-07  3.744168720501451e-02 
 1.161999999999968e-07  3.954198562081679e-02 
 1.162999999999968e-07  4.148621292480104e-02 
 1.163999999999968e-07  4.326672031859613e-02 
 1.164999999999968e-07  4.487649467260924e-02 
 1.165999999999968e-07  4.630918314739008e-02 
 1.166999999999968e-07  4.755916165608287e-02 
 1.167999999999968e-07  4.862148156230894e-02 
 1.168999999999968e-07  4.949198660660525e-02 
 1.169999999999968e-07  5.016721588715889e-02 
 1.170999999999968e-07  5.064453986019002e-02 
 1.171999999999968e-07  5.092204344666995e-02 
 1.172999999999968e-07  5.099866148039012e-02 
 1.173999999999968e-07  5.087405717798932e-02 
 1.174999999999968e-07  5.054874505885198e-02 
 1.175999999999968e-07  5.002397358624866e-02 
 1.176999999999968e-07  4.930182910207859e-02 
 1.177999999999968e-07  4.838512704219555e-02 
 1.178999999999967e-07  4.727749413878901e-02 
 1.179999999999967e-07  4.598326975349787e-02 
 1.180999999999967e-07  4.450756601631012e-02 
 1.181999999999967e-07  4.285617908298223e-02 
 1.182999999999967e-07  4.103562833831087e-02 
 1.183999999999967e-07  3.905307648864942e-02 
 1.184999999999967e-07  3.691634970917890e-02 
 1.185999999999967e-07  3.463386512744782e-02 
 1.186999999999967e-07  3.221463421517479e-02 
 1.187999999999967e-07  2.966819613889515e-02 
 1.188999999999967e-07  2.700460682588890e-02 
 1.189999999999967e-07  2.423437681494711e-02 
 1.190999999999967e-07  2.136844838925711e-02 
 1.191999999999967e-07  1.841813683964655e-02 
 1.192999999999967e-07  1.539509796615302e-02 
 1.193999999999967e-07  1.231127193147863e-02 
 1.194999999999967e-07  9.178843276863358e-03 
 1.195999999999967e-07  6.010186844792598e-03 
 1.196999999999967e-07  2.817822314975515e-03 
 1.197999999999967e-07 -3.856380429239081e-04 
 1.198999999999967e-07 -3.587538525641421e-03 
 1.199999999999967e-07 -6.775213046834150e-03 
 1.200999999999967e-07 -9.936158398788253e-03 
 1.201999999999967e-07 -1.305778023623994e-02 
 1.202999999999968e-07 -1.612784369135056e-02 
 1.203999999999968e-07 -1.913425213524400e-02 
 1.204999999999968e-07 -2.206501522014803e-02 
 1.205999999999968e-07 -2.490871592403487e-02 
 1.206999999999968e-07 -2.765397898602795e-02 
 1.207999999999968e-07 -3.029011344958898e-02 
 1.208999999999968e-07 -3.280660452418882e-02 
 1.209999999999968e-07 -3.519362223606648e-02 
 1.210999999999968e-07 -3.744168719759777e-02 
 1.211999999999968e-07 -3.954198561203048e-02 
 1.212999999999968e-07 -4.148621291377519e-02 
 1.213999999999968e-07 -4.326672030505008e-02 
 1.214999999999968e-07 -4.487649465816701e-02 
 1.215999999999969e-07 -4.630918313506482e-02 
 1.216999999999969e-07 -4.755916164644924e-02 
 1.217999999999969e-07 -4.862148155442703e-02 
 1.218999999999969e-07 -4.949198659924336e-02 
 1.219999999999969e-07 -5.016721588017026e-02 
 1.220999999999969e-07 -5.064453985282968e-02 
 1.221999999999969e-07 -5.092204343859574e-02 
 1.222999999999969e-07 -5.099866147289767e-02 
 1.223999999999969e-07 -5.087405717170435e-02 
 1.224999999999969e-07 -5.054874505150830e-02 
 1.225999999999969e-07 -5.002397357765975e-02 
 1.226999999999969e-07 -4.930182909516279e-02 
 1.227999999999969e-07 -4.838512703684783e-02 
 1.228999999999970e-07 -4.727749413173088e-02 
 1.229999999999970e-07 -4.598326974275690e-02 
 1.230999999999970e-07 -4.450756600405348e-02 
 1.231999999999970e-07 -4.285617907354466e-02 
 1.232999999999970e-07 -4.103562833088814e-02 
 1.233999999999970e-07 -3.905307648157352e-02 
 1.234999999999970e-07 -3.691634969909363e-02 
 1.235999999999970e-07 -3.463386511318589e-02 
 1.236999999999970e-07 -3.221463419842197e-02 
 1.237999999999970e-07 -2.966819612426774e-02 
 1.238999999999970e-07 -2.700460681277406e-02 
 1.239999999999970e-07 -2.423437680065743e-02 
 1.240999999999970e-07 -2.136844837417229e-02 
 1.241999999999970e-07 -1.841813682616622e-02 
 1.242999999999971e-07 -1.539509795610883e-02 
 1.243999999999971e-07 -1.231127192436876e-02 
 1.244999999999971e-07 -9.178843268218273e-03 
 1.245999999999971e-07 -6.010186834486841e-03 
 1.246999999999971e-07 -2.817822307473294e-03 
 1.247999999999971e-07  3.856380473687970e-04 
 1.248999999999971e-07  3.587538530906986e-03 
 1.249999999999971e-07  6.775213053325846e-03 
 1.250999999999971e-07  9.936158406304685e-03 
 1.251999999999971e-07  1.305778024423176e-02 
 1.252999999999971e-07  1.612784369815712e-02 
 1.253999999999971e-07  1.913425214095055e-02 
 1.254999999999971e-07  2.206501522758386e-02 
 1.255999999999972e-07  2.490871593354393e-02 
 1.256999999999972e-07  2.765397899473587e-02 
 1.257999999999972e-07  3.029011345783617e-02 
 1.258999999999972e-07  3.280660453461115e-02 
 1.259999999999972e-07  3.519362224534350e-02 
 1.260999999999972e-07  3.744168720525409e-02 
 1.261999999999972e-07  3.954198561967615e-02 
 1.262999999999972e-07  4.148621292240051e-02 
 1.263999999999972e-07  4.326672031642564e-02 
 1.264999999999972e-07  4.487649467177146e-02 
 1.265999999999972e-07  4.630918314804378e-02 
 1.266999999999972e-07  4.755916165662066e-02 
 1.267999999999972e-07  4.862148156279611e-02 
 1.268999999999973e-07  4.949198660654353e-02 
 1.269999999999973e-07  5.016721588658912e-02 
 1.270999999999973e-07  5.064453985780193e-02 
 1.271999999999973e-07  5.092204344477147e-02 
 1.272999999999973e-07  5.099866147990295e-02 
 1.273999999999973e-07  5.087405717733651e-02 
 1.274999999999973e-07  5.054874505808837e-02 
 1.275999999999973e-07  5.002397358555943e-02 
 1.276999999999973e-07  4.930182910156122e-02 
 1.277999999999973e-07  4.838512704203568e-02 
 1.278999999999973e-07  4.727749413866533e-02 
 1.279999999999973e-07  4.598326975356581e-02 
 1.280999999999973e-07  4.450756601618466e-02 
 1.281999999999973e-07  4.285617908293249e-02 
 1.282999999999974e-07  4.103562833805507e-02 
 1.283999999999974e-07  3.905307648885192e-02 
 1.284999999999974e-07  3.691634970856272e-02 
 1.285999999999974e-07  3.463386512511124e-02 
 1.286999999999974e-07  3.221463421294168e-02 
 1.287999999999974e-07  2.966819613855343e-02 
 1.288999999999974e-07  2.700460682631345e-02 
 1.289999999999974e-07  2.423437681545915e-02 
 1.290999999999974e-07  2.136844838972807e-02 
 1.291999999999974e-07  1.841813683933657e-02 
 1.292999999999974e-07  1.539509796710004e-02 
 1.293999999999974e-07  1.231127193306758e-02 
 1.294999999999974e-07  9.178843276346882e-03 
 1.295999999999975e-07  6.010186844993104e-03 
 1.296999999999975e-07  2.817822317168872e-03 
 1.297999999999975e-07 -3.856380396056736e-04 
 1.298999999999975e-07 -3.587538523582845e-03 
 1.299999999999975e-07 -6.775213045406403e-03 
 1.300999999999975e-07 -9.936158398262229e-03 
 1.301999999999975e-07 -1.305778023594684e-02 
 1.302999999999975e-07 -1.612784369053921e-02 
 1.303999999999975e-07 -1.913425213299447e-02 
 1.304999999999975e-07 -2.206501521717907e-02 
 1.305999999999975e-07 -2.490871592147448e-02 
 1.306999999999975e-07 -2.765397898423294e-02 
 1.307999999999975e-07 -3.029011344862687e-02 
 1.308999999999976e-07 -3.280660452405648e-02 
 1.309999999999976e-07 -3.519362223573252e-02 
 1.310999999999976e-07 -3.744168719709173e-02 
 1.311999999999976e-07 -3.954198561285871e-02 
 1.312999999999976e-07 -4.148621291581778e-02 
 1.313999999999976e-07 -4.326672030819534e-02 
 1.314999999999976e-07 -4.487649466102273e-02 
 1.315999999999976e-07 -4.630918313681454e-02 
 1.316999999999976e-07 -4.755916164753238e-02 
 1.317999999999976e-07 -4.862148155498902e-02 
 1.318999999999976e-07 -4.949198659991794e-02 
 1.319999999999976e-07 -5.016721588021822e-02 
 1.320999999999976e-07 -5.064453985233963e-02 
 1.321999999999977e-07 -5.092204343723683e-02 
 1.322999999999977e-07 -5.099866147217780e-02 
 1.323999999999977e-07 -5.087405717111104e-02 
 1.324999999999977e-07 -5.054874505060059e-02 
 1.325999999999977e-07 -5.002397357657262e-02 
 1.326999999999977e-07 -4.930182909428349e-02 
 1.327999999999977e-07 -4.838512703718378e-02 
 1.328999999999977e-07 -4.727749413370863e-02 
 1.329999999999977e-07 -4.598326974443179e-02 
 1.330999999999977e-07 -4.450756600447847e-02 
 1.331999999999977e-07 -4.285617907230033e-02 
 1.332999999999977e-07 -4.103562832873697e-02 
 1.333999999999977e-07 -3.905307647888767e-02 
 1.334999999999977e-07 -3.691634969852586e-02 
 1.335999999999978e-07 -3.463386511434363e-02 
 1.336999999999978e-07 -3.221463419980886e-02 
 1.337999999999978e-07 -2.966819612551208e-02 
 1.338999999999978e-07 -2.700460681451244e-02 
 1.339999999999978e-07 -2.423437680363594e-02 
 1.340999999999978e-07 -2.136844837663099e-02 
 1.341999999999978e-07 -1.841813682774807e-02 
 1.342999999999978e-07 -1.539509795714777e-02 
 1.343999999999978e-07 -1.231127192398196e-02 
 1.344999999999978e-07 -9.178843266254955e-03 
 1.345999999999978e-07 -6.010186833541376e-03 
 1.346999999999978e-07 -2.817822307662476e-03 
 1.347999999999978e-07  3.856380484663635e-04 
 1.348999999999979e-07  3.587538533146084e-03 
 1.349999999999979e-07  6.775213055302709e-03 
 1.350999999999979e-07  9.936158408698104e-03 
 1.351999999999979e-07  1.305778024733995e-02 
 1.352999999999979e-07  1.612784370243969e-02 
 1.353999999999979e-07  1.913425214335707e-02 
 1.354999999999979e-07  2.206501522710580e-02 
 1.355999999999979e-07  2.490871593255539e-02 
 1.356999999999979e-07  2.765397899475719e-02 
 1.357999999999979e-07  3.029011345929233e-02 
 1.358999999999979e-07  3.280660453528572e-02 
 1.359999999999979e-07  3.519362224603939e-02 
 1.360999999999979e-07  3.744168720524321e-02 
 1.361999999999980e-07  3.954198561991040e-02 
 1.362999999999980e-07  4.148621292303023e-02 
 1.363999999999980e-07  4.326672031671008e-02 
 1.364999999999980e-07  4.487649467041588e-02 
 1.365999999999980e-07  4.630918314545118e-02 
 1.366999999999980e-07  4.755916165364504e-02 
 1.367999999999980e-07  4.862148156101931e-02 
 1.368999999999980e-07  4.949198660654597e-02 
 1.369999999999980e-07  5.016721588734252e-02 
 1.370999999999980e-07  5.064453985961981e-02 
 1.371999999999980e-07  5.092204344672480e-02 
 1.372999999999980e-07  5.099866148169774e-02 
 1.373999999999980e-07  5.087405717918592e-02 
 1.374999999999980e-07  5.054874505794293e-02 
 1.375999999999981e-07  5.002397358439636e-02 
 1.376999999999981e-07  4.930182910078318e-02 
 1.377999999999981e-07  4.838512704093167e-02 
 1.378999999999981e-07  4.727749413651838e-02 
 1.379999999999981e-07  4.598326975047451e-02 
 1.380999999999981e-07  4.450756601306982e-02 
 1.381999999999981e-07  4.285617908124362e-02 
 1.382999999999981e-07  4.103562833777197e-02 
 1.383999999999981e-07  3.905307648973744e-02 
 1.384999999999981e-07  3.691634970980506e-02 
 1.385999999999981e-07  3.463386512686562e-02 
 1.386999999999981e-07  3.221463421386073e-02 
 1.387999999999981e-07  2.966819613828942e-02 
 1.388999999999982e-07  2.700460682523165e-02 
 1.389999999999982e-07  2.423437681404805e-02 
 1.390999999999982e-07  2.136844838785779e-02 
 1.391999999999982e-07  1.841813683852855e-02 
 1.392999999999982e-07  1.539509796677407e-02 
 1.393999999999982e-07  1.231127193228487e-02 
 1.394999999999982e-07  9.178843277365178e-03 
 1.395999999999982e-07  6.010186845974097e-03 
 1.396999999999982e-07  2.817822317266794e-03 
 1.397999999999982e-07 -3.856380402784687e-04 
 1.398999999999982e-07 -3.587538522905165e-03 
 1.399999999999982e-07 -6.775213044456052e-03 
 1.400999999999982e-07 -9.936158397537032e-03 
 1.401999999999983e-07 -1.305778023570747e-02 
 1.402999999999983e-07 -1.612784369022613e-02 
 1.403999999999983e-07 -1.913425213245112e-02 
 1.404999999999983e-07 -2.206501521705406e-02 
 1.405999999999983e-07 -2.490871592225941e-02 
 1.406999999999983e-07 -2.765397898562227e-02 
 1.407999999999983e-07 -3.029011344985877e-02 
 1.408999999999983e-07 -3.280660452439776e-02 
 1.409999999999983e-07 -3.519362223706879e-02 
 1.410999999999983e-07 -3.744168719806917e-02 
 1.411999999999983e-07 -3.954198561168920e-02 
 1.412999999999983e-07 -4.148621291452748e-02 
 1.413999999999983e-07 -4.326672030724410e-02 
 1.414999999999983e-07 -4.487649465923327e-02 
 1.415999999999984e-07 -4.630918313447330e-02 
 1.416999999999984e-07 -4.755916164422014e-02 
 1.417999999999984e-07 -4.862148155193968e-02 
 1.418999999999984e-07 -4.949198659700005e-02 
 1.419999999999984e-07 -5.016721587679163e-02 
 1.420999999999984e-07 -5.064453984961759e-02 
 1.421999999999984e-07 -5.092204343673834e-02 
 1.422999999999984e-07 -5.099866147173571e-02 
 1.423999999999984e-07 -5.087405716929094e-02 
 1.424999999999984e-07 -5.054874504874562e-02 
 1.425999999999984e-07 -5.002397357584432e-02 
 1.426999999999984e-07 -4.930182909468406e-02 
 1.427999999999984e-07 -4.838512703755082e-02 
 1.428999999999985e-07 -4.727749413337512e-02 
 1.429999999999985e-07 -4.598326974322520e-02 
 1.430999999999985e-07 -4.450756600389072e-02 
 1.431999999999985e-07 -4.285617907301087e-02 
 1.432999999999985e-07 -4.103562832953100e-02 
 1.433999999999985e-07 -3.905307648080281e-02 
 1.434999999999985e-07 -3.691634970024116e-02 
 1.435999999999985e-07 -3.463386511535482e-02 
 1.436999999999985e-07 -3.221463419997694e-02 
 1.437999999999985e-07 -2.966819612458282e-02 
 1.438999999999985e-07 -2.700460681373196e-02 
 1.439999999999985e-07 -2.423437680290275e-02 
 1.440999999999985e-07 -2.136844837640650e-02 
 1.441999999999986e-07 -1.841813682844773e-02 
 1.442999999999986e-07 -1.539509795819693e-02 
 1.443999999999986e-07 -1.231127192478332e-02 
 1.444999999999986e-07 -9.178843267068082e-03 
 1.445999999999986e-07 -6.010186832876574e-03 
 1.446999999999986e-07 -2.817822305367645e-03 
 1.447999999999986e-07  3.856380503761692e-04 
 1.448999999999986e-07  3.587538534547630e-03 
 1.449999999999986e-07  6.775213055556728e-03 
 1.450999999999986e-07  9.936158406588014e-03 
 1.451999999999986e-07  1.305778024484949e-02 
 1.452999999999986e-07  1.612784369948450e-02 
 1.453999999999986e-07  1.913425214139197e-02 
 1.454999999999986e-07  2.206501522716686e-02 
 1.455999999999987e-07  2.490871593350530e-02 
 1.456999999999987e-07  2.765397899512667e-02 
 1.457999999999987e-07  3.029011345860577e-02 
 1.458999999999987e-07  3.280660453390927e-02 
 1.459999999999987e-07  3.519362224498268e-02 
 1.460999999999987e-07  3.744168720575214e-02 
 1.461999999999987e-07  3.954198562111166e-02 
 1.462999999999987e-07  4.148621292398569e-02 
 1.463999999999987e-07  4.326672031754297e-02 
 1.464999999999987e-07  4.487649467077470e-02 
 1.465999999999987e-07  4.630918314533905e-02 
 1.466999999999987e-07  4.755916165496044e-02 
 1.467999999999987e-07  4.862148156286517e-02 
 1.468999999999988e-07  4.949198660657061e-02 
 1.469999999999988e-07  5.016721588692241e-02 
 1.470999999999988e-07  5.064453985994621e-02 
 1.471999999999988e-07  5.092204344791740e-02 
 1.472999999999988e-07  5.099866148236809e-02 
 1.473999999999988e-07  5.087405717881599e-02 
 1.474999999999988e-07  5.054874505797002e-02 
 1.475999999999988e-07  5.002397358482913e-02 
 1.476999999999988e-07  4.930182910113334e-02 
 1.477999999999988e-07  4.838512704162934e-02 
 1.478999999999988e-07  4.727749413771232e-02 
 1.479999999999988e-07  4.598326975171796e-02 
 1.480999999999988e-07  4.450756601499295e-02 
 1.481999999999989e-07  4.285617908295669e-02 
 1.482999999999989e-07  4.103562833920682e-02 
 1.483999999999989e-07  3.905307648938461e-02 
 1.484999999999989e-07  3.691634970799385e-02 
 1.485999999999989e-07  3.463386512385047e-02 
 1.486999999999989e-07  3.221463421083581e-02 
 1.487999999999989e-07  2.966819613682548e-02 
 1.488999999999989e-07  2.700460682437855e-02 
 1.489999999999989e-07  2.423437681219731e-02 
 1.490999999999989e-07  2.136844838590224e-02 
 1.491999999999989e-07  1.841813683743299e-02 
 1.492999999999989e-07  1.539509796675409e-02 
 1.493999999999989e-07  1.231127193384807e-02 
 1.494999999999989e-07  9.178843278025539e-03 
 1.495999999999990e-07  6.010186845550880e-03 
 1.496999999999990e-07  2.817822317174201e-03 
 1.497999999999990e-07 -3.856380395692582e-04 
 1.498999999999990e-07 -3.587538522744183e-03 
 1.499999999999990e-07 -6.775213045314921e-03 
 1.500999999999990e-07 -9.936158397908956e-03 
 1.501999999999990e-07 -1.305778023499116e-02 
 1.502999999999990e-07 -1.612784369010045e-02 
 1.503999999999990e-07 -1.913425213309550e-02 
 1.504999999999990e-07 -2.206501521817406e-02 
 1.505999999999990e-07 -2.490871592350796e-02 
 1.506999999999990e-07 -2.765397898507915e-02 
 1.507999999999990e-07 -3.029011344869392e-02 
 1.508999999999991e-07 -3.280660452370965e-02 
 1.509999999999991e-07 -3.519362223627676e-02 
 1.510999999999991e-07 -3.744168719790331e-02 
 1.511999999999991e-07 -3.954198561167543e-02 
 1.512999999999991e-07 -4.148621291355958e-02 
 1.513999999999991e-07 -4.326672030571022e-02 
 1.514999999999991e-07 -4.487649465831489e-02 
 1.515999999999991e-07 -4.630918313474264e-02 
 1.516999999999991e-07 -4.755916164554908e-02 
 1.517999999999991e-07 -4.862148155296264e-02 
 1.518999999999991e-07 -4.949198659768772e-02 
 1.519999999999991e-07 -5.016721587837791e-02 
 1.520999999999991e-07 -5.064453985003170e-02 
 1.521999999999992e-07 -5.092204343524043e-02 
 1.522999999999992e-07 -5.099866146999732e-02 
 1.523999999999992e-07 -5.087405716995685e-02 
 1.524999999999992e-07 -5.054874505142459e-02 
 1.525999999999992e-07 -5.002397357860855e-02 
 1.526999999999992e-07 -4.930182909560865e-02 
 1.527999999999992e-07 -4.838512703716358e-02 
 1.528999999999992e-07 -4.727749413268012e-02 
 1.529999999999992e-07 -4.598326974348077e-02 
 1.530999999999992e-07 -4.450756600415495e-02 
 1.531999999999992e-07 -4.285617907209871e-02 
 1.532999999999992e-07 -4.103562832916086e-02 
 1.533999999999992e-07 -3.905307648043355e-02 
 1.534999999999993e-07 -3.691634969918001e-02 
 1.535999999999993e-07 -3.463386511482547e-02 
 1.536999999999993e-07 -3.221463420101189e-02 
 1.537999999999993e-07 -2.966819612693117e-02 
 1.538999999999993e-07 -2.700460681553141e-02 
 1.539999999999993e-07 -2.423437680287877e-02 
 1.540999999999993e-07 -2.136844837567153e-02 
 1.541999999999993e-07 -1.841813682589288e-02 
 1.542999999999993e-07 -1.539509795530547e-02 
 1.543999999999993e-07 -1.231127192285064e-02 
 1.544999999999993e-07 -9.178843266383740e-03 
 1.545999999999993e-07 -6.010186833736997e-03 
 1.546999999999993e-07 -2.817822306623308e-03 
 1.547999999999993e-07  3.856380488922451e-04 
 1.548999999999994e-07  3.587538531838463e-03 
 1.549999999999994e-07  6.775213052241158e-03 
 1.550999999999994e-07  9.936158404587836e-03 
 1.551999999999994e-07  1.305778024399906e-02 
 1.552999999999994e-07  1.612784370020393e-02 
 1.553999999999994e-07  1.913425214280218e-02 
 1.554999999999994e-07  2.206501522752125e-02 
 1.555999999999994e-07  2.490871593301858e-02 
 1.556999999999994e-07  2.765397899407307e-02 
 1.557999999999994e-07  3.029011345768451e-02 
 1.558999999999994e-07  3.280660453475215e-02 
 1.559999999999994e-07  3.519362224537126e-02 
 1.560999999999994e-07  3.744168720534491e-02 
 1.561999999999995e-07  3.954198562068734e-02 
 1.562999999999995e-07  4.148621292350119e-02 
 1.563999999999995e-07  4.326672031713130e-02 
 1.564999999999995e-07  4.487649467277044e-02 
 1.565999999999995e-07  4.630918314915755e-02 
 1.566999999999995e-07  4.755916165799534e-02 
 1.567999999999995e-07  4.862148156402712e-02 
 1.568999999999995e-07  4.949198660732468e-02 
 1.569999999999995e-07  5.016721588714845e-02 
 1.570999999999995e-07  5.064453985920192e-02 
 1.571999999999995e-07  5.092204344607576e-02 
 1.572999999999995e-07  5.099866148081400e-02 
 1.573999999999995e-07  5.087405717769666e-02 
 1.574999999999996e-07  5.054874505820606e-02 
 1.575999999999996e-07  5.002397358573862e-02 
 1.576999999999996e-07  4.930182910306491e-02 
 1.577999999999996e-07  4.838512704337106e-02 
 1.578999999999996e-07  4.727749413972049e-02 
 1.579999999999996e-07  4.598326975399125e-02 
 1.580999999999996e-07  4.450756601620709e-02 
 1.581999999999996e-07  4.285617908415129e-02 
 1.582999999999996e-07  4.103562834039209e-02 
 1.583999999999996e-07  3.905307649113388e-02 
 1.584999999999996e-07  3.691634970976421e-02 
 1.585999999999996e-07  3.463386512604361e-02 
 1.586999999999996e-07  3.221463421346793e-02 
 1.587999999999996e-07  2.966819613790639e-02 
 1.588999999999997e-07  2.700460682388428e-02 
 1.589999999999997e-07  2.423437681237983e-02 
 1.590999999999997e-07  2.136844838697716e-02 
 1.591999999999997e-07  1.841813683783955e-02 
 1.592999999999997e-07  1.539509796650540e-02 
 1.593999999999997e-07  1.231127193266257e-02 
 1.594999999999997e-07  9.178843276348214e-03 
 1.595999999999997e-07  6.010186844606080e-03 
 1.596999999999997e-07  2.817822317151553e-03 
 1.597999999999997e-07 -3.856380397857517e-04 
 1.598999999999997e-07 -3.587538523217138e-03 
 1.599999999999997e-07 -6.775213046420037e-03 
 1.600999999999997e-07 -9.936158399730610e-03 
 1.601999999999998e-07 -1.305778023589466e-02 
 1.602999999999998e-07 -1.612784368962838e-02 
 1.603999999999998e-07 -1.913425213311770e-02 
 1.604999999999998e-07 -2.206501521883997e-02 
 1.605999999999998e-07 -2.490871592349997e-02 
 1.606999999999998e-07 -2.765397898558630e-02 
 1.607999999999998e-07 -3.029011344974064e-02 
 1.608999999999998e-07 -3.280660452423767e-02 
 1.609999999999998e-07 -3.519362223592859e-02 
 1.610999999999998e-07 -3.744168719735597e-02 
 1.611999999999998e-07 -3.954198561246680e-02 
 1.612999999999998e-07 -4.148621291398613e-02 
 1.613999999999998e-07 -4.326672030538203e-02 
 1.614999999999999e-07 -4.487649465836596e-02 
 1.615999999999999e-07 -4.630918313450527e-02 
 1.616999999999999e-07 -4.755916164443041e-02 
 1.617999999999999e-07 -4.862148155173518e-02 
 1.618999999999999e-07 -4.949198659593268e-02 
 1.619999999999999e-07 -5.016721587629136e-02 
 1.620999999999999e-07 -5.064453984970951e-02 
 1.621999999999999e-07 -5.092204343751505e-02 
 1.622999999999999e-07 -5.099866147327758e-02 
 1.623999999999999e-07 -5.087405717225835e-02 
 1.624999999999999e-07 -5.054874505096607e-02 
 1.625999999999999e-07 -5.002397357580457e-02 
 1.626999999999999e-07 -4.930182909319769e-02 
 1.627999999999999e-07 -4.838512703637976e-02 
 1.629000000000000e-07 -4.727749413226690e-02 
 1.630000000000000e-07 -4.598326974189826e-02 
 1.631000000000000e-07 -4.450756600232864e-02 
 1.632000000000000e-07 -4.285617907090145e-02 
 1.633000000000000e-07 -4.103562832752106e-02 
 1.634000000000000e-07 -3.905307647884415e-02 
 1.635000000000000e-07 -3.691634969856206e-02 
 1.636000000000000e-07 -3.463386511435673e-02 
 1.637000000000000e-07 -3.221463419984349e-02 
 1.638000000000000e-07 -2.966819612551519e-02 
 1.639000000000000e-07 -2.700460681467565e-02 
 1.640000000000000e-07 -2.423437680361595e-02 
 1.641000000000000e-07 -2.136844837666896e-02 
 1.642000000000001e-07 -1.841813682739990e-02 
 1.643000000000001e-07 -1.539509795619942e-02 
 1.644000000000001e-07 -1.231127192242898e-02 
 1.645000000000001e-07 -9.178843266316905e-03 
 1.646000000000001e-07 -6.010186834156217e-03 
 1.647000000000001e-07 -2.817822307114248e-03 
 1.648000000000001e-07  3.856380496523037e-04 
 1.649000000000001e-07  3.587538532662471e-03 
 1.650000000000001e-07  6.775213053564988e-03 
 1.651000000000001e-07  9.936158405880358e-03 
 1.652000000000001e-07  1.305778024419602e-02 
 1.653000000000001e-07  1.612784369782827e-02 
 1.654000000000001e-07  1.913425214036057e-02 
 1.655000000000002e-07  2.206501522601956e-02 
 1.656000000000002e-07  2.490871593264110e-02 
 1.657000000000002e-07  2.765397899477851e-02 
 1.658000000000002e-07  3.029011345926902e-02 
 1.659000000000002e-07  3.280660453628403e-02 
 1.660000000000002e-07  3.519362224733791e-02 
 1.661000000000002e-07  3.744168720742702e-02 
 1.662000000000002e-07  3.954198562172251e-02 
 1.663000000000002e-07  4.148621292415822e-02 
 1.664000000000002e-07  4.326672031746370e-02 
 1.665000000000002e-07  4.487649467175236e-02 
 1.666000000000002e-07  4.630918314804466e-02 
 1.667000000000002e-07  4.755916165703100e-02 
 1.668000000000002e-07  4.862148156389101e-02 
 1.669000000000003e-07  4.949198660929621e-02 
 1.670000000000003e-07  5.016721589080886e-02 
 1.671000000000003e-07  5.064453986220618e-02 
 1.672000000000003e-07  5.092204344706852e-02 
 1.673000000000003e-07  5.099866148183185e-02 
 1.674000000000003e-07  5.087405717908866e-02 
 1.675000000000003e-07  5.054874505888507e-02 
 1.676000000000003e-07  5.002397358562427e-02 
 1.677000000000003e-07  4.930182910065084e-02 
 1.678000000000003e-07  4.838512704039566e-02 
 1.679000000000003e-07  4.727749413574500e-02 
 1.680000000000003e-07  4.598326975004197e-02 
 1.681000000000003e-07  4.450756601361117e-02 
 1.682000000000004e-07  4.285617908246886e-02 
 1.683000000000004e-07  4.103562833802910e-02 
 1.684000000000004e-07  3.905307648774659e-02 
 1.685000000000004e-07  3.691634970772251e-02 
 1.686000000000004e-07  3.463386512571143e-02 
 1.687000000000004e-07  3.221463421440696e-02 
 1.688000000000004e-07  2.966819613951088e-02 
 1.689000000000004e-07  2.700460682590577e-02 
 1.690000000000004e-07  2.423437681298535e-02 
 1.691000000000004e-07  2.136844838644936e-02 
 1.692000000000004e-07  1.841813683781313e-02 
 1.693000000000004e-07  1.539509796708560e-02 
 1.694000000000004e-07  1.231127193265080e-02 
 1.695000000000005e-07  9.178843276368420e-03 
 1.696000000000005e-07  6.010186845968546e-03 
 1.697000000000005e-07  2.817822317288998e-03 
 1.698000000000005e-07 -3.856380399498427e-04 
 1.699000000000005e-07 -3.587538523554867e-03 
 1.700000000000005e-07 -6.775213044858619e-03 
 1.701000000000005e-07 -9.936158397173100e-03 
 1.702000000000005e-07 -1.305778023446780e-02 
 1.703000000000005e-07 -1.612784368941322e-02 
 1.704000000000005e-07 -1.913425213384357e-02 
 1.705000000000005e-07 -2.206501522037119e-02 
 1.706000000000005e-07 -2.490871592534338e-02 
 1.707000000000005e-07 -2.765397898716371e-02 
 1.708000000000006e-07 -3.029011345076271e-02 
 1.709000000000006e-07 -3.280660452409601e-02 
 1.710000000000006e-07 -3.519362223457922e-02 
 1.711000000000006e-07 -3.744168719582230e-02 
 1.712000000000006e-07 -3.954198561058675e-02 
 1.713000000000006e-07 -4.148621291287569e-02 
 1.714000000000006e-07 -4.326672030500078e-02 
 1.715000000000006e-07 -4.487649465806243e-02 
 1.716000000000006e-07 -4.630918313341725e-02 
 1.717000000000006e-07 -4.755916164423390e-02 
 1.718000000000006e-07 -4.862148155190771e-02 
 1.719000000000006e-07 -4.949198659606902e-02 
 1.720000000000006e-07 -5.016721587577866e-02 
 1.721000000000006e-07 -5.064453984756190e-02 
 1.722000000000007e-07 -5.092204343367590e-02 
 1.723000000000007e-07 -5.099866146968779e-02 
 1.724000000000007e-07 -5.087405716973925e-02 
 1.725000000000007e-07 -5.054874504968332e-02 
 1.726000000000007e-07 -5.002397357636590e-02 
 1.727000000000007e-07 -4.930182909297232e-02 
 1.728000000000007e-07 -4.838512703502840e-02 
 1.729000000000007e-07 -4.727749413046944e-02 
 1.730000000000007e-07 -4.598326974159228e-02 
 1.731000000000007e-07 -4.450756600233952e-02 
 1.732000000000007e-07 -4.285617907064809e-02 
 1.733000000000007e-07 -4.103562832874763e-02 
 1.734000000000007e-07 -3.905307647958378e-02 
 1.735000000000008e-07 -3.691634969843727e-02 
 1.736000000000008e-07 -3.463386511410094e-02 
 1.737000000000008e-07 -3.221463419878590e-02 
 1.738000000000008e-07 -2.966819612431193e-02 
 1.739000000000008e-07 -2.700460681242056e-02 
 1.740000000000008e-07 -2.423437680243423e-02 
 1.741000000000008e-07 -2.136844837654928e-02 
 1.742000000000008e-07 -1.841813682834204e-02 
 1.743000000000008e-07 -1.539509795781302e-02 
 1.744000000000008e-07 -1.231127192354053e-02 
 1.745000000000008e-07 -9.178843265863712e-03 
 1.746000000000008e-07 -6.010186833671494e-03 
 1.747000000000008e-07 -2.817822306605322e-03 
 1.748000000000009e-07  3.856380496778389e-04 
 1.749000000000009e-07  3.587538532339618e-03 
 1.750000000000009e-07  6.775213053930251e-03 
 1.751000000000009e-07  9.936158406457007e-03 
 1.752000000000009e-07  1.305778024521098e-02 
 1.753000000000009e-07  1.612784370076681e-02 
 1.754000000000009e-07  1.913425214314746e-02 
 1.755000000000009e-07  2.206501522781212e-02 
 1.756000000000009e-07  2.490871593316979e-02 
 1.757000000000009e-07  2.765397899580302e-02 
 1.758000000000009e-07  3.029011345974175e-02 
 1.759000000000009e-07  3.280660453690221e-02 
 1.760000000000009e-07  3.519362224784217e-02 
 1.761000000000009e-07  3.744168720743879e-02 
 1.762000000000010e-07  3.954198562104860e-02 
 1.763000000000010e-07  4.148621292313948e-02 
 1.764000000000010e-07  4.326672031668144e-02 
 1.765000000000010e-07  4.487649467217159e-02 
 1.766000000000010e-07  4.630918314996624e-02 
 1.767000000000010e-07  4.755916165765561e-02 
 1.768000000000010e-07  4.862148156274593e-02 
 1.769000000000010e-07  4.949198660677379e-02 
 1.770000000000010e-07  5.016721588856621e-02 
 1.771000000000010e-07  5.064453986096229e-02 
 1.772000000000010e-07  5.092204344695195e-02 
 1.773000000000010e-07  5.099866148129495e-02 
 1.774000000000010e-07  5.087405717715399e-02 
 1.775000000000011e-07  5.054874505550688e-02 
 1.776000000000011e-07  5.002397358307720e-02 
 1.777000000000011e-07  4.930182910176462e-02 
 1.778000000000011e-07  4.838512704252662e-02 
 1.779000000000011e-07  4.727749413830029e-02 
 1.780000000000011e-07  4.598326975251577e-02 
 1.781000000000011e-07  4.450756601580896e-02 
 1.782000000000011e-07  4.285617908495953e-02 
 1.783000000000011e-07  4.103562833997532e-02 
 1.784000000000011e-07  3.905307649005230e-02 
 1.785000000000011e-07  3.691634970845570e-02 
 1.786000000000011e-07  3.463386512488231e-02 
 1.787000000000011e-07  3.221463421115622e-02 
 1.788000000000012e-07  2.966819613675353e-02 
 1.789000000000012e-07  2.700460682400974e-02 
 1.790000000000012e-07  2.423437681347562e-02 
 1.791000000000012e-07  2.136844838784868e-02 
 1.792000000000012e-07  1.841813683811955e-02 
 1.793000000000012e-07  1.539509796684935e-02 
 1.794000000000012e-07  1.231127193149928e-02 
 1.795000000000012e-07  9.178843274708859e-03 
 1.796000000000012e-07  6.010186844157328e-03 
 1.797000000000012e-07  2.817822316967700e-03 
 1.798000000000012e-07 -3.856380397404546e-04 
 1.799000000000012e-07 -3.587538522670464e-03 
 1.800000000000012e-07 -6.775213043995532e-03 
 1.801000000000012e-07 -9.936158397312100e-03 
 1.802000000000013e-07 -1.305778023556559e-02 
 1.803000000000013e-07 -1.612784369053832e-02 
 1.804000000000013e-07 -1.913425213267894e-02 
 1.805000000000013e-07 -2.206501521716642e-02 
 1.806000000000013e-07 -2.490871592248323e-02 
 1.807000000000013e-07 -2.765397898624977e-02 
 1.808000000000013e-07 -3.029011345163068e-02 
 1.809000000000013e-07 -3.280660452801376e-02 
 1.810000000000013e-07 -3.519362223832623e-02 
 1.811000000000013e-07 -3.744168719822039e-02 
 1.812000000000013e-07 -3.954198561193589e-02 
 1.813000000000013e-07 -4.148621291425636e-02 
 1.814000000000013e-07 -4.326672030639234e-02 
 1.815000000000014e-07 -4.487649465815191e-02 
 1.816000000000014e-07 -4.630918313425103e-02 
 1.817000000000014e-07 -4.755916164399809e-02 
 1.818000000000014e-07 -4.862148155094448e-02 
 1.819000000000014e-07 -4.949198659554543e-02 
 1.820000000000014e-07 -5.016721587614725e-02 
 1.821000000000014e-07 -5.064453984818140e-02 
 1.822000000000014e-07 -5.092204343342122e-02 
 1.823000000000014e-07 -5.099866146773380e-02 
 1.824000000000014e-07 -5.087405716805171e-02 
 1.825000000000014e-07 -5.054874504814943e-02 
 1.826000000000014e-07 -5.002397357512400e-02 
 1.827000000000014e-07 -4.930182909288772e-02 
 1.828000000000015e-07 -4.838512703442976e-02 
 1.829000000000015e-07 -4.727749413123195e-02 
 1.830000000000015e-07 -4.598326974292077e-02 
 1.831000000000015e-07 -4.450756600384875e-02 
 1.832000000000015e-07 -4.285617907218908e-02 
 1.833000000000015e-07 -4.103562833057040e-02 
 1.834000000000015e-07 -3.905307648174872e-02 
 1.835000000000015e-07 -3.691634970168201e-02 
 1.836000000000015e-07 -3.463386511559596e-02 
 1.837000000000015e-07 -3.221463420051141e-02 
 1.838000000000015e-07 -2.966819612534666e-02 
 1.839000000000015e-07 -2.700460681423955e-02 
 1.840000000000015e-07 -2.423437680181761e-02 
 1.841000000000015e-07 -2.136844837582053e-02 
 1.842000000000016e-07 -1.841813682749049e-02 
 1.843000000000016e-07 -1.539509795773863e-02 
 1.844000000000016e-07 -1.231127192512527e-02 
 1.845000000000016e-07 -9.178843267473091e-03 
 1.846000000000016e-07 -6.010186835526010e-03 
 1.847000000000016e-07 -2.817822307308537e-03 
 1.848000000000016e-07  3.856380495486089e-04 
 1.849000000000016e-07  3.587538533895929e-03 
 1.850000000000016e-07  6.775213055196350e-03 
 1.851000000000016e-07  9.936158408204054e-03 
 1.852000000000016e-07  1.305778024723558e-02 
 1.853000000000016e-07  1.612784370105902e-02 
 1.854000000000016e-07  1.913425214314968e-02 
 1.855000000000017e-07  2.206501522864524e-02 
 1.856000000000017e-07  2.490871593332100e-02 
 1.857000000000017e-07  2.765397899426358e-02 
 1.858000000000017e-07  3.029011345874144e-02 
 1.859000000000017e-07  3.280660453582396e-02 
 1.860000000000017e-07  3.519362224787814e-02 
 1.861000000000017e-07  3.744168720754648e-02 
 1.862000000000017e-07  3.954198562130840e-02 
 1.863000000000017e-07  4.148621292435273e-02 
 1.864000000000017e-07  4.326672031698187e-02 
 1.865000000000017e-07  4.487649467219623e-02 
 1.866000000000017e-07  4.630918314686694e-02 
 1.867000000000017e-07  4.755916165498975e-02 
 1.868000000000018e-07  4.862148156055923e-02 
 1.869000000000018e-07  4.949198660618359e-02 
 1.870000000000018e-07  5.016721588929318e-02 
 1.871000000000018e-07  5.064453986301221e-02 
 1.872000000000018e-07  5.092204344819917e-02 
 1.873000000000018e-07  5.099866148147680e-02 
 1.874000000000018e-07  5.087405717766291e-02 
 1.875000000000018e-07  5.054874505721885e-02 
 1.876000000000018e-07  5.002397358420829e-02 
 1.877000000000018e-07  4.930182910083403e-02 
 1.878000000000018e-07  4.838512704142062e-02 
 1.879000000000018e-07  4.727749413751781e-02 
 1.880000000000018e-07  4.598326975230926e-02 
 1.881000000000018e-07  4.450756601503092e-02 
 1.882000000000019e-07  4.285617908465866e-02 
 1.883000000000019e-07  4.103562834047203e-02 
 1.884000000000019e-07  3.905307649036005e-02 
 1.885000000000019e-07  3.691634970822033e-02 
 1.886000000000019e-07  3.463386512441691e-02 
 1.887000000000019e-07  3.221463421135162e-02 
 1.888000000000019e-07  2.966819613703264e-02 
 1.889000000000019e-07  2.700460682506223e-02 
 1.890000000000019e-07  2.423437681461160e-02 
 1.891000000000019e-07  2.136844838871754e-02 
 1.892000000000019e-07  1.841813683989213e-02 
 1.893000000000019e-07  1.539509796782945e-02 
 1.894000000000019e-07  1.231127193165937e-02 
 1.895000000000020e-07  9.178843273343729e-03 
 1.896000000000020e-07  6.010186842260845e-03 
 1.897000000000020e-07  2.817822315348328e-03 
 1.898000000000020e-07 -3.856380396447534e-04 
 1.899000000000020e-07 -3.587538521756750e-03 
 1.900000000000020e-07 -6.775213045122852e-03 
 1.901000000000020e-07 -9.936158397845674e-03 
 1.902000000000020e-07 -1.305778023532134e-02 
 1.903000000000020e-07 -1.612784369022835e-02 
 1.904000000000020e-07 -1.913425213315656e-02 
 1.905000000000020e-07 -2.206501521800774e-02 
 1.906000000000020e-07 -2.490871592295174e-02 
 1.907000000000020e-07 -2.765397898557409e-02 
 1.908000000000021e-07 -3.029011345080135e-02 
 1.909000000000021e-07 -3.280660452591255e-02 
 1.910000000000021e-07 -3.519362223707434e-02 
 1.911000000000021e-07 -3.744168719670449e-02 
 1.912000000000021e-07 -3.954198561003452e-02 
 1.913000000000021e-07 -4.148621291166754e-02 
 1.914000000000021e-07 -4.326672030342626e-02 
 1.915000000000021e-07 -4.487649465652743e-02 
 1.916000000000021e-07 -4.630918313317522e-02 
 1.917000000000021e-07 -4.755916164477902e-02 
 1.918000000000021e-07 -4.862148155301971e-02 
 1.919000000000021e-07 -4.949198659696119e-02 
 1.920000000000021e-07 -5.016721587760475e-02 
 1.921000000000022e-07 -5.064453984870876e-02 
 1.922000000000022e-07 -5.092204343216489e-02 
 1.923000000000022e-07 -5.099866146718623e-02 
 1.924000000000022e-07 -5.087405716833460e-02 
 1.925000000000022e-07 -5.054874504956364e-02 
 1.926000000000022e-07 -5.002397357634614e-02 
 1.927000000000022e-07 -4.930182909407899e-02 
 1.928000000000022e-07 -4.838512703658471e-02 
 1.929000000000022e-07 -4.727749413145799e-02 
 1.930000000000022e-07 -4.598326974181499e-02 
 1.931000000000022e-07 -4.450756600245653e-02 
 1.932000000000022e-07 -4.285617907133821e-02 
 1.933000000000022e-07 -4.103562832897345e-02 
 1.934000000000022e-07 -3.905307648003320e-02 
 1.935000000000023e-07 -3.691634969950686e-02 
 1.936000000000023e-07 -3.463386511452615e-02 
 1.937000000000023e-07 -3.221463419975024e-02 
 1.938000000000023e-07 -2.966819612518967e-02 
 1.939000000000023e-07 -2.700460681326100e-02 
 1.940000000000023e-07 -2.423437680252194e-02 
 1.941000000000023e-07 -2.136844837734020e-02 
 1.942000000000023e-07 -1.841813682923577e-02 
 1.943000000000023e-07 -1.539509795632399e-02 
 1.944000000000023e-07 -1.231127192244474e-02 
 1.945000000000023e-07 -9.178843265305270e-03 
 1.946000000000023e-07 -6.010186833059983e-03 
 1.947000000000023e-07 -2.817822307279227e-03 
 1.948000000000024e-07  3.856380480844468e-04 
 1.949000000000024e-07  3.587538531950152e-03 
 1.950000000000024e-07  6.775213054744267e-03 
 1.951000000000024e-07  9.936158408002216e-03 
 1.952000000000024e-07  1.305778024659388e-02 
 1.953000000000024e-07  1.612784370221543e-02 
 1.954000000000024e-07  1.913425214408293e-02 
 1.955000000000024e-07  2.206501522831283e-02 
 1.956000000000024e-07  2.490871593360633e-02 
 1.957000000000024e-07  2.765397899561850e-02 
 1.958000000000024e-07  3.029011346048960e-02 
 1.959000000000024e-07  3.280660453653361e-02 
 1.960000000000024e-07  3.519362224711431e-02 
 1.961000000000025e-07  3.744168720677932e-02 
 1.962000000000025e-07  3.954198562066225e-02 
 1.963000000000025e-07  4.148621292358179e-02 
 1.964000000000025e-07  4.326672031859147e-02 
 1.965000000000025e-07  4.487649467243848e-02 
 1.966000000000025e-07  4.630918314850740e-02 
 1.967000000000025e-07  4.755916165633156e-02 
 1.968000000000025e-07  4.862148156163104e-02 
 1.969000000000025e-07  4.949198660566401e-02 
 1.970000000000025e-07  5.016721588699924e-02 
 1.971000000000025e-07  5.064453985939354e-02 
 1.972000000000025e-07  5.092204344670304e-02 
 1.973000000000025e-07  5.099866148215115e-02 
 1.974000000000025e-07  5.087405717941396e-02 
 1.975000000000026e-07  5.054874505920059e-02 
 1.976000000000026e-07  5.002397358559008e-02 
 1.977000000000026e-07  4.930182910176573e-02 
 1.978000000000026e-07  4.838512704267783e-02 
 1.979000000000026e-07  4.727749413942628e-02 
 1.980000000000026e-07  4.598326975235767e-02 
 1.981000000000026e-07  4.450756601471340e-02 
 1.982000000000026e-07  4.285617908218842e-02 
 1.983000000000026e-07  4.103562833871943e-02 
 1.984000000000026e-07  3.905307649009360e-02 
 1.985000000000026e-07  3.691634970961566e-02 
 1.986000000000026e-07  3.463386512711830e-02 
 1.987000000000026e-07  3.221463421431192e-02 
 1.988000000000027e-07  2.966819613913141e-02 
 1.989000000000027e-07  2.700460682502781e-02 
 1.990000000000027e-07  2.423437681314811e-02 
 1.991000000000027e-07  2.136844838673313e-02 
 1.992000000000027e-07  1.841813683834337e-02 
 1.993000000000027e-07  1.539509796769778e-02 
 1.994000000000027e-07  1.231127193379389e-02 
 1.995000000000027e-07  9.178843276139492e-03 
 1.996000000000027e-07  6.010186843900867e-03 
 1.997000000000027e-07  2.817822315468010e-03 
 1.998000000000027e-07 -3.856380405624638e-04 
 1.999000000000027e-07 -3.587538523040612e-03 
 2.000000000000027e-07 -6.775213045481010e-03 
 2.001000000000028e-07 -9.936158398505368e-03 
 2.002000000000028e-07 -1.305778023653748e-02 
 2.003000000000028e-07 -1.612784369014975e-02 
 2.004000000000028e-07 -1.913425213321207e-02 
 2.005000000000028e-07 -2.206501521713999e-02 
 2.006000000000028e-07 -2.490871592168431e-02 
 2.007000000000028e-07 -2.765397898466970e-02 
 2.008000000000028e-07 -3.029011344867105e-02 
 2.009000000000028e-07 -3.280660452411688e-02 
 2.010000000000028e-07 -3.519362223692180e-02 
 2.011000000000028e-07 -3.744168719854479e-02 
 2.012000000000028e-07 -3.954198561353595e-02 
 2.013000000000028e-07 -4.148621291670795e-02 
 2.014000000000028e-07 -4.326672030908463e-02 
 2.015000000000029e-07 -4.487649466176880e-02 
 2.016000000000029e-07 -4.630918313706056e-02 
 2.017000000000029e-07 -4.755916164689977e-02 
 2.018000000000029e-07 -4.862148155279367e-02 
 2.019000000000029e-07 -4.949198659661724e-02 
 2.020000000000029e-07 -5.016721587775863e-02 
 2.021000000000029e-07 -5.064453984895212e-02 
 2.022000000000029e-07 -5.092204343437401e-02 
 2.023000000000029e-07 -5.099866146864351e-02 
 2.024000000000029e-07 -5.087405716853355e-02 
 2.025000000000029e-07 -5.054874505133045e-02 
 2.026000000000029e-07 -5.002397357769661e-02 
 2.027000000000029e-07 -4.930182909454217e-02 
 2.028000000000030e-07 -4.838512703642062e-02 
 2.029000000000030e-07 -4.727749413218740e-02 
 2.030000000000030e-07 -4.598326974274713e-02 
 2.031000000000030e-07 -4.450756600373884e-02 
 2.032000000000030e-07 -4.285617907167794e-02 
 2.033000000000030e-07 -4.103562833013674e-02 
 2.034000000000030e-07 -3.905307648250256e-02 
 2.035000000000030e-07 -3.691634970228996e-02 
 2.036000000000030e-07 -3.463386511744515e-02 
 2.037000000000030e-07 -3.221463420294501e-02 
 2.038000000000030e-07 -2.966819612668159e-02 
 2.039000000000030e-07 -2.700460681410388e-02 
 2.040000000000030e-07 -2.423437680233609e-02 
 2.041000000000031e-07 -2.136844837485929e-02 
 2.042000000000031e-07 -1.841813682583182e-02 
 2.043000000000031e-07 -1.539509795492155e-02 
 2.044000000000031e-07 -1.231127192262838e-02 
 2.045000000000031e-07 -9.178843267421355e-03 
 2.046000000000031e-07 -6.010186835156306e-03 
 2.047000000000031e-07 -2.817822307653373e-03 
 2.048000000000031e-07  3.856380488285183e-04 
 2.049000000000031e-07  3.587538531933498e-03 
 2.050000000000031e-07  6.775213054266205e-03 
 2.051000000000031e-07  9.936158406729678e-03 
 2.052000000000031e-07  1.305778024547011e-02 
 2.053000000000031e-07  1.612784369972298e-02 
 2.054000000000031e-07  1.913425214105491e-02 
 2.055000000000032e-07  2.206501522584792e-02 
 2.056000000000032e-07  2.490871593186372e-02 
 2.057000000000032e-07  2.765397899418520e-02 
 2.058000000000032e-07  3.029011345957544e-02 
 2.059000000000032e-07  3.280660453773332e-02 
 2.060000000000032e-07  3.519362225016143e-02 
 2.061000000000032e-07  3.744168721065511e-02 
 2.062000000000032e-07  3.954198562423406e-02 
 2.063000000000032e-07  4.148621292499954e-02 
 2.064000000000032e-07  4.326672031647960e-02 
 2.065000000000032e-07  4.487649467199084e-02 
 2.066000000000032e-07  4.630918314906296e-02 
 2.067000000000032e-07  4.755916165763874e-02 
 2.068000000000033e-07  4.862148156288248e-02 
 2.069000000000033e-07  4.949198660619025e-02 
 2.070000000000033e-07  5.016721588855577e-02 
 2.071000000000033e-07  5.064453986117901e-02 
 2.072000000000033e-07  5.092204344718465e-02 
 2.073000000000033e-07  5.099866148247001e-02 
 2.074000000000033e-07  5.087405717935134e-02 
 2.075000000000033e-07  5.054874505820850e-02 
 2.076000000000033e-07  5.002397358421362e-02 
 2.077000000000033e-07  4.930182910107783e-02 
 2.078000000000033e-07  4.838512704165732e-02 
 2.079000000000033e-07  4.727749413837157e-02 
 2.080000000000033e-07  4.598326975237166e-02 
 2.081000000000034e-07  4.450756601460504e-02 
 2.082000000000034e-07  4.285617908282657e-02 
 2.083000000000034e-07  4.103562833878005e-02 
 2.084000000000034e-07  3.905307649000100e-02 
 2.085000000000034e-07  3.691634970942004e-02 
 2.086000000000034e-07  3.463386512543298e-02 
 2.087000000000034e-07  3.221463421284088e-02 
 2.088000000000034e-07  2.966819613833849e-02 
 2.089000000000034e-07  2.700460682498496e-02 
 2.090000000000034e-07  2.423437681371943e-02 
 2.091000000000034e-07  2.136844838696028e-02 
 2.092000000000034e-07  1.841813683862981e-02 
 2.093000000000034e-07  1.539509796702143e-02 
 2.094000000000035e-07  1.231127193136627e-02 
 2.095000000000035e-07  9.178843274802562e-03 
 2.096000000000035e-07  6.010186844411347e-03 
 2.097000000000035e-07  2.817822316333762e-03 
 2.098000000000035e-07 -3.856380400590886e-04 
 2.099000000000035e-07 -3.587538523566858e-03 
 2.100000000000035e-07 -6.775213043740402e-03 
 2.101000000000035e-07 -9.936158397541250e-03 
 2.102000000000035e-07 -1.305778023571391e-02 
 2.103000000000035e-07 -1.612784369044262e-02 
 2.104000000000035e-07 -1.913425213274245e-02 
 2.105000000000035e-07 -2.206501521773463e-02 
 2.106000000000035e-07 -2.490871592186994e-02 
 2.107000000000035e-07 -2.765397898474875e-02 
 2.108000000000036e-07 -3.029011344925592e-02 
 2.109000000000036e-07 -3.280660452427120e-02 
 2.110000000000036e-07 -3.519362223554734e-02 
 2.111000000000036e-07 -3.744168719760799e-02 
 2.112000000000036e-07 -3.954198561231093e-02 
 2.113000000000036e-07 -4.148621291430254e-02 
 2.114000000000036e-07 -4.326672030551437e-02 
 2.115000000000036e-07 -4.487649465838461e-02 
 2.116000000000036e-07 -4.630918313549404e-02 
 2.117000000000036e-07 -4.755916164552088e-02 
 2.118000000000036e-07 -4.862148155254675e-02 
 2.119000000000036e-07 -4.949198659702292e-02 
 2.120000000000036e-07 -5.016721587636064e-02 
 2.121000000000037e-07 -5.064453984753636e-02 
 2.122000000000037e-07 -5.092204343347850e-02 
 2.123000000000037e-07 -5.099866146938337e-02 
 2.124000000000037e-07 -5.087405717012494e-02 
 2.125000000000037e-07 -5.054874505109774e-02 
 2.126000000000037e-07 -5.002397357669919e-02 
 2.127000000000037e-07 -4.930182909339775e-02 
 2.128000000000037e-07 -4.838512703489140e-02 
 2.129000000000037e-07 -4.727749413094617e-02 
 2.130000000000037e-07 -4.598326974174394e-02 
 2.131000000000037e-07 -4.450756600225025e-02 
 2.132000000000037e-07 -4.285617907116657e-02 
 2.133000000000037e-07 -4.103562832800112e-02 
 2.134000000000038e-07 -3.905307647913414e-02 
 2.135000000000038e-07 -3.691634969762037e-02 
 2.136000000000038e-07 -3.463386511151101e-02 
 2.137000000000038e-07 -3.221463419769344e-02 
 2.138000000000038e-07 -2.966819612456106e-02 
 2.139000000000038e-07 -2.700460681265371e-02 
 2.140000000000038e-07 -2.423437680097562e-02 
 2.141000000000038e-07 -2.136844837527252e-02 
 2.142000000000038e-07 -1.841813682673110e-02 
 2.143000000000038e-07 -1.539509795512073e-02 
 2.144000000000038e-07 -1.231127192321102e-02 
 2.145000000000038e-07 -9.178843267916292e-03 
 2.146000000000038e-07 -6.010186835232023e-03 
 2.147000000000038e-07 -2.817822307711104e-03 
 2.148000000000039e-07  3.856380488858058e-04 
 2.149000000000039e-07  3.587538533708301e-03 
 2.150000000000039e-07  6.775213056136264e-03 
 2.151000000000039e-07  9.936158408794027e-03 
 2.152000000000039e-07  1.305778024662074e-02 
 2.153000000000039e-07  1.612784370070153e-02 
 2.154000000000039e-07  1.913425214326714e-02 
 2.155000000000039e-07  2.206501523020554e-02 
 2.156000000000039e-07  2.490871593565802e-02 
 2.157000000000039e-07  2.765397899818556e-02 
 2.158000000000039e-07  3.029011346188715e-02 
 2.159000000000039e-07  3.280660453912199e-02 
 2.160000000000039e-07  3.519362225067324e-02 
 2.161000000000040e-07  3.744168720965635e-02 
 2.162000000000040e-07  3.954198562324041e-02 
 2.163000000000040e-07  4.148621292504595e-02 
 2.164000000000040e-07  4.326672031845979e-02 
 2.165000000000040e-07  4.487649467221444e-02 
 2.166000000000040e-07  4.630918314783528e-02 
 2.167000000000040e-07  4.755916165611040e-02 
 2.168000000000040e-07  4.862148156203272e-02 
 2.169000000000040e-07  4.949198660774190e-02 
 2.170000000000040e-07  5.016721588910067e-02 
 2.171000000000040e-07  5.064453986125184e-02 
 2.172000000000040e-07  5.092204344745022e-02 
 2.173000000000040e-07  5.099866148255172e-02 
 2.174000000000041e-07  5.087405718037807e-02 
 2.175000000000041e-07  5.054874505960716e-02 
 2.176000000000041e-07  5.002397358451249e-02 
 2.177000000000041e-07  4.930182910028003e-02 
 2.178000000000041e-07  4.838512704064057e-02 
 2.179000000000041e-07  4.727749413732352e-02 
 2.180000000000041e-07  4.598326975191469e-02 
 2.181000000000041e-07  4.450756601482242e-02 
 2.182000000000041e-07  4.285617908287542e-02 
 2.183000000000041e-07  4.103562833982433e-02 
 2.184000000000041e-07  3.905307649001921e-02 
 2.185000000000041e-07  3.691634970974311e-02 
 2.186000000000041e-07  3.463386512623012e-02 
 2.187000000000041e-07  3.221463421248738e-02 
 2.188000000000042e-07  2.966819613611582e-02 
 2.189000000000042e-07  2.700460682261663e-02 
 2.190000000000042e-07  2.423437681193530e-02 
 2.191000000000042e-07  2.136844838603369e-02 
 2.192000000000042e-07  1.841813683888205e-02 
 2.193000000000042e-07  1.539509796747196e-02 
 2.194000000000042e-07  1.231127193323545e-02 
 2.195000000000042e-07  9.178843276759441e-03 
 2.196000000000042e-07  6.010186845466947e-03 
 2.197000000000042e-07  2.817822316250940e-03 
 2.198000000000042e-07 -3.856380414695160e-04 
 2.199000000000042e-07 -3.587538524168821e-03 
 2.200000000000042e-07 -6.775213045607131e-03 
 2.201000000000043e-07 -9.936158398872852e-03 
 2.202000000000043e-07 -1.305778023546478e-02 
 2.203000000000043e-07 -1.612784368920983e-02 
 2.204000000000043e-07 -1.913425213228992e-02 
 2.205000000000043e-07 -2.206501521739557e-02 
 2.206000000000043e-07 -2.490871592314825e-02 
 2.207000000000043e-07 -2.765397898536470e-02 
 2.208000000000043e-07 -3.029011344838040e-02 
 2.209000000000043e-07 -3.280660452305550e-02 
 2.210000000000043e-07 -3.519362223485212e-02 
 2.211000000000043e-07 -3.744168719681062e-02 
 2.212000000000043e-07 -3.954198561278721e-02 
 2.213000000000043e-07 -4.148621291482901e-02 
 2.214000000000044e-07 -4.326672030651646e-02 
 2.215000000000044e-07 -4.487649465893240e-02 
 2.216000000000044e-07 -4.630918313563304e-02 
 2.217000000000044e-07 -4.755916164511276e-02 
 2.218000000000044e-07 -4.862148155343515e-02 
 2.219000000000044e-07 -4.949198659894893e-02 
 2.220000000000044e-07 -5.016721587915218e-02 
 2.221000000000044e-07 -5.064453984976103e-02 
 2.222000000000044e-07 -5.092204343433515e-02 
 2.223000000000044e-07 -5.099866146954768e-02 
 2.224000000000044e-07 -5.087405716985538e-02 
 2.225000000000044e-07 -5.054874504998974e-02 
 2.226000000000044e-07 -5.002397357733068e-02 
 2.227000000000044e-07 -4.930182909389025e-02 
 2.228000000000045e-07 -4.838512703498887e-02 
 2.229000000000045e-07 -4.727749413071636e-02 
 2.230000000000045e-07 -4.598326974106492e-02 
 2.231000000000045e-07 -4.450756600200423e-02 
 2.232000000000045e-07 -4.285617907000017e-02 
 2.233000000000045e-07 -4.103562832800289e-02 
 2.234000000000045e-07 -3.905307648058809e-02 
 2.235000000000045e-07 -3.691634970038926e-02 
 2.236000000000045e-07 -3.463386511542454e-02 
 2.237000000000045e-07 -3.221463420169446e-02 
 2.238000000000045e-07 -2.966819612780092e-02 
 2.239000000000045e-07 -2.700460681624128e-02 
 2.240000000000045e-07 -2.423437680444973e-02 
 2.241000000000046e-07 -2.136844837713370e-02 
 2.242000000000046e-07 -1.841813682823035e-02 
 2.243000000000046e-07 -1.539509795713312e-02 
 2.244000000000046e-07 -1.231127192442294e-02 
 2.245000000000046e-07 -9.178843268296877e-03 
 2.246000000000046e-07 -6.010186835115228e-03 
 2.247000000000046e-07 -2.817822308926132e-03 
 2.248000000000046e-07  3.856380468203469e-04 
 2.249000000000046e-07  3.587538530499312e-03 
 2.250000000000046e-07  6.775213052771623e-03 
 2.251000000000046e-07  9.936158407666262e-03 
 2.252000000000046e-07  1.305778024545612e-02 
 2.253000000000046e-07  1.612784369935216e-02 
 2.254000000000047e-07  1.913425214052955e-02 
 2.255000000000047e-07  2.206501522678761e-02 
 2.256000000000047e-07  2.490871593344601e-02 
 2.257000000000047e-07  2.765397899448563e-02 
 2.258000000000047e-07  3.029011345947819e-02 
 2.259000000000047e-07  3.280660453723550e-02 
 2.260000000000047e-07  3.519362225004441e-02 
 2.261000000000047e-07  3.744168720892516e-02 
 2.262000000000047e-07  3.954198562357125e-02 
 2.263000000000047e-07  4.148621292636356e-02 
 2.264000000000047e-07  4.326672031946210e-02 
 2.265000000000047e-07  4.487649467314681e-02 
 2.266000000000047e-07  4.630918314869792e-02 
 2.267000000000047e-07  4.755916165772711e-02 
 2.268000000000048e-07  4.862148156306634e-02 
 2.269000000000048e-07  4.949198660720411e-02 
 2.270000000000048e-07  5.016721588781858e-02 
 2.271000000000048e-07  5.064453985946682e-02 
 2.272000000000048e-07  5.092204344557327e-02 
 2.273000000000048e-07  5.099866148031507e-02 
 2.274000000000048e-07  5.087405717779925e-02 
 2.275000000000048e-07  5.054874505868590e-02 
 2.276000000000048e-07  5.002397358568933e-02 
 2.277000000000048e-07  4.930182910164027e-02 
 2.278000000000048e-07  4.838512704162179e-02 
 2.279000000000048e-07  4.727749413736793e-02 
 2.280000000000048e-07  4.598326975108691e-02 
 2.281000000000049e-07  4.450756601389672e-02 
 2.282000000000049e-07  4.285617908146766e-02 
 2.283000000000049e-07  4.103562833890928e-02 
 2.284000000000049e-07  3.905307649101841e-02 
 2.285000000000049e-07  3.691634971017943e-02 
 2.286000000000049e-07  3.463386512728017e-02 
 2.287000000000049e-07  3.221463421513926e-02 
 2.288000000000049e-07  2.966819613944871e-02 
 2.289000000000049e-07  2.700460682614580e-02 
 2.290000000000049e-07  2.423437681314566e-02 
 2.291000000000049e-07  2.136844838689234e-02 
 2.292000000000049e-07  1.841813683672755e-02 
 2.293000000000049e-07  1.539509796433292e-02 
 2.294000000000050e-07  1.231127193053183e-02 
 2.295000000000050e-07  9.178843274289861e-03 
 2.296000000000050e-07  6.010186842356102e-03 
 2.297000000000050e-07  2.817822315631879e-03 
 2.298000000000050e-07 -3.856380393196801e-04 
 2.299000000000050e-07 -3.587538522121125e-03 
 2.300000000000050e-07 -6.775213044909023e-03 
 2.301000000000050e-07 -9.936158397963357e-03 
 2.302000000000050e-07 -1.305778023501158e-02 
 2.303000000000050e-07 -1.612784369082654e-02 
 2.304000000000050e-07 -1.913425213348763e-02 
 2.305000000000050e-07 -2.206501521822579e-02 
 2.306000000000050e-07 -2.490871592322974e-02 
 2.307000000000051e-07 -2.765397898593047e-02 
 2.308000000000051e-07 -3.029011345052579e-02 
 2.309000000000051e-07 -3.280660452650075e-02 
 2.310000000000051e-07 -3.519362223662670e-02 
 2.311000000000051e-07 -3.744168719773389e-02 
 2.312000000000051e-07 -3.954198561278677e-02 
 2.313000000000051e-07 -4.148621291525068e-02 
 2.314000000000051e-07 -4.326672030675049e-02 
 2.315000000000051e-07 -4.487649465793742e-02 
 2.316000000000051e-07 -4.630918313263521e-02 
 2.317000000000051e-07 -4.755916164313456e-02 
 2.318000000000051e-07 -4.862148155143475e-02 
 2.319000000000051e-07 -4.949198659703180e-02 
 2.320000000000051e-07 -5.016721587777284e-02 
 2.321000000000052e-07 -5.064453984934003e-02 
 2.322000000000052e-07 -5.092204343424966e-02 
 2.323000000000052e-07 -5.099866146873455e-02 
 2.324000000000052e-07 -5.087405716742932e-02 
 2.325000000000052e-07 -5.054874504923723e-02 
 2.326000000000052e-07 -5.002397357605837e-02 
 2.327000000000052e-07 -4.930182909246561e-02 
 2.328000000000052e-07 -4.838512703394304e-02 
 2.329000000000052e-07 -4.727749412984417e-02 
 2.330000000000052e-07 -4.598326974024247e-02 
 2.331000000000052e-07 -4.450756600160788e-02 
 2.332000000000052e-07 -4.285617907053840e-02 
 2.333000000000052e-07 -4.103562832857821e-02 
 2.334000000000053e-07 -3.905307647967993e-02 
 2.335000000000053e-07 -3.691634969837576e-02 
 2.336000000000053e-07 -3.463386511266542e-02 
 2.337000000000053e-07 -3.221463419792747e-02 
 2.338000000000053e-07 -2.966819612274008e-02 
 2.339000000000053e-07 -2.700460681088734e-02 
 2.340000000000053e-07 -2.423437679983009e-02 
 2.341000000000053e-07 -2.136844837331653e-02 
 2.342000000000053e-07 -1.841813682619087e-02 
 2.343000000000053e-07 -1.539509795856420e-02 
 2.344000000000053e-07 -1.231127192548565e-02 
 2.345000000000053e-07 -9.178843267548142e-03 
 2.346000000000053e-07 -6.010186834198183e-03 
 2.347000000000054e-07 -2.817822308008644e-03 
 2.348000000000054e-07  3.856380485087740e-04 
 2.349000000000054e-07  3.587538532710433e-03 
 2.350000000000054e-07  6.775213055424167e-03 
 2.351000000000054e-07  9.936158408956342e-03 
 2.352000000000054e-07  1.305778024720317e-02 
 2.353000000000054e-07  1.612784370248432e-02 
 2.354000000000054e-07  1.913425214450371e-02 
 2.355000000000054e-07  2.206501522839410e-02 
 2.356000000000054e-07  2.490871593372379e-02 
 2.357000000000054e-07  2.765397899566646e-02 
 2.358000000000054e-07  3.029011345939558e-02 
 2.359000000000054e-07  3.280660453631645e-02 
 2.360000000000054e-07  3.519362224953970e-02 
 2.361000000000055e-07  3.744168720997676e-02 
 2.362000000000055e-07  3.954198562378153e-02 
 2.363000000000055e-07  4.148621292603649e-02 
 2.364000000000055e-07  4.326672031830547e-02 
 2.365000000000055e-07  4.487649467197574e-02 
 2.366000000000055e-07  4.630918314811905e-02 
 2.367000000000055e-07  4.755916165660090e-02 
 2.368000000000055e-07  4.862148156178625e-02 
 2.369000000000055e-07  4.949198660651488e-02 
 2.370000000000055e-07  5.016721588705431e-02 
 2.371000000000055e-07  5.064453985973438e-02 
 2.372000000000055e-07  5.092204344627915e-02 
 2.373000000000055e-07  5.099866148125920e-02 
 2.374000000000056e-07  5.087405717864524e-02 
 2.375000000000056e-07  5.054874505657780e-02 
 2.376000000000056e-07  5.002397358329191e-02 
 2.377000000000056e-07  4.930182910035752e-02 
 2.378000000000056e-07  4.838512704062814e-02 
 2.379000000000056e-07  4.727749413652149e-02 
 2.380000000000056e-07  4.598326975023914e-02 
 2.381000000000056e-07  4.450756601327166e-02 
 2.382000000000056e-07  4.285617908251527e-02 
 2.383000000000056e-07  4.103562833789809e-02 
 2.384000000000056e-07  3.905307648776901e-02 
 2.385000000000056e-07  3.691634970766566e-02 
 2.386000000000056e-07  3.463386512510147e-02 
 2.387000000000057e-07  3.221463421386117e-02 
 2.388000000000057e-07  2.966819614048521e-02 
 2.389000000000057e-07  2.700460682662942e-02 
 2.390000000000057e-07  2.423437681402429e-02 
 2.391000000000057e-07  2.136844838717789e-02 
 2.392000000000057e-07  1.841813683884519e-02 
 2.393000000000057e-07  1.539509796781635e-02 
 2.394000000000057e-07  1.231127193365067e-02 
 2.395000000000057e-07  9.178843275650106e-03 
 2.396000000000057e-07  6.010186843062648e-03 
 2.397000000000057e-07  2.817822315324570e-03 
 2.398000000000057e-07 -3.856380404196891e-04 
 2.399000000000057e-07 -3.587538523224687e-03 
 2.400000000000057e-07 -6.775213044325046e-03 
 2.401000000000058e-07 -9.936158397058747e-03 
 2.402000000000058e-07 -1.305778023350390e-02 
 2.403000000000058e-07 -1.612784368802522e-02 
 2.404000000000058e-07 -1.913425213053799e-02 
 2.405000000000058e-07 -2.206501521549509e-02 
 2.406000000000058e-07 -2.490871592123289e-02 
 2.407000000000058e-07 -2.765397898594424e-02 
 2.408000000000058e-07 -3.029011345165578e-02 
 2.409000000000058e-07 -3.280660452667039e-02 
 2.410000000000058e-07 -3.519362223689004e-02 
 2.411000000000058e-07 -3.744168719791885e-02 
 2.412000000000058e-07 -3.954198561130595e-02 
 2.413000000000058e-07 -4.148621291309773e-02 
 2.414000000000059e-07 -4.326672030500656e-02 
 2.415000000000059e-07 -4.487649465739652e-02 
 2.416000000000059e-07 -4.630918313294208e-02 
 2.417000000000059e-07 -4.755916164350271e-02 
 2.418000000000059e-07 -4.862148155159551e-02 
 2.419000000000059e-07 -4.949198659692744e-02 
 2.420000000000059e-07 -5.016721587676343e-02 
 2.421000000000059e-07 -5.064453984868567e-02 
 2.422000000000059e-07 -5.092204343391082e-02 
 2.423000000000059e-07 -5.099866146968912e-02 
 2.424000000000059e-07 -5.087405716928339e-02 
 2.425000000000059e-07 -5.054874505076201e-02 
 2.426000000000059e-07 -5.002397357763533e-02 
 2.427000000000060e-07 -4.930182909517189e-02 
 2.428000000000060e-07 -4.838512703663178e-02 
 2.429000000000060e-07 -4.727749413258286e-02 
 2.430000000000060e-07 -4.598326974209255e-02 
 2.431000000000060e-07 -4.450756600268235e-02 
 2.432000000000060e-07 -4.285617907074091e-02 
 2.433000000000060e-07 -4.103562832948615e-02 
 2.434000000000060e-07 -3.905307648119405e-02 
 2.435000000000060e-07 -3.691634970010149e-02 
 2.436000000000060e-07 -3.463386511432964e-02 
 2.437000000000060e-07 -3.221463419974158e-02 
 2.438000000000060e-07 -2.966819612520144e-02 
 2.439000000000060e-07 -2.700460681229400e-02 
 2.440000000000060e-07 -2.423437680055107e-02 
 2.441000000000061e-07 -2.136844837486018e-02 
 2.442000000000061e-07 -1.841813682787974e-02 
 2.443000000000061e-07 -1.539509795843008e-02 
 2.444000000000061e-07 -1.231127192592263e-02 
 2.445000000000061e-07 -9.178843268759618e-03 
 2.446000000000061e-07 -6.010186834370934e-03 
 2.447000000000061e-07 -2.817822306777185e-03 
 2.448000000000061e-07  3.856380485101063e-04 
 2.449000000000061e-07  3.587538533064816e-03 
 2.450000000000061e-07  6.775213054184270e-03 
 2.451000000000061e-07  9.936158407606310e-03 
 2.452000000000061e-07  1.305778024523585e-02 
 2.453000000000061e-07  1.612784370008757e-02 
 2.454000000000062e-07  1.913425214223530e-02 
 2.455000000000062e-07  2.206501522657689e-02 
 2.456000000000062e-07  2.490871593288402e-02 
 2.457000000000062e-07  2.765397899426314e-02 
 2.458000000000062e-07  3.029011345785015e-02 
 2.459000000000062e-07  3.280660453512008e-02 
 2.460000000000062e-07  3.519362224851652e-02 
 2.461000000000062e-07  3.744168720917163e-02 
 2.462000000000062e-07  3.954198562332722e-02 
 2.463000000000062e-07  4.148621292567101e-02 
 2.464000000000062e-07  4.326672031894230e-02 
 2.465000000000062e-07  4.487649467387889e-02 
 2.466000000000062e-07  4.630918314916355e-02 
 2.467000000000063e-07  4.755916165706120e-02 
 2.468000000000063e-07  4.862148156149249e-02 
 2.469000000000063e-07  4.949198660620380e-02 
 2.470000000000063e-07  5.016721588909934e-02 
 2.471000000000063e-07  5.064453986344697e-02 
 2.472000000000063e-07  5.092204344987161e-02 
 2.473000000000063e-07  5.099866148377097e-02 
 2.474000000000063e-07  5.087405718033478e-02 
 2.475000000000063e-07  5.054874505888685e-02 
 2.476000000000063e-07  5.002397358401334e-02 
 2.477000000000063e-07  4.930182910071057e-02 
 2.478000000000063e-07  4.838512704129427e-02 
 2.479000000000063e-07  4.727749413758175e-02 
 2.480000000000063e-07  4.598326975077316e-02 
 2.481000000000064e-07  4.450756601361872e-02 
 2.482000000000064e-07  4.285617908286277e-02 
 2.483000000000064e-07  4.103562833964203e-02 
 2.484000000000064e-07  3.905307649052658e-02 
 2.485000000000064e-07  3.691634971003377e-02 
 2.486000000000064e-07  3.463386512699684e-02 
 2.487000000000064e-07  3.221463421409410e-02 
 2.488000000000064e-07  2.966819613874550e-02 
 2.489000000000064e-07  2.700460682515993e-02 
 2.490000000000064e-07  2.423437681404605e-02 
 2.491000000000064e-07  2.136844838777208e-02 
 2.492000000000064e-07  1.841813683727356e-02 
 2.493000000000064e-07  1.539509796458383e-02 
 2.494000000000065e-07  1.231127193108250e-02 
 2.495000000000065e-07  9.178843274064707e-03 
 2.496000000000065e-07  6.010186843391274e-03 
 2.497000000000065e-07  2.817822316449448e-03 
 2.498000000000065e-07 -3.856380411821902e-04 
 2.499000000000065e-07 -3.587538524968625e-03 
 2.500000000000065e-07 -6.777768749486324e-03 
