 1.000000000000000e+06 -3.739188316622081e+00 
 1.047128548050900e+06 -3.739187319250701e+00 
 1.096478196143185e+06 -3.739186225700792e+00 
 1.148153621496883e+06 -3.739185026609281e+00 
 1.202264434617413e+06 -3.739183711839813e+00 
 1.258925411794168e+06 -3.739182270233464e+00 
 1.318256738556408e+06 -3.739180689554745e+00 
 1.380384264602886e+06 -3.739178956347025e+00 
 1.445439770745928e+06 -3.739177055940887e+00 
 1.513561248436209e+06 -3.739174972179808e+00 
 1.584893192461115e+06 -3.739172687419127e+00 
 1.659586907437562e+06 -3.739170182199387e+00 
 1.737800828749377e+06 -3.739167435271862e+00 
 1.819700858609986e+06 -3.739164423350139e+00 
 1.905460717963250e+06 -3.739161120871581e+00 
 1.995262314968882e+06 -3.739157499753183e+00 
 2.089296130854042e+06 -3.739153529275851e+00 
 2.187761623949556e+06 -3.739149175742197e+00 
 2.290867652767777e+06 -3.739144402231180e+00 
 2.398832919019494e+06 -3.739139168176027e+00 
 2.511886431509584e+06 -3.739133429169732e+00 
 2.630267991895386e+06 -3.739127136479434e+00 
 2.754228703338171e+06 -3.739120236714685e+00 
 2.884031503126611e+06 -3.739112671292742e+00 
 3.019951720402022e+06 -3.739104376023192e+00 
 3.162277660168386e+06 -3.739095280454640e+00 
 3.311311214825918e+06 -3.739085307440235e+00 
 3.467368504525324e+06 -3.739074372306481e+00 
 3.630780547701022e+06 -3.739062382203044e+00 
 3.801893963205622e+06 -3.739049235424185e+00 
 3.981071705534983e+06 -3.739034820369275e+00 
 4.168693834703365e+06 -3.739019014705216e+00 
 4.365158322401672e+06 -3.739001684274683e+00 
 4.570881896148764e+06 -3.738982681999614e+00 
 4.786300923226397e+06 -3.738961846661435e+00 
 5.011872336272738e+06 -3.738939001398371e+00 
 5.248074602497743e+06 -3.738913952396856e+00 
 5.495408738576263e+06 -3.738886487058642e+00 
 5.754399373371588e+06 -3.738856372335433e+00 
 6.025595860743597e+06 -3.738823352768145e+00 
 6.309573444801954e+06 -3.738787148159635e+00 
 6.606934480075982e+06 -3.738747451351438e+00 
 6.918309709189389e+06 -3.738703925595950e+00 
 7.244359600749927e+06 -3.738656201678507e+00 
 7.585775750291865e+06 -3.738603874751989e+00 
 7.943282347242844e+06 -3.738546501020518e+00 
 8.317637711026741e+06 -3.738483593931368e+00 
 8.709635899560839e+06 -3.738414619979494e+00 
 9.120108393559132e+06 -3.738338994361579e+00 
 9.549925860214395e+06 -3.738256075831448e+00 
 1.000000000000004e+07 -3.738165161529721e+00 
 1.047128548050904e+07 -3.738065480820061e+00 
 1.096478196143189e+07 -3.737956188923999e+00 
 1.148153621496888e+07 -3.737836359730658e+00 
 1.202264434617418e+07 -3.737704978020969e+00 
 1.258925411794173e+07 -3.737560930987830e+00 
 1.318256738556413e+07 -3.737402998710838e+00 
 1.380384264602891e+07 -3.737229844023991e+00 
 1.445439770745934e+07 -3.737040001286253e+00 
 1.513561248436215e+07 -3.736831863922692e+00 
 1.584893192461121e+07 -3.736603671274056e+00 
 1.659586907437568e+07 -3.736353493548267e+00 
 1.737800828749384e+07 -3.736079215772441e+00 
 1.819700858609992e+07 -3.735778520304956e+00 
 1.905460717963257e+07 -3.735448867226273e+00 
 1.995262314968890e+07 -3.735087473580694e+00 
 2.089296130854050e+07 -3.734691289841952e+00 
 2.187761623949564e+07 -3.734256975075798e+00 
 2.290867652767785e+07 -3.733780868995286e+00 
 2.398832919019503e+07 -3.733258961971901e+00 
 2.511886431509594e+07 -3.732686862032327e+00 
 2.630267991895396e+07 -3.732059758881636e+00 
 2.754228703338182e+07 -3.731372384623374e+00 
 2.884031503126622e+07 -3.730618970922097e+00 
 3.019951720402033e+07 -3.729793202186221e+00 
 3.162277660168397e+07 -3.728888164921004e+00 
 3.311311214825930e+07 -3.727896291965335e+00 
 3.467368504525337e+07 -3.726809302327723e+00 
 3.630780547701035e+07 -3.725618135549740e+00 
 3.801893963205635e+07 -3.724312880234091e+00 
 3.981071705534997e+07 -3.722882696813130e+00 
 4.168693834703380e+07 -3.721315733406587e+00 
 4.365158322401687e+07 -3.719599034935801e+00 
 4.570881896148779e+07 -3.717718444604299e+00 
 4.786300923226414e+07 -3.715658497589496e+00 
 5.011872336272755e+07 -3.713402306244630e+00 
 5.248074602497760e+07 -3.710931436551400e+00 
 5.495408738576282e+07 -3.708225775227445e+00 
 5.754399373371608e+07 -3.705263387305267e+00 
 6.025595860743618e+07 -3.702020363669438e+00 
 6.309573444801975e+07 -3.698470658357444e+00 
 6.606934480076005e+07 -3.694585915664657e+00 
 6.918309709189413e+07 -3.690335286556823e+00 
 7.244359600749952e+07 -3.685685235292282e+00 
 7.585775750291891e+07 -3.680599335988288e+00 
 7.943282347242872e+07 -3.675038059914646e+00 
 8.317637711026771e+07 -3.668958554726711e+00 
 8.709635899560872e+07 -3.662314417058127e+00 
 9.120108393559167e+07 -3.655055459739050e+00 
 9.549925860214433e+07 -3.647127476685703e+00 
 1.000000000000008e+08 -3.638472008346195e+00 
 1.047128548050908e+08 -3.629026111175152e+00 
 1.096478196143194e+08 -3.618722136645077e+00 
 1.148153621496892e+08 -3.607487524513897e+00 
 1.202264434617423e+08 -3.595244618228791e+00 
 1.258925411794178e+08 -3.581910509722765e+00 
 1.318256738556418e+08 -3.567396923683765e+00 
 1.380384264602897e+08 -3.551610151980614e+00 
 1.445439770745940e+08 -3.534451050807722e+00 
 1.513561248436221e+08 -3.515815114821609e+00 
 1.584893192461127e+08 -3.495592643648760e+00 
 1.659586907437575e+08 -3.473669018182216e+00 
 1.737800828749391e+08 -3.449925104839414e+00 
 1.819700858610000e+08 -3.424237807551007e+00 
 1.905460717963264e+08 -3.396480786760155e+00 
 1.995262314968898e+08 -3.366525366099354e+00 
 2.089296130854059e+08 -3.334241644395572e+00 
 2.187761623949573e+08 -3.299499831288390e+00 
 2.290867652767794e+08 -3.262171818799948e+00 
 2.398832919019513e+08 -3.222132999067103e+00 
 2.511886431509604e+08 -3.179264330434859e+00 
 2.630267991895407e+08 -3.133454647341572e+00 
 2.754228703338193e+08 -3.084603199323745e+00 
 2.884031503126634e+08 -3.032622393263885e+00 
 3.019951720402046e+08 -2.977440700523357e+00 
 3.162277660168411e+08 -2.919005676880777e+00 
 3.311311214825944e+08 -2.857287028981200e+00 
 3.467368504525352e+08 -2.792279647415772e+00 
 3.630780547701051e+08 -2.724006513865800e+00 
 3.801893963205651e+08 -2.652521379780998e+00 
 3.981071705535014e+08 -2.577911106809884e+00 
 4.168693834703397e+08 -2.500297557638957e+00 
 4.365158322401705e+08 -2.419838928248108e+00 
 4.570881896148798e+08 -2.336730422353499e+00 
 4.786300923226434e+08 -2.251204184545525e+00 
 5.011872336272776e+08 -2.163528430425830e+00 
 5.248074602497782e+08 -2.074005740289544e+00 
 5.495408738576305e+08 -1.982970514784099e+00 
 5.754399373371632e+08 -1.890785626798327e+00 
 6.025595860743644e+08 -1.797838339578119e+00 
 6.309573444802003e+08 -1.704535596297629e+00 
 6.606934480076034e+08 -1.611298817257690e+00 
 6.918309709189442e+08 -1.518558366413553e+00 
 7.244359600749983e+08 -1.426747866637935e+00 
 7.585775750291924e+08 -1.336298551938077e+00 
 7.943282347242906e+08 -1.247633844086080e+00 
 8.317637711026806e+08 -1.161164330828198e+00 
 8.709635899560907e+08 -1.077283303664838e+00 
 9.120108393559203e+08 -9.963629867446661e-01 
 9.549925860214471e+08 -9.187515562422838e-01 
 1.000000000000012e+09 -8.447710141455400e-01 
 1.047128548050912e+09 -7.747159437992980e-01 
 1.096478196143198e+09 -7.088531391515429e-01 
 1.148153621496897e+09 -6.474220672624037e-01 
 1.202264434617427e+09 -5.906360960094560e-01 
 1.258925411794183e+09 -5.386843968480556e-01 
 1.318256738556423e+09 -4.917344168355086e-01 
 1.380384264602902e+09 -4.499348045852870e-01 
 1.445439770745945e+09 -4.134186712546346e-01 
 1.513561248436227e+09 -3.823070691747870e-01 
 1.584893192461133e+09 -3.567125764790526e-01 
 1.659586907437582e+09 -3.367428847379653e-01 
 1.737800828749398e+09 -3.225042974151741e-01 
 1.819700858610007e+09 -3.141050585933044e-01 
 1.905460717963272e+09 -3.116584432566105e-01 
 1.995262314968905e+09 -3.152855516048406e-01 
 2.089296130854067e+09 -3.251177601731015e-01 
 2.187761623949581e+09 -3.412987913028046e-01 
 2.290867652767803e+09 -3.639863702432852e-01 
 2.398832919019522e+09 -3.933534453619598e-01 
 2.511886431509614e+09 -4.295889522521680e-01 
 2.630267991895417e+09 -4.728981070850388e-01 
 2.754228703338203e+09 -5.235022188072518e-01 
 2.884031503126645e+09 -5.816380140750281e-01 
 3.019951720402058e+09 -6.475564735912853e-01 
 3.162277660168423e+09 -7.215211841536131e-01 
 3.311311214825957e+09 -8.038062173227711e-01 
 3.467368504525365e+09 -8.946935535354252e-01 
 3.630780547701065e+09 -9.944700795786436e-01 
 3.801893963205667e+09 -1.103424197475392e+00 
 3.981071705535030e+09 -1.221842093711365e+00 
 4.168693834703414e+09 -1.350003728866404e+00 
 4.365158322401723e+09 -1.488178618384841e+00 
 4.570881896148817e+09 -1.636621484850329e+00 
 4.786300923226454e+09 -1.795567869783748e+00 
 5.011872336272797e+09 -1.965229798098075e+00 
 5.248074602497804e+09 -2.145791590179219e+00 
 5.495408738576327e+09 -2.337405914878843e+00 
 5.754399373371655e+09 -2.540190171259100e+00 
 6.025595860743669e+09 -2.754223278032433e+00 
 6.309573444802029e+09 -2.979542937794682e+00 
 6.606934480076061e+09 -3.216143429175400e+00 
 6.918309709189471e+09 -3.463973964968858e+00 
 7.244359600750012e+09 -3.722937639302451e+00 
 7.585775750291955e+09 -3.992890972971570e+00 
 7.943282347242938e+09 -4.273644054167675e+00 
 8.317637711026839e+09 -4.564961262462509e+00 
 8.709635899560942e+09 -4.866562557313657e+00 
 9.120108393559240e+09 -5.178125308243048e+00 
 9.549925860214510e+09 -5.499286641606523e+00 
 1.000000000000016e+10 -5.829646277553628e+00 
 1.047128548050916e+10 -6.168769829333232e+00 
 1.096478196143202e+10 -6.516192534421932e+00 
 1.148153621496901e+10 -6.871423382217133e+00 
 1.202264434617432e+10 -7.233949595721069e+00 
 1.258925411794188e+10 -7.603241414728519e+00 
 1.318256738556429e+10 -7.978757115993700e+00 
 1.380384264602907e+10 -8.359948192682040e+00 
 1.445439770745951e+10 -8.746264602444786e+00 
 1.513561248436233e+10 -9.137159982260517e+00 
 1.584893192461140e+10 -9.532096720331149e+00 
 1.659586907437588e+10 -9.930550772151090e+00 
 1.737800828749405e+10 -1.033201611033382e+01 
 1.819700858610014e+10 -1.073600870628191e+01 
 1.905460717963279e+10 -1.114206995611796e+01 
 1.995262314968913e+10 -1.154976948265503e+01 
 2.089296130854075e+10 -1.195870726828020e+01 
 2.187761623949590e+10 -1.236851509881531e+01 
 2.290867652767812e+10 -1.277885732391625e+01 
 2.398832919019532e+10 -1.318943096363548e+01 
 2.511886431509623e+10 -1.359996521188711e+01 
 2.630267991895427e+10 -1.401022040456592e+01 
 2.754228703338214e+10 -1.441998653227152e+01 
 2.884031503126656e+10 -1.482908138473004e+01 
 3.019951720402069e+10 -1.523734841627642e+01 
 3.162277660168435e+10 -1.564465441970774e+01 
 3.311311214825969e+10 -1.605088709024760e+01 
 3.467368504525378e+10 -1.645595255322371e+01 
 3.630780547701078e+10 -1.685977291934298e+01 
 3.801893963205680e+10 -1.726228392107864e+01 
 3.981071705535044e+10 -1.766343267345825e+01 
 4.168693834703429e+10 -1.806317559307691e+01 
 4.365158322401739e+10 -1.846147650087324e+01 
 4.570881896148833e+10 -1.885830492731123e+01 
 4.786300923226471e+10 -1.925363463314515e+01 
 5.011872336272815e+10 -1.964744235479238e+01 
 5.248074602497823e+10 -2.003970678027617e+01 
 5.495408738576347e+10 -2.043040775943507e+01 
 5.754399373371677e+10 -2.081952575030177e+01 
 6.025595860743690e+10 -2.120704150190916e+01 
 6.309573444802052e+10 -2.159293597198689e+01 
 6.606934480076085e+10 -2.197719047581095e+01 
 6.918309709189496e+10 -2.235978705965969e+01 
 7.244359600750038e+10 -2.274070908876741e+01 
 7.585775750291982e+10 -2.311994203527215e+01 
 7.943282347242966e+10 -2.349747444641718e+01 
 8.317637711026869e+10 -2.387329906725373e+01 
 8.709635899560974e+10 -2.424741408546140e+01 
 9.120108393559274e+10 -2.461982445890470e+01 
 9.549925860214545e+10 -2.499054327954014e+01 
 1.000000000000020e+11 -2.535959312074343e+01 
