 1.000000000000000e+06 -7.906166169676148e+00 
 1.047128548050900e+06 -7.906162044660484e+00 
 1.096478196143185e+06 -7.906157521796712e+00 
 1.148153621496883e+06 -7.906152562494627e+00 
 1.202264434617413e+06 -7.906147124762837e+00 
 1.258925411794168e+06 -7.906141162482157e+00 
 1.318256738556408e+06 -7.906134624913185e+00 
 1.380384264602886e+06 -7.906127456602640e+00 
 1.445439770745928e+06 -7.906119596778138e+00 
 1.513561248436209e+06 -7.906110978697569e+00 
 1.584893192461115e+06 -7.906101529183777e+00 
 1.659586907437562e+06 -7.906091168037451e+00 
 1.737800828749377e+06 -7.906079807222325e+00 
 1.819700858609986e+06 -7.906067350454792e+00 
 1.905460717963250e+06 -7.906053692016535e+00 
 1.995262314968882e+06 -7.906038715823957e+00 
 2.089296130854042e+06 -7.906022294847787e+00 
 2.187761623949556e+06 -7.906004289699139e+00 
 2.290867652767777e+06 -7.905984547648826e+00 
 2.398832919019494e+06 -7.905962901029247e+00 
 2.511886431509584e+06 -7.905939166216340e+00 
 2.630267991895386e+06 -7.905913141736095e+00 
 2.754228703338171e+06 -7.905884606724563e+00 
 2.884031503126611e+06 -7.905853318988347e+00 
 3.019951720402022e+06 -7.905819013153357e+00 
 3.162277660168386e+06 -7.905781397978021e+00 
 3.311311214825918e+06 -7.905740154356372e+00 
 3.467368504525324e+06 -7.905694932345003e+00 
 3.630780547701022e+06 -7.905645348164784e+00 
 3.801893963205622e+06 -7.905590981253230e+00 
 3.981071705534983e+06 -7.905531370366187e+00 
 4.168693834703365e+06 -7.905466009740060e+00 
 4.365158322401672e+06 -7.905394345012844e+00 
 4.570881896148764e+06 -7.905315768230350e+00 
 4.786300923226397e+06 -7.905229613140405e+00 
 5.011872336272738e+06 -7.905135148919080e+00 
 5.248074602497743e+06 -7.905031574665307e+00 
 5.495408738576263e+06 -7.904918012128194e+00 
 5.754399373371588e+06 -7.904793498524044e+00 
 6.025595860743597e+06 -7.904656978508297e+00 
 6.309573444801954e+06 -7.904507294899721e+00 
 6.606934480075982e+06 -7.904343179223710e+00 
 6.918309709189389e+06 -7.904163241020731e+00 
 7.244359600749927e+06 -7.903965956033488e+00 
 7.585775750291865e+06 -7.903749653243048e+00 
 7.943282347242844e+06 -7.903512501051653e+00 
 8.317637711026741e+06 -7.903252492027346e+00 
 8.709635899560839e+06 -7.902967425414662e+00 
 9.120108393559132e+06 -7.902654889488049e+00 
 9.549925860214395e+06 -7.902312240580801e+00 
 1.000000000000004e+07 -7.901936581712290e+00 
 1.047128548050904e+07 -7.901524737786943e+00 
 1.096478196143189e+07 -7.901073229418908e+00 
 1.148153621496888e+07 -7.900578243899909e+00 
 1.202264434617418e+07 -7.900035603485584e+00 
 1.258925411794173e+07 -7.899440730788017e+00 
 1.318256738556413e+07 -7.898788610940599e+00 
 1.380384264602891e+07 -7.898073750046414e+00 
 1.445439770745934e+07 -7.897290130233961e+00 
 1.513561248436215e+07 -7.896431159813222e+00 
 1.584893192461121e+07 -7.895489620109551e+00 
 1.659586907437568e+07 -7.894457605877642e+00 
 1.737800828749384e+07 -7.893326461452904e+00 
 1.819700858609992e+07 -7.892086711055908e+00 
 1.905460717963257e+07 -7.890727982073623e+00 
 1.995262314968890e+07 -7.889238922679988e+00 
 2.089296130854050e+07 -7.887607111090960e+00 
 2.187761623949564e+07 -7.885818957789742e+00 
 2.290867652767785e+07 -7.883859598663049e+00 
 2.398832919019503e+07 -7.881712779629182e+00 
 2.511886431509594e+07 -7.879360731086722e+00 
 2.630267991895396e+07 -7.876784032160737e+00 
 2.754228703338182e+07 -7.873961464112371e+00 
 2.884031503126622e+07 -7.870869851649253e+00 
 3.019951720402033e+07 -7.867483892143915e+00 
 3.162277660168397e+07 -7.863775971961951e+00 
 3.311311214825930e+07 -7.859715968818061e+00 
 3.467368504525337e+07 -7.855271040330472e+00 
 3.630780547701035e+07 -7.850405398339334e+00 
 3.801893963205635e+07 -7.845080067244613e+00 
 3.981071705534997e+07 -7.839252628974011e+00 
 4.168693834703380e+07 -7.832876951609053e+00 
 4.365158322401687e+07 -7.825902904621005e+00 
 4.570881896148779e+07 -7.818276058949028e+00 
 4.786300923226414e+07 -7.809937375627154e+00 
 5.011872336272755e+07 -7.800822882073931e+00 
 5.248074602497760e+07 -7.790863339799871e+00 
 5.495408738576282e+07 -7.779983906012808e+00 
 5.754399373371608e+07 -7.768103792317209e+00 
 6.025595860743618e+07 -7.755135926094101e+00 
 6.309573444801975e+07 -7.740986619233609e+00 
 6.606934480076005e+07 -7.725555252456217e+00 
 6.918309709189413e+07 -7.708733982406767e+00 
 7.244359600749952e+07 -7.690407483139115e+00 
 7.585775750291891e+07 -7.670452731968823e+00 
 7.943282347242872e+07 -7.648738854548602e+00 
 8.317637711026771e+07 -7.625127044326492e+00 
 8.709635899560872e+07 -7.599470574431235e+00 
 9.120108393559167e+07 -7.571614920097741e+00 
 9.549925860214433e+07 -7.541398014909414e+00 
 1.000000000000008e+08 -7.508650662299219e+00 
 1.047128548050908e+08 -7.473197127181584e+00 
 1.096478196143194e+08 -7.434855933301333e+00 
 1.148153621496892e+08 -7.393440889219658e+00 
 1.202264434617423e+08 -7.348762369873857e+00 
 1.258925411794178e+08 -7.300628872371372e+00 
 1.318256738556418e+08 -7.248848866463700e+00 
 1.380384264602897e+08 -7.193232952004619e+00 
 1.445439770745940e+08 -7.133596329081636e+00 
 1.513561248436221e+08 -7.069761578904028e+00 
 1.584893192461127e+08 -7.001561741275490e+00 
 1.659586907437575e+08 -6.928843663163776e+00 
 1.737800828749391e+08 -6.851471578071548e+00 
 1.819700858610000e+08 -6.769330861620464e+00 
 1.905460717963264e+08 -6.682331892076368e+00 
 1.995262314968898e+08 -6.590413931306538e+00 
 2.089296130854059e+08 -6.493548924901493e+00 
 2.187761623949573e+08 -6.391745111672664e+00 
 2.290867652767794e+08 -6.285050321454959e+00 
 2.398832919019513e+08 -6.173554838166133e+00 
 2.511886431509604e+08 -6.057393704444643e+00 
 2.630267991895407e+08 -5.936748351607206e+00 
 2.754228703338193e+08 -5.811847450806154e+00 
 2.884031503126634e+08 -5.682966899244002e+00 
 3.019951720402046e+08 -5.550428878937087e+00 
 3.162277660168411e+08 -5.414599953391735e+00 
 3.311311214825944e+08 -5.275888198280335e+00 
 3.467368504525352e+08 -5.134739395118117e+00 
 3.630780547701051e+08 -4.991632349959151e+00 
 3.801893963205651e+08 -4.847073430635334e+00 
 3.981071705535014e+08 -4.701590444954009e+00 
 4.168693834703397e+08 -4.555726006929540e+00 
 4.365158322401705e+08 -4.410030557376607e+00 
 4.570881896148798e+08 -4.265055218567166e+00 
 4.786300923226434e+08 -4.121344669170273e+00 
 5.011872336272776e+08 -3.979430225340538e+00 
 5.248074602497782e+08 -3.839823306429285e+00 
 5.495408738576305e+08 -3.703009449986447e+00 
 5.754399373371632e+08 -3.569443020543657e+00 
 6.025595860743644e+08 -3.439542731814987e+00 
 6.309573444802003e+08 -3.313688072456292e+00 
 6.606934480076034e+08 -3.192216694098055e+00 
 6.918309709189442e+08 -3.075422787169873e+00 
 7.244359600749983e+08 -2.963556437505441e+00 
 7.585775750291924e+08 -2.856823926162495e+00 
 7.943282347242906e+08 -2.755388907616707e+00 
 8.317637711026806e+08 -2.659374378674511e+00 
 8.709635899560907e+08 -2.568865332886375e+00 
 9.120108393559203e+08 -2.483911983720941e+00 
 9.549925860214471e+08 -2.404533433725386e+00 
 1.000000000000012e+09 -2.330721666624201e+00 
 1.047128548050912e+09 -2.262445743884136e+00 
 1.096478196143198e+09 -2.199656095953111e+00 
 1.148153621496897e+09 -2.142288810128965e+00 
 1.202264434617427e+09 -2.090269830798238e+00 
 1.258925411794183e+09 -2.043519002587656e+00 
 1.318256738556423e+09 -2.001953902043586e+00 
 1.380384264602902e+09 -1.965493417601225e+00 
 1.445439770745945e+09 -1.934061050654825e+00 
 1.513561248436227e+09 -1.907587921955759e+00 
 1.584893192461133e+09 -1.886015476898229e+00 
 1.659586907437582e+09 -1.869297890528475e+00 
 1.737800828749398e+09 -1.857404178430219e+00 
 1.819700858610007e+09 -1.850320023000205e+00 
 1.905460717963272e+09 -1.848049326073496e+00 
 1.995262314968905e+09 -1.850615499011816e+00 
 2.089296130854067e+09 -1.858062500077221e+00 
 2.187761623949581e+09 -1.870455626602402e+00 
 2.290867652767803e+09 -1.887882066574286e+00 
 2.398832919019522e+09 -1.910451210728525e+00 
 2.511886431509614e+09 -1.938294722643469e+00 
 2.630267991895417e+09 -1.971566360782523e+00 
 2.754228703338203e+09 -2.010441543269141e+00 
 2.884031503126645e+09 -2.055116643596266e+00 
 3.019951720402058e+09 -2.105808003843199e+00 
 3.162277660168423e+09 -2.162750651487188e+00 
 3.311311214825957e+09 -2.226196706772421e+00 
 3.467368504525365e+09 -2.296413470090489e+00 
 3.630780547701065e+09 -2.373681183072637e+00 
 3.801893963205667e+09 -2.458290463133205e+00 
 3.981071705535030e+09 -2.550539419034993e+00 
 4.168693834703414e+09 -2.650730464567304e+00 
 4.365158322401723e+09 -2.759166858226066e+00 
 4.570881896148817e+09 -2.876149008562970e+00 
 4.786300923226454e+09 -3.001970596890021e+00 
 5.011872336272797e+09 -3.136914580661527e+00 
 5.248074602497804e+09 -3.281249151178587e+00 
 5.495408738576327e+09 -3.435223727498808e+00 
 5.754399373371655e+09 -3.599065073648068e+00 
 6.025595860743669e+09 -3.772973627785339e+00 
 6.309573444802029e+09 -3.957120129344300e+00 
 6.606934480076061e+09 -4.151642623137874e+00 
 6.918309709189471e+09 -4.356643908146855e+00 
 7.244359600750012e+09 -4.572189483732645e+00 
 7.585775750291955e+09 -4.798306028190015e+00 
 7.943282347242938e+09 -5.034980425118681e+00 
 8.317637711026839e+09 -5.282159333381408e+00 
 8.709635899560942e+09 -5.539749277947151e+00 
 9.120108393559240e+09 -5.807617223030146e+00 
 9.549925860214510e+09 -6.085591576828401e+00 
 1.000000000000016e+10 -6.373463569610798e+00 
 1.047128548050916e+10 -6.670988944321405e+00 
 1.096478196143202e+10 -6.977889901104568e+00 
 1.148153621496901e+10 -7.293857243660896e+00 
 1.202264434617432e+10 -7.618552685091313e+00 
 1.258925411794188e+10 -7.951611282574139e+00 
 1.318256738556429e+10 -8.292643982327185e+00 
 1.380384264602907e+10 -8.641240267330028e+00 
 1.445439770745951e+10 -8.996970908804363e+00 
 1.513561248436233e+10 -9.359390827382773e+00 
 1.584893192461140e+10 -9.728042070533258e+00 
 1.659586907437588e+10 -1.010245690894979e+01 
 1.737800828749405e+10 -1.048216104660123e+01 
 1.819700858610014e+10 -1.086667692778272e+01 
 1.905460717963279e+10 -1.125552711109983e+01 
 1.995262314968913e+10 -1.164823766637722e+01 
 2.089296130854075e+10 -1.204434153767775e+01 
 2.187761623949590e+10 -1.244338180551511e+01 
 2.290867652767812e+10 -1.284491477524900e+01 
 2.398832919019532e+10 -1.324851281744827e+01 
 2.511886431509623e+10 -1.365376689005638e+01 
 2.630267991895427e+10 -1.406028868131152e+01 
 2.754228703338214e+10 -1.446771232586266e+01 
 2.884031503126656e+10 -1.487569566328130e+01 
 3.019951720402069e+10 -1.528392102683333e+01 
 3.162277660168435e+10 -1.569209556948817e+01 
 3.311311214825969e+10 -1.609995115231499e+01 
 3.467368504525378e+10 -1.650724383646289e+01 
 3.630780547701078e+10 -1.691375303295963e+01 
 3.801893963205680e+10 -1.731928037405196e+01 
 3.981071705535044e+10 -1.772364837555851e+01 
 4.168693834703429e+10 -1.812669896182625e+01 
 4.365158322401739e+10 -1.852829192372884e+01 
 4.570881896148833e+10 -1.892830337623193e+01 
 4.786300923226471e+10 -1.932662427596768e+01 
 5.011872336272815e+10 -1.972315905160421e+01 
 5.248074602497823e+10 -2.011782439110427e+01 
 5.495408738576347e+10 -2.051054822069191e+01 
 5.754399373371677e+10 -2.090126890082076e+01 
 6.025595860743690e+10 -2.128993465488476e+01 
 6.309573444802052e+10 -2.167650323695372e+01 
 6.606934480076085e+10 -2.206094183549859e+01 
 6.918309709189496e+10 -2.244322720089917e+01 
 7.244359600750038e+10 -2.282334597550463e+01 
 7.585775750291982e+10 -2.320129519618093e+01 
 7.943282347242966e+10 -2.357708293074087e+01 
 8.317637711026869e+10 -2.395072900161981e+01 
 8.709635899560974e+10 -2.432226574295813e+01 
 9.120108393559274e+10 -2.469173873131989e+01 
 9.549925860214545e+10 -2.505920742614862e+01 
 1.000000000000020e+11 -2.542474565432602e+01 
