 5.000000000000000e-08 -7.851048163155294e-03 
 5.010000000000000e-08 -1.145972582817589e-02 
 5.020000000000000e-08 -1.500513694652361e-02 
 5.030000000000000e-08 -1.850498817146318e-02 
 5.040000000000000e-08 -2.193164101056255e-02 
 5.050000000000000e-08 -2.527144980956786e-02 
 5.060000000000000e-08 -2.851136781797647e-02 
 5.070000000000000e-08 -3.163847852528101e-02 
 5.080000000000000e-08 -3.464057603436821e-02 
 5.090000000000001e-08 -3.750573529003876e-02 
 5.100000000000001e-08 -4.022275393865682e-02 
 5.110000000000001e-08 -4.278089040398370e-02 
 5.120000000000001e-08 -4.517012178392110e-02 
 5.130000000000001e-08 -4.738104482726158e-02 
 5.140000000000001e-08 -4.940498034988283e-02 
 5.150000000000001e-08 -5.123399321571198e-02 
 5.160000000000001e-08 -5.286089027334473e-02 
 5.170000000000001e-08 -5.427931286740528e-02 
 5.180000000000001e-08 -5.548367029673695e-02 
 5.190000000000001e-08 -5.646926758499049e-02 
 5.200000000000002e-08 -5.723220576658994e-02 
 5.210000000000002e-08 -5.776951874497316e-02 
 5.220000000000002e-08 -5.807906126167195e-02 
 5.230000000000002e-08 -5.815963821073789e-02 
 5.240000000000002e-08 -5.801089285643490e-02 
 5.250000000000002e-08 -5.763341909809094e-02 
 5.260000000000002e-08 -5.702865655111622e-02 
 5.270000000000002e-08 -5.619898117593247e-02 
 5.280000000000002e-08 -5.514760988455558e-02 
 5.290000000000002e-08 -5.387866814246811e-02 
 5.300000000000002e-08 -5.239710432367861e-02 
 5.310000000000003e-08 -5.070873482582128e-02 
 5.320000000000003e-08 -4.882016705532011e-02 
 5.330000000000003e-08 -4.673882362982296e-02 
 5.340000000000003e-08 -4.447287230263486e-02 
 5.350000000000003e-08 -4.203123142340370e-02 
 5.360000000000003e-08 -3.942350493232061e-02 
 5.370000000000003e-08 -3.665997147222444e-02 
 5.380000000000003e-08 -3.375152277280602e-02 
 5.390000000000003e-08 -3.070963884404287e-02 
 5.400000000000003e-08 -2.754632841563764e-02 
 5.410000000000003e-08 -2.427409261023894e-02 
 5.420000000000004e-08 -2.090586646978476e-02 
 5.430000000000004e-08 -1.745497342517743e-02 
 5.440000000000004e-08 -1.393506739288863e-02 
 5.450000000000004e-08 -1.036008022377355e-02 
 5.460000000000004e-08 -6.744164200077840e-03 
 5.470000000000004e-08 -3.101634565061406e-03 
 5.480000000000004e-08  5.530874333381508e-04 
 5.490000000000004e-08  4.205534997330229e-03 
 5.500000000000004e-08  7.841236820295805e-03 
 5.510000000000004e-08  1.144588627063436e-02 
 5.520000000000004e-08  1.500513694114658e-02 
 5.530000000000005e-08  1.850498817100976e-02 
 5.540000000000005e-08  2.193164100761247e-02 
 5.550000000000005e-08  2.527144980509188e-02 
 5.560000000000005e-08  2.851136781324204e-02 
 5.570000000000005e-08  3.163847852251500e-02 
 5.580000000000005e-08  3.464057603433068e-02 
 5.590000000000005e-08  3.750573529022172e-02 
 5.600000000000005e-08  4.022275393582819e-02 
 5.610000000000005e-08  4.278089040028066e-02 
 5.620000000000005e-08  4.517012177954527e-02 
 5.630000000000005e-08  4.738104482418115e-02 
 5.640000000000006e-08  4.940498034445784e-02 
 5.650000000000006e-08  5.123399321368738e-02 
 5.660000000000006e-08  5.286089027175200e-02 
 5.670000000000006e-08  5.427931286933396e-02 
 5.680000000000006e-08  5.548367029581769e-02 
 5.690000000000006e-08  5.646926758583626e-02 
 5.700000000000006e-08  5.723220576126220e-02 
 5.710000000000006e-08  5.776951873890135e-02 
 5.720000000000006e-08  5.807906124960605e-02 
 5.730000000000006e-08  5.815963820140024e-02 
 5.740000000000006e-08  5.801089284541616e-02 
 5.750000000000006e-08  5.763341909506581e-02 
 5.760000000000007e-08  5.702865654766498e-02 
 5.770000000000007e-08  5.619898117722055e-02 
 5.780000000000007e-08  5.514760988312850e-02 
 5.790000000000007e-08  5.387866814630771e-02 
 5.800000000000007e-08  5.239710432427191e-02 
 5.810000000000007e-08  5.070873482820382e-02 
 5.820000000000007e-08  4.882016705073622e-02 
 5.830000000000007e-08  4.673882362564474e-02 
 5.840000000000007e-08  4.447287229262908e-02 
 5.850000000000007e-08  4.203123141730281e-02 
 5.860000000000007e-08  3.942350492364288e-02 
 5.870000000000008e-08  3.665997146711542e-02 
 5.880000000000008e-08  3.375152276272764e-02 
 5.890000000000008e-08  3.070963883793221e-02 
 5.900000000000008e-08  2.754632840685689e-02 
 5.910000000000008e-08  2.427409260348257e-02 
 5.920000000000008e-08  2.090586645922921e-02 
 5.930000000000008e-08  1.745497342089219e-02 
 5.940000000000008e-08  1.393506738681083e-02 
 5.950000000000008e-08  1.036008022135571e-02 
 5.960000000000008e-08  6.744164195377822e-03 
 5.970000000000008e-08  3.101634562449052e-03 
 5.980000000000007e-08 -5.530874426149524e-04 
 5.990000000000007e-08 -4.205535003832139e-03 
 6.000000000000006e-08 -7.841236828328713e-03 
 6.010000000000006e-08 -1.144588627596277e-02 
 6.020000000000005e-08 -1.500513694629046e-02 
 6.030000000000004e-08 -1.850498816991442e-02 
 6.040000000000004e-08 -2.193164101071021e-02 
 6.050000000000003e-08 -2.527144980419305e-02 
 6.060000000000003e-08 -2.851136781744024e-02 
 6.070000000000002e-08 -3.163847851968460e-02 
 6.080000000000002e-08 -3.464057603717507e-02 
 6.090000000000001e-08 -3.750573528921808e-02 
 6.100000000000000e-08 -4.022275394206520e-02 
 6.110000000000000e-08 -4.278089040214472e-02 
 6.119999999999999e-08 -4.517012178508173e-02 
 6.129999999999999e-08 -4.738104482369332e-02 
 6.139999999999998e-08 -4.940498034764951e-02 
 6.149999999999997e-08 -5.123399321092825e-02 
 6.159999999999997e-08 -5.286089027118401e-02 
 6.169999999999996e-08 -5.427931286535181e-02 
 6.179999999999996e-08 -5.548367029694146e-02 
 6.189999999999995e-08 -5.646926758619930e-02 
 6.199999999999995e-08 -5.723220576723209e-02 
 6.209999999999994e-08 -5.776951874336378e-02 
 6.219999999999993e-08 -5.807906125818119e-02 
 6.229999999999993e-08 -5.815963820699288e-02 
 6.239999999999992e-08 -5.801089285314731e-02 
 6.249999999999992e-08 -5.763341909621644e-02 
 6.259999999999991e-08 -5.702865654852962e-02 
 6.269999999999991e-08 -5.619898117330746e-02 
 6.279999999999990e-08 -5.514760987956846e-02 
 6.289999999999989e-08 -5.387866813920916e-02 
 6.299999999999989e-08 -5.239710432162314e-02 
 6.309999999999988e-08 -5.070873482613658e-02 
 6.319999999999988e-08 -4.882016705403625e-02 
 6.329999999999987e-08 -4.673882362933934e-02 
 6.339999999999987e-08 -4.447287230028429e-02 
 6.349999999999986e-08 -4.203123142226817e-02 
 6.359999999999985e-08 -3.942350493050739e-02 
 6.369999999999985e-08 -3.665997147339795e-02 
 6.379999999999984e-08 -3.375152277434545e-02 
 6.389999999999984e-08 -3.070963884726385e-02 
 6.399999999999983e-08 -2.754632841680293e-02 
 6.409999999999983e-08 -2.427409261112778e-02 
 6.419999999999982e-08 -2.090586646849601e-02 
 6.429999999999981e-08 -1.745497342654656e-02 
 6.439999999999981e-08 -1.393506739383210e-02 
 6.449999999999980e-08 -1.036008022374890e-02 
 6.459999999999980e-08 -6.744164197155289e-03 
 6.469999999999979e-08 -3.101634564504074e-03 
 6.479999999999979e-08  5.530874338117719e-04 
 6.489999999999978e-08  4.205534996375881e-03 
 6.499999999999977e-08  7.841236820137043e-03 
 6.509999999999977e-08  1.144588627275023e-02 
 6.519999999999976e-08  1.500513694137329e-02 
 6.529999999999976e-08  1.850498817092805e-02 
 6.539999999999975e-08  2.193164101203959e-02 
 6.549999999999975e-08  2.527144980403140e-02 
 6.559999999999974e-08  2.851136781563635e-02 
 6.569999999999973e-08  3.163847851807855e-02 
 6.579999999999973e-08  3.464057603277726e-02 
 6.589999999999972e-08  3.750573528472589e-02 
 6.599999999999972e-08  4.022275393683716e-02 
 6.609999999999971e-08  4.278089039856936e-02 
 6.619999999999971e-08  4.517012178082647e-02 
 6.629999999999970e-08  4.738104481926109e-02 
 6.639999999999969e-08  4.940498034104635e-02 
 6.649999999999969e-08  5.123399320624378e-02 
 6.659999999999968e-08  5.286089026654128e-02 
 6.669999999999968e-08  5.427931286153242e-02 
 6.679999999999967e-08  5.548367028971368e-02 
 6.689999999999967e-08  5.646926757945847e-02 
 6.699999999999966e-08  5.723220575777588e-02 
 6.709999999999965e-08  5.776951873504155e-02 
 6.719999999999965e-08  5.807906124941153e-02 
 6.729999999999964e-08  5.815963820205927e-02 
 6.739999999999964e-08  5.801089284779470e-02 
 6.749999999999963e-08  5.763341909528141e-02 
 6.759999999999963e-08  5.702865654727751e-02 
 6.769999999999962e-08  5.619898117637612e-02 
 6.779999999999961e-08  5.514760988350176e-02 
 6.789999999999961e-08  5.387866814529385e-02 
 6.799999999999960e-08  5.239710432415068e-02 
 6.809999999999960e-08  5.070873482793736e-02 
 6.819999999999959e-08  4.882016705171677e-02 
 6.829999999999959e-08  4.673882362642079e-02 
 6.839999999999958e-08  4.447287229432684e-02 
 6.849999999999957e-08  4.203123141842768e-02 
 6.859999999999957e-08  3.942350492516145e-02 
 6.869999999999956e-08  3.665997146845612e-02 
 6.879999999999956e-08  3.375152276560667e-02 
 6.889999999999955e-08  3.070963884200006e-02 
 6.899999999999955e-08  2.754632841244820e-02 
 6.909999999999954e-08  2.427409260741387e-02 
 6.919999999999953e-08  2.090586646086412e-02 
 6.929999999999953e-08  1.745497342000091e-02 
 6.939999999999952e-08  1.393506738565264e-02 
 6.949999999999952e-08  1.036008022016333e-02 
 6.959999999999951e-08  6.744164196279101e-03 
 6.969999999999951e-08  3.101634563875910e-03 
 6.979999999999950e-08 -5.530874407975173e-04 
 6.989999999999949e-08 -4.205535003719119e-03 
 6.999999999999949e-08 -7.841236827667686e-03 
 7.009999999999948e-08 -1.144588627762566e-02 
 7.019999999999948e-08 -1.500513694574979e-02 
 7.029999999999947e-08 -1.850498816964774e-02 
 7.039999999999947e-08 -2.193164101002298e-02 
 7.049999999999946e-08 -2.527144980047491e-02 
 7.059999999999945e-08 -2.851136781518959e-02 
 7.069999999999945e-08 -3.163847851731028e-02 
 7.079999999999944e-08 -3.464057603634307e-02 
 7.089999999999944e-08 -3.750573528572776e-02 
 7.099999999999943e-08 -4.022275394072183e-02 
 7.109999999999943e-08 -4.278089040084354e-02 
 7.119999999999942e-08 -4.517012178348123e-02 
 7.129999999999941e-08 -4.738104482093286e-02 
 7.139999999999941e-08 -4.940498034787755e-02 
 7.149999999999940e-08 -5.123399321047417e-02 
 7.159999999999940e-08 -5.286089027000762e-02 
 7.169999999999939e-08 -5.427931286415322e-02 
 7.179999999999939e-08 -5.548367029634438e-02 
 7.189999999999938e-08 -5.646926758463877e-02 
 7.199999999999937e-08 -5.723220576640098e-02 
 7.209999999999937e-08 -5.776951874474023e-02 
 7.219999999999936e-08 -5.807906125994999e-02 
 7.229999999999936e-08 -5.815963820830494e-02 
 7.239999999999935e-08 -5.801089285208061e-02 
 7.249999999999935e-08 -5.763341909409814e-02 
 7.259999999999934e-08 -5.702865654570677e-02 
 7.269999999999933e-08 -5.619898117175959e-02 
 7.279999999999933e-08 -5.514760987982648e-02 
 7.289999999999932e-08 -5.387866814135212e-02 
 7.299999999999932e-08 -5.239710432060374e-02 
 7.309999999999931e-08 -5.070873482267935e-02 
 7.319999999999931e-08 -4.882016704916703e-02 
 7.329999999999930e-08 -4.673882362529058e-02 
 7.339999999999929e-08 -4.447287229746011e-02 
 7.349999999999929e-08 -4.203123142082488e-02 
 7.359999999999928e-08 -3.942350492691027e-02 
 7.369999999999928e-08 -3.665997146821565e-02 
 7.379999999999927e-08 -3.375152276838334e-02 
 7.389999999999927e-08 -3.070963884350908e-02 
 7.399999999999926e-08 -2.754632841515803e-02 
 7.409999999999925e-08 -2.427409261198465e-02 
 7.419999999999925e-08 -2.090586646942882e-02 
 7.429999999999924e-08 -1.745497342636093e-02 
 7.439999999999924e-08 -1.393506739058581e-02 
 7.449999999999923e-08 -1.036008022202983e-02 
 7.459999999999923e-08 -6.744164195900071e-03 
 7.469999999999922e-08 -3.101634563967615e-03 
 7.479999999999921e-08  5.530874347101644e-04 
 7.489999999999921e-08  4.205534996189364e-03 
 7.499999999999920e-08  7.841236820216313e-03 
 7.509999999999920e-08  1.144588627492937e-02 
 7.519999999999919e-08  1.500513694411088e-02 
 7.529999999999919e-08  1.850498817157553e-02 
 7.539999999999918e-08  2.193164101304501e-02 
 7.549999999999917e-08  2.527144980496621e-02 
 7.559999999999917e-08  2.851136781866770e-02 
 7.569999999999916e-08  3.163847851928470e-02 
 7.579999999999916e-08  3.464057603663417e-02 
 7.589999999999915e-08  3.750573528707735e-02 
 7.599999999999915e-08  4.022275394059638e-02 
 7.609999999999914e-08  4.278089040041722e-02 
 7.619999999999913e-08  4.517012178335755e-02 
 7.629999999999913e-08  4.738104482054428e-02 
 7.639999999999912e-08  4.940498034270391e-02 
 7.649999999999912e-08  5.123399320712996e-02 
 7.659999999999911e-08  5.286089026943719e-02 
 7.669999999999911e-08  5.427931286510046e-02 
 7.679999999999910e-08  5.548367029561763e-02 
 7.689999999999909e-08  5.646926758394044e-02 
 7.699999999999909e-08  5.723220576205579e-02 
 7.709999999999908e-08  5.776951873765368e-02 
 7.719999999999908e-08  5.807906125077134e-02 
 7.729999999999907e-08  5.815963820172132e-02 
 7.739999999999907e-08  5.801089284814753e-02 
 7.749999999999906e-08  5.763341909531139e-02 
 7.759999999999905e-08  5.702865654681588e-02 
 7.769999999999905e-08  5.619898117359345e-02 
 7.779999999999904e-08  5.514760988135459e-02 
 7.789999999999904e-08  5.387866814324793e-02 
 7.799999999999903e-08  5.239710432220734e-02 
 7.809999999999903e-08  5.070873482570359e-02 
 7.819999999999902e-08  4.882016705051684e-02 
 7.829999999999901e-08  4.673882362557080e-02 
 7.839999999999901e-08  4.447287229285912e-02 
 7.849999999999900e-08  4.203123141555265e-02 
 7.859999999999900e-08  3.942350492280688e-02 
 7.869999999999899e-08  3.665997146642486e-02 
 7.879999999999899e-08  3.375152276347526e-02 
 7.889999999999898e-08  3.070963883992817e-02 
 7.899999999999897e-08  2.754632841121918e-02 
 7.909999999999897e-08  2.427409260648705e-02 
 7.919999999999896e-08  2.090586646185688e-02 
 7.929999999999896e-08  1.745497342276425e-02 
 7.939999999999895e-08  1.393506738883477e-02 
 7.949999999999895e-08  1.036008022284651e-02 
 7.959999999999894e-08  6.744164198251079e-03 
 7.969999999999893e-08  3.101634565473299e-03 
 7.979999999999893e-08 -5.530874373516070e-04 
 7.989999999999892e-08 -4.205534998579896e-03 
 7.999999999999892e-08 -7.841236822098363e-03 
 8.009999999999891e-08 -1.144588627450482e-02 
 8.019999999999890e-08 -1.500513694270067e-02 
 8.029999999999890e-08 -1.850498816765711e-02 
 8.039999999999889e-08 -2.193164100967082e-02 
 8.049999999999889e-08 -2.527144980085461e-02 
 8.059999999999888e-08 -2.851136781668395e-02 
 8.069999999999888e-08 -3.163847851876200e-02 
 8.079999999999887e-08 -3.464057603791959e-02 
 8.089999999999886e-08 -3.750573528649714e-02 
 8.099999999999886e-08 -4.022275394111219e-02 
 8.109999999999885e-08 -4.278089040073585e-02 
 8.119999999999885e-08 -4.517012178510948e-02 
 8.129999999999884e-08 -4.738104482388228e-02 
 8.139999999999884e-08 -4.940498034919449e-02 
 8.149999999999883e-08 -5.123399321045241e-02 
 8.159999999999882e-08 -5.286089027039642e-02 
 8.169999999999882e-08 -5.427931286426468e-02 
 8.179999999999881e-08 -5.548367029557433e-02 
 8.189999999999881e-08 -5.646926758497806e-02 
 8.199999999999880e-08 -5.723220576712351e-02 
 8.209999999999880e-08 -5.776951874441139e-02 
 8.219999999999879e-08 -5.807906125897944e-02 
 8.229999999999878e-08 -5.815963820725445e-02 
 8.239999999999878e-08 -5.801089285119043e-02 
 8.249999999999877e-08 -5.763341909440167e-02 
 8.259999999999877e-08 -5.702865654804290e-02 
 8.269999999999876e-08 -5.619898117654154e-02 
 8.279999999999876e-08 -5.514760988424183e-02 
 8.289999999999875e-08 -5.387866814483377e-02 
 8.299999999999874e-08 -5.239710432434497e-02 
 8.309999999999874e-08 -5.070873482875227e-02 
 8.319999999999873e-08 -4.882016705621361e-02 
 8.329999999999873e-08 -4.673882363157178e-02 
 8.339999999999872e-08 -4.447287230178754e-02 
 8.349999999999872e-08 -4.203123142491094e-02 
 8.359999999999871e-08 -3.942350493118685e-02 
 8.369999999999870e-08 -3.665997147245137e-02 
 8.379999999999870e-08 -3.375152277089111e-02 
 8.389999999999869e-08 -3.070963884566891e-02 
 8.399999999999869e-08 -2.754632841605087e-02 
 8.409999999999868e-08 -2.427409261182367e-02 
 8.419999999999868e-08 -2.090586646895010e-02 
 8.429999999999867e-08 -1.745497342698288e-02 
 8.439999999999866e-08 -1.393506739088646e-02 
 8.449999999999866e-08 -1.036008022234980e-02 
 8.459999999999865e-08 -6.744164196040847e-03 
 8.469999999999865e-08 -3.101634563048128e-03 
 8.479999999999864e-08  5.530874373818051e-04 
 8.489999999999864e-08  4.205535000157079e-03 
 8.499999999999863e-08  7.841236824178255e-03 
 8.509999999999862e-08  1.144588627587151e-02 
 8.519999999999862e-08  1.500513694183114e-02 
 8.529999999999861e-08  1.850498816871826e-02 
 8.539999999999861e-08  2.193164100988576e-02 
 8.549999999999860e-08  2.527144979924367e-02 
 8.559999999999860e-08  2.851136781342745e-02 
 8.569999999999859e-08  3.163847851622625e-02 
 8.579999999999858e-08  3.464057603662929e-02 
 8.589999999999858e-08  3.750573528643097e-02 
 8.599999999999857e-08  4.022275394045294e-02 
 8.609999999999857e-08  4.278089040086352e-02 
 8.619999999999856e-08  4.517012178505864e-02 
 8.629999999999856e-08  4.738104482279781e-02 
 8.639999999999855e-08  4.940498034560870e-02 
 8.649999999999854e-08  5.123399320876687e-02 
 8.659999999999854e-08  5.286089027108387e-02 
 8.669999999999853e-08  5.427931286585319e-02 
 8.679999999999853e-08  5.548367029500079e-02 
 8.689999999999852e-08  5.646926758247828e-02 
 8.699999999999852e-08  5.723220576285359e-02 
 8.709999999999851e-08  5.776951873951730e-02 
 8.719999999999850e-08  5.807906125213980e-02 
 8.729999999999850e-08  5.815963820104186e-02 
 8.739999999999849e-08  5.801089284678818e-02 
 8.749999999999849e-08  5.763341909396713e-02 
 8.759999999999848e-08  5.702865654580802e-02 
 8.769999999999848e-08  5.619898117267530e-02 
 8.779999999999847e-08  5.514760988122158e-02 
 8.789999999999846e-08  5.387866814456710e-02 
 8.799999999999846e-08  5.239710432524336e-02 
 8.809999999999845e-08  5.070873482854221e-02 
 8.819999999999845e-08  4.882016705293490e-02 
 8.829999999999844e-08  4.673882362827264e-02 
 8.839999999999844e-08  4.447287229708419e-02 
 8.849999999999843e-08  4.203123141895171e-02 
 8.859999999999842e-08  3.942350492584001e-02 
 8.869999999999842e-08  3.665997146969713e-02 
 8.879999999999841e-08  3.375152276654658e-02 
 8.889999999999841e-08  3.070963884201316e-02 
 8.899999999999840e-08  2.754632841288918e-02 
 8.909999999999840e-08  2.427409260749425e-02 
 8.919999999999839e-08  2.090586646115233e-02 
 8.929999999999838e-08  1.745497342147684e-02 
 8.939999999999838e-08  1.393506738939898e-02 
 8.949999999999837e-08  1.036008022372070e-02 
 8.959999999999837e-08  6.744164198248637e-03 
 8.969999999999836e-08  3.101634565445988e-03 
 8.979999999999836e-08 -5.530874349597426e-04 
 8.989999999999835e-08 -4.205534996799765e-03 
 8.999999999999834e-08 -7.841236820994357e-03 
 9.009999999999834e-08 -1.144588627467291e-02 
 9.019999999999833e-08 -1.500513694387529e-02 
 9.029999999999833e-08 -1.850498816922630e-02 
 9.039999999999832e-08 -2.193164101094625e-02 
 9.049999999999832e-08 -2.527144980209806e-02 
 9.059999999999831e-08 -2.851136781853758e-02 
 9.069999999999830e-08 -3.163847852058987e-02 
 9.079999999999830e-08 -3.464057603810189e-02 
 9.089999999999829e-08 -3.750573528497148e-02 
 9.099999999999829e-08 -4.022275393921948e-02 
 9.109999999999828e-08 -4.278089039800737e-02 
 9.119999999999828e-08 -4.517012178168445e-02 
 9.129999999999827e-08 -4.738104482030869e-02 
 9.139999999999826e-08 -4.940498034718854e-02 
 9.149999999999826e-08 -5.123399320986732e-02 
 9.159999999999825e-08 -5.286089026947405e-02 
 9.169999999999825e-08 -5.427931286187904e-02 
 9.179999999999824e-08 -5.548367029284562e-02 
 9.189999999999824e-08 -5.646926758187654e-02 
 9.199999999999823e-08 -5.723220576402888e-02 
 9.209999999999822e-08 -5.776951874333580e-02 
 9.219999999999822e-08 -5.807906125976348e-02 
 9.229999999999821e-08 -5.815963820981329e-02 
 9.239999999999821e-08 -5.801089285466965e-02 
 9.249999999999820e-08 -5.763341909839670e-02 
 9.259999999999820e-08 -5.702865654922151e-02 
 9.269999999999819e-08 -5.619898117472788e-02 
 9.279999999999818e-08 -5.514760988158507e-02 
 9.289999999999818e-08 -5.387866814242237e-02 
 9.299999999999817e-08 -5.239710432287592e-02 
 9.309999999999817e-08 -5.070873482802685e-02 
 9.319999999999816e-08 -4.882016705537207e-02 
 9.329999999999816e-08 -4.673882363115656e-02 
 9.339999999999815e-08 -4.447287230060293e-02 
 9.349999999999814e-08 -4.203123142227017e-02 
 9.359999999999814e-08 -3.942350492826918e-02 
 9.369999999999813e-08 -3.665997147036326e-02 
 9.379999999999813e-08 -3.375152276932369e-02 
 9.389999999999812e-08 -3.070963884498834e-02 
 9.399999999999812e-08 -2.754632841510540e-02 
 9.409999999999811e-08 -2.427409261131452e-02 
 9.419999999999810e-08 -2.090586646747483e-02 
 9.429999999999810e-08 -1.745497342518365e-02 
 9.439999999999809e-08 -1.393506739048433e-02 
 9.449999999999809e-08 -1.036008022201007e-02 
 9.459999999999808e-08 -6.744164196399671e-03 
 9.469999999999808e-08 -3.101634564610212e-03 
 9.479999999999807e-08  5.530874339965131e-04 
 9.489999999999806e-08  4.205534994485838e-03 
 9.499999999999806e-08  7.841236817400565e-03 
 9.509999999999805e-08  1.144588626994802e-02 
 9.519999999999805e-08  1.500513693764494e-02 
 9.529999999999804e-08  1.850498816568780e-02 
 9.539999999999804e-08  2.193164100808875e-02 
 9.549999999999803e-08  2.527144979880536e-02 
 9.559999999999802e-08  2.851136781598851e-02 
 9.569999999999802e-08  3.163847851953827e-02 
 9.579999999999801e-08  3.464057604058479e-02 
 9.589999999999801e-08  3.750573528920342e-02 
 9.599999999999800e-08  4.022275394023977e-02 
 9.609999999999800e-08  4.278089039757704e-02 
 9.619999999999799e-08  4.517012178196222e-02 
 9.629999999999798e-08  4.738104482120198e-02 
 9.639999999999798e-08  4.940498034565755e-02 
 9.649999999999797e-08  5.123399320886701e-02 
 9.659999999999797e-08  5.286089027048946e-02 
 9.669999999999796e-08  5.427931286287779e-02 
 9.679999999999796e-08  5.548367029075396e-02 
 9.689999999999795e-08  5.646926757851212e-02 
 9.699999999999794e-08  5.723220575862742e-02 
 9.709999999999794e-08  5.776951873615577e-02 
 9.719999999999793e-08  5.807906125083639e-02 
 9.729999999999793e-08  5.815963820036152e-02 
 9.739999999999792e-08  5.801089284577587e-02 
 9.749999999999792e-08  5.763341909231867e-02 
 9.759999999999791e-08  5.702865654625122e-02 
 9.769999999999790e-08  5.619898117503763e-02 
 9.779999999999790e-08  5.514760988349776e-02 
 9.789999999999789e-08  5.387866814630993e-02 
 9.799999999999789e-08  5.239710432791322e-02 
 9.809999999999788e-08  5.070873483103444e-02 
 9.819999999999788e-08  4.882016705370940e-02 
 9.829999999999787e-08  4.673882362825865e-02 
 9.839999999999786e-08  4.447287229669605e-02 
 9.849999999999786e-08  4.203123141902587e-02 
 9.859999999999785e-08  3.942350492559221e-02 
 9.869999999999785e-08  3.665997146804978e-02 
 9.879999999999784e-08  3.375152276492854e-02 
 9.889999999999783e-08  3.070963884035849e-02 
 9.899999999999783e-08  2.754632841183202e-02 
 9.909999999999782e-08  2.427409260794322e-02 
 9.919999999999782e-08  2.090586646370318e-02 
 9.929999999999781e-08  1.745497342402946e-02 
 9.939999999999781e-08  1.393506739152883e-02 
 9.949999999999780e-08  1.036008022509138e-02 
 9.959999999999779e-08  6.744164199099068e-03 
 9.969999999999779e-08  3.101634566087919e-03 
 9.979999999999778e-08 -5.530874346970638e-04 
 9.989999999999778e-08 -4.205534996506888e-03 
 9.999999999999777e-08 -7.841236822033304e-03 
 1.000999999999978e-07 -1.144588627619192e-02 
 1.001999999999978e-07 -1.500513694365413e-02 
 1.002999999999978e-07 -1.850498816797241e-02 
 1.003999999999977e-07 -2.193164100969391e-02 
 1.004999999999977e-07 -2.527144980151474e-02 
 1.005999999999977e-07 -2.851136781711672e-02 
 1.006999999999977e-07 -3.163847851820711e-02 
 1.007999999999977e-07 -3.464057603736581e-02 
 1.008999999999977e-07 -3.750573528680601e-02 
 1.009999999999977e-07 -4.022275394157293e-02 
 1.010999999999977e-07 -4.278089040113930e-02 
 1.011999999999977e-07 -4.517012178547075e-02 
 1.012999999999977e-07 -4.738104482381233e-02 
 1.013999999999977e-07 -4.940498035001295e-02 
 1.014999999999977e-07 -5.123399321225119e-02 
 1.015999999999977e-07 -5.286089027048835e-02 
 1.016999999999977e-07 -5.427931286292353e-02 
 1.017999999999977e-07 -5.548367029408574e-02 
 1.018999999999977e-07 -5.646926758394111e-02 
 1.019999999999977e-07 -5.723220576536581e-02 
 1.020999999999977e-07 -5.776951874377079e-02 
 1.021999999999976e-07 -5.807906125872919e-02 
 1.022999999999976e-07 -5.815963820717873e-02 
 1.023999999999976e-07 -5.801089285125105e-02 
 1.024999999999976e-07 -5.763341909556230e-02 
 1.025999999999976e-07 -5.702865654704792e-02 
 1.026999999999976e-07 -5.619898117254074e-02 
 1.027999999999976e-07 -5.514760987924161e-02 
 1.028999999999976e-07 -5.387866814089248e-02 
 1.029999999999976e-07 -5.239710432117284e-02 
 1.030999999999976e-07 -5.070873482609595e-02 
 1.031999999999976e-07 -4.882016705318870e-02 
 1.032999999999976e-07 -4.673882362887527e-02 
 1.033999999999976e-07 -4.447287229770325e-02 
 1.034999999999976e-07 -4.203123142032439e-02 
 1.035999999999976e-07 -3.942350492855407e-02 
 1.036999999999976e-07 -3.665997147332489e-02 
 1.037999999999976e-07 -3.375152277267213e-02 
 1.038999999999975e-07 -3.070963884662037e-02 
 1.039999999999975e-07 -2.754632841585214e-02 
 1.040999999999975e-07 -2.427409261169111e-02 
 1.041999999999975e-07 -2.090586646755010e-02 
 1.042999999999975e-07 -1.745497342454305e-02 
 1.043999999999975e-07 -1.393506738890826e-02 
 1.044999999999975e-07 -1.036008022183421e-02 
 1.045999999999975e-07 -6.744164196660130e-03 
 1.046999999999975e-07 -3.101634565811029e-03 
 1.047999999999975e-07  5.530874338126601e-04 
 1.048999999999975e-07  4.205534996105875e-03 
 1.049999999999975e-07  7.841236820032904e-03 
 1.050999999999975e-07  1.144588627356735e-02 
 1.051999999999975e-07  1.500513694230032e-02 
 1.052999999999975e-07  1.850498816956092e-02 
 1.053999999999975e-07  2.193164101131728e-02 
 1.054999999999975e-07  2.527144980218221e-02 
 1.055999999999975e-07  2.851136781766428e-02 
 1.056999999999974e-07  3.163847851914436e-02 
 1.057999999999974e-07  3.464057603923321e-02 
 1.058999999999974e-07  3.750573528872980e-02 
 1.059999999999974e-07  4.022275394086217e-02 
 1.060999999999974e-07  4.278089039789434e-02 
 1.061999999999974e-07  4.517012178105451e-02 
 1.062999999999974e-07  4.738104481815641e-02 
 1.063999999999974e-07  4.940498034284846e-02 
 1.064999999999974e-07  5.123399320811362e-02 
 1.065999999999974e-07  5.286089027166940e-02 
 1.066999999999974e-07  5.427931286610788e-02 
 1.067999999999974e-07  5.548367029602863e-02 
 1.068999999999974e-07  5.646926758414494e-02 
 1.069999999999974e-07  5.723220576347354e-02 
 1.070999999999974e-07  5.776951874067060e-02 
 1.071999999999974e-07  5.807906125510298e-02 
 1.072999999999974e-07  5.815963820297076e-02 
 1.073999999999973e-07  5.801089284655392e-02 
 1.074999999999973e-07  5.763341909197539e-02 
 1.075999999999973e-07  5.702865654420353e-02 
 1.076999999999973e-07  5.619898117266153e-02 
 1.077999999999973e-07  5.514760988197942e-02 
 1.078999999999973e-07  5.387866814497366e-02 
 1.079999999999973e-07  5.239710432480549e-02 
 1.080999999999973e-07  5.070873482720373e-02 
 1.081999999999973e-07  4.882016705229653e-02 
 1.082999999999973e-07  4.673882362743242e-02 
 1.083999999999973e-07  4.447287229556829e-02 
 1.084999999999973e-07  4.203123141811749e-02 
 1.085999999999973e-07  3.942350492489477e-02 
 1.086999999999973e-07  3.665997146682765e-02 
 1.087999999999973e-07  3.375152276405569e-02 
 1.088999999999973e-07  3.070963883946676e-02 
 1.089999999999973e-07  2.754632841035809e-02 
 1.090999999999973e-07  2.427409260590041e-02 
 1.091999999999972e-07  2.090586646129799e-02 
 1.092999999999972e-07  1.745497342001912e-02 
 1.093999999999972e-07  1.393506738561268e-02 
 1.094999999999972e-07  1.036008022010293e-02 
 1.095999999999972e-07  6.744164196543334e-03 
 1.096999999999972e-07  3.101634562794331e-03 
 1.097999999999972e-07 -5.530874394317209e-04 
 1.098999999999972e-07 -4.205535001609029e-03 
 1.099999999999972e-07 -7.841236825930409e-03 
 1.100999999999972e-07 -1.144588627806575e-02 
 1.101999999999972e-07 -1.500513694511785e-02 
 1.102999999999972e-07 -1.850498817045088e-02 
 1.103999999999972e-07 -2.193164101227341e-02 
 1.104999999999972e-07 -2.527144980274687e-02 
 1.105999999999972e-07 -2.851136781715002e-02 
 1.106999999999972e-07 -3.163847851701007e-02 
 1.107999999999972e-07 -3.464057603572623e-02 
 1.108999999999971e-07 -3.750573528521173e-02 
 1.109999999999971e-07 -4.022275394060859e-02 
 1.110999999999971e-07 -4.278089039847099e-02 
 1.111999999999971e-07 -4.517012178181901e-02 
 1.112999999999971e-07 -4.738104482026584e-02 
 1.113999999999971e-07 -4.940498034662721e-02 
 1.114999999999971e-07 -5.123399321020905e-02 
 1.115999999999971e-07 -5.286089027106122e-02 
 1.116999999999971e-07 -5.427931286431331e-02 
 1.117999999999971e-07 -5.548367029545731e-02 
 1.118999999999971e-07 -5.646926758515458e-02 
 1.119999999999971e-07 -5.723220576612742e-02 
 1.120999999999971e-07 -5.776951874405745e-02 
 1.121999999999971e-07 -5.807906125802353e-02 
 1.122999999999971e-07 -5.815963820624037e-02 
 1.123999999999971e-07 -5.801089285033445e-02 
 1.124999999999971e-07 -5.763341909370268e-02 
 1.125999999999971e-07 -5.702865654509304e-02 
 1.126999999999970e-07 -5.619898117096156e-02 
 1.127999999999970e-07 -5.514760987761558e-02 
 1.128999999999970e-07 -5.387866814028763e-02 
 1.129999999999970e-07 -5.239710432180500e-02 
 1.130999999999970e-07 -5.070873482759675e-02 
 1.131999999999970e-07 -4.882016705532588e-02 
 1.132999999999970e-07 -4.673882363184512e-02 
 1.133999999999970e-07 -4.447287230210706e-02 
 1.134999999999970e-07 -4.203123142362930e-02 
 1.135999999999970e-07 -3.942350492801650e-02 
 1.136999999999970e-07 -3.665997146904831e-02 
 1.137999999999970e-07 -3.375152276767435e-02 
 1.138999999999970e-07 -3.070963884351796e-02 
 1.139999999999970e-07 -2.754632841514337e-02 
 1.140999999999970e-07 -2.427409261172264e-02 
 1.141999999999970e-07 -2.090586646676318e-02 
 1.142999999999970e-07 -1.745497342400459e-02 
 1.143999999999969e-07 -1.393506738817019e-02 
 1.144999999999969e-07 -1.036008021948609e-02 
 1.145999999999969e-07 -6.744164192201030e-03 
 1.146999999999969e-07 -3.101634560096489e-03 
 1.147999999999969e-07  5.530874385999418e-04 
 1.148999999999969e-07  4.205534999804250e-03 
 1.149999999999969e-07  7.841236824002840e-03 
 1.150999999999969e-07  1.144588627740717e-02 
 1.151999999999969e-07  1.500513694544581e-02 
 1.152999999999969e-07  1.850498817216661e-02 
 1.153999999999969e-07  2.193164101398093e-02 
 1.154999999999969e-07  2.527144980346141e-02 
 1.155999999999969e-07  2.851136781752306e-02 
 1.156999999999969e-07  3.163847851891211e-02 
 1.157999999999969e-07  3.464057603882487e-02 
 1.158999999999969e-07  3.750573528803680e-02 
 1.159999999999969e-07  4.022275394149055e-02 
 1.160999999999969e-07  4.278089040007993e-02 
 1.161999999999968e-07  4.517012178366064e-02 
 1.162999999999968e-07  4.738104482017524e-02 
 1.163999999999968e-07  4.940498034325480e-02 
 1.164999999999968e-07  5.123399320834565e-02 
 1.165999999999968e-07  5.286089027113494e-02 
 1.166999999999968e-07  5.427931286531473e-02 
 1.167999999999968e-07  5.548367029523527e-02 
 1.168999999999968e-07  5.646926758315840e-02 
 1.169999999999968e-07  5.723220576200916e-02 
 1.170999999999968e-07  5.776951873856695e-02 
 1.171999999999968e-07  5.807906125378537e-02 
 1.172999999999968e-07  5.815963820298853e-02 
 1.173999999999968e-07  5.801089284759930e-02 
 1.174999999999968e-07  5.763341909251984e-02 
 1.175999999999968e-07  5.702865654407585e-02 
 1.176999999999968e-07  5.619898117259603e-02 
 1.177999999999968e-07  5.514760988162570e-02 
 1.178999999999967e-07  5.387866814341513e-02 
 1.179999999999967e-07  5.239710432243871e-02 
 1.180999999999967e-07  5.070873482496663e-02 
 1.181999999999967e-07  4.882016704925163e-02 
 1.182999999999967e-07  4.673882362567894e-02 
 1.183999999999967e-07  4.447287229504449e-02 
 1.184999999999967e-07  4.203123141656717e-02 
 1.185999999999967e-07  3.942350492322788e-02 
 1.186999999999967e-07  3.665997146657429e-02 
 1.187999999999967e-07  3.375152276339199e-02 
 1.188999999999967e-07  3.070963883859168e-02 
 1.189999999999967e-07  2.754632840976678e-02 
 1.190999999999967e-07  2.427409260492941e-02 
 1.191999999999967e-07  2.090586646103376e-02 
 1.192999999999967e-07  1.745497342092639e-02 
 1.193999999999967e-07  1.393506738700490e-02 
 1.194999999999967e-07  1.036008021991175e-02 
 1.195999999999967e-07  6.744164195916280e-03 
 1.196999999999967e-07  3.101634564512734e-03 
 1.197999999999967e-07 -5.530874355099691e-04 
 1.198999999999967e-07 -4.205534996712057e-03 
 1.199999999999967e-07 -7.841236821023667e-03 
 1.200999999999967e-07 -1.144588627515875e-02 
 1.201999999999967e-07 -1.500513694369543e-02 
 1.202999999999968e-07 -1.850498816922697e-02 
 1.203999999999968e-07 -2.193164101194189e-02 
 1.204999999999968e-07 -2.527144980427876e-02 
 1.205999999999968e-07 -2.851136782003483e-02 
 1.206999999999968e-07 -3.163847852153956e-02 
 1.207999999999968e-07 -3.464057603965864e-02 
 1.208999999999968e-07 -3.750573528738155e-02 
 1.209999999999968e-07 -4.022275394263608e-02 
 1.210999999999968e-07 -4.278089040242472e-02 
 1.211999999999968e-07 -4.517012178603630e-02 
 1.212999999999968e-07 -4.738104482322569e-02 
 1.213999999999968e-07 -4.940498034918583e-02 
 1.214999999999968e-07 -5.123399321264488e-02 
 1.215999999999969e-07 -5.286089027091490e-02 
 1.216999999999969e-07 -5.427931286361054e-02 
 1.217999999999969e-07 -5.548367029511780e-02 
 1.218999999999969e-07 -5.646926758568105e-02 
 1.219999999999969e-07 -5.723220576749499e-02 
 1.220999999999969e-07 -5.776951874507597e-02 
 1.221999999999969e-07 -5.807906125885864e-02 
 1.222999999999969e-07 -5.815963820828229e-02 
 1.223999999999969e-07 -5.801089285352989e-02 
 1.224999999999969e-07 -5.763341909806097e-02 
 1.225999999999969e-07 -5.702865655077138e-02 
 1.226999999999969e-07 -5.619898117683864e-02 
 1.227999999999969e-07 -5.514760988265266e-02 
 1.228999999999970e-07 -5.387866814345110e-02 
 1.229999999999970e-07 -5.239710432380029e-02 
 1.230999999999970e-07 -5.070873482807881e-02 
 1.231999999999970e-07 -4.882016705477388e-02 
 1.232999999999970e-07 -4.673882363036896e-02 
 1.233999999999970e-07 -4.447287230086383e-02 
 1.234999999999970e-07 -4.203123142461873e-02 
 1.235999999999970e-07 -3.942350493062419e-02 
 1.236999999999970e-07 -3.665997147303734e-02 
 1.237999999999970e-07 -3.375152277209925e-02 
 1.238999999999970e-07 -3.070963884594313e-02 
 1.239999999999970e-07 -2.754632841540205e-02 
 1.240999999999970e-07 -2.427409261130253e-02 
 1.241999999999970e-07 -2.090586646736625e-02 
 1.242999999999971e-07 -1.745497342497604e-02 
 1.243999999999971e-07 -1.393506738950667e-02 
 1.244999999999971e-07 -1.036008022038049e-02 
 1.245999999999971e-07 -6.744164193681623e-03 
 1.246999999999971e-07 -3.101634561355926e-03 
 1.247999999999971e-07  5.530874378010253e-04 
 1.248999999999971e-07  4.205534998125593e-03 
 1.249999999999971e-07  7.841236821906961e-03 
 1.250999999999971e-07  1.144588627494691e-02 
 1.251999999999971e-07  1.500513694228234e-02 
 1.252999999999971e-07  1.850498817001123e-02 
 1.253999999999971e-07  2.193164101336986e-02 
 1.254999999999971e-07  2.527144980443552e-02 
 1.255999999999972e-07  2.851136781932362e-02 
 1.256999999999972e-07  3.163847852019663e-02 
 1.257999999999972e-07  3.464057604035542e-02 
 1.258999999999972e-07  3.750573528933066e-02 
 1.259999999999972e-07  4.022275394239849e-02 
 1.260999999999972e-07  4.278089040132316e-02 
 1.261999999999972e-07  4.517012178535906e-02 
 1.262999999999972e-07  4.738104482217853e-02 
 1.263999999999972e-07  4.940498034585228e-02 
 1.264999999999972e-07  5.123399320858946e-02 
 1.265999999999972e-07  5.286089027016039e-02 
 1.266999999999972e-07  5.427931286544974e-02 
 1.267999999999972e-07  5.548367029690726e-02 
 1.268999999999973e-07  5.646926758579629e-02 
 1.269999999999973e-07  5.723220576530430e-02 
 1.270999999999973e-07  5.776951873903236e-02 
 1.271999999999973e-07  5.807906125133799e-02 
 1.272999999999973e-07  5.815963820081693e-02 
 1.273999999999973e-07  5.801089284643512e-02 
 1.274999999999973e-07  5.763341909282227e-02 
 1.275999999999973e-07  5.702865654546430e-02 
 1.276999999999973e-07  5.619898117344624e-02 
 1.277999999999973e-07  5.514760988258116e-02 
 1.278999999999973e-07  5.387866814551923e-02 
 1.279999999999973e-07  5.239710432605316e-02 
 1.280999999999973e-07  5.070873482893568e-02 
 1.281999999999973e-07  4.882016705101755e-02 
 1.282999999999974e-07  4.673882362398873e-02 
 1.283999999999974e-07  4.447287229313734e-02 
 1.284999999999974e-07  4.203123141696974e-02 
 1.285999999999974e-07  3.942350492386448e-02 
 1.286999999999974e-07  3.665997146487321e-02 
 1.287999999999974e-07  3.375152276101034e-02 
 1.288999999999974e-07  3.070963883628952e-02 
 1.289999999999974e-07  2.754632840898408e-02 
 1.290999999999974e-07  2.427409260566904e-02 
 1.291999999999974e-07  2.090586646181514e-02 
 1.292999999999974e-07  1.745497342008751e-02 
 1.293999999999974e-07  1.393506738574590e-02 
 1.294999999999974e-07  1.036008022024304e-02 
 1.295999999999975e-07  6.744164196146318e-03 
 1.296999999999975e-07  3.101634564137479e-03 
 1.297999999999975e-07 -5.530874367274397e-04 
 1.298999999999975e-07 -4.205534999709659e-03 
 1.299999999999975e-07 -7.841236824753572e-03 
 1.300999999999975e-07 -1.144588627643284e-02 
 1.301999999999975e-07 -1.500513694275574e-02 
 1.302999999999975e-07 -1.850498816744883e-02 
 1.303999999999975e-07 -2.193164101099532e-02 
 1.304999999999975e-07 -2.527144980445040e-02 
 1.305999999999975e-07 -2.851136782145591e-02 
 1.306999999999975e-07 -3.163847852230139e-02 
 1.307999999999975e-07 -3.464057603963866e-02 
 1.308999999999976e-07 -3.750573528646495e-02 
 1.309999999999976e-07 -4.022275394014407e-02 
 1.310999999999976e-07 -4.278089039973487e-02 
 1.311999999999976e-07 -4.517012178402235e-02 
 1.312999999999976e-07 -4.738104482329519e-02 
 1.313999999999976e-07 -4.940498035016860e-02 
 1.314999999999976e-07 -5.123399321334099e-02 
 1.315999999999976e-07 -5.286089027157304e-02 
 1.316999999999976e-07 -5.427931286486776e-02 
 1.317999999999976e-07 -5.548367029613654e-02 
 1.318999999999976e-07 -5.646926758461701e-02 
 1.319999999999976e-07 -5.723220576488264e-02 
 1.320999999999976e-07 -5.776951874322389e-02 
 1.321999999999977e-07 -5.807906125737250e-02 
 1.322999999999977e-07 -5.815963820560865e-02 
 1.323999999999977e-07 -5.801089284886185e-02 
 1.324999999999977e-07 -5.763341909181507e-02 
 1.325999999999977e-07 -5.702865654344724e-02 
 1.326999999999977e-07 -5.619898117068312e-02 
 1.327999999999977e-07 -5.514760987857281e-02 
 1.328999999999977e-07 -5.387866814005271e-02 
 1.329999999999977e-07 -5.239710432001710e-02 
 1.330999999999977e-07 -5.070873482517757e-02 
 1.331999999999977e-07 -4.882016705119518e-02 
 1.332999999999977e-07 -4.673882362669879e-02 
 1.333999999999977e-07 -4.447287229697383e-02 
 1.334999999999977e-07 -4.203123142092702e-02 
 1.335999999999978e-07 -3.942350492775204e-02 
 1.336999999999978e-07 -3.665997147131717e-02 
 1.337999999999978e-07 -3.375152277079030e-02 
 1.338999999999978e-07 -3.070963884700317e-02 
 1.339999999999978e-07 -2.754632841769533e-02 
 1.340999999999978e-07 -2.427409261412161e-02 
 1.341999999999978e-07 -2.090586646941528e-02 
 1.342999999999978e-07 -1.745497342588953e-02 
 1.343999999999978e-07 -1.393506738954597e-02 
 1.344999999999978e-07 -1.036008022266421e-02 
 1.345999999999978e-07 -6.744164197777014e-03 
 1.346999999999978e-07 -3.101634566496925e-03 
 1.347999999999978e-07  5.530874334926938e-04 
 1.348999999999979e-07  4.205534996394533e-03 
 1.349999999999979e-07  7.841236820408160e-03 
 1.350999999999979e-07  1.144588627356846e-02 
 1.351999999999979e-07  1.500513694146011e-02 
 1.352999999999979e-07  1.850498816784096e-02 
 1.353999999999979e-07  2.193164101046485e-02 
 1.354999999999979e-07  2.527144980211093e-02 
 1.355999999999979e-07  2.851136781749730e-02 
 1.356999999999979e-07  3.163847851922119e-02 
 1.357999999999979e-07  3.464057604027082e-02 
 1.358999999999979e-07  3.750573528952050e-02 
 1.359999999999979e-07  4.022275394280372e-02 
 1.360999999999979e-07  4.278089040088662e-02 
 1.361999999999980e-07  4.517012178302560e-02 
 1.362999999999980e-07  4.738104481917671e-02 
 1.363999999999980e-07  4.940498034203822e-02 
 1.364999999999980e-07  5.123399320642363e-02 
 1.365999999999980e-07  5.286089026941920e-02 
 1.366999999999980e-07  5.427931286339405e-02 
 1.367999999999980e-07  5.548367029280810e-02 
 1.368999999999980e-07  5.646926758066417e-02 
 1.369999999999980e-07  5.723220576107813e-02 
 1.370999999999980e-07  5.776951873874037e-02 
 1.371999999999980e-07  5.807906125297047e-02 
 1.372999999999980e-07  5.815963820199332e-02 
 1.373999999999980e-07  5.801089284805427e-02 
 1.374999999999980e-07  5.763341909294817e-02 
 1.375999999999981e-07  5.702865654517297e-02 
 1.376999999999981e-07  5.619898117341937e-02 
 1.377999999999981e-07  5.514760988344181e-02 
 1.378999999999981e-07  5.387866814687303e-02 
 1.379999999999981e-07  5.239710432711719e-02 
 1.380999999999981e-07  5.070873482976657e-02 
 1.381999999999981e-07  4.882016705405579e-02 
 1.382999999999981e-07  4.673882362786053e-02 
 1.383999999999981e-07  4.447287229597174e-02 
 1.384999999999981e-07  4.203123141922283e-02 
 1.385999999999981e-07  3.942350492676372e-02 
 1.386999999999981e-07  3.665997146902855e-02 
 1.387999999999981e-07  3.375152276682858e-02 
 1.388999999999982e-07  3.070963884253830e-02 
 1.389999999999982e-07  2.754632841365390e-02 
 1.390999999999982e-07  2.427409260909075e-02 
 1.391999999999982e-07  2.090586646455828e-02 
 1.392999999999982e-07  1.745497342314284e-02 
 1.393999999999982e-07  1.393506738915207e-02 
 1.394999999999982e-07  1.036008022094381e-02 
 1.395999999999982e-07  6.744164194371738e-03 
 1.396999999999982e-07  3.101634560846112e-03 
 1.397999999999982e-07 -5.530874405532682e-04 
 1.398999999999982e-07 -4.205535001877037e-03 
 1.399999999999982e-07 -7.841236824612130e-03 
 1.400999999999982e-07 -1.144588627728726e-02 
 1.401999999999983e-07 -1.500513694418237e-02 
 1.402999999999983e-07 -1.850498816887325e-02 
 1.403999999999983e-07 -2.193164101129064e-02 
 1.404999999999983e-07 -2.527144980404650e-02 
 1.405999999999983e-07 -2.851136781993380e-02 
 1.406999999999983e-07 -3.163847852027013e-02 
 1.407999999999983e-07 -3.464057603793824e-02 
 1.408999999999983e-07 -3.750573528614987e-02 
 1.409999999999983e-07 -4.022275394085018e-02 
 1.410999999999983e-07 -4.278089040070787e-02 
 1.411999999999983e-07 -4.517012178405433e-02 
 1.412999999999983e-07 -4.738104482241345e-02 
 1.413999999999983e-07 -4.940498034855767e-02 
 1.414999999999983e-07 -5.123399321176891e-02 
 1.415999999999984e-07 -5.286089027161323e-02 
 1.416999999999984e-07 -5.427931286450449e-02 
 1.417999999999984e-07 -5.548367029570511e-02 
 1.418999999999984e-07 -5.646926758472604e-02 
 1.419999999999984e-07 -5.723220576661037e-02 
 1.420999999999984e-07 -5.776951874442160e-02 
 1.421999999999984e-07 -5.807906125780815e-02 
 1.422999999999984e-07 -5.815963820587755e-02 
 1.423999999999984e-07 -5.801089285079719e-02 
 1.424999999999984e-07 -5.763341909580921e-02 
 1.425999999999984e-07 -5.702865654913025e-02 
 1.426999999999984e-07 -5.619898117603173e-02 
 1.427999999999984e-07 -5.514760988253409e-02 
 1.428999999999985e-07 -5.387866814451847e-02 
 1.429999999999985e-07 -5.239710432393530e-02 
 1.430999999999985e-07 -5.070873482719573e-02 
 1.431999999999985e-07 -4.882016705354686e-02 
 1.432999999999985e-07 -4.673882363008297e-02 
 1.433999999999985e-07 -4.447287230017460e-02 
 1.434999999999985e-07 -4.203123142510101e-02 
 1.435999999999985e-07 -3.942350493275004e-02 
 1.436999999999985e-07 -3.665997147571654e-02 
 1.437999999999985e-07 -3.375152277432059e-02 
 1.438999999999985e-07 -3.070963884853217e-02 
 1.439999999999985e-07 -2.754632841750082e-02 
 1.440999999999985e-07 -2.427409261326741e-02 
 1.441999999999986e-07 -2.090586646762782e-02 
 1.442999999999986e-07 -1.745497342347102e-02 
 1.443999999999986e-07 -1.393506738792949e-02 
 1.444999999999986e-07 -1.036008022106150e-02 
 1.445999999999986e-07 -6.744164196224034e-03 
 1.446999999999986e-07 -3.101634564014910e-03 
 1.447999999999986e-07  5.530874375672123e-04 
 1.448999999999986e-07  4.205535000913141e-03 
 1.449999999999986e-07  7.841236825169684e-03 
 1.450999999999986e-07  1.144588627757415e-02 
 1.451999999999986e-07  1.500513694432803e-02 
 1.452999999999986e-07  1.850498817037916e-02 
 1.453999999999986e-07  2.193164101293088e-02 
 1.454999999999986e-07  2.527144980488805e-02 
 1.455999999999987e-07  2.851136782033015e-02 
 1.456999999999987e-07  3.163847852264867e-02 
 1.457999999999987e-07  3.464057604203563e-02 
 1.458999999999987e-07  3.750573528991996e-02 
 1.459999999999987e-07  4.022275394251174e-02 
 1.460999999999987e-07  4.278089040043098e-02 
 1.461999999999987e-07  4.517012178364421e-02 
 1.462999999999987e-07  4.738104482070593e-02 
 1.463999999999987e-07  4.940498034455243e-02 
 1.464999999999987e-07  5.123399320763200e-02 
 1.465999999999987e-07  5.286089026941410e-02 
 1.466999999999987e-07  5.427931286503496e-02 
 1.467999999999987e-07  5.548367029668011e-02 
 1.468999999999988e-07  5.646926758553850e-02 
 1.469999999999988e-07  5.723220576496835e-02 
 1.470999999999988e-07  5.776951874007552e-02 
 1.471999999999988e-07  5.807906125411577e-02 
 1.472999999999988e-07  5.815963820360848e-02 
 1.473999999999988e-07  5.801089284759930e-02 
 1.474999999999988e-07  5.763341909245101e-02 
 1.475999999999988e-07  5.702865654516787e-02 
 1.476999999999988e-07  5.619898117318045e-02 
 1.477999999999988e-07  5.514760988115741e-02 
 1.478999999999988e-07  5.387866814389808e-02 
 1.479999999999988e-07  5.239710432461075e-02 
 1.480999999999988e-07  5.070873482758653e-02 
 1.481999999999989e-07  4.882016705300907e-02 
 1.482999999999989e-07  4.673882362927717e-02 
 1.483999999999989e-07  4.447287229888319e-02 
 1.484999999999989e-07  4.203123142123633e-02 
 1.485999999999989e-07  3.942350492711366e-02 
 1.486999999999989e-07  3.665997147002953e-02 
 1.487999999999989e-07  3.375152276688587e-02 
 1.488999999999989e-07  3.070963884031608e-02 
 1.489999999999989e-07  2.754632841047155e-02 
 1.490999999999989e-07  2.427409260648283e-02 
 1.491999999999989e-07  2.090586646392145e-02 
 1.492999999999989e-07  1.745497342350921e-02 
 1.493999999999989e-07  1.393506738920247e-02 
 1.494999999999989e-07  1.036008022176205e-02 
 1.495999999999990e-07  6.744164195550129e-03 
 1.496999999999990e-07  3.101634561194277e-03 
 1.497999999999990e-07 -5.530874398611552e-04 
 1.498999999999990e-07 -4.205535001377214e-03 
 1.499999999999990e-07 -7.841236824876141e-03 
 1.500999999999990e-07 -1.144588627787702e-02 
 1.501999999999990e-07 -1.500513694487315e-02 
 1.502999999999990e-07 -1.850498816998702e-02 
 1.503999999999990e-07 -2.193164101310563e-02 
 1.504999999999990e-07 -2.527144980417129e-02 
 1.505999999999990e-07 -2.851136781930852e-02 
 1.506999999999990e-07 -3.163847852125934e-02 
 1.507999999999990e-07 -3.464057604065940e-02 
 1.508999999999991e-07 -3.750573528921652e-02 
 1.509999999999991e-07 -4.022275394336217e-02 
 1.510999999999991e-07 -4.278089040127053e-02 
 1.511999999999991e-07 -4.517012178559754e-02 
 1.512999999999991e-07 -4.738104482448979e-02 
 1.513999999999991e-07 -4.940498035062224e-02 
 1.514999999999991e-07 -5.123399321307609e-02 
 1.515999999999991e-07 -5.286089027194918e-02 
 1.516999999999991e-07 -5.427931286541887e-02 
 1.517999999999991e-07 -5.548367029688728e-02 
 1.518999999999991e-07 -5.646926758601367e-02 
 1.519999999999991e-07 -5.723220576702603e-02 
 1.520999999999991e-07 -5.776951874346770e-02 
 1.521999999999992e-07 -5.807906125703677e-02 
 1.522999999999992e-07 -5.815963820576830e-02 
 1.523999999999992e-07 -5.801089285072947e-02 
 1.524999999999992e-07 -5.763341909509601e-02 
 1.525999999999992e-07 -5.702865654871325e-02 
 1.526999999999992e-07 -5.619898117543842e-02 
 1.527999999999992e-07 -5.514760988170697e-02 
 1.528999999999992e-07 -5.387866814255271e-02 
 1.529999999999992e-07 -5.239710432232947e-02 
 1.530999999999992e-07 -5.070873482615301e-02 
 1.531999999999992e-07 -4.882016705304171e-02 
 1.532999999999992e-07 -4.673882363027526e-02 
 1.533999999999992e-07 -4.447287230035202e-02 
 1.534999999999993e-07 -4.203123142246556e-02 
 1.535999999999993e-07 -3.942350492752178e-02 
 1.536999999999993e-07 -3.665997147001532e-02 
 1.537999999999993e-07 -3.375152276957705e-02 
 1.538999999999993e-07 -3.070963884577504e-02 
 1.539999999999993e-07 -2.754632841696103e-02 
 1.540999999999993e-07 -2.427409261383850e-02 
 1.541999999999993e-07 -2.090586647027215e-02 
 1.542999999999993e-07 -1.745497342732505e-02 
 1.543999999999993e-07 -1.393506739196693e-02 
 1.544999999999993e-07 -1.036008022400181e-02 
 1.545999999999993e-07 -6.744164197474145e-03 
 1.546999999999993e-07 -3.101634564899092e-03 
 1.547999999999993e-07  5.530874340733405e-04 
 1.548999999999994e-07  4.205534994620841e-03 
 1.549999999999994e-07  7.841236818448172e-03 
 1.550999999999994e-07  1.144588627273113e-02 
 1.551999999999994e-07  1.500513694164396e-02 
 1.552999999999994e-07  1.850498816813673e-02 
 1.553999999999994e-07  2.193164100921785e-02 
 1.554999999999994e-07  2.527144979975526e-02 
 1.555999999999994e-07  2.851136781495467e-02 
 1.556999999999994e-07  3.163847851608237e-02 
 1.557999999999994e-07  3.464057603647186e-02 
 1.558999999999994e-07  3.750573528709733e-02 
 1.559999999999994e-07  4.022275394195152e-02 
 1.560999999999994e-07  4.278089040177191e-02 
 1.561999999999995e-07  4.517012178564150e-02 
 1.562999999999995e-07  4.738104482300920e-02 
 1.563999999999995e-07  4.940498034623331e-02 
 1.564999999999995e-07  5.123399320910260e-02 
 1.565999999999995e-07  5.286089027149909e-02 
 1.566999999999995e-07  5.427931286579324e-02 
 1.567999999999995e-07  5.548367029553880e-02 
 1.568999999999995e-07  5.646926758216253e-02 
 1.569999999999995e-07  5.723220576152288e-02 
 1.570999999999995e-07  5.776951873790126e-02 
 1.571999999999995e-07  5.807906125217022e-02 
 1.572999999999995e-07  5.815963820121683e-02 
 1.573999999999995e-07  5.801089284639871e-02 
 1.574999999999996e-07  5.763341909127750e-02 
 1.575999999999996e-07  5.702865654320588e-02 
 1.576999999999996e-07  5.619898117086364e-02 
 1.577999999999996e-07  5.514760987990663e-02 
 1.578999999999996e-07  5.387866814486086e-02 
 1.579999999999996e-07  5.239710432776690e-02 
 1.580999999999996e-07  5.070873483100402e-02 
 1.581999999999996e-07  4.882016705530989e-02 
 1.582999999999996e-07  4.673882362989179e-02 
 1.583999999999996e-07  4.447287229831653e-02 
 1.584999999999996e-07  4.203123141978860e-02 
 1.585999999999996e-07  3.942350492617930e-02 
 1.586999999999996e-07  3.665997146977551e-02 
 1.587999999999996e-07  3.375152276695026e-02 
 1.588999999999997e-07  3.070963884036670e-02 
 1.589999999999997e-07  2.754632841184201e-02 
 1.590999999999997e-07  2.427409260816393e-02 
 1.591999999999997e-07  2.090586646478698e-02 
 1.592999999999997e-07  1.745497342463143e-02 
 1.593999999999997e-07  1.393506739102657e-02 
 1.594999999999997e-07  1.036008022271284e-02 
 1.595999999999997e-07  6.744164196942792e-03 
 1.596999999999997e-07  3.101634564004030e-03 
 1.597999999999997e-07 -5.530874372436934e-04 
 1.598999999999997e-07 -4.205535000276317e-03 
 1.599999999999997e-07 -7.841236824264408e-03 
 1.600999999999997e-07 -1.144588627659049e-02 
 1.601999999999998e-07 -1.500513694329775e-02 
 1.602999999999998e-07 -1.850498816769619e-02 
 1.603999999999998e-07 -2.193164101044864e-02 
 1.604999999999998e-07 -2.527144980208007e-02 
 1.605999999999998e-07 -2.851136781895081e-02 
 1.606999999999998e-07 -3.163847852222190e-02 
 1.607999999999998e-07 -3.464057604209914e-02 
 1.608999999999998e-07 -3.750573529063139e-02 
 1.609999999999998e-07 -4.022275394313324e-02 
 1.610999999999998e-07 -4.278089040003086e-02 
 1.611999999999998e-07 -4.517012178343816e-02 
 1.612999999999998e-07 -4.738104482275118e-02 
 1.613999999999998e-07 -4.940498034824015e-02 
 1.614999999999999e-07 -5.123399321086097e-02 
 1.615999999999999e-07 -5.286089027123086e-02 
 1.616999999999999e-07 -5.427931286569931e-02 
 1.617999999999999e-07 -5.548367029612478e-02 
 1.618999999999999e-07 -5.646926758465032e-02 
 1.619999999999999e-07 -5.723220576580657e-02 
 1.620999999999999e-07 -5.776951874434433e-02 
 1.621999999999999e-07 -5.807906126020868e-02 
 1.622999999999999e-07 -5.815963820939052e-02 
 1.623999999999999e-07 -5.801089285333116e-02 
 1.624999999999999e-07 -5.763341909719610e-02 
 1.625999999999999e-07 -5.702865654834222e-02 
 1.626999999999999e-07 -5.619898117419875e-02 
 1.627999999999999e-07 -5.514760988097889e-02 
 1.629000000000000e-07 -5.387866814314957e-02 
 1.630000000000000e-07 -5.239710432410805e-02 
 1.631000000000000e-07 -5.070873482700322e-02 
 1.632000000000000e-07 -4.882016705202052e-02 
 1.633000000000000e-07 -4.673882362781701e-02 
 1.634000000000000e-07 -4.447287229834451e-02 
 1.635000000000000e-07 -4.203123142211562e-02 
 1.636000000000000e-07 -3.942350492773228e-02 
 1.637000000000000e-07 -3.665997147005839e-02 
 1.638000000000000e-07 -3.375152277012283e-02 
 1.639000000000000e-07 -3.070963884612898e-02 
 1.640000000000000e-07 -2.754632841747373e-02 
 1.641000000000000e-07 -2.427409261508418e-02 
 1.642000000000001e-07 -2.090586647112302e-02 
 1.643000000000001e-07 -1.745497342708768e-02 
 1.644000000000001e-07 -1.393506738955597e-02 
 1.645000000000001e-07 -1.036008022052792e-02 
 1.646000000000001e-07 -6.744164195716218e-03 
 1.647000000000001e-07 -3.101634565389144e-03 
 1.648000000000001e-07  5.530874336183711e-04 
 1.649000000000001e-07  4.205534994925486e-03 
 1.650000000000001e-07  7.841236820027797e-03 
 1.651000000000001e-07  1.144588627443999e-02 
 1.652000000000001e-07  1.500513694293737e-02 
 1.653000000000001e-07  1.850498816996082e-02 
 1.654000000000001e-07  2.193164101148959e-02 
 1.655000000000002e-07  2.527144980186802e-02 
 1.656000000000002e-07  2.851136781645724e-02 
 1.657000000000002e-07  3.163847851727875e-02 
 1.658000000000002e-07  3.464057603831083e-02 
 1.659000000000002e-07  3.750573528816559e-02 
 1.660000000000002e-07  4.022275394159758e-02 
 1.661000000000002e-07  4.278089040045918e-02 
 1.662000000000002e-07  4.517012178377811e-02 
 1.663000000000002e-07  4.738104482046834e-02 
 1.664000000000002e-07  4.940498034464036e-02 
 1.665000000000002e-07  5.123399320855571e-02 
 1.666000000000002e-07  5.286089027115781e-02 
 1.667000000000002e-07  5.427931286626819e-02 
 1.668000000000002e-07  5.548367029494083e-02 
 1.669000000000003e-07  5.646926758162429e-02 
 1.670000000000003e-07  5.723220576067889e-02 
 1.671000000000003e-07  5.776951873841063e-02 
 1.672000000000003e-07  5.807906125374784e-02 
 1.673000000000003e-07  5.815963820353276e-02 
 1.674000000000003e-07  5.801089284790018e-02 
 1.675000000000003e-07  5.763341909284514e-02 
 1.676000000000003e-07  5.702865654559797e-02 
 1.677000000000003e-07  5.619898117282540e-02 
 1.678000000000003e-07  5.514760988299106e-02 
 1.679000000000003e-07  5.387866814629128e-02 
 1.680000000000003e-07  5.239710432676303e-02 
 1.681000000000003e-07  5.070873482994265e-02 
 1.682000000000004e-07  4.882016705522685e-02 
 1.683000000000004e-07  4.673882363058923e-02 
 1.684000000000004e-07  4.447287230002805e-02 
 1.685000000000004e-07  4.203123142329468e-02 
 1.686000000000004e-07  3.942350493093549e-02 
 1.687000000000004e-07  3.665997147282285e-02 
 1.688000000000004e-07  3.375152276835336e-02 
 1.689000000000004e-07  3.070963884290512e-02 
 1.690000000000004e-07  2.754632841474858e-02 
 1.691000000000004e-07  2.427409261062885e-02 
 1.692000000000004e-07  2.090586646575776e-02 
 1.693000000000004e-07  1.745497342412539e-02 
 1.694000000000004e-07  1.393506738948558e-02 
 1.695000000000005e-07  1.036008022255319e-02 
 1.696000000000005e-07  6.744164197175717e-03 
 1.697000000000005e-07  3.101634563672295e-03 
 1.698000000000005e-07 -5.530874381787232e-04 
 1.699000000000005e-07 -4.205535000017413e-03 
 1.700000000000005e-07 -7.841236823369790e-03 
 1.701000000000005e-07 -1.144588627568033e-02 
 1.702000000000005e-07 -1.500513694245154e-02 
 1.703000000000005e-07 -1.850498816861901e-02 
 1.704000000000005e-07 -2.193164101080725e-02 
 1.705000000000005e-07 -2.527144980198637e-02 
 1.706000000000005e-07 -2.851136781868324e-02 
 1.707000000000005e-07 -3.163847852208446e-02 
 1.708000000000006e-07 -3.464057604090387e-02 
 1.709000000000006e-07 -3.750573528881196e-02 
 1.710000000000006e-07 -4.022275394202657e-02 
 1.711000000000006e-07 -4.278089039916377e-02 
 1.712000000000006e-07 -4.517012178211965e-02 
 1.713000000000006e-07 -4.738104482118777e-02 
 1.714000000000006e-07 -4.940498034786045e-02 
 1.715000000000006e-07 -5.123399321003475e-02 
 1.716000000000006e-07 -5.286089026951024e-02 
 1.717000000000006e-07 -5.427931286288423e-02 
 1.718000000000006e-07 -5.548367029416079e-02 
 1.719000000000006e-07 -5.646926758514903e-02 
 1.720000000000006e-07 -5.723220576814314e-02 
 1.721000000000006e-07 -5.776951874564040e-02 
 1.722000000000007e-07 -5.807906125936113e-02 
 1.723000000000007e-07 -5.815963820770542e-02 
 1.724000000000007e-07 -5.801089285049166e-02 
 1.725000000000007e-07 -5.763341909310982e-02 
 1.726000000000007e-07 -5.702865654600675e-02 
 1.727000000000007e-07 -5.619898117421251e-02 
 1.728000000000007e-07 -5.514760988140299e-02 
 1.729000000000007e-07 -5.387866814194142e-02 
 1.730000000000007e-07 -5.239710432089195e-02 
 1.731000000000007e-07 -5.070873482508254e-02 
 1.732000000000007e-07 -4.882016705149628e-02 
 1.733000000000007e-07 -4.673882362725967e-02 
 1.734000000000007e-07 -4.447287229751229e-02 
 1.735000000000008e-07 -4.203123142134357e-02 
 1.736000000000008e-07 -3.942350492923796e-02 
 1.737000000000008e-07 -3.665997147270872e-02 
 1.738000000000008e-07 -3.375152277250582e-02 
 1.739000000000008e-07 -3.070963884702937e-02 
 1.740000000000008e-07 -2.754632841649074e-02 
 1.741000000000008e-07 -2.427409261272828e-02 
 1.742000000000008e-07 -2.090586646856196e-02 
 1.743000000000008e-07 -1.745497342586799e-02 
 1.744000000000008e-07 -1.393506739049943e-02 
 1.745000000000008e-07 -1.036008022332391e-02 
 1.746000000000008e-07 -6.744164197786118e-03 
 1.747000000000008e-07 -3.101634565248590e-03 
 1.748000000000009e-07  5.530874358132820e-04 
 1.749000000000009e-07  4.205534997710147e-03 
 1.750000000000009e-07  7.841236821032105e-03 
 1.751000000000009e-07  1.144588627350585e-02 
 1.752000000000009e-07  1.500513694214800e-02 
 1.753000000000009e-07  1.850498817006407e-02 
 1.754000000000009e-07  2.193164101151224e-02 
 1.755000000000009e-07  2.527144980230944e-02 
 1.756000000000009e-07  2.851136781785657e-02 
 1.757000000000009e-07  3.163847851887436e-02 
 1.758000000000009e-07  3.464057603938553e-02 
 1.759000000000009e-07  3.750573528860190e-02 
 1.760000000000009e-07  4.022275394101094e-02 
 1.761000000000009e-07  4.278089039771427e-02 
 1.762000000000010e-07  4.517012178098612e-02 
 1.763000000000010e-07  4.738104481992034e-02 
 1.764000000000010e-07  4.940498034550944e-02 
 1.765000000000010e-07  5.123399321071642e-02 
 1.766000000000010e-07  5.286089027293106e-02 
 1.767000000000010e-07  5.427931286576837e-02 
 1.768000000000010e-07  5.548367029533674e-02 
 1.769000000000010e-07  5.646926758395265e-02 
 1.770000000000010e-07  5.723220576474786e-02 
 1.771000000000010e-07  5.776951874057290e-02 
 1.772000000000010e-07  5.807906125532480e-02 
 1.773000000000010e-07  5.815963820409142e-02 
 1.774000000000010e-07  5.801089284742345e-02 
 1.775000000000011e-07  5.763341909275965e-02 
 1.776000000000011e-07  5.702865654546962e-02 
 1.777000000000011e-07  5.619898117441302e-02 
 1.778000000000011e-07  5.514760988386058e-02 
 1.779000000000011e-07  5.387866814644138e-02 
 1.780000000000011e-07  5.239710432564659e-02 
 1.781000000000011e-07  5.070873482791716e-02 
 1.782000000000011e-07  4.882016705135572e-02 
 1.783000000000011e-07  4.673882362580417e-02 
 1.784000000000011e-07  4.447287229512997e-02 
 1.785000000000011e-07  4.203123141706744e-02 
 1.786000000000011e-07  3.942350492503777e-02 
 1.787000000000011e-07  3.665997146751132e-02 
 1.788000000000012e-07  3.375152276534998e-02 
 1.789000000000012e-07  3.070963884143918e-02 
 1.790000000000012e-07  2.754632841261695e-02 
 1.791000000000012e-07  2.427409260734925e-02 
 1.792000000000012e-07  2.090586646266046e-02 
 1.793000000000012e-07  1.745497342264479e-02 
 1.794000000000012e-07  1.393506738912986e-02 
 1.795000000000012e-07  1.036008022183377e-02 
 1.796000000000012e-07  6.744164195793934e-03 
 1.797000000000012e-07  3.101634561745170e-03 
 1.798000000000012e-07 -5.530874410317743e-04 
 1.799000000000012e-07 -4.205535002649308e-03 
 1.800000000000012e-07 -7.841236825159692e-03 
 1.801000000000012e-07 -1.144588627585663e-02 
 1.802000000000013e-07 -1.500513694261718e-02 
 1.803000000000013e-07 -1.850498817012469e-02 
 1.804000000000013e-07 -2.193164101328549e-02 
 1.805000000000013e-07 -2.527144980476614e-02 
 1.806000000000013e-07 -2.851136781888197e-02 
 1.807000000000013e-07 -3.163847851945745e-02 
 1.808000000000013e-07 -3.464057603801107e-02 
 1.809000000000013e-07 -3.750573528686885e-02 
 1.810000000000013e-07 -4.022275394159203e-02 
 1.811000000000013e-07 -4.278089040081001e-02 
 1.812000000000013e-07 -4.517012178414515e-02 
 1.813000000000013e-07 -4.738104482303984e-02 
 1.814000000000013e-07 -4.940498034960950e-02 
 1.815000000000014e-07 -5.123399321180599e-02 
 1.816000000000014e-07 -5.286089027062379e-02 
 1.817000000000014e-07 -5.427931286393273e-02 
 1.818000000000014e-07 -5.548367029600687e-02 
 1.819000000000014e-07 -5.646926758670179e-02 
 1.820000000000014e-07 -5.723220576730537e-02 
 1.821000000000014e-07 -5.776951874417202e-02 
 1.822000000000014e-07 -5.807906125720308e-02 
 1.823000000000014e-07 -5.815963820584047e-02 
 1.824000000000014e-07 -5.801089284923422e-02 
 1.825000000000014e-07 -5.763341909354636e-02 
 1.826000000000014e-07 -5.702865654539035e-02 
 1.827000000000014e-07 -5.619898117399558e-02 
 1.828000000000015e-07 -5.514760988189571e-02 
 1.829000000000015e-07 -5.387866814255537e-02 
 1.830000000000015e-07 -5.239710432222044e-02 
 1.831000000000015e-07 -5.070873482512939e-02 
 1.832000000000015e-07 -4.882016705174319e-02 
 1.833000000000015e-07 -4.673882362910242e-02 
 1.834000000000015e-07 -4.447287230061292e-02 
 1.835000000000015e-07 -4.203123142247778e-02 
 1.836000000000015e-07 -3.942350492878099e-02 
 1.837000000000015e-07 -3.665997147306044e-02 
 1.838000000000015e-07 -3.375152277235749e-02 
 1.839000000000015e-07 -3.070963884738886e-02 
 1.840000000000015e-07 -2.754632841648696e-02 
 1.841000000000015e-07 -2.427409261101698e-02 
 1.842000000000016e-07 -2.090586646709336e-02 
 1.843000000000016e-07 -1.745497342438895e-02 
 1.844000000000016e-07 -1.393506738942807e-02 
 1.845000000000016e-07 -1.036008022058033e-02 
 1.846000000000016e-07 -6.744164196417435e-03 
 1.847000000000016e-07 -3.101634564570688e-03 
 1.848000000000016e-07  5.530874365233807e-04 
 1.849000000000016e-07  4.205534997992366e-03 
 1.850000000000016e-07  7.841236822607511e-03 
 1.851000000000016e-07  1.144588627639953e-02 
 1.852000000000016e-07  1.500513694245909e-02 
 1.853000000000016e-07  1.850498816790691e-02 
 1.854000000000016e-07  2.193164100876155e-02 
 1.855000000000017e-07  2.527144979913443e-02 
 1.856000000000017e-07  2.851136781474262e-02 
 1.857000000000017e-07  3.163847851771440e-02 
 1.858000000000017e-07  3.464057603852821e-02 
 1.859000000000017e-07  3.750573528677936e-02 
 1.860000000000017e-07  4.022275394026065e-02 
 1.861000000000017e-07  4.278089039846833e-02 
 1.862000000000017e-07  4.517012178109603e-02 
 1.863000000000017e-07  4.738104481931282e-02 
 1.864000000000017e-07  4.940498034422913e-02 
 1.865000000000017e-07  5.123399320934618e-02 
 1.866000000000017e-07  5.286089027285601e-02 
 1.867000000000017e-07  5.427931286722143e-02 
 1.868000000000018e-07  5.548367029604884e-02 
 1.869000000000018e-07  5.646926758408699e-02 
 1.870000000000018e-07  5.723220576534360e-02 
 1.871000000000018e-07  5.776951874035063e-02 
 1.872000000000018e-07  5.807906125358286e-02 
 1.873000000000018e-07  5.815963820172554e-02 
 1.874000000000018e-07  5.801089284602368e-02 
 1.875000000000018e-07  5.763341909239883e-02 
 1.876000000000018e-07  5.702865654438982e-02 
 1.877000000000018e-07  5.619898117164346e-02 
 1.878000000000018e-07  5.514760988090583e-02 
 1.879000000000018e-07  5.387866814527031e-02 
 1.880000000000018e-07  5.239710432722600e-02 
 1.881000000000018e-07  5.070873482932003e-02 
 1.882000000000019e-07  4.882016705273107e-02 
 1.883000000000019e-07  4.673882362692217e-02 
 1.884000000000019e-07  4.447287229633345e-02 
 1.885000000000019e-07  4.203123141966159e-02 
 1.886000000000019e-07  3.942350492690783e-02 
 1.887000000000019e-07  3.665997146898170e-02 
 1.888000000000019e-07  3.375152276433036e-02 
 1.889000000000019e-07  3.070963883855282e-02 
 1.890000000000019e-07  2.754632841070714e-02 
 1.891000000000019e-07  2.427409260705615e-02 
 1.892000000000019e-07  2.090586646310455e-02 
 1.893000000000019e-07  1.745497342376723e-02 
 1.894000000000019e-07  1.393506738984884e-02 
 1.895000000000020e-07  1.036008022298462e-02 
 1.896000000000020e-07  6.744164198015934e-03 
 1.897000000000020e-07  3.101634563549727e-03 
 1.898000000000020e-07 -5.530874392021268e-04 
 1.899000000000020e-07 -4.205535002341776e-03 
 1.900000000000020e-07 -7.841236827098363e-03 
 1.901000000000020e-07 -1.144588627983234e-02 
 1.902000000000020e-07 -1.500513694561167e-02 
 1.903000000000020e-07 -1.850498817202095e-02 
 1.904000000000020e-07 -2.193164101545464e-02 
 1.905000000000020e-07 -2.527144980702412e-02 
 1.906000000000020e-07 -2.851136782161445e-02 
 1.907000000000020e-07 -3.163847852101687e-02 
 1.908000000000021e-07 -3.464057603824489e-02 
 1.909000000000021e-07 -3.750573528701895e-02 
 1.910000000000021e-07 -4.022275394148989e-02 
 1.911000000000021e-07 -4.278089039957433e-02 
 1.912000000000021e-07 -4.517012178223112e-02 
 1.913000000000021e-07 -4.738104482081162e-02 
 1.914000000000021e-07 -4.940498034772967e-02 
 1.915000000000021e-07 -5.123399321143718e-02 
 1.916000000000021e-07 -5.286089027171714e-02 
 1.917000000000021e-07 -5.427931286532051e-02 
 1.918000000000021e-07 -5.548367029693102e-02 
 1.919000000000021e-07 -5.646926758705062e-02 
 1.920000000000021e-07 -5.723220576830745e-02 
 1.921000000000022e-07 -5.776951874585756e-02 
 1.922000000000022e-07 -5.807906126020090e-02 
 1.923000000000022e-07 -5.815963820964676e-02 
 1.924000000000022e-07 -5.801089285312377e-02 
 1.925000000000022e-07 -5.763341909706443e-02 
 1.926000000000022e-07 -5.702865654984524e-02 
 1.927000000000022e-07 -5.619898117476674e-02 
 1.928000000000022e-07 -5.514760988001965e-02 
 1.929000000000022e-07 -5.387866814116382e-02 
 1.930000000000022e-07 -5.239710432211941e-02 
 1.931000000000022e-07 -5.070873482556615e-02 
 1.932000000000022e-07 -4.882016705315095e-02 
 1.933000000000022e-07 -4.673882363144122e-02 
 1.934000000000022e-07 -4.447287230169028e-02 
 1.935000000000023e-07 -4.203123142597565e-02 
 1.936000000000023e-07 -3.942350493343727e-02 
 1.937000000000023e-07 -3.665997147661360e-02 
 1.938000000000023e-07 -3.375152277588889e-02 
 1.939000000000023e-07 -3.070963885027966e-02 
 1.940000000000023e-07 -2.754632842020999e-02 
 1.941000000000023e-07 -2.427409261581270e-02 
 1.942000000000023e-07 -2.090586647054593e-02 
 1.943000000000023e-07 -1.745497342697888e-02 
 1.944000000000023e-07 -1.393506738972183e-02 
 1.945000000000023e-07 -1.036008022222745e-02 
 1.946000000000023e-07 -6.744164197918678e-03 
 1.947000000000023e-07 -3.101634566263556e-03 
 1.948000000000024e-07  5.530874352075443e-04 
 1.949000000000024e-07  4.205534998449334e-03 
 1.950000000000024e-07  7.841236820967712e-03 
 1.951000000000024e-07  1.144588627304399e-02 
 1.952000000000024e-07  1.500513693993488e-02 
 1.953000000000024e-07  1.850498816616497e-02 
 1.954000000000024e-07  2.193164100822287e-02 
 1.955000000000024e-07  2.527144979995399e-02 
 1.956000000000024e-07  2.851136781487451e-02 
 1.957000000000024e-07  3.163847851762736e-02 
 1.958000000000024e-07  3.464057603969328e-02 
 1.959000000000024e-07  3.750573528989221e-02 
 1.960000000000024e-07  4.022275394423147e-02 
 1.961000000000025e-07  4.278089040158450e-02 
 1.962000000000025e-07  4.517012178536750e-02 
 1.963000000000025e-07  4.738104482283134e-02 
 1.964000000000025e-07  4.940498034703245e-02 
 1.965000000000025e-07  5.123399321127686e-02 
 1.966000000000025e-07  5.286089027425289e-02 
 1.967000000000025e-07  5.427931286706400e-02 
 1.968000000000025e-07  5.548367029638590e-02 
 1.969000000000025e-07  5.646926758473869e-02 
 1.970000000000025e-07  5.723220576354171e-02 
 1.971000000000025e-07  5.776951874041458e-02 
 1.972000000000025e-07  5.807906125376339e-02 
 1.973000000000025e-07  5.815963820208681e-02 
 1.974000000000025e-07  5.801089284687122e-02 
 1.975000000000026e-07  5.763341909226294e-02 
 1.976000000000026e-07  5.702865654645350e-02 
 1.977000000000026e-07  5.619898117438704e-02 
 1.978000000000026e-07  5.514760988237022e-02 
 1.979000000000026e-07  5.387866814492104e-02 
 1.980000000000026e-07  5.239710432633871e-02 
 1.981000000000026e-07  5.070873482943616e-02 
 1.982000000000026e-07  4.882016705315517e-02 
 1.983000000000026e-07  4.673882362718018e-02 
 1.984000000000026e-07  4.447287229785157e-02 
 1.985000000000026e-07  4.203123142157561e-02 
 1.986000000000026e-07  3.942350492826296e-02 
 1.987000000000026e-07  3.665997147008460e-02 
 1.988000000000027e-07  3.375152276644022e-02 
 1.989000000000027e-07  3.070963884131173e-02 
 1.990000000000027e-07  2.754632841293003e-02 
 1.991000000000027e-07  2.427409260853719e-02 
 1.992000000000027e-07  2.090586646399251e-02 
 1.993000000000027e-07  1.745497342246694e-02 
 1.994000000000027e-07  1.393506738889894e-02 
 1.995000000000027e-07  1.036008022179891e-02 
 1.996000000000027e-07  6.744164197269420e-03 
 1.997000000000027e-07  3.101634564013800e-03 
 1.998000000000027e-07 -5.530874387109641e-04 
 1.999000000000027e-07 -4.205535001614358e-03 
 2.000000000000027e-07 -7.841236825595566e-03 
 2.001000000000028e-07 -1.144588627976306e-02 
 2.002000000000028e-07 -1.500513694714334e-02 
 2.003000000000028e-07 -1.850498817308921e-02 
 2.004000000000028e-07 -2.193164101545042e-02 
 2.005000000000028e-07 -2.527144980565121e-02 
 2.006000000000028e-07 -2.851136782019692e-02 
 2.007000000000028e-07 -3.163847852029456e-02 
 2.008000000000028e-07 -3.464057603669923e-02 
 2.009000000000028e-07 -3.750573528482049e-02 
 2.010000000000028e-07 -4.022275393981256e-02 
 2.011000000000028e-07 -4.278089039930100e-02 
 2.012000000000028e-07 -4.517012178111646e-02 
 2.013000000000028e-07 -4.738104481775407e-02 
 2.014000000000028e-07 -4.940498034319574e-02 
 2.015000000000029e-07 -5.123399320671629e-02 
 2.016000000000029e-07 -5.286089026677021e-02 
 2.017000000000029e-07 -5.427931286008425e-02 
 2.018000000000029e-07 -5.548367029090784e-02 
 2.019000000000029e-07 -5.646926757984949e-02 
 2.020000000000029e-07 -5.723220576249166e-02 
 2.021000000000029e-07 -5.776951874191227e-02 
 2.022000000000029e-07 -5.807906125896989e-02 
 2.023000000000029e-07 -5.815963820890468e-02 
 2.024000000000029e-07 -5.801089285321925e-02 
 2.025000000000029e-07 -5.763341909801301e-02 
 2.026000000000029e-07 -5.702865655129319e-02 
 2.027000000000029e-07 -5.619898117948896e-02 
 2.028000000000030e-07 -5.514760988459888e-02 
 2.029000000000030e-07 -5.387866814371134e-02 
 2.030000000000030e-07 -5.239710432251221e-02 
 2.031000000000030e-07 -5.070873482577287e-02 
 2.032000000000030e-07 -4.882016705164749e-02 
 2.033000000000030e-07 -4.673882362936421e-02 
 2.034000000000030e-07 -4.447287230094732e-02 
 2.035000000000030e-07 -4.203123142364484e-02 
 2.036000000000030e-07 -3.942350492999092e-02 
 2.037000000000030e-07 -3.665997147343325e-02 
 2.038000000000030e-07 -3.375152277227156e-02 
 2.039000000000030e-07 -3.070963884677869e-02 
 2.040000000000030e-07 -2.754632841485982e-02 
 2.041000000000031e-07 -2.427409261214342e-02 
 2.042000000000031e-07 -2.090586646849824e-02 
 2.043000000000031e-07 -1.745497342523583e-02 
 2.044000000000031e-07 -1.393506738939898e-02 
 2.045000000000031e-07 -1.036008022007939e-02 
 2.046000000000031e-07 -6.744164194266489e-03 
 2.047000000000031e-07 -3.101634561028632e-03 
 2.048000000000031e-07  5.530874389156892e-04 
 2.049000000000031e-07  4.205535000841198e-03 
 2.050000000000031e-07  7.841236824511544e-03 
 2.051000000000031e-07  1.144588627674681e-02 
 2.052000000000031e-07  1.500513694267314e-02 
 2.053000000000031e-07  1.850498816911061e-02 
 2.054000000000031e-07  2.193164101104905e-02 
 2.055000000000032e-07  2.527144980293716e-02 
 2.056000000000032e-07  2.851136781730568e-02 
 2.057000000000032e-07  3.163847851811918e-02 
 2.058000000000032e-07  3.464057603918191e-02 
 2.059000000000032e-07  3.750573529033918e-02 
 2.060000000000032e-07  4.022275394232588e-02 
 2.061000000000032e-07  4.278089039958122e-02 
 2.062000000000032e-07  4.517012178172530e-02 
 2.063000000000032e-07  4.738104482028249e-02 
 2.064000000000032e-07  4.940498034511887e-02 
 2.065000000000032e-07  5.123399320924138e-02 
 2.066000000000032e-07  5.286089027028229e-02 
 2.067000000000032e-07  5.427931286503340e-02 
 2.068000000000033e-07  5.548367029585055e-02 
 2.069000000000033e-07  5.646926758349324e-02 
 2.070000000000033e-07  5.723220576317245e-02 
 2.071000000000033e-07  5.776951874026093e-02 
 2.072000000000033e-07  5.807906125406936e-02 
 2.073000000000033e-07  5.815963820287307e-02 
 2.074000000000033e-07  5.801089284644401e-02 
 2.075000000000033e-07  5.763341909227027e-02 
 2.076000000000033e-07  5.702865654493894e-02 
 2.077000000000033e-07  5.619898117373556e-02 
 2.078000000000033e-07  5.514760988255762e-02 
 2.079000000000033e-07  5.387866814611075e-02 
 2.080000000000033e-07  5.239710432588840e-02 
 2.081000000000034e-07  5.070873482934601e-02 
 2.082000000000034e-07  4.882016705320291e-02 
 2.083000000000034e-07  4.673882362853266e-02 
 2.084000000000034e-07  4.447287229731711e-02 
 2.085000000000034e-07  4.203123141841769e-02 
 2.086000000000034e-07  3.942350492480018e-02 
 2.087000000000034e-07  3.665997146562683e-02 
 2.088000000000034e-07  3.375152276029514e-02 
 2.089000000000034e-07  3.070963883654376e-02 
 2.090000000000034e-07  2.754632840911886e-02 
 2.091000000000034e-07  2.427409260461433e-02 
 2.092000000000034e-07  2.090586645935089e-02 
 2.093000000000034e-07  1.745497341874724e-02 
 2.094000000000035e-07  1.393506738515082e-02 
 2.095000000000035e-07  1.036008021906154e-02 
 2.096000000000035e-07  6.744164194178559e-03 
 2.097000000000035e-07  3.101634560576549e-03 
 2.098000000000035e-07 -5.530874400685448e-04 
 2.099000000000035e-07 -4.205535000996186e-03 
 2.100000000000035e-07 -7.841236824133180e-03 
 2.101000000000035e-07 -1.144588627689291e-02 
 2.102000000000035e-07 -1.500513694521732e-02 
 2.103000000000035e-07 -1.850498817170587e-02 
 2.104000000000035e-07 -2.193164101435263e-02 
 2.105000000000035e-07 -2.527144980679896e-02 
 2.106000000000035e-07 -2.851136782129204e-02 
 2.107000000000035e-07 -3.163847852185997e-02 
 2.108000000000036e-07 -3.464057604062054e-02 
 2.109000000000036e-07 -3.750573528810230e-02 
 2.110000000000036e-07 -4.022275394178210e-02 
 2.111000000000036e-07 -4.278089039892130e-02 
 2.112000000000036e-07 -4.517012178184476e-02 
 2.113000000000036e-07 -4.738104482107897e-02 
 2.114000000000036e-07 -4.940498034866847e-02 
 2.115000000000036e-07 -5.123399321258826e-02 
 2.116000000000036e-07 -5.286089027170870e-02 
 2.117000000000036e-07 -5.427931286517129e-02 
 2.118000000000036e-07 -5.548367029584922e-02 
 2.119000000000036e-07 -5.646926758438742e-02 
 2.120000000000036e-07 -5.723220576478116e-02 
 2.121000000000037e-07 -5.776951874255687e-02 
 2.122000000000037e-07 -5.807906125891660e-02 
 2.123000000000037e-07 -5.815963820850722e-02 
 2.124000000000037e-07 -5.801089285241146e-02 
 2.125000000000037e-07 -5.763341909550923e-02 
 2.126000000000037e-07 -5.702865654718647e-02 
 2.127000000000037e-07 -5.619898117560251e-02 
 2.128000000000037e-07 -5.514760988312650e-02 
 2.129000000000037e-07 -5.387866814273679e-02 
 2.130000000000037e-07 -5.239710432169353e-02 
 2.131000000000037e-07 -5.070873482387528e-02 
 2.132000000000037e-07 -4.882016704940928e-02 
 2.133000000000037e-07 -4.673882362618587e-02 
 2.134000000000038e-07 -4.447287229627528e-02 
 2.135000000000038e-07 -4.203123141954634e-02 
 2.136000000000038e-07 -3.942350492615043e-02 
 2.137000000000038e-07 -3.665997146917643e-02 
 2.138000000000038e-07 -3.375152276869464e-02 
 2.139000000000038e-07 -3.070963884408506e-02 
 2.140000000000038e-07 -2.754632841337745e-02 
 2.141000000000038e-07 -2.427409260835001e-02 
 2.142000000000038e-07 -2.090586646310344e-02 
 2.143000000000038e-07 -1.745497342081048e-02 
 2.144000000000038e-07 -1.393506738521388e-02 
 2.145000000000038e-07 -1.036008021935109e-02 
 2.146000000000038e-07 -6.744164195596980e-03 
 2.147000000000038e-07 -3.101634563039024e-03 
 2.148000000000039e-07  5.530874373049777e-04 
 2.149000000000039e-07  4.205534998109606e-03 
 2.150000000000039e-07  7.841236821703124e-03 
 2.151000000000039e-07  1.144588627273135e-02 
 2.152000000000039e-07  1.500513693957917e-02 
 2.153000000000039e-07  1.850498816698520e-02 
 2.154000000000039e-07  2.193164100960354e-02 
 2.155000000000039e-07  2.527144980025975e-02 
 2.156000000000039e-07  2.851136781662555e-02 
 2.157000000000039e-07  3.163847851866275e-02 
 2.158000000000039e-07  3.464057603941018e-02 
 2.159000000000039e-07  3.750573528859080e-02 
 2.160000000000039e-07  4.022275394041541e-02 
 2.161000000000040e-07  4.278089039752997e-02 
 2.162000000000040e-07  4.517012178122704e-02 
 2.163000000000040e-07  4.738104481909033e-02 
 2.164000000000040e-07  4.940498034471474e-02 
 2.165000000000040e-07  5.123399320926225e-02 
 2.166000000000040e-07  5.286089027166918e-02 
 2.167000000000040e-07  5.427931286497256e-02 
 2.168000000000040e-07  5.548367029425672e-02 
 2.169000000000040e-07  5.646926758120063e-02 
 2.170000000000040e-07  5.723220576077415e-02 
 2.171000000000040e-07  5.776951873638070e-02 
 2.172000000000040e-07  5.807906125056128e-02 
 2.173000000000040e-07  5.815963820163650e-02 
 2.174000000000041e-07  5.801089284734928e-02 
 2.175000000000041e-07  5.763341909353326e-02 
 2.176000000000041e-07  5.702865654593214e-02 
 2.177000000000041e-07  5.619898117517552e-02 
 2.178000000000041e-07  5.514760988333167e-02 
 2.179000000000041e-07  5.387866814488329e-02 
 2.180000000000041e-07  5.239710432512767e-02 
 2.181000000000041e-07  5.070873482781302e-02 
 2.182000000000041e-07  4.882016705231740e-02 
 2.183000000000041e-07  4.673882362701365e-02 
 2.184000000000041e-07  4.447287229294128e-02 
 2.185000000000041e-07  4.203123141605558e-02 
 2.186000000000041e-07  3.942350492344326e-02 
 2.187000000000041e-07  3.665997146458966e-02 
 2.188000000000042e-07  3.375152276176907e-02 
 2.189000000000042e-07  3.070963883838473e-02 
 2.190000000000042e-07  2.754632841033455e-02 
 2.191000000000042e-07  2.427409260570634e-02 
 2.192000000000042e-07  2.090586645989312e-02 
 2.193000000000042e-07  1.745497341950397e-02 
 2.194000000000042e-07  1.393506738698935e-02 
 2.195000000000042e-07  1.036008022221058e-02 
 2.196000000000042e-07  6.744164196880398e-03 
 2.197000000000042e-07  3.101634563421385e-03 
 2.198000000000042e-07 -5.530874389521045e-04 
 2.199000000000042e-07 -4.205535001234217e-03 
 2.200000000000042e-07 -7.841236823825870e-03 
 2.201000000000043e-07 -1.144588627554555e-02 
 2.202000000000043e-07 -1.500513694075556e-02 
 2.203000000000043e-07 -1.850498816583634e-02 
 2.204000000000043e-07 -2.193164100739908e-02 
 2.205000000000043e-07 -2.527144979994667e-02 
 2.206000000000043e-07 -2.851136781480790e-02 
 2.207000000000043e-07 -3.163847851653623e-02 
 2.208000000000043e-07 -3.464057603647053e-02 
 2.209000000000043e-07 -3.750573528786272e-02 
 2.210000000000043e-07 -4.022275394244446e-02 
 2.211000000000043e-07 -4.278089039990496e-02 
 2.212000000000043e-07 -4.517012178271274e-02 
 2.213000000000043e-07 -4.738104482176309e-02 
 2.214000000000044e-07 -4.940498034920515e-02 
 2.215000000000044e-07 -5.123399321275257e-02 
 2.216000000000044e-07 -5.286089027215901e-02 
 2.217000000000044e-07 -5.427931286605125e-02 
 2.218000000000044e-07 -5.548367029656931e-02 
 2.219000000000044e-07 -5.646926758520276e-02 
 2.220000000000044e-07 -5.723220576399024e-02 
 2.221000000000044e-07 -5.776951874106051e-02 
 2.222000000000044e-07 -5.807906125535367e-02 
 2.223000000000044e-07 -5.815963820610426e-02 
 2.224000000000044e-07 -5.801089285136207e-02 
 2.225000000000044e-07 -5.763341909485176e-02 
 2.226000000000044e-07 -5.702865654716893e-02 
 2.227000000000044e-07 -5.619898117562827e-02 
 2.228000000000045e-07 -5.514760988250300e-02 
 2.229000000000045e-07 -5.387866814235220e-02 
 2.230000000000045e-07 -5.239710432277978e-02 
 2.231000000000045e-07 -5.070873482663796e-02 
 2.232000000000045e-07 -4.882016705339431e-02 
 2.233000000000045e-07 -4.673882362901249e-02 
 2.234000000000045e-07 -4.447287229911789e-02 
 2.235000000000045e-07 -4.203123142157517e-02 
 2.236000000000045e-07 -3.942350492767432e-02 
 2.237000000000045e-07 -3.665997147015032e-02 
 2.238000000000045e-07 -3.375152277020743e-02 
 2.239000000000045e-07 -3.070963884593425e-02 
 2.240000000000045e-07 -2.754632841704963e-02 
 2.241000000000046e-07 -2.427409261468183e-02 
 2.242000000000046e-07 -2.090586646967907e-02 
 2.243000000000046e-07 -1.745497342473490e-02 
 2.244000000000046e-07 -1.393506738751960e-02 
 2.245000000000046e-07 -1.036008021965973e-02 
 2.246000000000046e-07 -6.744164192318713e-03 
 2.247000000000046e-07 -3.101634560181754e-03 
 2.248000000000046e-07  5.530874406640685e-04 
 2.249000000000046e-07  4.205535002971938e-03 
 2.250000000000046e-07  7.841236826310549e-03 
 2.251000000000046e-07  1.144588627838994e-02 
 2.252000000000046e-07  1.500513694452810e-02 
 2.253000000000046e-07  1.850498817081148e-02 
 2.254000000000047e-07  2.193164101267620e-02 
 2.255000000000047e-07  2.527144980404517e-02 
 2.256000000000047e-07  2.851136781877450e-02 
 2.257000000000047e-07  3.163847852020352e-02 
 2.258000000000047e-07  3.464057604035053e-02 
 2.259000000000047e-07  3.750573528829504e-02 
 2.260000000000047e-07  4.022275393951102e-02 
 2.261000000000047e-07  4.278089039826072e-02 
 2.262000000000047e-07  4.517012178185587e-02 
 2.263000000000047e-07  4.738104481873129e-02 
 2.264000000000047e-07  4.940498034342022e-02 
 2.265000000000047e-07  5.123399320813382e-02 
 2.266000000000047e-07  5.286089027093510e-02 
 2.267000000000047e-07  5.427931286620691e-02 
 2.268000000000048e-07  5.548367029631285e-02 
 2.269000000000048e-07  5.646926758458637e-02 
 2.270000000000048e-07  5.723220576365895e-02 
 2.271000000000048e-07  5.776951873985325e-02 
 2.272000000000048e-07  5.807906125387863e-02 
 2.273000000000048e-07  5.815963820364400e-02 
 2.274000000000048e-07  5.801089284742345e-02 
 2.275000000000048e-07  5.763341909209907e-02 
 2.276000000000048e-07  5.702865654516032e-02 
 2.277000000000048e-07  5.619898117264288e-02 
 2.278000000000048e-07  5.514760988149114e-02 
 2.279000000000048e-07  5.387866814321263e-02 
 2.280000000000048e-07  5.239710432306754e-02 
 2.281000000000049e-07  5.070873482593097e-02 
 2.282000000000049e-07  4.882016705017866e-02 
 2.283000000000049e-07  4.673882362526527e-02 
 2.284000000000049e-07  4.447287229472630e-02 
 2.285000000000049e-07  4.203123141810639e-02 
 2.286000000000049e-07  3.942350492385360e-02 
 2.287000000000049e-07  3.665997146529065e-02 
 2.288000000000049e-07  3.375152276271498e-02 
 2.289000000000049e-07  3.070963883996258e-02 
 2.290000000000049e-07  2.754632841084304e-02 
 2.291000000000049e-07  2.427409260671665e-02 
 2.292000000000049e-07  2.090586646203496e-02 
 2.293000000000049e-07  1.745497342242297e-02 
 2.294000000000050e-07  1.393506738916228e-02 
 2.295000000000050e-07  1.036008022135926e-02 
 2.296000000000050e-07  6.744164196836433e-03 
 2.297000000000050e-07  3.101634564505407e-03 
 2.298000000000050e-07 -5.530874349406467e-04 
 2.299000000000050e-07 -4.205534998406257e-03 
 2.300000000000050e-07 -7.841236821811481e-03 
 2.301000000000050e-07 -1.144588627334642e-02 
 2.302000000000050e-07 -1.500513694088879e-02 
 2.303000000000050e-07 -1.850498816637858e-02 
 2.304000000000050e-07 -2.193164100833078e-02 
 2.305000000000050e-07 -2.527144980157381e-02 
 2.306000000000050e-07 -2.851136781821140e-02 
 2.307000000000051e-07 -3.163847851928470e-02 
 2.308000000000051e-07 -3.464057603874648e-02 
 2.309000000000051e-07 -3.750573528795997e-02 
 2.310000000000051e-07 -4.022275394231634e-02 
 2.311000000000051e-07 -4.278089040067945e-02 
 2.312000000000051e-07 -4.517012178366220e-02 
 2.313000000000051e-07 -4.738104482078542e-02 
 2.314000000000051e-07 -4.940498034623575e-02 
 2.315000000000051e-07 -5.123399320892519e-02 
 2.316000000000051e-07 -5.286089026733065e-02 
 2.317000000000051e-07 -5.427931286125109e-02 
 2.318000000000051e-07 -5.548367029424717e-02 
 2.319000000000051e-07 -5.646926758322834e-02 
 2.320000000000051e-07 -5.723220576402599e-02 
 2.321000000000052e-07 -5.776951874213476e-02 
 2.322000000000052e-07 -5.807906125797335e-02 
 2.323000000000052e-07 -5.815963820773984e-02 
 2.324000000000052e-07 -5.801089285233152e-02 
 2.325000000000052e-07 -5.763341909605191e-02 
 2.326000000000052e-07 -5.702865654843192e-02 
 2.327000000000052e-07 -5.619898117638944e-02 
 2.328000000000052e-07 -5.514760988471190e-02 
 2.329000000000052e-07 -5.387866814526077e-02 
 2.330000000000052e-07 -5.239710432449862e-02 
 2.331000000000052e-07 -5.070873482824956e-02 
 2.332000000000052e-07 -4.882016705501524e-02 
 2.333000000000052e-07 -4.673882363072113e-02 
 2.334000000000053e-07 -4.447287230101726e-02 
 2.335000000000053e-07 -4.203123142394882e-02 
 2.336000000000053e-07 -3.942350493044700e-02 
 2.337000000000053e-07 -3.665997147281774e-02 
 2.338000000000053e-07 -3.375152277132010e-02 
 2.339000000000053e-07 -3.070963884673716e-02 
 2.340000000000053e-07 -2.754632841562810e-02 
 2.341000000000053e-07 -2.427409261113134e-02 
 2.342000000000053e-07 -2.090586646584214e-02 
 2.343000000000053e-07 -1.745497342221958e-02 
 2.344000000000053e-07 -1.393506738636008e-02 
 2.345000000000053e-07 -1.036008021951185e-02 
 2.346000000000053e-07 -6.744164195832791e-03 
 2.347000000000054e-07 -3.101634564247391e-03 
 2.348000000000054e-07  5.530874356121096e-04 
 2.349000000000054e-07  4.205534995783022e-03 
 2.350000000000054e-07  7.841236819671416e-03 
 2.351000000000054e-07  1.144588627312570e-02 
 2.352000000000054e-07  1.500513694066985e-02 
 2.353000000000054e-07  1.850498816821666e-02 
 2.354000000000054e-07  2.193164101147094e-02 
 2.355000000000054e-07  2.527144980183627e-02 
 2.356000000000054e-07  2.851136781508856e-02 
 2.357000000000054e-07  3.163847851805635e-02 
 2.358000000000054e-07  3.464057604100645e-02 
 2.359000000000054e-07  3.750573529048173e-02 
 2.360000000000054e-07  4.022275394316055e-02 
 2.361000000000055e-07  4.278089040113442e-02 
 2.362000000000055e-07  4.517012178328650e-02 
 2.363000000000055e-07  4.738104481849925e-02 
 2.364000000000055e-07  4.940498034093022e-02 
 2.365000000000055e-07  5.123399320407263e-02 
 2.366000000000055e-07  5.286089026632190e-02 
 2.367000000000055e-07  5.427931286178067e-02 
 2.368000000000055e-07  5.548367029252277e-02 
 2.369000000000055e-07  5.646926758173421e-02 
 2.370000000000055e-07  5.723220576334698e-02 
 2.371000000000055e-07  5.776951874009306e-02 
 2.372000000000055e-07  5.807906125461448e-02 
 2.373000000000055e-07  5.815963820323833e-02 
 2.374000000000056e-07  5.801089284906991e-02 
 2.375000000000056e-07  5.763341909423758e-02 
 2.376000000000056e-07  5.702865654699263e-02 
 2.377000000000056e-07  5.619898117425715e-02 
 2.378000000000056e-07  5.514760988232181e-02 
 2.379000000000056e-07  5.387866814397713e-02 
 2.380000000000056e-07  5.239710432551359e-02 
 2.381000000000056e-07  5.070873482729876e-02 
 2.382000000000056e-07  4.882016705072623e-02 
 2.383000000000056e-07  4.673882362445414e-02 
 2.384000000000056e-07  4.447287229401242e-02 
 2.385000000000056e-07  4.203123141780818e-02 
 2.386000000000056e-07  3.942350492479041e-02 
 2.387000000000057e-07  3.665997146778954e-02 
 2.388000000000057e-07  3.375152276588755e-02 
 2.389000000000057e-07  3.070963884044886e-02 
 2.390000000000057e-07  2.754632841260030e-02 
 2.391000000000057e-07  2.427409260918356e-02 
 2.392000000000057e-07  2.090586646479720e-02 
 2.393000000000057e-07  1.745497342381075e-02 
 2.394000000000057e-07  1.393506739023298e-02 
 2.395000000000057e-07  1.036008022264578e-02 
 2.396000000000057e-07  6.744164196242242e-03 
 2.397000000000057e-07  3.101634563335676e-03 
 2.398000000000057e-07 -5.530874383952167e-04 
 2.399000000000057e-07 -4.205535001136962e-03 
 2.400000000000057e-07 -7.841236825807396e-03 
 2.401000000000058e-07 -1.144588627709453e-02 
 2.402000000000058e-07 -1.500513694467509e-02 
 2.403000000000058e-07 -1.850498817040380e-02 
 2.404000000000058e-07 -2.193164101388234e-02 
 2.405000000000058e-07 -2.527144980650764e-02 
 2.406000000000058e-07 -2.851136782140307e-02 
 2.407000000000058e-07 -3.163847852359192e-02 
 2.408000000000058e-07 -3.464057604180271e-02 
 2.409000000000058e-07 -3.750573529095647e-02 
 2.410000000000058e-07 -4.022275394595720e-02 
 2.411000000000058e-07 -4.278089040465916e-02 
 2.412000000000058e-07 -4.517012178624547e-02 
 2.413000000000058e-07 -4.738104482283623e-02 
 2.414000000000059e-07 -4.940498034818397e-02 
 2.415000000000059e-07 -5.123399321014332e-02 
 2.416000000000059e-07 -5.286089026933349e-02 
 2.417000000000059e-07 -5.427931286208398e-02 
 2.418000000000059e-07 -5.548367029256007e-02 
 2.419000000000059e-07 -5.646926758212234e-02 
 2.420000000000059e-07 -5.723220576389854e-02 
 2.421000000000059e-07 -5.776951874135294e-02 
 2.422000000000059e-07 -5.807906125645079e-02 
 2.423000000000059e-07 -5.815963820612802e-02 
 2.424000000000059e-07 -5.801089285102279e-02 
 2.425000000000059e-07 -5.763341909544661e-02 
 2.426000000000059e-07 -5.702865654786238e-02 
 2.427000000000060e-07 -5.619898117595956e-02 
 2.428000000000060e-07 -5.514760988414191e-02 
 2.429000000000060e-07 -5.387866814471787e-02 
 2.430000000000060e-07 -5.239710432377209e-02 
 2.431000000000060e-07 -5.070873482691685e-02 
 2.432000000000060e-07 -4.882016705297576e-02 
 2.433000000000060e-07 -4.673882363001325e-02 
 2.434000000000060e-07 -4.447287230163188e-02 
 2.435000000000060e-07 -4.203123142537390e-02 
 2.436000000000060e-07 -3.942350493095859e-02 
 2.437000000000060e-07 -3.665997147399569e-02 
 2.438000000000060e-07 -3.375152277074189e-02 
 2.439000000000060e-07 -3.070963884508338e-02 
 2.440000000000060e-07 -2.754632841532878e-02 
 2.441000000000061e-07 -2.427409261147861e-02 
 2.442000000000061e-07 -2.090586646653758e-02 
 2.443000000000061e-07 -1.745497342352831e-02 
 2.444000000000061e-07 -1.393506738776518e-02 
 2.445000000000061e-07 -1.036008022074375e-02 
 2.446000000000061e-07 -6.744164193989821e-03 
 2.447000000000061e-07 -3.101634561591737e-03 
 2.448000000000061e-07  5.530874373134154e-04 
 2.449000000000061e-07  4.205534997938187e-03 
 2.450000000000061e-07  7.841236822515807e-03 
 2.451000000000061e-07  1.144588627494292e-02 
 2.452000000000061e-07  1.500513694344496e-02 
 2.453000000000061e-07  1.850498817147361e-02 
 2.454000000000062e-07  2.193164101480072e-02 
 2.455000000000062e-07  2.527144980554707e-02 
 2.456000000000062e-07  2.851136782016495e-02 
 2.457000000000062e-07  3.163847852085011e-02 
 2.458000000000062e-07  3.464057604110504e-02 
 2.459000000000062e-07  3.750573529004253e-02 
 2.460000000000062e-07  4.022275394207275e-02 
 2.461000000000062e-07  4.278089040017963e-02 
 2.462000000000062e-07  4.517012178436253e-02 
 2.463000000000062e-07  4.738104482264816e-02 
 2.464000000000062e-07  4.940498034660412e-02 
 2.465000000000062e-07  5.123399320921163e-02 
 2.466000000000062e-07  5.286089027100527e-02 
 2.467000000000063e-07  5.427931286468390e-02 
 2.468000000000063e-07  5.548367029422119e-02 
 2.469000000000063e-07  5.646926758217363e-02 
 2.470000000000063e-07  5.723220576097843e-02 
 2.471000000000063e-07  5.776951873630565e-02 
 2.472000000000063e-07  5.807906125068119e-02 
 2.473000000000063e-07  5.815963820091574e-02 
 2.474000000000063e-07  5.801089284647643e-02 
 2.475000000000063e-07  5.763341909133324e-02 
 2.476000000000063e-07  5.702865654413225e-02 
 2.477000000000063e-07  5.619898117214994e-02 
 2.478000000000063e-07  5.514760988157952e-02 
 2.479000000000063e-07  5.387866814591025e-02 
 2.480000000000063e-07  5.239710432784195e-02 
 2.481000000000064e-07  5.070873482982097e-02 
 2.482000000000064e-07  4.882016705265269e-02 
 2.483000000000064e-07  4.673882362738069e-02 
 2.484000000000064e-07  4.447287229543750e-02 
 2.485000000000064e-07  4.203123141626253e-02 
 2.486000000000064e-07  3.942350492252289e-02 
 2.487000000000064e-07  3.665997146465916e-02 
 2.488000000000064e-07  3.375152276273230e-02 
 2.489000000000064e-07  3.070963883991773e-02 
 2.490000000000064e-07  2.754632841315408e-02 
 2.491000000000064e-07  2.427409260840951e-02 
 2.492000000000064e-07  2.090586646282233e-02 
 2.493000000000064e-07  1.745497342269520e-02 
 2.494000000000065e-07  1.393506738950334e-02 
 2.495000000000065e-07  1.036008022134949e-02 
 2.496000000000065e-07  6.744164194580016e-03 
 2.497000000000065e-07  3.101634560378930e-03 
 2.498000000000065e-07 -5.530874414212406e-04 
 2.499000000000065e-07 -4.205535004482286e-03 
 2.500000000000065e-07 -7.844271432410954e-03 
