 1.000000000000000e+06 -3.635138997274934e-01 -6.443041444572408e-05  3.635139756137362e-01  7.507119713314931e-05  1.000000000000000e+00  0.000000000000000e+00 -1.799150546612529e-01 -6.897176263141113e-04  1.799150546624668e-01  6.897176263109556e-04  1.000000000000000e+00  0.000000000000000e+00 
 1.047128548050900e+06 -3.635139117711669e-01 -6.746710146806234e-05  3.635139948670046e-01  7.860890892404275e-05  1.000000000000000e+00  0.000000000000000e+00 -1.799152166031033e-01 -7.222226587244240e-04  1.799152166032787e-01  7.222226587241173e-04  1.000000000000000e+00  0.000000000000000e+00 
 1.096478196143185e+06 -3.635139249852245e-01 -7.064692464385373e-05  3.635140159662967e-01  8.231331028914473e-05  1.000000000000000e+00  0.000000000000000e+00 -1.799153941676954e-01 -7.562595530945608e-04  1.799153941726886e-01  7.562595530796783e-04  1.000000000000000e+00  0.000000000000000e+00 
 1.148153621496883e+06 -3.635139394798192e-01 -7.397663248923407e-05  3.635140390955026e-01  8.619225197276225e-05  1.000000000000000e+00  0.000000000000000e+00 -1.799155888633839e-01 -7.919004960000555e-04  1.799155888725711e-01  7.919004959711983e-04  1.000000000000000e+00  0.000000000000000e+00 
 1.202264434617413e+06 -3.635139553799058e-01 -7.746329193472241e-05  3.635140644481040e-01  9.025395400968114e-05  1.000000000000000e+00  0.000000000000000e+00 -1.799158023440813e-01 -8.292210749014103e-04  1.799158023494705e-01  8.292210748837804e-04  1.000000000000000e+00  0.000000000000000e+00 
 1.258925411794168e+06 -3.635139728225245e-01 -8.111430340141973e-05  3.635140922362200e-01  9.450702300197486e-05  1.000000000000000e+00  0.000000000000000e+00 -1.799160364197208e-01 -8.683004382473976e-04  1.799160364272654e-01  8.683004382214575e-04  1.000000000000000e+00  0.000000000000000e+00 
 1.318256738556408e+06 -3.635139919585182e-01 -8.493741658244168e-05  3.635141226913144e-01  9.896047021767606e-05  1.000000000000000e+00  0.000000000000000e+00 -1.799162930784346e-01 -9.092214631069529e-04  1.799162930870349e-01  9.092214630759556e-04  1.000000000000000e+00  0.000000000000000e+00 
 1.380384264602886e+06 -3.635140129511235e-01 -8.894074698974572e-05  3.635141560714342e-01  1.036237305042695e-04  1.000000000000000e+00  0.000000000000000e+00 -1.799165744989240e-01 -9.520709306626214e-04  1.799165745074159e-01  9.520709306305747e-04  1.000000000000000e+00  0.000000000000000e+00 
 1.445439770745928e+06 -3.635140359801148e-01 -9.313279327106743e-05  3.635141926580212e-01  1.085066821081531e-04  1.000000000000000e+00  0.000000000000000e+00 -1.799168830700993e-01 -9.969397099457845e-04  1.799168830770834e-01  9.969397099182369e-04  1.000000000000000e+00  0.000000000000000e+00 
 1.513561248436209e+06 -3.635140612439224e-01 -9.752245536143395e-05  3.635142327571588e-01  1.136196673947340e-04  1.000000000000000e+00  0.000000000000000e+00 -1.799172214112736e-01 -1.043922950191359e-03  1.799172214154617e-01  1.043922950174177e-03  1.000000000000000e+00  0.000000000000000e+00 
 1.584893192461115e+06 -3.635140889591940e-01 -1.021190535142852e-04  3.635142767063372e-01  1.189735145012800e-04  1.000000000000000e+00  0.000000000000000e+00 -1.799175923934805e-01 -1.093120282212578e-03  1.799175923997196e-01  1.093120282185629e-03  1.000000000000000e+00  0.000000000000000e+00 
 1.659586907437562e+06 -3.635141193659633e-01 -1.069323482201064e-04  3.635143248708387e-01  1.245795600230275e-04  1.000000000000000e+00  0.000000000000000e+00 -1.799179991679095e-01 -1.144636029220801e-03  1.799179991679390e-01  1.144636029220983e-03  1.000000000000000e+00  0.000000000000000e+00 
 1.737800828749377e+06 -3.635141527232403e-01 -1.119725611234099e-04  3.635143776594682e-01  1.304496726629912e-04  1.000000000000000e+00  0.000000000000000e+00 -1.799184451853101e-01 -1.198579427509820e-03  1.799184451840808e-01  1.198579427516037e-03  1.000000000000000e+00  0.000000000000000e+00 
 1.819700858609986e+06 -3.635141893200130e-01 -1.172503968719166e-04  3.635144355108590e-01  1.365962780833041e-04  1.000000000000000e+00  0.000000000000000e+00 -1.799189342317576e-01 -1.255064857488905e-03  1.799189342335391e-01  1.255064857480318e-03  1.000000000000000e+00  0.000000000000000e+00 
 1.905460717963250e+06 -3.635142294718320e-01 -1.227770660824343e-04  3.635144989087098e-01  1.430323847739978e-04  1.000000000000000e+00  0.000000000000000e+00 -1.799194704583486e-01 -1.314212085517051e-03  1.799194704679802e-01  1.314212085466841e-03  1.000000000000000e+00  0.000000000000000e+00 
 1.995262314968882e+06 -3.635142735247124e-01 -1.285643093767690e-04  3.635145683835522e-01  1.497716111556035e-04  1.000000000000000e+00  0.000000000000000e+00 -1.799200584201008e-01 -1.376146517053704e-03  1.799200584213937e-01  1.376146517046976e-03  1.000000000000000e+00  0.000000000000000e+00 
 2.089296130854042e+06 -3.635143218582405e-01 -1.346244225776527e-04  3.635146445169951e-01  1.568282139051747e-04  1.000000000000000e+00  0.000000000000000e+00 -1.799207031033815e-01 -1.440999461618152e-03  1.799207031071818e-01  1.440999461596673e-03  1.000000000000000e+00  0.000000000000000e+00 
 2.187761623949556e+06 -3.635143748933411e-01 -1.409702830899596e-04  3.635147279378548e-01  1.642171176126004e-04  1.000000000000000e+00  0.000000000000000e+00 -1.799214099825706e-01 -1.508908410154279e-03  1.799214099857699e-01  1.508908410135411e-03  1.000000000000000e+00  0.000000000000000e+00 
 2.290867652767777e+06 -3.635144330868317e-01 -1.476153776307903e-04  3.635148193452060e-01  1.719539456432139e-04  1.000000000000000e+00  0.000000000000000e+00 -1.799221850565809e-01 -1.580017325299534e-03  1.799221850627867e-01  1.580017325260805e-03  1.000000000000000e+00  0.000000000000000e+00 
 2.398832919019494e+06 -3.635144969426533e-01 -1.545738311992737e-04  3.635149195000688e-01  1.800550525585852e-04  1.000000000000000e+00  0.000000000000000e+00 -1.799230349064554e-01 -1.654476945204147e-03  1.799230349050722e-01  1.654476945213744e-03  1.000000000000000e+00  0.000000000000000e+00 
 2.511886431509584e+06 -3.635145670208149e-01 -1.618604374499229e-04  3.635150292228624e-01  1.885375579861095e-04  1.000000000000000e+00  0.000000000000000e+00 -1.799239667412021e-01 -1.732445101465672e-03  1.799239667485916e-01  1.732445101415018e-03  1.000000000000000e+00  0.000000000000000e+00 
 2.630267991895386e+06 -3.635146439251261e-01 -1.694906906768600e-04  3.635151494338028e-01  1.974193817591553e-04  1.000000000000000e+00  0.000000000000000e+00 -1.799249884754436e-01 -1.814087051888887e-03  1.799249884737658e-01  1.814087051901545e-03  1.000000000000000e+00  0.000000000000000e+00 
 2.754228703338171e+06 -3.635147283316029e-01 -1.774808190623540e-04  3.635152811153780e-01  2.067192811135836e-04  1.000000000000000e+00  0.000000000000000e+00 -1.799261087758421e-01 -1.899575828631100e-03  1.799261087804820e-01  1.899575828596426e-03  1.000000000000000e+00  0.000000000000000e+00 
 2.884031503126611e+06 -3.635148209751579e-01 -1.858478198190631e-04  3.635154253581401e-01  2.164568890508752e-04  1.000000000000000e+00  0.000000000000000e+00 -1.799273371541595e-01 -1.989092602559383e-03  1.799273371598931e-01  1.989092602514390e-03  1.000000000000000e+00  0.000000000000000e+00 
 3.019951720402022e+06 -3.635149226689472e-01 -1.946094957894453e-04  3.635155833445784e-01  2.266527548262576e-04  1.000000000000000e+00  0.000000000000000e+00 -1.799286840349384e-01 -2.082827064413107e-03  1.799286840427925e-01  2.082827064348368e-03  1.000000000000000e+00  0.000000000000000e+00 
 3.162277660168386e+06 -3.635150343065451e-01 -2.037844939306556e-04  3.635157563686813e-01  2.373283860358516e-04  1.000000000000000e+00  0.000000000000000e+00 -1.799301608504344e-01 -2.180977823614586e-03  1.799301608541043e-01  2.180977823583231e-03  1.000000000000000e+00  0.000000000000000e+00 
 3.311311214825918e+06 -3.635151568698088e-01 -2.133923456047648e-04  3.635159458467093e-01  2.485062926641742e-04  1.000000000000000e+00  0.000000000000000e+00 -1.799317801321363e-01 -2.283752825446270e-03  1.799317801381566e-01  2.283752825392016e-03  1.000000000000000e+00  0.000000000000000e+00 
 3.467368504525324e+06 -3.635152914419727e-01 -2.234535087489398e-04  3.635161533202957e-01  2.602100331957226e-04  1.000000000000000e+00  0.000000000000000e+00 -1.799335556246252e-01 -2.391369787453178e-03  1.799335556254630e-01  2.391369787445839e-03  1.000000000000000e+00  0.000000000000000e+00 
 3.630780547701022e+06 -3.635154392152200e-01 -2.339894121020278e-04  3.635163804731404e-01  2.724642627271912e-04  1.000000000000000e+00  0.000000000000000e+00 -1.799355023934807e-01 -2.504056655842230e-03  1.799355023942643e-01  2.504056655835087e-03  1.000000000000000e+00  0.000000000000000e+00 
 3.801893963205622e+06 -3.635156015026060e-01 -2.450225014906486e-04  3.635166291422938e-01  2.852947833271570e-04  1.000000000000000e+00  0.000000000000000e+00 -1.799376369594525e-01 -2.622052082814114e-03  1.799376369647732e-01  2.622052082759169e-03  1.000000000000000e+00  0.000000000000000e+00 
 3.981071705534983e+06 -3.635157797490138e-01 -2.565762883081726e-04  3.635169013346943e-01  2.987285966743483e-04  1.000000000000000e+00  0.000000000000000e+00 -1.799399774376274e-01 -2.745605925671959e-03  1.799399774438756e-01  2.745605925604274e-03  1.000000000000000e+00  0.000000000000000e+00 
 4.168693834703365e+06 -3.635159755483270e-01 -2.686754002000037e-04  3.635171992352769e-01  3.127939592241943e-04  1.000000000000000e+00  0.000000000000000e+00 -1.799425436884756e-01 -2.874979768640436e-03  1.799425436917026e-01  2.874979768604221e-03  1.000000000000000e+00  0.000000000000000e+00 
 4.365158322401672e+06 -3.635161906571860e-01 -2.813456341373620e-04  3.635175252258247e-01  3.275204398705098e-04  1.000000000000000e+00  0.000000000000000e+00 -1.799453574865222e-01 -3.010447468358538e-03  1.799453574881408e-01  3.010447468339931e-03  1.000000000000000e+00  0.000000000000000e+00 
 4.570881896148764e+06 -3.635164270114467e-01 -2.946140119070738e-04  3.635178819030077e-01  3.429389803483927e-04  1.000000000000000e+00  0.000000000000000e+00 -1.799484427057458e-01 -3.152295724019517e-03  1.799484427128070e-01  3.152295723931636e-03  1.000000000000000e+00  0.000000000000000e+00 
 4.786300923226397e+06 -3.635166867460343e-01 -3.085088380893191e-04  3.635182720946774e-01  3.590819585581929e-04  1.000000000000000e+00  0.000000000000000e+00 -1.799518255251832e-01 -3.300824673169490e-03  1.799518255299655e-01  3.300824673107475e-03  1.000000000000000e+00  0.000000000000000e+00 
 5.011872336272738e+06 -3.635169722134922e-01 -3.230597606626516e-04  3.635186988840970e-01  3.759832548836120e-04  1.000000000000000e+00  0.000000000000000e+00 -1.799555346430581e-01 -3.456348514147953e-03  1.799555346500385e-01  3.456348514052758e-03  1.000000000000000e+00  0.000000000000000e+00 
 5.248074602497743e+06 -3.635172860095283e-01 -3.382978342141053e-04  3.635191656263660e-01  3.936783218693733e-04  1.000000000000000e+00  0.000000000000000e+00 -1.799596015275233e-01 -3.619196156306060e-03  1.799596015326079e-01  3.619196156233736e-03  1.000000000000000e+00  0.000000000000000e+00 
 5.495408738576263e+06 -3.635176309965421e-01 -3.542555859446189e-04  3.635196759752520e-01  4.122042572645721e-04  1.000000000000000e+00  0.000000000000000e+00 -1.799640606774825e-01 -3.789711898977266e-03  1.799640606821892e-01  3.789711898907261e-03  1.000000000000000e+00  0.000000000000000e+00 
 5.754399373371588e+06 -3.635180103334630e-01 -3.709670844380811e-04  3.635202339047487e-01  4.315998808356656e-04  1.000000000000000e+00  0.000000000000000e+00 -1.799689499182079e-01 -3.968256140361039e-03  1.799689499216587e-01  3.968256140307602e-03  1.000000000000000e+00  0.000000000000000e+00 
 6.025595860743597e+06 -3.635184275018175e-01 -3.884680114139890e-04  3.635208437457472e-01  4.519058149249312e-04  1.000000000000000e+00  0.000000000000000e+00 -1.799743107200286e-01 -4.155206117365074e-03  1.799743107197849e-01  4.155206117370233e-03  1.000000000000000e+00  0.000000000000000e+00 
 6.309573444801954e+06 -3.635188863434188e-01 -4.067957363141705e-04  3.635215102084448e-01  4.731645693863861e-04  1.000000000000000e+00  0.000000000000000e+00 -1.799801885473123e-01 -4.350956677520107e-03  1.799801885518762e-01  4.350956677442295e-03  1.000000000000000e+00  0.000000000000000e+00 
 6.606934480075982e+06 -3.635193910963746e-01 -4.259893939916308e-04  3.635222384173262e-01  4.954206308132262e-04  1.000000000000000e+00  0.000000000000000e+00 -1.799866332492941e-01 -4.555921084107656e-03  1.799866332514649e-01  4.555921084069574e-03  1.000000000000000e+00  0.000000000000000e+00 
 6.918309709189389e+06 -3.635199464301813e-01 -4.460899655945143e-04  3.635230339580449e-01  5.187205562870640e-04  1.000000000000000e+00  0.000000000000000e+00 -1.799936994740827e-01 -4.770531855492440e-03  1.799936994705628e-01  4.770531855560469e-03  1.000000000000000e+00  0.000000000000000e+00 
 7.244359600749927e+06 -3.635205574969829e-01 -4.671403624347909e-04  3.635239029038076e-01  5.431130724214033e-04  1.000000000000000e+00  0.000000000000000e+00 -1.800014471314851e-01 -4.995241639826748e-03  1.800014471364456e-01  4.995241639729666e-03  1.000000000000000e+00  0.000000000000000e+00 
 7.585775750291865e+06 -3.635212299699847e-01 -4.891855134521517e-04  3.635248518789869e-01  5.686491790467694e-04  1.000000000000000e+00  0.000000000000000e+00 -1.800099419078977e-01 -5.230524126180251e-03  1.800099419120115e-01  5.230524126096241e-03  1.000000000000000e+00  0.000000000000000e+00 
 7.943282347242844e+06 -3.635219701094137e-01 -5.122724556463551e-04  3.635258880821210e-01  5.953822590609099e-04  1.000000000000000e+00  0.000000000000000e+00 -1.800192558089398e-01 -5.476874992940326e-03  1.800192558129032e-01  5.476874992855677e-03  1.000000000000000e+00  0.000000000000000e+00 
 8.317637711026741e+06 -3.635227848010743e-01 -5.364504286718056e-04  3.635270193770199e-01  6.233681927897928e-04  1.000000000000000e+00  0.000000000000000e+00 -1.800294677747565e-01 -5.734812894635853e-03  1.800294677755032e-01  5.734812894620420e-03  1.000000000000000e+00  0.000000000000000e+00 
 8.709635899560839e+06 -3.635236816306733e-01 -5.617709725206379e-04  3.635282543297467e-01  6.526654791866657e-04  1.000000000000000e+00  0.000000000000000e+00 -1.800406643415600e-01 -6.004880487882172e-03  1.800406643450738e-01  6.004880487800190e-03  1.000000000000000e+00  0.000000000000000e+00 
 9.120108393559132e+06 -3.635246689482540e-01 -5.882880293697772e-04  3.635296022823122e-01  6.833353624396930e-04  1.000000000000000e+00  0.000000000000000e+00 -1.800529403763641e-01 -6.287645497338755e-03  1.800529403776653e-01  6.287645497308047e-03  1.000000000000000e+00  0.000000000000000e+00 
 9.549925860214395e+06 -3.635257559350686e-01 -6.160580496083676e-04  3.635310734405666e-01  7.154419644192656e-04  1.000000000000000e+00  0.000000000000000e+00 -1.800663998698238e-01 -6.583701822191707e-03  1.800663998719119e-01  6.583701822139088e-03  1.000000000000000e+00  0.000000000000000e+00 
 1.000000000000004e+07 -3.635269526885478e-01 -6.451401019178014e-04  3.635326789474895e-01  7.490524236552852e-04  1.000000000000000e+00  0.000000000000000e+00 -1.800811568156491e-01 -6.893670683796924e-03  1.800811568230355e-01  6.893670683597537e-03  1.000000000000000e+00  0.000000000000000e+00 
 1.047128548050904e+07 -3.635282703015376e-01 -6.755959882476276e-04  3.635344309904456e-01  7.842370398290475e-04  1.000000000000000e+00  0.000000000000000e+00 -1.800973361706092e-01 -7.218201814712638e-03  1.800973361748776e-01  7.218201814592918e-03  1.000000000000000e+00  0.000000000000000e+00 
 1.096478196143189e+07 -3.635297209619087e-01 -7.074903633548172e-04  3.635363428935529e-01  8.210694248262369e-04  1.000000000000000e+00  0.000000000000000e+00 -1.801150748979166e-01 -7.557974689154327e-03  1.801150749042369e-01  7.557974688967947e-03  1.000000000000000e+00  0.000000000000000e+00 
 1.148153621496888e+07 -3.635313180445718e-01 -7.408908599640040e-04  3.635384292522516e-01  8.596266589419349e-04  1.000000000000000e+00  0.000000000000000e+00 -1.801345231246100e-01 -7.913699794869371e-03  1.801345231307028e-01  7.913699794681522e-03  1.000000000000000e+00  0.000000000000000e+00 
 1.202264434617418e+07 -3.635330762297824e-01 -7.758682189760351e-04  3.635407060464574e-01  8.999894536811689e-04  1.000000000000000e+00  0.000000000000000e+00 -1.801558453959961e-01 -8.286119945714900e-03  1.801558453985356e-01  8.286119945634282e-03  1.000000000000000e+00  0.000000000000000e+00 
 1.258925411794173e+07 -3.635350116162375e-01 -8.124964259369717e-04  3.635431907968375e-01  9.422423194282632e-04  1.000000000000000e+00  0.000000000000000e+00 -1.801792220538878e-01 -8.676011634183821e-03  1.801792220541358e-01  8.676011634177607e-03  1.000000000000000e+00  0.000000000000000e+00 
 1.318256738556413e+07 -3.635371418544188e-01 -8.508528533751880e-04  3.635459027175893e-01  9.864737390497640e-04  1.000000000000000e+00  0.000000000000000e+00 -1.802048507471471e-01 -9.084186422530133e-03  1.802048507434991e-01  9.084186422662481e-03  1.000000000000000e+00  0.000000000000000e+00 
 1.380384264602891e+07 -3.635394862900876e-01 -8.910184095790369e-04  3.635488628890473e-01  1.032776346748108e-03  1.000000000000000e+00  0.000000000000000e+00 -1.802329480793057e-01 -9.511492370546765e-03  1.802329480797666e-01  9.511492370532039e-03  1.000000000000000e+00  0.000000000000000e+00 
 1.445439770745934e+07 -3.635420661182309e-01 -9.330776940828017e-04  3.635520944533503e-01  1.081247111958570e-03  1.000000000000000e+00  0.000000000000000e+00 -1.802637514202441e-01 -9.958815497656877e-03  1.802637514213643e-01  9.958815497615793e-03  1.000000000000000e+00  0.000000000000000e+00 
 1.513561248436215e+07 -3.635449045587287e-01 -9.771191596637814e-04  3.635556228153658e-01  1.131987528833265e-03  1.000000000000000e+00  0.000000000000000e+00 -1.802975208758346e-01 -1.042708127586342e-02  1.802975208812979e-01  1.042708127564369e-02  1.000000000000000e+00  0.000000000000000e+00 
 1.584893192461121e+07 -3.635480270408322e-01 -1.023235281434476e-03  3.635594758787628e-01  1.185103810381808e-03  1.000000000000000e+00  0.000000000000000e+00 -1.803345414543237e-01 -1.091725614976005e-02  1.803345414611426e-01  1.091725614947275e-02  1.000000000000000e+00  0.000000000000000e+00 
 1.659586907437568e+07 -3.635514614155517e-01 -1.071522732379251e-03  3.635636842848925e-01  1.240707088424091e-03  1.000000000000000e+00  0.000000000000000e+00 -1.803751254275722e-01 -1.143034907831849e-02  1.803751254239996e-01  1.143034907848013e-02  1.000000000000000e+00  0.000000000000000e+00 
 1.737800828749384e+07 -3.635552381779247e-01 -1.122082565998648e-03  3.635682816952863e-01  1.298913618053185e-03  1.000000000000000e+00  0.000000000000000e+00 -1.804196149087319e-01 -1.196741309225185e-02  1.804196149067421e-01  1.196741309234720e-02  1.000000000000000e+00  0.000000000000000e+00 
 1.819700858609992e+07 -3.635593907239275e-01 -1.175020404962130e-03  3.635733050752664e-01  1.359844988299426e-03  1.000000000000000e+00  0.000000000000000e+00 -1.804683846850434e-01 -1.252954685971975e-02  1.804683846917091e-01  1.252954685939948e-02  1.000000000000000e+00  0.000000000000000e+00 
 1.905460717963257e+07 -3.635639556210550e-01 -1.230446636442665e-03  3.635787950263234e-01  1.423628337364163e-03  1.000000000000000e+00  0.000000000000000e+00 -1.805218452996735e-01 -1.311789625088886e-02  1.805218453019166e-01  1.311789625077841e-02  1.000000000000000e+00  0.000000000000000e+00 
 1.995262314968890e+07 -3.635689729159766e-01 -1.288476612867432e-03  3.635847961284748e-01  1.490396574059937e-03  1.000000000000000e+00  0.000000000000000e+00 -1.805804464109645e-01 -1.373365589050458e-02  1.805804464140531e-01  1.373365589034445e-02  1.000000000000000e+00  0.000000000000000e+00 
 2.089296130854050e+07 -3.635744864656406e-01 -1.349230858340854e-03  3.635913573271252e-01  1.560288604155926e-03  1.000000000000000e+00  0.000000000000000e+00 -1.806446804786020e-01 -1.437807068604478e-02  1.806446804841439e-01  1.437807068574198e-02  1.000000000000000e+00  0.000000000000000e+00 
 2.187761623949564e+07 -3.635805443020947e-01 -1.412835279892416e-03  3.635985323527390e-01  1.633449562042725e-03  1.000000000000000e+00  0.000000000000000e+00 -1.807150867720735e-01 -1.505243731563642e-02  1.807150867750972e-01  1.505243731546551e-02  1.000000000000000e+00  0.000000000000000e+00 
 2.290867652767785e+07 -3.635871990355657e-01 -1.479421382831999e-03  3.636063801736476e-01  1.710031047604458e-03  1.000000000000000e+00  0.000000000000000e+00 -1.807922557433989e-01 -1.575810565798528e-02  1.807922557435432e-01  1.575810565798025e-02  1.000000000000000e+00  0.000000000000000e+00 
 2.398832919019503e+07 -3.635945082946707e-01 -1.549126489723249e-03  3.636149654943012e-01  1.790191367427044e-03  1.000000000000000e+00  0.000000000000000e+00 -1.808768337971824e-01 -1.649648014333110e-02  1.808768338024992e-01  1.649648014300059e-02  1.000000000000000e+00  0.000000000000000e+00 
 2.511886431509594e+07 -3.636025352072110e-01 -1.622093962197759e-03  3.636243593031825e-01  1.874095779577019e-03  1.000000000000000e+00  0.000000000000000e+00 -1.809695284900005e-01 -1.726902100085359e-02  1.809695284941388e-01  1.726902100058595e-02  1.000000000000000e+00  0.000000000000000e+00 
 2.630267991895396e+07 -3.636113489296180e-01 -1.698473424441689e-03  3.636346394665693e-01  1.961916741415257e-03  1.000000000000000e+00  0.000000000000000e+00 -1.810711141798709e-01 -1.807724537349964e-02  1.810711141783842e-01  1.807724537360552e-02  1.000000000000000e+00  0.000000000000000e+00 
 2.754228703338182e+07 -3.636210252254144e-01 -1.778420987487685e-03  3.636458913805530e-01  2.053834158801157e-03  1.000000000000000e+00  0.000000000000000e+00 -1.811824381800802e-01 -1.892272826741631e-02  1.811824381803949e-01  1.892272826739802e-02  1.000000000000000e+00  0.000000000000000e+00 
 2.884031503126622e+07 -3.636316470966861e-01 -1.862099473111873e-03  3.636582086877954e-01  2.150035634979664e-03  1.000000000000000e+00  0.000000000000000e+00 -1.813044274518297e-01 -1.980710329744725e-02  1.813044274556437e-01  1.980710329716709e-02  1.000000000000000e+00  0.000000000000000e+00 
 3.019951720402033e+07 -3.636433054783602e-01 -1.949678635536321e-03  3.636716940554163e-01  2.250716717762420e-03  1.000000000000000e+00  0.000000000000000e+00 -1.814380958647696e-01 -2.073206318386663e-02  1.814380958705525e-01  2.073206318342102e-02  1.000000000000000e+00  0.000000000000000e+00 
 3.162277660168397e+07 -3.636560999937656e-01 -2.041335379633432e-03  3.636864600340269e-01  2.356081141797753e-03  1.000000000000000e+00  0.000000000000000e+00 -1.815845520782670e-01 -2.169935994946605e-02  1.815845520829368e-01  2.169935994909144e-02  1.000000000000000e+00  0.000000000000000e+00 
 3.311311214825930e+07 -3.636701397870976e-01 -2.137253972854115e-03  3.637026299857904e-01  2.466341064368455e-03  1.000000000000000e+00  0.000000000000000e+00 -1.817450080820394e-01 -2.271080475801587e-02  1.817450080891381e-01  2.271080475741914e-02  1.000000000000000e+00  0.000000000000000e+00 
 3.467368504525337e+07 -3.636855444232438e-01 -2.237626249551602e-03  3.637203391203967e-01  2.581717289254020e-03  1.000000000000000e+00  0.000000000000000e+00 -1.819207884470198e-01 -2.376826732695547e-02  1.819207884474149e-01  2.376826732692544e-02  1.000000000000000e+00  0.000000000000000e+00 
 3.630780547701035e+07 -3.637024448835063e-01 -2.342651803133258e-03  3.637397356048016e-01  2.702439477740109e-03  1.000000000000000e+00  0.000000000000000e+00 -1.821133403137185e-01 -2.487367483645766e-02  1.821133403127209e-01  2.487367483655471e-02  1.000000000000000e+00  0.000000000000000e+00 
 3.801893963205635e+07 -3.637209846478295e-01 -2.452538163754939e-03  3.637609817889214e-01  2.828746340008056e-03  1.000000000000000e+00  0.000000000000000e+00 -1.823242441886858e-01 -2.602901024805290e-02  1.823242441924403e-01  2.602901024769675e-02  1.000000000000000e+00  0.000000000000000e+00 
 3.981071705534997e+07 -3.637413208756879e-01 -2.567500957165900e-03  3.637842555490814e-01  2.960885802119222e-03  1.000000000000000e+00  0.000000000000000e+00 -1.825552255721799e-01 -2.723630993191657e-02  1.825552255731320e-01  2.723630993182633e-02  1.000000000000000e+00  0.000000000000000e+00 
 4.168693834703380e+07 -3.637636257053796e-01 -2.687764038828457e-03  3.638097517381654e-01  3.099115144414739e-03  1.000000000000000e+00  0.000000000000000e+00 -1.828081674584388e-01 -2.849766048913774e-02  1.828081674605242e-01  2.849766048892474e-02  1.000000000000000e+00  0.000000000000000e+00 
 4.365158322401687e+07 -3.637880876596640e-01 -2.813559599499950e-03  3.638376837961401e-01  3.243701100788582e-03  1.000000000000000e+00  0.000000000000000e+00 -1.830851237665694e-01 -2.981519464158798e-02  1.830851237692460e-01  2.981519464130102e-02  1.000000000000000e+00  0.000000000000000e+00 
 4.570881896148779e+07 -3.638149131928096e-01 -2.945128233388874e-03  3.638682854842040e-01  3.394919914922047e-03  1.000000000000000e+00  0.000000000000000e+00 -1.833883337113672e-01 -3.119108604313973e-02  1.833883337194215e-01  3.119108604222657e-02  1.000000000000000e+00  0.000000000000000e+00 
 4.786300923226414e+07 -3.638443283834126e-01 -3.082718961527306e-03  3.639018127686079e-01  3.553057343467194e-03  1.000000000000000e+00  0.000000000000000e+00 -1.837202371599344e-01 -3.262754285030087e-02  1.837202371662818e-01  3.262754284955095e-02  1.000000000000000e+00  0.000000000000000e+00 
 5.011872336272755e+07 -3.638765807580281e-01 -3.226589204215913e-03  3.639385459206999e-01  3.718408590070858e-03  1.000000000000000e+00  0.000000000000000e+00 -1.840834909719371e-01 -3.412679986827730e-02  1.840834909779542e-01  3.412679986753554e-02  1.000000000000000e+00  0.000000000000000e+00 
 5.248074602497760e+07 -3.639119413069530e-01 -3.377004687172058e-03  3.639787917521425e-01  3.891278167299554e-03  1.000000000000000e+00  0.000000000000000e+00 -1.844809863503254e-01 -3.569110906980954e-02  1.844809863534789e-01  3.569110906940672e-02  1.000000000000000e+00  0.000000000000000e+00 
 5.495408738576282e+07 -3.639507066666391e-01 -3.534239273335425e-03  3.640228860778156e-01  4.071979664823184e-03  1.000000000000000e+00  0.000000000000000e+00 -1.849158671707233e-01 -3.732272825833859e-02  1.849158671759838e-01  3.732272825763248e-02  1.000000000000000e+00  0.000000000000000e+00 
 5.754399373371608e+07 -3.639932015020338e-01 -3.698574704589962e-03  3.640711963858058e-01  4.260835411204263e-03  1.000000000000000e+00  0.000000000000000e+00 -1.853915492762650e-01 -3.902390762544326e-02  1.853915492805078e-01  3.902390762484984e-02  1.000000000000000e+00  0.000000000000000e+00 
 6.025595860743618e+07 -3.640397810932922e-01 -3.870300238825035e-03  3.641241247532729e-01  4.458176008106136e-03  1.000000000000000e+00  0.000000000000000e+00 -1.859117406652553e-01 -4.079687392437586e-02  1.859117406663877e-01  4.079687392421565e-02  1.000000000000000e+00  0.000000000000000e+00 
 6.309573444801975e+07 -3.640908341607370e-01 -4.049712161959216e-03  3.641821109915853e-01  4.664339719603848e-03  1.000000000000000e+00  0.000000000000000e+00 -1.864804624996091e-01 -4.264381195763965e-02  1.864804624971680e-01  4.264381195802364e-02  1.000000000000000e+00  0.000000000000000e+00 
 6.606934480076005e+07 -3.641467859220841e-01 -4.237113156976166e-03  3.642456360850788e-01  4.879671686435003e-03  1.000000000000000e+00  0.000000000000000e+00 -1.871020708031295e-01 -4.456684304822246e-02  1.871020708039499e-01  4.456684304809774e-02  1.000000000000000e+00  0.000000000000000e+00 
 6.918309709189413e+07 -3.642081014221407e-01 -4.432811503274870e-03  3.643152258989196e-01  5.104522942504341e-03  1.000000000000000e+00  0.000000000000000e+00 -1.877812786886957e-01 -4.656800013921843e-02  1.877812786906270e-01  4.656800013890092e-02  1.000000000000000e+00  0.000000000000000e+00 
 7.244359600749952e+07 -3.642752891336676e-01 -4.637120081785752e-03  3.643914552152652e-01  5.339249196301387e-03  1.000000000000000e+00  0.000000000000000e+00 -1.885231788808828e-01 -4.864919913992334e-02  1.885231788809277e-01  4.864919913992355e-02  1.000000000000000e+00  0.000000000000000e+00 
 7.585775750291891e+07 -3.643489048718054e-01 -4.850355151421126e-03  3.644749520721215e-01  5.584209347048010e-03  1.000000000000000e+00  0.000000000000000e+00 -1.893332662613313e-01 -5.081220611668098e-02  1.893332662672922e-01  5.081220611559283e-02  1.000000000000000e+00  0.000000000000000e+00 
 7.943282347242872e+07 -3.644295560091407e-01 -5.072834866352445e-03  3.645664024891312e-01  5.839763684373934e-03  1.000000000000000e+00  0.000000000000000e+00 -1.902174600835362e-01 -5.305859990850086e-02  1.902174600844502e-01  5.305859990833380e-02  1.000000000000000e+00  0.000000000000000e+00 
 8.317637711026771e+07 -3.645179060562302e-01 -5.304877486743140e-03  3.646665555111069e-01  6.106271737904886e-03  1.000000000000000e+00  0.000000000000000e+00 -1.911821253870314e-01 -5.538972973227950e-02  1.911821253921859e-01  5.538972973125231e-02  1.000000000000000e+00  0.000000000000000e+00 
 8.709635899560872e+07 -3.646146795747266e-01 -5.546799245563731e-03  3.647762286916061e-01  6.384089706821985e-03  1.000000000000000e+00  0.000000000000000e+00 -1.922340931126081e-01 -5.780666734766485e-02  1.922340931222135e-01  5.780666734565534e-02  1.000000000000000e+00  0.000000000000000e+00 
 9.120108393559167e+07 -3.647206674859843e-01 -5.798911812482280e-03  3.648963139474539e-01  6.673567422560034e-03  1.000000000000000e+00  0.000000000000000e+00 -1.933806782250680e-01 -6.031015335121129e-02  1.933806782307140e-01  6.031015334997995e-02  1.000000000000000e+00  0.000000000000000e+00 
 9.549925860214433e+07 -3.648367327708780e-01 -6.061519299622706e-03  3.650277838432790e-01  6.975044769407976e-03  1.000000000000000e+00  0.000000000000000e+00 -1.946296950843626e-01 -6.290053720068181e-02  1.946296950900925e-01  6.290053719937461e-02  1.000000000000000e+00  0.000000000000000e+00 
 1.000000000000008e+08 -3.649638165809663e-01 -6.334914742262781e-03  3.651716983105763e-01  7.288847487232511e-03  1.000000000000000e+00  0.000000000000000e+00 -1.959894691592485e-01 -6.557771061398868e-02  1.959894691616119e-01  6.557771061343079e-02  1.000000000000000e+00  0.000000000000000e+00 
 1.047128548050908e+08 -3.651029447722542e-01 -6.619375980284057e-03  3.653292118142312e-01  7.615282268938746e-03  1.000000000000000e+00  0.000000000000000e+00 -1.974688439918357e-01 -6.834103405144935e-02  1.974688439986466e-01  6.834103404974660e-02  1.000000000000000e+00  0.000000000000000e+00 
 1.096478196143194e+08 -3.652552348743948e-01 -6.915160855939309e-03  3.655015809640492e-01  7.954631057008454e-03  1.000000000000000e+00  0.000000000000000e+00 -1.990771822169604e-01 -7.118925609615651e-02  1.990771822183284e-01  7.118925609580760e-02  1.000000000000000e+00  0.000000000000000e+00 
 1.148153621496892e+08 -3.654219035083935e-01 -7.222501631960032e-03  3.656901725521600e-01  8.307144435180762e-03  1.000000000000000e+00  0.000000000000000e+00 -2.008243592047705e-01 -7.412042567322326e-02  2.008243592130101e-01  7.412042567096483e-02  1.000000000000000e+00  0.000000000000000e+00 
 1.202264434617423e+08 -3.656042742272529e-01 -7.541598530549119e-03  3.658964720524757e-01  8.673033984624531e-03  1.000000000000000e+00  0.000000000000000e+00 -2.027207478149281e-01 -7.713179723799134e-02  2.027207478187315e-01  7.713179723690675e-02  1.000000000000000e+00  0.000000000000000e+00 
 1.258925411794178e+08 -3.658037857984699e-01 -7.872612270170443e-03  3.661220925041777e-01  9.052463484380061e-03  1.000000000000000e+00  0.000000000000000e+00 -2.047771924732937e-01 -8.021972927407471e-02  2.047771924776267e-01  8.021972927277932e-02  1.000000000000000e+00  0.000000000000000e+00 
 1.318256738556418e+08 -3.660220008848000e-01 -8.215655476442450e-03  3.663687837913199e-01  9.445538798750439e-03  1.000000000000000e+00  0.000000000000000e+00 -2.070049707573723e-01 -8.337957674032939e-02  2.070049707555844e-01  8.337957674090797e-02  1.000000000000000e+00  0.000000000000000e+00 
 1.380384264602897e+08 -3.662606151147346e-01 -8.570782818522336e-03  3.666384422205948e-01  9.852296303142955e-03  1.000000000000000e+00  0.000000000000000e+00 -2.094157404357484e-01 -8.660557843100976e-02  2.094157404416691e-01  8.660557842906380e-02  1.000000000000000e+00  0.000000000000000e+00 
 1.445439770745940e+08 -3.665214664693698e-01 -8.937979721153001e-03  3.669331203769866e-01  1.027268966062509e-02  1.000000000000000e+00  0.000000000000000e+00 -2.120214699329807e-01 -8.989074063327836e-02  2.120214699370880e-01  8.989074063186892e-02  1.000000000000000e+00  0.000000000000000e+00 
 1.513561248436221e+08 -3.668065449468068e-01 -9.317149474011691e-03  3.672550371083295e-01  1.070657477551852e-02  1.000000000000000e+00  0.000000000000000e+00 -2.148343500547900e-01 -9.322671892062753e-02  2.148343500635241e-01  9.322671891747068e-02  1.000000000000000e+00  0.000000000000000e+00 
 1.584893192461127e+08 -3.671180023851489e-01 -9.708098561945606e-03  3.676065875749202e-01  1.115369270479289e-02  1.000000000000000e+00  0.000000000000000e+00 -2.178666849929022e-01 -9.660370046996510e-02  2.178666849917555e-01  9.660370047041714e-02  1.000000000000000e+00  0.000000000000000e+00 
 1.659586907437575e+08 -3.674581623628104e-01 -1.011052000662579e-02  3.679903531392714e-01  1.161365033360306e-02  1.000000000000000e+00  0.000000000000000e+00 -2.211307606544113e-01 -1.000102898586381e-01  2.211307606556309e-01  1.000102898581683e-01  1.000000000000000e+00  0.000000000000000e+00 
 1.737800828749391e+08 -3.678295299885179e-01 -1.052397452037456e-02  3.684091109784501e-01  1.208589856530383e-02  1.000000000000000e+00  0.000000000000000e+00 -2.246386887914193e-01 -1.034334019426023e-01  2.246386887935224e-01  1.034334019417408e-01  1.000000000000000e+00  0.000000000000000e+00 
 1.819700858610000e+08 -3.682348014428945e-01 -1.094786923325061e-02  3.688658430839659e-01  1.256970782539926e-02  1.000000000000000e+00  0.000000000000000e+00 -2.284022257066994e-01 -1.068581660437718e-01  2.284022257067461e-01  1.068581660437694e-01  1.000000000000000e+00  0.000000000000000e+00 
 1.905460717963264e+08 -3.686768729896194e-01 -1.138143378003528e-02  3.693637444589276e-01  1.306414060849478e-02  1.000000000000000e+00  0.000000000000000e+00 -2.324325650444911e-01 -1.102678463205957e-01  2.324325650480673e-01  1.102678463189722e-01  1.000000000000000e+00  0.000000000000000e+00 
 1.995262314968898e+08 -3.691588492202449e-01 -1.182369349555151e-02  3.699062300716612e-01  1.356802086666453e-02  1.000000000000000e+00  0.000000000000000e+00 -2.367401049437547e-01 -1.136437837666431e-01  2.367401049487387e-01  1.136437837642624e-01  1.000000000000000e+00  0.000000000000000e+00 
 2.089296130854059e+08 -3.696840501715019e-01 -1.227343949089992e-02  3.704969401902805e-01  1.407990000172959e-02  1.000000000000000e+00  0.000000000000000e+00 -2.413341908429967e-01 -1.169653657524829e-01  2.413341908478663e-01  1.169653657500434e-01  1.000000000000000e+00  0.000000000000000e+00 
 2.187761623949573e+08 -3.702560169136869e-01 -1.272919538269778e-02  3.711397435979096e-01  1.459801926074560e-02  1.000000000000000e+00  0.000000000000000e+00 -2.462228364968344e-01 -1.202100293336351e-01  2.462228365027475e-01  1.202100293305223e-01  1.000000000000000e+00  0.000000000000000e+00 
 2.290867652767794e+08 -3.708785151425963e-01 -1.318918046055519e-02  3.718387380918777e-01  1.512026837444589e-02  1.000000000000000e+00  0.000000000000000e+00 -2.514124271621001e-01 -1.233533046120675e-01  2.514124271624108e-01  1.233533046119175e-01  1.000000000000000e+00  0.000000000000000e+00 
 2.398832919019513e+08 -3.715555362032831e-01 -1.365126911710694e-02  3.725982476277617e-01  1.564414030580400e-02  1.000000000000000e+00  0.000000000000000e+00 -2.569074104770779e-01 -1.263689041980550e-01  2.569074104804200e-01  1.263689041961271e-01  1.000000000000000e+00  0.000000000000000e+00 
 2.511886431509604e+08 -3.722912949155120e-01 -1.411294639463117e-02  3.734228153177018e-01  1.616668206915245e-02  1.000000000000000e+00  0.000000000000000e+00 -2.627099822777259e-01 -1.292288642013804e-01  2.627099822784865e-01  1.292288642009388e-01  1.000000000000000e+00  0.000000000000000e+00 
 2.630267991895407e+08 -3.730902234483493e-01 -1.457125957668331e-02  3.743171914535671e-01  1.668444164189942e-02  1.000000000000000e+00  0.000000000000000e+00 -2.688197761708220e-01 -1.319037411189075e-01  2.688197761748816e-01  1.319037411163186e-01  1.000000000000000e+00  0.000000000000000e+00 
 2.754228703338193e+08 -3.739569604168046e-01 -1.502276582416798e-02  3.752863155852871e-01  1.719341112669955e-02  1.000000000000000e+00  0.000000000000000e+00 -2.752335673610627e-01 -1.343628674494741e-01  2.752335673659212e-01  1.343628674462125e-01  1.000000000000000e+00  0.000000000000000e+00 
 2.884031503126634e+08 -3.748963342624304e-01 -1.546347596825136e-02  3.763352916200138e-01  1.768896645266586e-02  1.000000000000000e+00  0.000000000000000e+00 -2.819450024267913e-01 -1.365746668338801e-01  2.819450024267955e-01  1.365746668339062e-01  1.000000000000000e+00  0.000000000000000e+00 
 3.019951720402046e+08 -3.759133398939946e-01 -1.588879470241943e-02  3.774693548106057e-01  1.816580409012990e-02  1.000000000000000e+00  0.000000000000000e+00 -2.889443677261476e-01 -1.385070270241110e-01  2.889443677263743e-01  1.385070270239718e-01  1.000000000000000e+00  0.000000000000000e+00 
 3.162277660168411e+08 -3.770131074689932e-01 -1.629345758822355e-02  3.786938294590020e-01  1.861787545358288e-02  1.000000000000000e+00  0.000000000000000e+00 -2.962184094506425e-01 -1.401277261006539e-01  2.962184094556382e-01  1.401277260967511e-01  1.000000000000000e+00  0.000000000000000e+00 
 3.311311214825944e+08 -3.782008621300399e-01 -1.667146548935646e-02  3.800140761187040e-01  1.903831991777073e-02  1.000000000000000e+00  0.000000000000000e+00 -3.037502179661466e-01 -1.414049042180945e-01  3.037502179704834e-01  1.414049042145317e-01  1.000000000000000e+00  0.000000000000000e+00 
 3.467368504525352e+08 -3.794818734783479e-01 -1.701601727573816e-02  3.814354270563377e-01  1.941939767795917e-02  1.000000000000000e+00  0.000000000000000e+00 -3.115191879395337e-01 -1.423075699425931e-01  3.115191879376641e-01  1.423075699442618e-01  1.000000000000000e+00  0.000000000000000e+00 
 3.630780547701051e+08 -3.808613935279145e-01 -1.731944193302422e-02  3.829631088394503e-01  1.975242396652874e-02  1.000000000000000e+00  0.000000000000000e+00 -3.195010637188969e-01 -1.428061271776904e-01  3.195010637194455e-01  1.428061271772224e-01  1.000000000000000e+00  0.000000000000000e+00 
 3.801893963205651e+08 -3.823445819324667e-01 -1.757313151596309e-02  3.846021510088738e-01  2.002770649913120e-02  1.000000000000000e+00  0.000000000000000e+00 -3.276680765247841e-01 -1.428729060170721e-01  3.276680765282095e-01  1.428729060137836e-01  1.000000000000000e+00  0.000000000000000e+00 
 3.981071705535014e+08 -3.839364173836211e-01 -1.776747671417574e-02  3.863572799669639e-01  2.023448841031069e-02  1.000000000000000e+00  0.000000000000000e+00 -3.359891762617747e-01 -1.424826788964731e-01  3.359891762596098e-01  1.424826788987348e-01  1.000000000000000e+00  0.000000000000000e+00 
 4.168693834703397e+08 -3.856415942266617e-01 -1.789180717863380e-02  3.882327975414631e-01  2.036089927533757e-02  1.000000000000000e+00  0.000000000000000e+00 -3.444303565169989e-01 -1.416131423525776e-01  3.444303565220261e-01  1.416131423471726e-01  1.000000000000000e+00  0.000000000000000e+00 
 4.365158322401705e+08 -3.874644036018774e-01 -1.793433912863410e-02  3.902324440675807e-01  2.039391717129804e-02  1.000000000000000e+00  0.000000000000000e+00 -3.529550667044235e-01 -1.402453447354195e-01  3.529550667059528e-01  1.402453447337122e-01  1.000000000000000e+00  0.000000000000000e+00 
 4.570881896148798e+08 -3.894085987833715e-01 -1.788213311870751e-02  3.923592463248846e-01  2.031934505216062e-02  1.000000000000000e+00  0.000000000000000e+00 -3.615247004629113e-01 -1.383640415600894e-01  3.615247004651095e-01  1.383640415574700e-01  1.000000000000000e+00  0.000000000000000e+00 
 4.786300923226434e+08 -3.914772448540594e-01 -1.772106517967999e-02  3.946153512939875e-01  2.012180494702451e-02  1.000000000000000e+00  0.000000000000000e+00 -3.700991453414456e-01 -1.359579626211938e-01  3.700991453445417e-01  1.359579626172602e-01  1.000000000000000e+00  0.000000000000000e+00 
 5.011872336272776e+08 -3.936725534355409e-01 -1.743581482879071e-02  3.970018474475999e-01  1.978475360151138e-02  1.000000000000000e+00  0.000000000000000e+00 -3.786373749180288e-01 -1.330199787115362e-01  3.786373749207431e-01  1.330199787078818e-01  1.000000000000000e+00  0.000000000000000e+00 
 5.248074602497782e+08 -3.959957039039262e-01 -1.700987361013200e-02  3.995185761072260e-01  1.929052318041637e-02  1.000000000000000e+00  0.000000000000000e+00 -3.870980620137086e-01 -1.295471602873010e-01  3.870980620166172e-01  1.295471602831322e-01  1.000000000000000e+00  0.000000000000000e+00 
 5.495408738576305e+08 -3.984466533264726e-01 -1.642557787393338e-02  4.021639363131396e-01  1.862039042817247e-02  1.000000000000000e+00  0.000000000000000e+00 -3.954401902237220e-01 -1.255407255722261e-01  3.954401902263304e-01  1.255407255682490e-01  1.000000000000000e+00  0.000000000000000e+00 
 5.754399373371632e+08 -4.010239382449534e-01 -1.566416937432391e-02  4.049346875948141e-01  1.775467723877898e-02  1.000000000000000e+00  0.000000000000000e+00 -4.036236409696904e-01 -1.210058809422342e-01  4.036236409707392e-01  1.210058809405663e-01  1.000000000000000e+00  0.000000000000000e+00 
 6.025595860743644e+08 -4.037244723797881e-01 -1.470588690723011e-02  4.078257559244592e-01  1.667288491801268e-02  1.000000000000000e+00  0.000000000000000e+00 -4.116097346527141e-01 -1.159515615770734e-01  4.116097346545202e-01  1.159515615739492e-01  1.000000000000000e+00  0.000000000000000e+00 
 6.309573444802003e+08 -4.065433452604396e-01 -1.353009162549626e-02  4.108300489625175e-01  1.535386344351386e-02  1.000000000000000e+00  0.000000000000000e+00 -4.193617071094400e-01 -1.103900849344112e-01  4.193617071092042e-01  1.103900849349349e-01  1.000000000000000e+00  0.000000000000000e+00 
 6.606934480076034e+08 -4.094736276570980e-01 -1.211542781114984e-02  4.139382873412160e-01  1.377601579632283e-02  1.000000000000000e+00  0.000000000000000e+00 -4.268451061625396e-01 -1.043367333175335e-01  4.268451061626759e-01  1.043367333173365e-01  1.000000000000000e+00  0.000000000000000e+00 
 6.918309709189442e+08 -4.125061904173021e-01 -1.044001974556150e-02  4.171388590969963e-01  1.191753599074920e-02  1.000000000000000e+00  0.000000000000000e+00 -4.340280974700681e-01 -9.780928432233635e-02  4.340280974702955e-01  9.780928432192273e-02  1.000000000000000e+00  0.000000000000000e+00 
 7.244359600749983e+08 -4.156295438029455e-01 -8.481703935464241e-03  4.204177043916241e-01  9.756677787833817e-03  1.000000000000000e+00  0.000000000000000e+00 -4.408816734740895e-01 -9.082750935669581e-02  4.408816734748143e-01  9.082750935505579e-02  1.000000000000000e+00  0.000000000000000e+00 
 7.585775750291924e+08 -4.188297045936475e-01 -6.218294385804818e-03  4.237582372788946e-01  7.272049304221262e-03  1.000000000000000e+00  0.000000000000000e+00 -4.473797639972406e-01 -8.341266049058427e-02  4.473797639974016e-01  8.341266049026774e-02  1.000000000000000e+00  0.000000000000000e+00 
 7.943282347242906e+08 -4.220900980155990e-01 -3.627876864668408e-03  4.271413103894420e-01  4.442927079024772e-03  1.000000000000000e+00  0.000000000000000e+00 -4.534992513259667e-01 -7.558696494606706e-02  4.534992513266070e-01  7.558696494434916e-02  1.000000000000000e+00  0.000000000000000e+00 
 8.317637711026806e+08 -4.253915008753771e-01 -6.891263885895060e-04  4.305452270752080e-01  1.249581573586400e-03  1.000000000000000e+00  0.000000000000000e+00 -4.592198964052465e-01 -6.737314459064853e-02  4.592198964067649e-01  6.737314458597488e-02  1.000000000000000e+00  0.000000000000000e+00 
 8.709635899560907e+08 -4.287120311276141e-01  2.618359472471604e-03  4.339458037484812e-01 -2.326395158242886e-03  1.000000000000000e+00  0.000000000000000e+00 -4.645241857183155e-01 -5.879397524187840e-02  4.645241857192006e-01  5.879397523889979e-02  1.000000000000000e+00  0.000000000000000e+00 
 9.120108393559203e+08 -4.320271874851382e-01  6.313720252836677e-03  4.373164829658270e-01 -6.301769661843620e-03  1.000000000000000e+00  0.000000000000000e+00 -4.693971105668204e-01 -4.987189757675305e-02  4.693971105668608e-01  4.987189757674970e-02  1.000000000000000e+00  0.000000000000000e+00 
 9.549925860214471e+08 -4.353099406460882e-01  1.041449498041143e-02  4.406284953771741e-01 -1.069136534859684e-02  1.000000000000000e+00  0.000000000000000e+00 -4.738258917361379e-01 -4.062868827203867e-02  4.738258917363917e-01  4.062868827106773e-02  1.000000000000000e+00  0.000000000000000e+00 
 1.000000000000012e+09 -4.385308753759249e-01  1.493629747201423e-02  4.438510661464392e-01 -1.550778866119837e-02  1.000000000000000e+00  0.000000000000000e+00 -4.777996629783098e-01 -3.108519693937922e-02  4.777996629787604e-01  3.108519693721282e-02  1.000000000000000e+00  0.000000000000000e+00 
 1.047128548050912e+09 -4.416583801993498e-01  1.989251456982928e-02  4.469516590475925e-01 -2.076119170348921e-02  1.000000000000000e+00  0.000000000000000e+00 -4.813091265270852e-01 -2.126115159523462e-02  4.813091265272550e-01  2.126115159441411e-02  1.000000000000000e+00  0.000000000000000e+00 
 1.096478196143198e+09 -4.446588790135095e-01  2.529403641504718e-02  4.498962493569837e-01 -2.645907820599724e-02  1.000000000000000e+00  0.000000000000000e+00 -4.843461931153928e-01 -1.117503294123151e-02  4.843461931155048e-01  1.117503294067074e-02  1.000000000000000e+00  0.000000000000000e+00 
 1.148153621496897e+09 -4.474970967300860e-01  3.114902636421296e-02  4.526496151083584e-01 -3.260615719802308e-02  1.000000000000000e+00  0.000000000000000e+00 -4.869036178266692e-01 -8.440157447248131e-04  4.869036178268272e-01  8.440157435194440e-04  1.000000000000000e+00  0.000000000000000e+00 
 1.202264434617427e+09 -4.501363493055929e-01  3.746273594156746e-02  4.551756353776064e-01 -3.920424609122106e-02  1.000000000000000e+00  0.000000000000000e+00 -4.889746417489016e-01  9.716025883252710e-03  4.889746417490868e-01 -9.716025885395135e-03  1.000000000000000e+00  0.000000000000000e+00 
 1.258925411794183e+09 -4.525388473812226e-01  4.423736764447517e-02  4.574375841670969e-01 -4.625222182683864e-02  1.000000000000000e+00  0.000000000000000e+00 -4.905526479741359e-01  2.049045358219651e-02  4.905526479741193e-01 -2.049045358072465e-02  1.000000000000000e+00  0.000000000000000e+00 
 1.318256738556423e+09 -4.546660023721026e-01  5.147198550524154e-02  4.593984091576601e-01 -5.374601585249902e-02  1.000000000000000e+00  0.000000000000000e+00 -4.916308390771559e-01  3.146574508686767e-02  4.916308390771990e-01 -3.146574508735199e-02  1.000000000000000e+00  0.000000000000000e+00 
 1.380384264602902e+09 -4.564787242701139e-01  5.916247038505008e-02  4.610209860794999e-01 -6.167864601365025e-02  1.000000000000000e+00  0.000000000000000e+00 -4.922019419466949e-01  4.262932503091862e-02  4.922019419467253e-01 -4.262932503130942e-02  1.000000000000000e+00  0.000000000000000e+00 
 1.445439770745945e+09 -4.579377016454373e-01  6.730151423551610e-02  4.622683416126196e-01 -7.004027624456441e-02  1.000000000000000e+00  0.000000000000000e+00 -4.922579447326120e-01  5.396935135078941e-02  4.922579447325987e-01 -5.396935135177373e-02  1.000000000000000e+00  0.000000000000000e+00 
 1.513561248436227e+09 -4.590036562820722e-01  7.587864521331844e-02  4.631038403736448e-01 -7.881829342222600e-02  1.000000000000000e+00  0.000000000000000e+00 -4.917898698417664e-01  6.547446236059822e-02  4.917898698416827e-01 -6.547446236205859e-02  1.000000000000000e+00  0.000000000000000e+00 
 1.584893192461133e+09 -4.596375673965590e-01  8.488027380591656e-02  4.634913345261661e-01 -8.799738991476350e-02  1.000000000000000e+00  0.000000000000000e+00 -4.907875862758821e-01  7.713348923009236e-02  4.907875862758801e-01 -7.713348923044994e-02  1.000000000000000e+00  0.000000000000000e+00 
 1.659586907437582e+09 -4.598008632976742e-01  9.428974910777210e-02  4.633952776177391e-01 -9.755964034054290e-02  1.000000000000000e+00  0.000000000000000e+00 -4.892396642319379e-01  8.893513834021928e-02  4.892396642319780e-01 -8.893513834021001e-02  1.000000000000000e+00  0.000000000000000e+00 
 1.737800828749398e+09 -4.594555814279012e-01  1.040874141680319e-01  4.627808072128393e-01 -1.074845617881914e-01  1.000000000000000e+00  0.000000000000000e+00 -4.871332747160095e-01  1.008676477444211e-01  4.871332747158428e-01 -1.008676477455637e-01  1.000000000000000e+00  0.000000000000000e+00 
 1.819700858610007e+09 -4.585645007782645e-01  1.142506499072937e-01  4.616138035669847e-01 -1.177491481774437e-01  1.000000000000000e+00  0.000000000000000e+00 -4.844541369352820e-01  1.129184218116596e-01  4.844541369351922e-01 -1.129184218122615e-01  1.000000000000000e+00  0.000000000000000e+00 
 1.905460717963272e+09 -4.570912534709951e-01  1.247538984408675e-01  4.598609338715749e-01 -1.283278714176896e-01  1.000000000000000e+00  0.000000000000000e+00 -4.811865163892382e-01  1.250736481419522e-01  4.811865163893380e-01 -1.250736481417055e-01  1.000000000000000e+00  0.000000000000000e+00 
 1.995262314968905e+09 -4.550004247327064e-01  1.355686586128273e-01  4.574896933205909e-01 -1.391926444925437e-01  1.000000000000000e+00  0.000000000000000e+00 -4.773132768235757e-01  1.373179010671227e-01  4.773132768234008e-01 -1.373179010678761e-01  1.000000000000000e+00  0.000000000000000e+00 
 2.089296130854067e+09 -4.522576523565772e-01  1.466634490678785e-01  4.544684554561170e-01 -1.503127443263747e-01  1.000000000000000e+00  0.000000000000000e+00 -4.728159894822765e-01  1.496337364624111e-01  4.728159894822267e-01 -1.496337364626859e-01  1.000000000000000e+00  0.000000000000000e+00 
 2.187761623949581e+09 -4.488297380485738e-01  1.580037370717297e-01  4.507665448051252e-01 -1.616546952540189e-01  1.000000000000000e+00  0.000000000000000e+00 -4.676751033339252e-01  1.620012832590308e-01  4.676751033337915e-01 -1.620012832595107e-01  1.000000000000000e+00  0.000000000000000e+00 
 2.290867652767803e+09 -4.446847836662457e-01  1.695518344456033e-01  4.463543448378520e-01 -1.731821169113150e-01  1.000000000000000e+00  0.000000000000000e+00 -4.618701800770422e-01  1.743978379930227e-01  4.618701800774527e-01 -1.743978379920874e-01  1.000000000000000e+00  0.000000000000000e+00 
 2.398832919019522e+09 -4.397923653134957e-01  1.812667652375058e-01  4.412034536896972e-01 -1.848555433721040e-01  1.000000000000000e+00  0.000000000000000e+00 -4.553801976842907e-01  1.867974698422108e-01  4.553801976846366e-01 -1.867974698415112e-01  1.000000000000000e+00  0.000000000000000e+00 
 2.511886431509614e+09 -4.341237575284899e-01  1.931041130135525e-01  4.352868989593701e-01 -1.966322232616829e-01  1.000000000000000e+00  0.000000000000000e+00 -4.481839259266571e-01  1.991706450137459e-01  4.481839259263590e-01 -1.991706450144395e-01  1.000000000000000e+00  0.000000000000000e+00 
 2.630267991895417e+09 -4.276522184072233e-01  2.050158588047413e-01  4.285794212389649e-01 -2.084659133219029e-01  1.000000000000000e+00  0.000000000000000e+00 -4.402603766672256e-01  2.114838808517156e-01  4.402603766668131e-01 -2.114838808525633e-01  1.000000000000000e+00  0.000000000000000e+00 
 2.754228703338203e+09 -4.203533444641592e-01  2.169502236845360e-01  4.210578338423618e-01 -2.203066804333851e-01  1.000000000000000e+00  0.000000000000000e+00 -4.315893306270004e-01  2.236994417007102e-01  4.315893306270869e-01 -2.236994417006258e-01  1.000000000000000e+00  0.000000000000000e+00 
 2.884031503126645e+09 -4.122055013601597e-01  2.288515325828522e-01  4.127014634784110e-01 -2.321007293422252e-01  1.000000000000000e+00  0.000000000000000e+00 -4.221519407386036e-01  2.357750902196940e-01  4.221519407379261e-01 -2.357750902208215e-01  1.000000000000000e+00  0.000000000000000e+00 
 3.019951720402058e+09 -4.031903333342984e-01  2.406601181583669e-01  4.034926733858983e-01 -2.437902752018754e-01  1.000000000000000e+00  0.000000000000000e+00 -4.119314100540598e-01  2.476639093924706e-01  4.119314100543247e-01 -2.476639093921411e-01  1.000000000000000e+00  0.000000000000000e+00 
 3.162277660168423e+09 -3.932933503001731e-01  2.523122852274581e-01  3.934174666891934e-01 -2.553134814284382e-01  1.000000000000000e+00  0.000000000000000e+00 -4.009137394374768e-01  2.593142117496782e-01  4.009137394373886e-01 -2.593142117498447e-01  1.000000000000000e+00  0.000000000000000e+00 
 3.311311214825957e+09 -3.825045871549396e-01  2.637403572486129e-01  3.824661634702855e-01 -2.666044841424368e-01  1.000000000000000e+00  0.000000000000000e+00 -3.890885368940937e-01  2.706695532299414e-01  3.890885368942129e-01 -2.706695532298417e-01  1.000000000000000e+00  0.000000000000000e+00 
 3.467368504525365e+09 -3.708193249598237e-01  2.748728265315167e-01  3.706341403739243e-01 -2.775935244750115e-01  1.000000000000000e+00  0.000000000000000e+00 -3.764498765006106e-01  2.816688692707923e-01  3.764498765006163e-01 -2.816688692708271e-01  1.000000000000000e+00  0.000000000000000e+00 
 3.630780547701065e+09 -3.582388584310939e-01  2.856346290103863e-01  3.579226165209390e-01 -2.882072090882658e-01  1.000000000000000e+00  0.000000000000000e+00 -3.629971904887493e-01  2.922467501625409e-01  3.629971904888790e-01 -2.922467501624463e-01  1.000000000000000e+00  0.000000000000000e+00 
 3.801893963205667e+09 -3.447712887832799e-01  2.959475624303336e-01  3.443394643120610e-01 -2.983689172214827e-01  1.000000000000000e+00  0.000000000000000e+00 -3.487361733685705e-01  3.023338710038556e-01  3.487361733684747e-01 -3.023338710039797e-01  1.000000000000000e+00  0.000000000000000e+00 
 3.981071705535030e+09 -3.304323156536730e-01  3.057308634991294e-01  3.299000185579686e-01 -3.079993692793953e-01  1.000000000000000e+00  0.000000000000000e+00 -3.336796722190645e-01  3.118575887372271e-01  3.336796722191317e-01 -3.118575887372015e-01  1.000000000000000e+00  0.000000000000000e+00 
 4.168693834703414e+09 -3.152459969081767e-01  3.149019548587512e-01  3.146278525992002e-01 -3.170173673191966e-01  1.000000000000000e+00  0.000000000000000e+00 -3.178485327899249e-01  3.207427144957769e-01  3.178485327900687e-01 -3.207427144956949e-01  1.000000000000000e+00  0.000000000000000e+00 
 4.365158322401723e+09 -2.992454409663634e-01  3.233773666107435e-01  2.985554860324817e-01 -3.253407117379721e-01  1.000000000000000e+00  0.000000000000000e+00 -3.012723671899961e-01  3.289124638696885e-01  3.012723671901009e-01 -3.289124638696421e-01  1.000000000000000e+00  0.000000000000000e+00 
 4.570881896148817e+09 -2.824733932978435e-01  3.310738296688950e-01  2.817249857668187e-01 -3.328872910864178e-01  1.000000000000000e+00  0.000000000000000e+00 -2.839902061442435e-01  3.362895807177714e-01  2.839902061442578e-01 -3.362895807177870e-01  1.000000000000000e+00  0.000000000000000e+00 
 4.786300923226454e+09 -2.649826773674924e-01  3.379095296242012e-01  2.641884208143831e-01 -3.395763334404368e-01  1.000000000000000e+00  0.000000000000000e+00 -2.660509974976751e-01  3.427976220306145e-01  2.660509974975808e-01 -3.427976220306894e-01  1.000000000000000e+00  0.000000000000000e+00 
 5.011872336272797e+09 -2.468364509446582e-01  3.438055004478023e-01  2.460081318796407e-01 -3.453297984961824e-01  1.000000000000000e+00  0.000000000000000e+00 -2.475139132604324e-01  3.483623824172801e-01  2.475139132602538e-01 -3.483623824173882e-01  1.000000000000000e+00  0.000000000000000e+00 
 5.248074602497804e+09 -2.281082416571149e-01  3.486871277280280e-01  2.272567797762564e-01 -3.500738800138891e-01  1.000000000000000e+00  0.000000000000000e+00 -2.284484303521645e-01  3.529134275320483e-01  2.284484303519388e-01 -3.529134275321633e-01  1.000000000000000e+00  0.000000000000000e+00 
 5.495408738576327e+09 -2.088817311548029e-01  3.524857218693134e-01  2.080171421513599e-01 -3.537405790391573e-01  1.000000000000000e+00  0.000000000000000e+00 -2.089341555167099e-01  3.563856967973470e-01  2.089341555170373e-01 -3.563856967972456e-01  1.000000000000000e+00  0.000000000000000e+00 
 5.754399373371655e+09 -1.892502652419669e-01  3.551401134869107e-01  1.883816359468578e-01 -3.562693001929916e-01  1.000000000000000e+00  0.000000000000000e+00 -1.890603726585764e-01  3.587211278191946e-01  1.890603726587287e-01 -3.587211278191647e-01  1.000000000000000e+00  0.000000000000000e+00 
 6.025595860743669e+09 -1.693160776171180e-01  3.565982168554589e-01  1.684515532466336e-01 -3.576084169771791e-01  1.000000000000000e+00  0.000000000000000e+00 -1.689253008821295e-01  3.598702486731770e-01  1.689253008822090e-01 -3.598702486731729e-01  1.000000000000000e+00  0.000000000000000e+00 
 6.309573444802029e+09 -1.491892269570995e-01  3.568185033991044e-01  1.483360101927431e-01 -3.577167481796643e-01  1.000000000000000e+00  0.000000000000000e+00 -1.486350633711193e-01  3.597936804388874e-01  1.486350633712104e-01 -3.597936804388852e-01  1.000000000000000e+00  0.000000000000000e+00 
 6.606934480076061e+09 -1.289862603011715e-01  3.557713263972216e-01  1.281506218136977e-01 -3.565648866361176e-01  1.000000000000000e+00  0.000000000000000e+00 -1.283023802159968e-01  3.584634915520271e-01  1.283023802160818e-01 -3.584634915520302e-01  1.000000000000000e+00  0.000000000000000e+00 
 6.918309709189471e+09 -1.088286291596271e-01  3.534400406556816e-01  1.080159290251519e-01 -3.541363241425017e-01  1.000000000000000e+00  0.000000000000000e+00 -1.080450115651099e-01  3.558643480484188e-01  1.080450115652663e-01 -3.558643480484224e-01  1.000000000000000e+00  0.000000000000000e+00 
 7.244359600750012e+09 -8.884089751035609e-02  3.498218669071272e-01  8.805561677154253e-02 -3.504283222782523e-01  1.000000000000000e+00  0.000000000000000e+00 -8.798399005420887e-02  3.519944096707329e-01  8.798399005451450e-02 -3.519944096707462e-01  1.000000000000000e+00  0.000000000000000e+00 
 7.585775750291955e+09 -6.914879188229729e-02  3.449284598944257e-01  6.839457329598168e-02 -3.454524880273305e-01  1.000000000000000e+00  0.000000000000000e+00 -6.824169240065424e-02  3.468659308452812e-01  6.824169240094469e-02 -3.468659308453123e-01  1.000000000000000e+00  0.000000000000000e+00 
 7.943282347242938e+09 -4.987715218559433e-02  3.387861508860271e-01  4.915684899668236e-02 -3.392350248192248e-01  1.000000000000000e+00  0.000000000000000e+00 -4.893980847039289e-02  3.405055371637317e-01  4.893980847062093e-02 -3.405055371637730e-01  1.000000000000000e+00  0.000000000000000e+00 
 8.317637711026839e+09 -3.114784718467573e-02  3.314358489474554e-01  3.046357859027466e-02 -3.318166431280940e-01  1.000000000000000e+00  0.000000000000000e+00 -3.019727138284366e-02  3.329541614169398e-01  3.019727138294706e-02 -3.329541614169719e-01  1.000000000000000e+00  0.000000000000000e+00 
 8.709635899560942e+09 -1.307772016043917e-02  3.229325996515784e-01  1.243093199849731e-02 -3.232521290824121e-01  1.000000000000000e+00  0.000000000000000e+00 -1.212821394013425e-02  3.242666374475711e-01  1.212821394052674e-02 -3.242666374476863e-01  1.000000000000000e+00  0.000000000000000e+00 
 9.120108393559240e+09  4.223371649513209e-03  3.133448140025105e-01 -4.831842526809311e-03 -3.136095835981659e-01  1.000000000000000e+00  0.000000000000000e+00  5.159985174533513e-03  3.145109640773728e-01 -5.159985174313606e-03 -3.145109640774589e-01  1.000000000000000e+00  0.000000000000000e+00 
 9.549925860214510e+09  2.065436549925950e-02  3.027531931862594e-01 -2.122422471789446e-02 -3.029693573754885e-01  1.000000000000000e+00  0.000000000000000e+00  2.156850710754080e-02  3.037672641447479e-01 -2.156850710732248e-02 -3.037672641448504e-01  1.000000000000000e+00  0.000000000000000e+00 
 1.000000000000016e+10  3.612459909716315e-02  2.912493855359736e-01 -3.665602761854076e-02 -2.914227178795040e-01  1.000000000000000e+00  0.000000000000000e+00  3.700869993723312e-02  2.921264744548832e-01 -3.700869993700549e-02 -2.921264744550085e-01  1.000000000000000e+00  0.000000000000000e+00 
 1.047128548050916e+10  5.055517357863685e-02  2.789344202584982e-01 -5.104876131234200e-02 -2.790702926082680e-01  1.000000000000000e+00  0.000000000000000e+00  5.140344639142404e-02  2.796888106372398e-01 -5.140344639107362e-02 -2.796888106374549e-01  1.000000000000000e+00  0.000000000000000e+00 
 1.096478196143202e+10  6.388004388513492e-02  2.659169677609904e-01 -6.433672529296297e-02 -2.660203382794242e-01  1.000000000000000e+00  0.000000000000000e+00  6.468826217835205e-02  2.665620562724155e-01 -6.468826217809685e-02 -2.665620562726011e-01  1.000000000000000e+00  0.000000000000000e+00 
 1.148153621496901e+10  7.604681801771067e-02  2.523114788896713e-01 -7.646781075657412e-02 -2.523868880853324e-01  1.000000000000000e+00  0.000000000000000e+00  7.681210591687088e-02  2.528597282234160e-01 -7.681210591665284e-02 -2.528597282236003e-01  1.000000000000000e+00  0.000000000000000e+00 
 1.202264434617432e+10  8.701725714419159e-02  2.382362553490134e-01 -8.740400458767734e-02 -2.382878291740064e-01  1.000000000000000e+00  0.000000000000000e+00  8.773789210352871e-02  2.386991701820594e-01 -8.773789210332858e-02 -2.386991701822540e-01  1.000000000000000e+00  0.000000000000000e+00 
 1.258925411794188e+10  9.676747794868483e-02  2.238115014927793e-01 -9.712159621432608e-02 -2.238429604845623e-01  1.000000000000000e+00  0.000000000000000e+00  9.744270794702029e-02  2.241996244837825e-01 -9.744270794678614e-02 -2.241996244840368e-01  1.000000000000000e+00  0.000000000000000e+00 
 1.318256738556429e+10  1.052878666123903e-01  2.091574041359045e-01 -1.056110965153684e-01 -2.091720775708071e-01  1.000000000000000e+00  0.000000000000000e+00  1.059177429092324e-01  2.094803288194654e-01 -1.059177429090156e-01 -2.094803288197349e-01  1.000000000000000e+00  0.000000000000000e+00 
 1.380384264602907e+10  1.125827203219822e-01  1.943922825937990e-01 -1.128768844862303e-01 -1.943931266428950e-01  1.000000000000000e+00  0.000000000000000e+00  1.131679463383279e-01  1.946586801316429e-01 -1.131679463381407e-01 -1.946586801319115e-01  1.000000000000000e+00  0.000000000000000e+00 
 1.445439770745951e+10  1.186696373215645e-01  1.796308462915699e-01 -1.189366025124681e-01 -1.796204652246789e-01  1.000000000000000e+00  0.000000000000000e+00  1.192114337546322e-01  1.798485032029692e-01 -1.192114337544980e-01 -1.798485032031983e-01  1.000000000000000e+00  0.000000000000000e+00 
 1.513561248436233e+10  1.235786804873194e-01  1.649825923417100e-01 -1.238203250902837e-01 -1.649632619031870e-01  1.000000000000000e+00  0.000000000000000e+00  1.240786663826816e-01  1.651584565625572e-01 -1.240786663825516e-01 -1.651584565628124e-01  1.000000000000000e+00  0.000000000000000e+00 
 1.584893192461140e+10  1.273513424940445e-01  1.505503706458003e-01 -1.275695289512296e-01 -1.505240628179525e-01  1.000000000000000e+00  0.000000000000000e+00  1.278114316858622e-01  1.506906035348638e-01 -1.278114316857469e-01 -1.506906035351297e-01  1.000000000000000e+00  0.000000000000000e+00 
 1.659586907437588e+10  1.300393431242182e-01  1.364291393630900e-01 -1.302358950567616e-01 -1.363975478326427e-01  1.000000000000000e+00  0.000000000000000e+00  1.304616552153799e-01  1.365391715642152e-01 -1.304616552152923e-01 -1.365391715644629e-01  1.000000000000000e+00  0.000000000000000e+00 
 1.737800828749405e+10  1.317032913307838e-01  1.227049289210219e-01 -1.318799750134252e-01 -1.226694946648297e-01  1.000000000000000e+00  0.000000000000000e+00  1.320900762134105e-01  1.227895182866950e-01 -1.320900762133430e-01 -1.227895182869335e-01  1.000000000000000e+00  0.000000000000000e+00 
 1.819700858610014e+10  1.324112463805957e-01  1.094540279725484e-01 -1.325697561964783e-01 -1.094159644763700e-01  1.000000000000000e+00  0.000000000000000e+00  1.327648211869887e-01  1.095173180430892e-01 -1.327648211869309e-01 -1.095173180433447e-01  1.000000000000000e+00  0.000000000000000e+00 
 1.905460717963279e+10  1.322372137327795e-01  9.674239968443023e-02 -1.323791612147032e-01 -9.670271740015446e-02  1.000000000000000e+00  0.000000000000000e+00  1.325599110477622e-01  9.678797748947847e-02 -1.325599110477250e-01 -9.678797748971371e-02  1.000000000000000e+00  0.000000000000000e+00 
 1.995262314968913e+10  1.312596120998988e-01  8.462533137655687e-02 -1.313865181569035e-01 -8.458486110695426e-02  1.000000000000000e+00  0.000000000000000e+00  1.315537382482235e-01  8.465628357536804e-02 -1.315537382481995e-01 -8.465628357560295e-02  1.000000000000000e+00  0.000000000000000e+00 
 2.089296130854075e+10  1.295597481923378e-01  7.314731482730459e-02 -1.296730381240124e-01 -7.310672980251742e-02  1.000000000000000e+00  0.000000000000000e+00  1.298275504302456e-01  7.316628142908280e-02 -1.298275504302390e-01 -7.316628142928355e-02  1.000000000000000e+00  0.000000000000000e+00 
 2.187761623949590e+10  1.272203347397945e-01  6.234214863183922e-02 -1.273213356524856e-01 -6.230198510829900e-02  1.000000000000000e+00  0.000000000000000e+00  1.274639762202784e-01  6.235137373461599e-02 -1.274639762202825e-01 -6.235137373481045e-02  1.000000000000000e+00  0.000000000000000e+00 
 2.290867652767812e+10  1.243240853439565e-01  5.223324807685571e-02 -1.244140256008858e-01 -5.219392434732835e-02  1.000000000000000e+00  0.000000000000000e+00  1.245456267835050e-01  5.223462723527460e-02 -1.245456267835187e-01 -5.223462723546405e-02  1.000000000000000e+00  0.000000000000000e+00 
 2.398832919019532e+10  1.209524164584383e-01  4.283414238677208e-02 -1.210324268180706e-01 -4.279597614057389e-02  1.000000000000000e+00  0.000000000000000e+00  1.211538035039626e-01  4.282926636532085e-02 -1.211538035039848e-01 -4.282926636548971e-02  1.000000000000000e+00  0.000000000000000e+00 
 2.511886431509623e+10  1.171842823501425e-01  3.414913425251095e-02 -1.172553984726259e-01 -3.411235826788142e-02  1.000000000000000e+00  0.000000000000000e+00  1.173673377236892e-01  3.413932904426716e-02 -1.173673377237185e-01 -3.413932904442812e-02  1.000000000000000e+00  0.000000000000000e+00 
 2.630267991895427e+10  1.130951634320171e-01  2.617409261176020e-02 -1.131583294612191e-01 -2.613886879862777e-02  1.000000000000000e+00  0.000000000000000e+00  1.132615830145113e-01  2.616045570493827e-02 -1.132615830145452e-01 -2.616045570507949e-02  1.000000000000000e+00  0.000000000000000e+00 
 2.754228703338214e+10  1.087562221467750e-01  1.889734698475377e-02 -1.088122951045675e-01 -1.886377882611334e-02  1.000000000000000e+00  0.000000000000000e+00  1.089075742476604e-01  1.888077994215357e-02 -1.089075742477005e-01 -1.888077994229615e-02  1.000000000000000e+00  0.000000000000000e+00 
 2.884031503126656e+10  1.042336339836221e-01  1.230065045732677e-02 -1.042833887429241e-01 -1.226879392153568e-02  1.000000000000000e+00  0.000000000000000e+00  1.043713611287572e-01  1.228188793965067e-02 -1.043713611288013e-01 -1.228188793978419e-02  1.000000000000000e+00  0.000000000000000e+00 
 3.019951720402069e+10  9.958809462456711e-02  6.360178695325341e-03 -9.963222925760326e-02 -6.330051710214401e-03  1.000000000000000e+00  0.000000000000000e+00  9.971351727833840e-02  6.339814109227611e-03 -9.971351727838311e-02 -6.339814109342618e-03  1.000000000000000e+00  0.000000000000000e+00 
 3.162277660168435e+10  9.487449803598541e-02  1.047534096449962e-03 -9.491363936368782e-02 -1.019124689637277e-03  1.000000000000000e+00  0.000000000000000e+00  9.498881975396350e-02  1.026042084647737e-03 -9.498881975401040e-02 -1.026042084755218e-03  1.000000000000000e+00  0.000000000000000e+00 
 3.311311214825969e+10  9.014177488797405e-02 -3.669272850879062e-03 -9.017648408484709e-02  3.695999632306570e-03  1.000000000000000e+00  0.000000000000000e+00  9.024608847236515e-02 -3.691516835995929e-03 -9.024608847241140e-02  3.691516835901953e-03  1.000000000000000e+00  0.000000000000000e+00 
 3.467368504525378e+10  8.543287625988294e-02 -7.824889001091160e-03 -8.546365439549100e-02  7.849985273791478e-03  1.000000000000000e+00  0.000000000000000e+00  8.552817056058004e-02 -7.847591785375221e-03 -8.552817056062706e-02  7.847591785288146e-03  1.000000000000000e+00  0.000000000000000e+00 
 3.630780547701078e+10  8.078488433557586e-02 -1.145575020313077e-02 -8.081217775865000e-02  1.147928041500553e-02  1.000000000000000e+00  0.000000000000000e+00  8.087205140418918e-02 -1.147868638032483e-02 -8.087205140423724e-02  1.147868638024261e-02  1.000000000000000e+00  0.000000000000000e+00 
 3.801893963205680e+10  7.622922976146691e-02 -1.459929371737912e-02 -7.625343525512697e-02  1.462133068299386e-02  1.000000000000000e+00  0.000000000000000e+00  7.630907212374444e-02 -1.462229328344136e-02 -7.630907212379109e-02  1.462229328336811e-02  1.000000000000000e+00  0.000000000000000e+00 
 3.981071705535044e+10  7.179199449220473e-02 -1.729326108000759e-02 -7.181346414874148e-02  1.731388277232638e-02  1.000000000000000e+00  0.000000000000000e+00  7.186523235560952e-02 -1.731619896351495e-02 -7.186523235565394e-02  1.731619896345061e-02  1.000000000000000e+00  0.000000000000000e+00 
 4.168693834703429e+10  6.749427916203327e-02 -1.957509651774587e-02 -6.751332494295699e-02  1.959438351127454e-02  1.000000000000000e+00  0.000000000000000e+00  6.756155741987709e-02 -1.959788377069093e-02 -6.756155741991955e-02  1.959788377063365e-02  1.000000000000000e+00  0.000000000000000e+00 
 4.365158322401739e+10  6.335261511763300e-02 -2.148144193249123e-02 -6.336951307928902e-02  2.149947540097028e-02  1.000000000000000e+00  0.000000000000000e+00  6.341451004926434e-02 -2.150401836186684e-02 -6.341451004930743e-02  2.150401836181191e-02  1.000000000000000e+00  0.000000000000000e+00 
 4.570881896148833e+10  5.937940302313444e-02 -2.304772602761453e-02 -5.939439720017966e-02  2.306458620830750e-02  1.000000000000000e+00  0.000000000000000e+00  5.943642862161819e-02 -2.307005406623077e-02 -5.943642862165804e-02  2.307005406618324e-02  1.000000000000000e+00  0.000000000000000e+00 
 4.786300923226471e+10  5.558336218462219e-02 -2.430784240860771e-02 -5.559666813323520e-02  2.432360745451923e-02  1.000000000000000e+00  0.000000000000000e+00  5.563597606957097e-02 -2.432990204271109e-02 -5.563597606960922e-02  2.432990204266801e-02  1.000000000000000e+00  0.000000000000000e+00 
 5.011872336272815e+10  5.196997723554862e-02 -2.529390947197000e-02 -5.198178524561736e-02  2.530865462264225e-02  1.000000000000000e+00  0.000000000000000e+00  5.201858612991730e-02 -2.531569406252232e-02 -5.201858612995320e-02  2.531569406248408e-02  1.000000000000000e+00  0.000000000000000e+00 
 5.248074602497823e+10  4.854193139647629e-02 -2.603610356155757e-02 -4.855240938744185e-02  2.604990057212239e-02  1.000000000000000e+00  0.000000000000000e+00  4.858689616270249e-02 -2.605761641503813e-02 -4.858689616273763e-02  2.605761641500250e-02  1.000000000000000e+00  0.000000000000000e+00 
 5.495408738576347e+10  4.529951802585052e-02 -2.656255614955664e-02 -4.530881414464710e-02  2.657547292625195e-02  1.000000000000000e+00  0.000000000000000e+00  4.534115826947040e-02 -2.658380771223223e-02 -4.534115826950338e-02  2.658380771220040e-02  1.000000000000000e+00  0.000000000000000e+00 
 5.754399373371677e+10  4.224102450267409e-02 -2.689930559656748e-02 -4.224926944457583e-02  2.691140599480263e-02  1.000000000000000e+00  0.000000000000000e+00  4.227962276096436e-02 -2.692031116316918e-02 -4.227962276099548e-02  2.692031116314054e-02  1.000000000000000e+00  0.000000000000000e+00 
 6.025595860743690e+10  3.936308455224850e-02 -2.707029425886744e-02 -3.937039362666976e-02  2.708163800705475e-02  1.000000000000000e+00  0.000000000000000e+00  3.939889009219561e-02 -2.709107210222755e-02 -3.939889009222498e-02  2.709107210220172e-02  1.000000000000000e+00  0.000000000000000e+00 
 6.309573444802052e+10  3.666099689996261e-02 -2.709740223735372e-02 -3.666747186360423e-02  2.710804495606858e-02  1.000000000000000e+00  0.000000000000000e+00  3.669422915438407e-02 -2.711797207978899e-02 -3.669422915441142e-02  2.711797207976595e-02  1.000000000000000e+00  0.000000000000000e+00 
 6.606934480076085e+10  3.412900959990901e-02 -2.700050980538247e-02 -3.413474027930589e-02  2.701050309697579e-02  1.000000000000000e+00  0.000000000000000e+00  3.415986127334340e-02 -2.702089156540968e-02 -3.415986127336870e-02  2.702089156538922e-02  1.000000000000000e+00  0.000000000000000e+00 
 6.918309709189496e+10  3.176057054051731e-02 -2.679758142668967e-02 -3.176563626521412e-02  2.680697301527636e-02  1.000000000000000e+00  0.000000000000000e+00  3.178921041791679e-02 -2.681779418610729e-02 -3.178921041794094e-02  2.681779418608855e-02  1.000000000000000e+00  0.000000000000000e+00 
 7.244359600750038e+10  2.954854549932558e-02 -2.650476520879188e-02 -2.955301636573420e-02  2.651359911463001e-02  1.000000000000000e+00  0.000000000000000e+00  2.957512099094084e-02 -2.652482635535307e-02 -2.957512099096280e-02  2.652482635533660e-02  1.000000000000000e+00  0.000000000000000e+00 
 7.585775750291982e+10  2.748540573427304e-02 -2.613650257552923e-02 -2.748934371887518e-02  2.614481931124863e-02  1.000000000000000e+00  0.000000000000000e+00  2.751004518964448e-02 -2.615642708549610e-02 -2.751004518966495e-02  2.615642708548128e-02  1.000000000000000e+00  0.000000000000000e+00 
 7.943282347242966e+10  2.556338749559583e-02 -2.570564384281285e-02 -2.556684743464784e-02  2.571348062181427e-02  1.000000000000000e+00  0.000000000000000e+00  2.558620231845948e-02 -2.572544367573234e-02 -2.558620231847893e-02  2.572544367571882e-02  1.000000000000000e+00  0.000000000000000e+00 
 8.317637711026869e+10  2.377462605831249e-02 -2.522356621513857e-02 -2.377765650965757e-02  2.523095716483945e-02  1.000000000000000e+00  0.000000000000000e+00  2.379571265257250e-02 -2.524324980037231e-02 -2.379571265259045e-02  2.524324980036021e-02  1.000000000000000e+00  0.000000000000000e+00 
 8.709635899560974e+10  2.211126694711018e-02 -2.470029146898392e-02 -2.211391094816695e-02  2.470726784349848e-02  1.000000000000000e+00  0.000000000000000e+00  2.213070852192470e-02 -2.471986326994213e-02 -2.213070852194166e-02  2.471986326993113e-02  1.000000000000000e+00  0.000000000000000e+00 
 9.120108393559274e+10  2.056555698704374e-02 -2.414460124366154e-02 -2.056785272155445e-02  2.415119163203860e-02  1.000000000000000e+00  0.000000000000000e+00  2.058342524653214e-02 -2.416406139143116e-02 -2.058342524654779e-02  2.416406139142133e-02  1.000000000000000e+00  0.000000000000000e+00 
 9.549925860214545e+10  1.912991769475263e-02 -2.356414841823981e-02 -1.913189907946941e-02  2.357037894559804e-02  1.000000000000000e+00  0.000000000000000e+00  1.914627443484789e-02 -2.358349241141209e-02 -1.914627443486250e-02  2.358349241140320e-02  1.000000000000000e+00  0.000000000000000e+00 
 1.000000000000020e+11  1.779700335140547e-02 -2.296556351738576e-02 -1.779870055258219e-02  2.297145803723450e-02  1.000000000000000e+00  0.000000000000000e+00  1.781190198294920e-02 -2.298478198937647e-02 -1.781190198296273e-02  2.298478198936849e-02  1.000000000000000e+00  0.000000000000000e+00 
