 1.000000000000000e+06 -4.362021334096836e+00 
 1.047128548050900e+06 -4.362017809129060e+00 
 1.096478196143185e+06 -4.362013944063953e+00 
 1.148153621496883e+06 -4.362009706047805e+00 
 1.202264434617413e+06 -4.362005059298922e+00 
 1.258925411794168e+06 -4.361999964138924e+00 
 1.318256738556408e+06 -4.361994377416224e+00 
 1.380384264602886e+06 -4.361988251759912e+00 
 1.445439770745928e+06 -4.361981535177256e+00 
 1.513561248436209e+06 -4.361974170470376e+00 
 1.584893192461115e+06 -4.361966095321053e+00 
 1.659586907437562e+06 -4.361957241096869e+00 
 1.737800828749377e+06 -4.361947532648745e+00 
 1.819700858609986e+06 -4.361936887673207e+00 
 1.905460717963250e+06 -4.361925215634200e+00 
 1.995262314968882e+06 -4.361912417659878e+00 
 2.089296130854042e+06 -4.361898384943960e+00 
 2.187761623949556e+06 -4.361882998487696e+00 
 2.290867652767777e+06 -4.361866127757777e+00 
 2.398832919019494e+06 -4.361847629341762e+00 
 2.511886431509584e+06 -4.361827346586564e+00 
 2.630267991895386e+06 -4.361805106892791e+00 
 2.754228703338171e+06 -4.361780721866073e+00 
 2.884031503126611e+06 -4.361753984532008e+00 
 3.019951720402022e+06 -4.361724667865928e+00 
 3.162277660168386e+06 -4.361692523153628e+00 
 3.311311214825918e+06 -4.361657277598241e+00 
 3.467368504525324e+06 -4.361618632055835e+00 
 3.630780547701022e+06 -4.361576258785229e+00 
 3.801893963205622e+06 -4.361529798243315e+00 
 3.981071705534983e+06 -4.361478855992088e+00 
 4.168693834703365e+06 -4.361423000118049e+00 
 4.365158322401672e+06 -4.361361756625033e+00 
 4.570881896148764e+06 -4.361294606038562e+00 
 4.786300923226397e+06 -4.361220978819428e+00 
 5.011872336272738e+06 -4.361140250402127e+00 
 5.248074602497743e+06 -4.361051736149499e+00 
 5.495408738576263e+06 -4.360954685468764e+00 
 5.754399373371588e+06 -4.360848275466997e+00 
 6.025595860743597e+06 -4.360731603903364e+00 
 6.309573444801954e+06 -4.360603681806778e+00 
 6.606934480075982e+06 -4.360463424795488e+00 
 6.918309709189389e+06 -4.360309644260811e+00 
 7.244359600749927e+06 -4.360141037107886e+00 
 7.585775750291865e+06 -4.359956174917710e+00 
 7.943282347242844e+06 -4.359753491777218e+00 
 8.317637711026741e+06 -4.359531271341244e+00 
 8.709635899560839e+06 -4.359287631977169e+00 
 9.120108393559132e+06 -4.359020511483768e+00 
 9.549925860214395e+06 -4.358727649457337e+00 
 1.000000000000004e+07 -4.358406568395537e+00 
 1.047128548050904e+07 -4.358054553007797e+00 
 1.096478196143189e+07 -4.357668627518811e+00 
 1.148153621496888e+07 -4.357245530689772e+00 
 1.202264434617418e+07 -4.356781688975528e+00 
 1.258925411794173e+07 -4.356273186374513e+00 
 1.318256738556413e+07 -4.355715732252914e+00 
 1.380384264602891e+07 -4.355104625426231e+00 
 1.445439770745934e+07 -4.354434715927030e+00 
 1.513561248436215e+07 -4.353700362038835e+00 
 1.584893192461121e+07 -4.352895383931877e+00 
 1.659586907437568e+07 -4.352013013368644e+00 
 1.737800828749384e+07 -4.351045838166494e+00 
 1.819700858609992e+07 -4.349985741824537e+00 
 1.905460717963257e+07 -4.348823838361026e+00 
 1.995262314968890e+07 -4.347550399882395e+00 
 2.089296130854050e+07 -4.346154779275670e+00 
 2.187761623949564e+07 -4.344625324639638e+00 
 2.290867652767785e+07 -4.342949287502675e+00 
 2.398832919019503e+07 -4.341112722141439e+00 
 2.511886431509594e+07 -4.339100376722486e+00 
 2.630267991895396e+07 -4.336895575131681e+00 
 2.754228703338182e+07 -4.334480088714828e+00 
 2.884031503126622e+07 -4.331833998121885e+00 
 3.019951720402033e+07 -4.328935543288391e+00 
 3.162277660168397e+07 -4.325760962119553e+00 
 3.311311214825930e+07 -4.322284316215372e+00 
 3.467368504525337e+07 -4.318477304246636e+00 
 3.630780547701035e+07 -4.314309061266989e+00 
 3.801893963205635e+07 -4.309745943448188e+00 
 3.981071705534997e+07 -4.304751299998919e+00 
 4.168693834703380e+07 -4.299285228432416e+00 
 4.365158322401687e+07 -4.293304316473760e+00 
 4.570881896148779e+07 -4.286761369176986e+00 
 4.786300923226414e+07 -4.279605121515710e+00 
 5.011872336272755e+07 -4.271779938576068e+00 
 5.248074602497760e+07 -4.263225503134520e+00 
 5.495408738576282e+07 -4.253876493586455e+00 
 5.754399373371608e+07 -4.243662254362627e+00 
 6.025595860743618e+07 -4.232506461509913e+00 
 6.309573444801975e+07 -4.220326788166356e+00 
 6.606934480076005e+07 -4.207034575258604e+00 
 6.918309709189413e+07 -4.192534513033930e+00 
 7.244359600749952e+07 -4.176724340485041e+00 
 7.585775750291891e+07 -4.159494574112056e+00 
 7.943282347242872e+07 -4.140728274111937e+00 
 8.317637711026771e+07 -4.120300861765419e+00 
 8.709635899560872e+07 -4.098080002591170e+00 
 9.120108393559167e+07 -4.073925570584750e+00 
 9.549925860214433e+07 -4.047689713065475e+00 
 1.000000000000008e+08 -4.019217035301736e+00 
 1.047128548050908e+08 -3.988344927665705e+00 
 1.096478196143194e+08 -3.954904058098303e+00 
 1.148153621496892e+08 -3.918719054971809e+00 
 1.202264434617423e+08 -3.879609404421960e+00 
 1.258925411794178e+08 -3.837390587459578e+00 
 1.318256738556418e+08 -3.791875479252906e+00 
 1.380384264602897e+08 -3.742876030516268e+00 
 1.445439770745940e+08 -3.690205247913420e+00 
 1.513561248436221e+08 -3.633679482352404e+00 
 1.584893192461127e+08 -3.573121028383397e+00 
 1.659586907437575e+08 -3.508361026556612e+00 
 1.737800828749391e+08 -3.439242649999119e+00 
 1.819700858610000e+08 -3.365624543476001e+00 
 1.905460717963264e+08 -3.287384467730438e+00 
 1.995262314968898e+08 -3.204423087154296e+00 
 2.089296130854059e+08 -3.116667823645024e+00 
 2.187761623949573e+08 -3.024076683917231e+00 
 2.290867652767794e+08 -2.926641955258795e+00 
 2.398832919019513e+08 -2.824393653596974e+00 
 2.511886431509604e+08 -2.717402602135222e+00 
 2.630267991895407e+08 -2.605783015724466e+00 
 2.754228703338193e+08 -2.489694470369050e+00 
 2.884031503126634e+08 -2.369343146518882e+00 
 3.019951720402046e+08 -2.244982249651596e+00 
 3.162277660168411e+08 -2.116911532909777e+00 
 3.311311214825944e+08 -1.985475872660287e+00 
 3.467368504525352e+08 -1.851062877398182e+00 
 3.630780547701051e+08 -1.714099542820923e+00 
 3.801893963205651e+08 -1.575048000062816e+00 
 3.981071705535014e+08 -1.434400436843947e+00 
 4.168693834703397e+08 -1.292673301931814e+00 
 4.365158322401705e+08 -1.150400931358274e+00 
 4.570881896148798e+08 -1.008128756630565e+00 
 4.786300923226434e+08 -8.664062719481558e-01 
 5.011872336272776e+08 -7.257799471130397e-01 
 5.248074602497782e+08 -5.867862753733359e-01 
 5.495408738576305e+08 -4.499451408654708e-01 
 5.754399373371632e+08 -3.157536784017034e-01 
 6.025595860743644e+08 -1.846807803829119e-01 
 6.309573444802003e+08 -5.716238137213993e-02 
 6.606934480076034e+08  6.640237742607939e-02 
 6.918309709189442e+08  1.856540332186302e-01 
 7.244359600749983e+08  3.002746993645473e-01 
 7.585775750291924e+08  4.099889717602828e-01 
 7.943282347242906e+08  5.145638723052444e-01 
 8.317637711026806e+08  6.138078864986972e-01 
 8.709635899560907e+08  7.075691765923471e-01 
 9.120108393559203e+08  7.957330716800095e-01 
 9.549925860214471e+08  8.782189489990420e-01 
 1.000000000000012e+09  9.549766293543640e-01 
 1.047128548050912e+09  1.025982410689557e+00 
 1.096478196143198e+09  1.091234861649453e+00 
 1.148153621496897e+09  1.150750489091910e+00 
 1.202264434617427e+09  1.204559382799993e+00 
 1.258925411794183e+09  1.252700928104508e+00 
 1.318256738556423e+09  1.295219662359205e+00 
 1.380384264602902e+09  1.332161337001405e+00 
 1.445439770745945e+09  1.363569232954568e+00 
 1.513561248436227e+09  1.389480764037339e+00 
 1.584893192461133e+09  1.409924392143223e+00 
 1.659586907437582e+09  1.424916868428415e+00 
 1.737800828749398e+09  1.434460807609835e+00 
 1.819700858610007e+09  1.438542597257616e+00 
 1.905460717963272e+09  1.437130640552493e+00 
 1.995262314968905e+09  1.430173929419957e+00 
 2.089296130854067e+09  1.417600944657378e+00 
 2.187761623949581e+09  1.399318880539775e+00 
 2.290867652767803e+09  1.375213192948571e+00 
 2.398832919019522e+09  1.345147471965802e+00 
 2.511886431509614e+09  1.308963641940502e+00 
 2.630267991895417e+09  1.266482493430357e+00 
 2.754228703338203e+09  1.217504552424956e+00 
 2.884031503126645e+09  1.161811292009455e+00 
 3.019951720402058e+09  1.099166690070247e+00 
 3.162277660168423e+09  1.029319133657514e+00 
 3.311311214825957e+09  9.520036657117505e-01 
 3.467368504525365e+09  8.669445633381534e-01 
 3.630780547701065e+09  7.738582285421257e-01 
 3.801893963205667e+09  6.724563624832034e-01 
 3.981071705535030e+09  5.624493834925948e-01 
 4.168693834703414e+09  4.435500375819868e-01 
 4.365158322401723e+09  3.154771387816784e-01 
 4.570881896148817e+09  1.779593663024373e-01 
 4.786300923226454e+09  3.073903683655568e-02 
 5.011872336272797e+09 -1.264242354495499e-01 
 5.248074602497804e+09 -2.937500810005684e-01 
 5.495408738576327e+09 -4.714342067824478e-01 
 5.754399373371655e+09 -6.596455991702066e-01 
 6.025595860743669e+09 -8.585241675702255e-01 
 6.309573444802029e+09 -1.068178882758091e+00 
 6.606934480076061e+09 -1.288686444369938e+00 
 6.918309709189471e+09 -1.520090489745547e+00 
 7.244359600750012e+09 -1.762401332775278e+00 
 7.585775750291955e+09 -2.015596197967946e+00 
 7.943282347242938e+09 -2.279619893339200e+00 
 8.317637711026839e+09 -2.554385847308088e+00 
 8.709635899560942e+09 -2.839777420918448e+00 
 9.120108393559240e+09 -3.135649398349170e+00 
 9.549925860214510e+09 -3.441829556389432e+00 
 1.000000000000016e+10 -3.758120217552585e+00 
 1.047128548050916e+10 -4.084299701522375e+00 
 1.096478196143202e+10 -4.420123605072167e+00 
 1.148153621496901e+10 -4.765325860550365e+00 
 1.202264434617432e+10 -5.119619546304214e+00 
 1.258925411794188e+10 -5.482697447664673e+00 
 1.318256738556429e+10 -5.854232392863103e+00 
 1.380384264602907e+10 -6.233877412959351e+00 
 1.445439770745951e+10 -6.621265796998502e+00 
 1.513561248436233e+10 -7.016011131706886e+00 
 1.584893192461140e+10 -7.417707427755950e+00 
 1.659586907437588e+10 -7.825929440826004e+00 
 1.737800828749405e+10 -8.240233294575974e+00 
 1.819700858610014e+10 -8.660157503729632e+00 
 1.905460717963279e+10 -9.085224478873938e+00 
 1.995262314968913e+10 -9.514942570825959e+00 
 2.089296130854075e+10 -9.948808682727915e+00 
 2.187761623949590e+10 -1.038631144409327e+01 
 2.290867652767812e+10 -1.082693490504502e+01 
 2.398832919019532e+10 -1.127016267346927e+01 
 2.511886431509623e+10 -1.171548238540149e+01 
 2.630267991895427e+10 -1.216239037220060e+01 
 2.754228703338214e+10 -1.261039636913664e+01 
 2.884031503126656e+10 -1.305902810052471e+01 
 3.019951720402069e+10 -1.350783557733782e+01 
 3.162277660168435e+10 -1.395639495432002e+01 
 3.311311214825969e+10 -1.440431181413341e+01 
 3.467368504525378e+10 -1.485122377436277e+01 
 3.630780547701078e+10 -1.529680234701729e+01 
 3.801893963205680e+10 -1.574075401689090e+01 
 3.981071705535044e+10 -1.618282054205059e+01 
 4.168693834703429e+10 -1.662277851426816e+01 
 4.365158322401739e+10 -1.706043824724690e+01 
 4.570881896148833e+10 -1.749564208444461e+01 
 4.786300923226471e+10 -1.792826223524301e+01 
 5.011872336272815e+10 -1.835819825790772e+01 
 5.248074602497823e+10 -1.878537431057234e+01 
 5.495408738576347e+10 -1.920973628818023e+01 
 5.754399373371677e+10 -1.963124895506451e+01 
 6.025595860743690e+10 -2.004989317092160e+01 
 6.309573444802052e+10 -2.046566329362126e+01 
 6.606934480076085e+10 -2.087856482675430e+01 
 6.918309709189496e+10 -2.128861236400537e+01 
 7.244359600750038e+10 -2.169582786706132e+01 
 7.585775750291982e+10 -2.210023929928249e+01 
 7.943282347242966e+10 -2.250187962400740e+01 
 8.317637711026869e+10 -2.290078616417805e+01 
 8.709635899560974e+10 -2.329700030888898e+01 
 9.120108393559274e+10 -2.369056754233794e+01 
 9.549925860214545e+10 -2.408153776134461e+01 
 1.000000000000020e+11 -2.446996583900683e+01 
