 5.000000000000000e-08 -8.376923390276847e-03 
 5.010000000000000e-08 -1.231666080337424e-02 
 5.020000000000000e-08 -1.618858219306807e-02 
 5.030000000000000e-08 -2.001136126317493e-02 
 5.040000000000000e-08 -2.375506235305203e-02 
 5.050000000000000e-08 -2.740486873592229e-02 
 5.060000000000000e-08 -3.094641732770365e-02 
 5.070000000000000e-08 -3.436568459432277e-02 
 5.080000000000000e-08 -3.764922905595336e-02 
 5.090000000000001e-08 -4.078406189400408e-02 
 5.100000000000001e-08 -4.375786316973018e-02 
 5.110000000000001e-08 -4.655888588827573e-02 
 5.120000000000001e-08 -4.917612240140956e-02 
 5.130000000000001e-08 -5.159924883493017e-02 
 5.140000000000001e-08 -5.381874195006819e-02 
 5.150000000000001e-08 -5.582585782783989e-02 
 5.160000000000001e-08 -5.761270653555517e-02 
 5.170000000000001e-08 -5.917225581258845e-02 
 5.180000000000001e-08 -6.049837209745790e-02 
 5.190000000000001e-08 -6.158584022974334e-02 
 5.200000000000002e-08 -6.243037858404810e-02 
 5.210000000000002e-08 -6.302866720397238e-02 
 5.220000000000002e-08 -6.337834337292914e-02 
 5.230000000000002e-08 -6.347803219597914e-02 
 5.240000000000002e-08 -6.332732751011094e-02 
 5.250000000000002e-08 -6.292682044851494e-02 
 5.260000000000002e-08 -6.227806931450686e-02 
 5.270000000000002e-08 -6.138362290740385e-02 
 5.280000000000002e-08 -6.024698198718625e-02 
 5.290000000000002e-08 -5.887261519637832e-02 
 5.300000000000002e-08 -5.726591392526292e-02 
 5.310000000000003e-08 -5.543319952664860e-02 
 5.320000000000003e-08 -5.338167282989659e-02 
 5.330000000000003e-08 -5.111941193551983e-02 
 5.340000000000003e-08 -4.865531730196304e-02 
 5.350000000000003e-08 -4.599909996519758e-02 
 5.360000000000003e-08 -4.316122282485479e-02 
 5.370000000000003e-08 -4.015287957105818e-02 
 5.380000000000003e-08 -3.698593272216133e-02 
 5.390000000000003e-08 -3.367288382483102e-02 
 5.400000000000003e-08 -3.022680880204209e-02 
 5.410000000000003e-08 -2.666132027375512e-02 
 5.420000000000004e-08 -2.299050077798115e-02 
 5.430000000000004e-08 -1.922885827789278e-02 
 5.440000000000004e-08 -1.539125790013718e-02 
 5.450000000000004e-08 -1.149287184415893e-02 
 5.460000000000004e-08 -7.549110370941525e-03 
 5.470000000000004e-08 -3.575567423370396e-03 
 5.480000000000004e-08  4.120483295491084e-04 
 5.490000000000004e-08  4.397970770814830e-03 
 5.500000000000004e-08  8.366439175664375e-03 
 5.510000000000004e-08  1.230182604142183e-02 
 5.520000000000004e-08  1.618858217603569e-02 
 5.530000000000005e-08  2.001136125093250e-02 
 5.540000000000005e-08  2.375506234389935e-02 
 5.550000000000005e-08  2.740486871858905e-02 
 5.560000000000005e-08  3.094641732110781e-02 
 5.570000000000005e-08  3.436568458180167e-02 
 5.580000000000005e-08  3.764922905396340e-02 
 5.590000000000005e-08  4.078406188203409e-02 
 5.600000000000005e-08  4.375786316606645e-02 
 5.610000000000005e-08  4.655888587828150e-02 
 5.620000000000005e-08  4.917612240031688e-02 
 5.630000000000005e-08  5.159924882920164e-02 
 5.640000000000006e-08  5.381874194965208e-02 
 5.650000000000006e-08  5.582585782142369e-02 
 5.660000000000006e-08  5.761270653197670e-02 
 5.670000000000006e-08  5.917225580446139e-02 
 5.680000000000006e-08  6.049837209167297e-02 
 5.690000000000006e-08  6.158584022261060e-02 
 5.700000000000006e-08  6.243037857834643e-02 
 5.710000000000006e-08  6.302866719671485e-02 
 5.720000000000006e-08  6.337834336417414e-02 
 5.730000000000006e-08  6.347803218505765e-02 
 5.740000000000006e-08  6.332732749945369e-02 
 5.750000000000006e-08  6.292682043858555e-02 
 5.760000000000007e-08  6.227806930226376e-02 
 5.770000000000007e-08  6.138362289577648e-02 
 5.780000000000007e-08  6.024698197271472e-02 
 5.790000000000007e-08  5.887261518261977e-02 
 5.800000000000007e-08  5.726591390964431e-02 
 5.810000000000007e-08  5.543319951335546e-02 
 5.820000000000007e-08  5.338167281463591e-02 
 5.830000000000007e-08  5.111941192456193e-02 
 5.840000000000007e-08  4.865531728902983e-02 
 5.850000000000007e-08  4.599909995575491e-02 
 5.860000000000007e-08  4.316122281472023e-02 
 5.870000000000008e-08  4.015287956435243e-02 
 5.880000000000008e-08  3.698593271058570e-02 
 5.890000000000008e-08  3.367288381723088e-02 
 5.900000000000008e-08  3.022680879295825e-02 
 5.910000000000008e-08  2.666132026824775e-02 
 5.920000000000008e-08  2.299050076809483e-02 
 5.930000000000008e-08  1.922885827069165e-02 
 5.940000000000008e-08  1.539125788919016e-02 
 5.950000000000008e-08  1.149287183608738e-02 
 5.960000000000008e-08  7.549110357045752e-03 
 5.970000000000008e-08  3.575567410893932e-03 
 5.980000000000007e-08 -4.120483472083158e-04 
 5.990000000000007e-08 -4.397970784614458e-03 
 6.000000000000006e-08 -8.366439189319230e-03 
 6.010000000000006e-08 -1.230182606340291e-02 
 6.020000000000005e-08 -1.618858219259245e-02 
 6.030000000000004e-08 -2.001136126089365e-02 
 6.040000000000004e-08 -2.375506236521585e-02 
 6.050000000000003e-08 -2.740486872763448e-02 
 6.060000000000003e-08 -3.094641734193804e-02 
 6.070000000000002e-08 -3.436568458489675e-02 
 6.080000000000002e-08 -3.764922907128287e-02 
 6.090000000000001e-08 -4.078406188644212e-02 
 6.100000000000000e-08 -4.375786318310260e-02 
 6.110000000000000e-08 -4.655888587839829e-02 
 6.119999999999999e-08 -4.917612240863445e-02 
 6.129999999999999e-08 -5.159924882492906e-02 
 6.139999999999998e-08 -5.381874195654168e-02 
 6.149999999999997e-08 -5.582585781878491e-02 
 6.159999999999997e-08 -5.761270654112050e-02 
 6.169999999999996e-08 -5.917225580745589e-02 
 6.179999999999996e-08 -6.049837210400244e-02 
 6.189999999999995e-08 -6.158584022727887e-02 
 6.199999999999995e-08 -6.243037859132050e-02 
 6.209999999999994e-08 -6.302866720307199e-02 
 6.219999999999993e-08 -6.337834337820802e-02 
 6.229999999999993e-08 -6.347803219453474e-02 
 6.239999999999992e-08 -6.332732751435000e-02 
 6.249999999999992e-08 -6.292682044778419e-02 
 6.259999999999991e-08 -6.227806931822766e-02 
 6.269999999999991e-08 -6.138362290680566e-02 
 6.279999999999990e-08 -6.024698198774869e-02 
 6.289999999999989e-08 -5.887261519401910e-02 
 6.299999999999989e-08 -5.726591392485458e-02 
 6.309999999999988e-08 -5.543319952325954e-02 
 6.319999999999988e-08 -5.338167282820994e-02 
 6.329999999999987e-08 -5.111941193478708e-02 
 6.339999999999987e-08 -4.865531730308703e-02 
 6.349999999999986e-08 -4.599909996511520e-02 
 6.359999999999985e-08 -4.316122282507751e-02 
 6.369999999999985e-08 -4.015287957068714e-02 
 6.379999999999984e-08 -3.698593272105333e-02 
 6.389999999999984e-08 -3.367288382525713e-02 
 6.399999999999983e-08 -3.022680880224371e-02 
 6.409999999999983e-08 -2.666132027530210e-02 
 6.419999999999982e-08 -2.299050077932230e-02 
 6.429999999999981e-08 -1.922885827942422e-02 
 6.439999999999981e-08 -1.539125790008034e-02 
 6.449999999999980e-08 -1.149287184569858e-02 
 6.459999999999980e-08 -7.549110370749901e-03 
 6.469999999999979e-08 -3.575567422269721e-03 
 6.479999999999979e-08  4.120483340424030e-04 
 6.489999999999978e-08  4.397970774358884e-03 
 6.499999999999977e-08  8.366439173082441e-03 
 6.509999999999977e-08  1.230182605656371e-02 
 6.519999999999976e-08  1.618858217841246e-02 
 6.529999999999976e-08  2.001136124879666e-02 
 6.539999999999975e-08  2.375506235609270e-02 
 6.549999999999975e-08  2.740486871237735e-02 
 6.559999999999974e-08  3.094641733321102e-02 
 6.569999999999973e-08  3.436568457219158e-02 
 6.579999999999973e-08  3.764922906650825e-02 
 6.589999999999972e-08  4.078406187563788e-02 
 6.599999999999972e-08  4.375786318079466e-02 
 6.609999999999971e-08  4.655888587557033e-02 
 6.619999999999971e-08  4.917612241483527e-02 
 6.629999999999970e-08  5.159924882603084e-02 
 6.639999999999969e-08  5.381874195799052e-02 
 6.649999999999969e-08  5.582585781428495e-02 
 6.659999999999968e-08  5.761270653888229e-02 
 6.669999999999968e-08  5.917225580068086e-02 
 6.679999999999967e-08  6.049837209749076e-02 
 6.689999999999967e-08  6.158584021735614e-02 
 6.699999999999966e-08  6.243037858108358e-02 
 6.709999999999965e-08  6.302866719154099e-02 
 6.719999999999965e-08  6.337834336848114e-02 
 6.729999999999964e-08  6.347803218338854e-02 
 6.739999999999964e-08  6.332732750291448e-02 
 6.749999999999963e-08  6.292682043429676e-02 
 6.759999999999963e-08  6.227806930230551e-02 
 6.769999999999962e-08  6.138362289287524e-02 
 6.779999999999961e-08  6.024698197544631e-02 
 6.789999999999961e-08  5.887261518178089e-02 
 6.799999999999960e-08  5.726591391135605e-02 
 6.809999999999960e-08  5.543319950963266e-02 
 6.819999999999959e-08  5.338167281206618e-02 
 6.829999999999959e-08  5.111941191933989e-02 
 6.839999999999958e-08  4.865531728610017e-02 
 6.849999999999957e-08  4.599909995090856e-02 
 6.859999999999957e-08  4.316122281205970e-02 
 6.869999999999956e-08  4.015287955973612e-02 
 6.879999999999956e-08  3.698593270870298e-02 
 6.889999999999955e-08  3.367288381615574e-02 
 6.899999999999955e-08  3.022680879334350e-02 
 6.909999999999954e-08  2.666132026693324e-02 
 6.919999999999953e-08  2.299050076697839e-02 
 6.929999999999953e-08  1.922885826800047e-02 
 6.939999999999952e-08  1.539125788709850e-02 
 6.949999999999952e-08  1.149287183292658e-02 
 6.959999999999951e-08  7.549110354071686e-03 
 6.969999999999951e-08  3.575567407461788e-03 
 6.979999999999950e-08 -4.120483501652838e-04 
 6.989999999999949e-08 -4.397970788035277e-03 
 6.999999999999949e-08 -8.366439185115038e-03 
 7.009999999999948e-08 -1.230182607363250e-02 
 7.019999999999948e-08 -1.618858219157815e-02 
 7.029999999999947e-08 -2.001136125740022e-02 
 7.039999999999947e-08 -2.375506237014635e-02 
 7.049999999999946e-08 -2.740486872036030e-02 
 7.059999999999945e-08 -3.094641734892489e-02 
 7.069999999999945e-08 -3.436568457586464e-02 
 7.079999999999944e-08 -3.764922907669144e-02 
 7.089999999999944e-08 -4.078406187810391e-02 
 7.099999999999943e-08 -4.375786319107933e-02 
 7.109999999999943e-08 -4.655888587496948e-02 
 7.119999999999942e-08 -4.917612241737768e-02 
 7.129999999999941e-08 -5.159924882115807e-02 
 7.139999999999941e-08 -5.381874196266212e-02 
 7.149999999999940e-08 -5.582585781491645e-02 
 7.159999999999940e-08 -5.761270654479977e-02 
 7.169999999999939e-08 -5.917225580290997e-02 
 7.179999999999939e-08 -6.049837210678999e-02 
 7.189999999999938e-08 -6.158584022253510e-02 
 7.199999999999937e-08 -6.243037859209277e-02 
 7.209999999999937e-08 -6.302866719890021e-02 
 7.219999999999936e-08 -6.337834337811454e-02 
 7.229999999999936e-08 -6.347803218959935e-02 
 7.239999999999935e-08 -6.332732751392833e-02 
 7.249999999999935e-08 -6.292682044395548e-02 
 7.259999999999934e-08 -6.227806931603030e-02 
 7.269999999999933e-08 -6.138362290245469e-02 
 7.279999999999933e-08 -6.024698198737632e-02 
 7.289999999999932e-08 -5.887261519227049e-02 
 7.299999999999932e-08 -5.726591392509661e-02 
 7.309999999999931e-08 -5.543319952338366e-02 
 7.319999999999931e-08 -5.338167282939521e-02 
 7.329999999999930e-08 -5.111941193380298e-02 
 7.339999999999929e-08 -4.865531730206518e-02 
 7.349999999999929e-08 -4.599909996269824e-02 
 7.359999999999928e-08 -4.316122282239143e-02 
 7.369999999999928e-08 -4.015287956916724e-02 
 7.379999999999927e-08 -3.698593272229078e-02 
 7.389999999999927e-08 -3.367288382734435e-02 
 7.399999999999926e-08 -3.022680880423123e-02 
 7.409999999999925e-08 -2.666132027670631e-02 
 7.419999999999925e-08 -2.299050077999820e-02 
 7.429999999999924e-08 -1.922885828018828e-02 
 7.439999999999924e-08 -1.539125789981610e-02 
 7.449999999999923e-08 -1.149287184609582e-02 
 7.459999999999923e-08 -7.549110371330325e-03 
 7.469999999999922e-08 -3.575567425369686e-03 
 7.479999999999921e-08  4.120483304181910e-04 
 7.489999999999921e-08  4.397970769923321e-03 
 7.499999999999920e-08  8.366439165181205e-03 
 7.509999999999920e-08  1.230182606135832e-02 
 7.519999999999919e-08  1.618858217672337e-02 
 7.529999999999919e-08  2.001136124471614e-02 
 7.539999999999918e-08  2.375506236008307e-02 
 7.549999999999917e-08  2.740486870686154e-02 
 7.559999999999917e-08  3.094641734127634e-02 
 7.569999999999916e-08  3.436568456600742e-02 
 7.579999999999916e-08  3.764922907113211e-02 
 7.589999999999915e-08  4.078406186675565e-02 
 7.599999999999915e-08  4.375786318362485e-02 
 7.609999999999914e-08  4.655888586644497e-02 
 7.619999999999913e-08  4.917612241647662e-02 
 7.629999999999913e-08  5.159924881851152e-02 
 7.639999999999912e-08  5.381874196190672e-02 
 7.649999999999912e-08  5.582585781102334e-02 
 7.659999999999911e-08  5.761270654218364e-02 
 7.669999999999911e-08  5.917225579588936e-02 
 7.679999999999910e-08  6.049837209976539e-02 
 7.689999999999909e-08  6.158584021362290e-02 
 7.699999999999909e-08  6.243037858334288e-02 
 7.709999999999908e-08  6.302866719011613e-02 
 7.719999999999908e-08  6.337834337230341e-02 
 7.729999999999907e-08  6.347803218381487e-02 
 7.739999999999907e-08  6.332732750768377e-02 
 7.749999999999906e-08  6.292682043597475e-02 
 7.759999999999905e-08  6.227806930628654e-02 
 7.769999999999905e-08  6.138362289209942e-02 
 7.779999999999904e-08  6.024698197611333e-02 
 7.789999999999904e-08  5.887261517995368e-02 
 7.799999999999903e-08  5.726591391172087e-02 
 7.809999999999903e-08  5.543319950834258e-02 
 7.819999999999902e-08  5.338167281292128e-02 
 7.829999999999901e-08  5.111941191837155e-02 
 7.839999999999901e-08  4.865531728785855e-02 
 7.849999999999900e-08  4.599909995231188e-02 
 7.859999999999900e-08  4.316122281416468e-02 
 7.869999999999899e-08  4.015287956163993e-02 
 7.879999999999899e-08  3.698593271294626e-02 
 7.889999999999898e-08  3.367288381883227e-02 
 7.899999999999897e-08  3.022680879388484e-02 
 7.909999999999897e-08  2.666132026539869e-02 
 7.919999999999896e-08  2.299050076706544e-02 
 7.929999999999896e-08  1.922885826894416e-02 
 7.939999999999895e-08  1.539125788824403e-02 
 7.949999999999895e-08  1.149287183449532e-02 
 7.959999999999894e-08  7.549110357618627e-03 
 7.969999999999893e-08  3.575567411098213e-03 
 7.979999999999893e-08 -4.120483472362935e-04 
 7.989999999999892e-08 -4.397970785974703e-03 
 7.999999999999892e-08 -8.366439179768648e-03 
 8.009999999999891e-08 -1.230182607784758e-02 
 8.019999999999890e-08 -1.618858218831010e-02 
 8.029999999999890e-08 -2.001136125154646e-02 
 8.039999999999889e-08 -2.375506236966540e-02 
 8.049999999999889e-08 -2.740486871194925e-02 
 8.059999999999888e-08 -3.094641735076364e-02 
 8.069999999999888e-08 -3.436568456995626e-02 
 8.079999999999887e-08 -3.764922908110968e-02 
 8.089999999999886e-08 -4.078406187210493e-02 
 8.099999999999886e-08 -4.375786319363684e-02 
 8.109999999999885e-08 -4.655888586912527e-02 
 8.119999999999885e-08 -4.917612242012037e-02 
 8.129999999999884e-08 -5.159924881689526e-02 
 8.139999999999884e-08 -5.381874196548209e-02 
 8.149999999999883e-08 -5.582585781255189e-02 
 8.159999999999882e-08 -5.761270654901995e-02 
 8.169999999999882e-08 -5.917225580183283e-02 
 8.179999999999881e-08 -6.049837210970588e-02 
 8.189999999999881e-08 -6.158584022230040e-02 
 8.199999999999880e-08 -6.243037859513390e-02 
 8.209999999999880e-08 -6.302866719723599e-02 
 8.219999999999879e-08 -6.337834337929693e-02 
 8.229999999999878e-08 -6.347803218921855e-02 
 8.239999999999878e-08 -6.332732751582881e-02 
 8.249999999999877e-08 -6.292682044346098e-02 
 8.259999999999877e-08 -6.227806931714697e-02 
 8.269999999999876e-08 -6.138362290195598e-02 
 8.279999999999876e-08 -6.024698198828293e-02 
 8.289999999999875e-08 -5.887261519183218e-02 
 8.299999999999874e-08 -5.726591392471692e-02 
 8.309999999999874e-08 -5.543319952126224e-02 
 8.319999999999873e-08 -5.338167282835360e-02 
 8.329999999999873e-08 -5.111941193254044e-02 
 8.339999999999872e-08 -4.865531730151118e-02 
 8.349999999999872e-08 -4.599909996295160e-02 
 8.359999999999871e-08 -4.316122282393753e-02 
 8.369999999999870e-08 -4.015287956946922e-02 
 8.379999999999870e-08 -3.698593272059103e-02 
 8.389999999999869e-08 -3.367288382477462e-02 
 8.399999999999869e-08 -3.022680880194484e-02 
 8.409999999999868e-08 -2.666132027529100e-02 
 8.419999999999868e-08 -2.299050077776688e-02 
 8.429999999999867e-08 -1.922885827772647e-02 
 8.439999999999866e-08 -1.539125789807461e-02 
 8.449999999999866e-08 -1.149287184492320e-02 
 8.459999999999865e-08 -7.549110369312384e-03 
 8.469999999999865e-08 -3.575567423217629e-03 
 8.479999999999864e-08  4.120483334637548e-04 
 8.489999999999864e-08  4.397970772698656e-03 
 8.499999999999863e-08  8.366439164448902e-03 
 8.509999999999862e-08  1.230182606653685e-02 
 8.519999999999862e-08  1.618858217638408e-02 
 8.529999999999861e-08  2.001136124282032e-02 
 8.539999999999861e-08  2.375506236414582e-02 
 8.549999999999860e-08  2.740486870500680e-02 
 8.559999999999860e-08  3.094641734671377e-02 
 8.569999999999859e-08  3.436568456286948e-02 
 8.579999999999858e-08  3.764922907598156e-02 
 8.589999999999858e-08  4.078406186333083e-02 
 8.599999999999857e-08  4.375786318664887e-02 
 8.609999999999857e-08  4.655888586023837e-02 
 8.619999999999856e-08  4.917612241519609e-02 
 8.629999999999856e-08  5.159924881215217e-02 
 8.639999999999855e-08  5.381874196310199e-02 
 8.649999999999854e-08  5.582585780758320e-02 
 8.659999999999854e-08  5.761270654434236e-02 
 8.669999999999853e-08  5.917225579442853e-02 
 8.679999999999853e-08  6.049837210340447e-02 
 8.689999999999852e-08  6.158584021449443e-02 
 8.699999999999852e-08  6.243037858837530e-02 
 8.709999999999851e-08  6.302866719060751e-02 
 8.719999999999850e-08  6.337834337405601e-02 
 8.729999999999850e-08  6.347803218291737e-02 
 8.739999999999849e-08  6.332732750876957e-02 
 8.749999999999849e-08  6.292682043356335e-02 
 8.759999999999848e-08  6.227806930552005e-02 
 8.769999999999848e-08  6.138362289003640e-02 
 8.779999999999847e-08  6.024698197681122e-02 
 8.789999999999846e-08  5.887261518041287e-02 
 8.799999999999846e-08  5.726591391331293e-02 
 8.809999999999845e-08  5.543319950740377e-02 
 8.819999999999845e-08  5.338167281199335e-02 
 8.829999999999844e-08  5.111941191583758e-02 
 8.839999999999844e-08  4.865531728547934e-02 
 8.849999999999843e-08  4.599909994998064e-02 
 8.859999999999842e-08  4.316122281392332e-02 
 8.869999999999842e-08  4.015287956222235e-02 
 8.879999999999841e-08  3.698593271423856e-02 
 8.889999999999841e-08  3.367288381943734e-02 
 8.899999999999840e-08  3.022680879524220e-02 
 8.909999999999840e-08  2.666132026762447e-02 
 8.919999999999839e-08  2.299050076883735e-02 
 8.929999999999838e-08  1.922885827018161e-02 
 8.939999999999838e-08  1.539125788901341e-02 
 8.949999999999837e-08  1.149287183385050e-02 
 8.959999999999837e-08  7.549110356131372e-03 
 8.969999999999836e-08  3.575567409850988e-03 
 8.979999999999836e-08 -4.120483483456283e-04 
 8.989999999999835e-08 -4.397970786531147e-03 
 8.999999999999834e-08 -8.366439177582619e-03 
 9.009999999999834e-08 -1.230182608176089e-02 
 9.019999999999833e-08 -1.618858218780850e-02 
 9.029999999999833e-08 -2.001136124930492e-02 
 9.039999999999832e-08 -2.375506237087555e-02 
 9.049999999999832e-08 -2.740486870923076e-02 
 9.059999999999831e-08 -3.094641735550430e-02 
 9.069999999999830e-08 -3.436568456768385e-02 
 9.079999999999830e-08 -3.764922908377399e-02 
 9.089999999999829e-08 -4.078406186822692e-02 
 9.099999999999829e-08 -4.375786319425212e-02 
 9.109999999999828e-08 -4.655888586493728e-02 
 9.119999999999828e-08 -4.917612242201463e-02 
 9.129999999999827e-08 -5.159924881578259e-02 
 9.139999999999826e-08 -5.381874196870839e-02 
 9.149999999999826e-08 -5.582585781044802e-02 
 9.159999999999825e-08 -5.761270654964457e-02 
 9.169999999999825e-08 -5.917225579919783e-02 
 9.179999999999824e-08 -6.049837211038067e-02 
 9.189999999999824e-08 -6.158584022026070e-02 
 9.199999999999823e-08 -6.243037859673040e-02 
 9.209999999999822e-08 -6.302866719865929e-02 
 9.219999999999822e-08 -6.337834338327686e-02 
 9.229999999999821e-08 -6.347803219047754e-02 
 9.239999999999821e-08 -6.332732751831860e-02 
 9.249999999999820e-08 -6.292682044392106e-02 
 9.259999999999820e-08 -6.227806931827251e-02 
 9.269999999999819e-08 -6.138362290282395e-02 
 9.279999999999818e-08 -6.024698199073164e-02 
 9.289999999999818e-08 -5.887261519284515e-02 
 9.299999999999817e-08 -5.726591392613267e-02 
 9.309999999999817e-08 -5.543319952235293e-02 
 9.319999999999816e-08 -5.338167283066464e-02 
 9.329999999999816e-08 -5.111941193407810e-02 
 9.339999999999815e-08 -4.865531730188599e-02 
 9.349999999999814e-08 -4.599909996212936e-02 
 9.359999999999814e-08 -4.316122282304735e-02 
 9.369999999999813e-08 -4.015287956939639e-02 
 9.379999999999813e-08 -3.698593272171546e-02 
 9.389999999999812e-08 -3.367288382571942e-02 
 9.399999999999812e-08 -3.022680880265516e-02 
 9.409999999999811e-08 -2.666132027597889e-02 
 9.419999999999810e-08 -2.299050077828779e-02 
 9.429999999999810e-08 -1.922885827843901e-02 
 9.439999999999809e-08 -1.539125789714690e-02 
 9.449999999999809e-08 -1.149287184322878e-02 
 9.459999999999808e-08 -7.549110367979228e-03 
 9.469999999999808e-08 -3.575567422425818e-03 
 9.479999999999807e-08  4.120483331446767e-04 
 9.489999999999806e-08  4.397970769274728e-03 
 9.499999999999806e-08  8.366439157639682e-03 
 9.509999999999805e-08  1.230182606478425e-02 
 9.519999999999805e-08  1.618858217130326e-02 
 9.529999999999804e-08  2.001136123754099e-02 
 9.539999999999804e-08  2.375506236300495e-02 
 9.549999999999803e-08  2.740486869922876e-02 
 9.559999999999802e-08  3.094641734581383e-02 
 9.569999999999802e-08  3.436568455779554e-02 
 9.579999999999801e-08  3.764922907783963e-02 
 9.589999999999801e-08  4.078406186182804e-02 
 9.599999999999800e-08  4.375786318964470e-02 
 9.609999999999800e-08  4.655888585874246e-02 
 9.619999999999799e-08  4.917612241646574e-02 
 9.629999999999798e-08  5.159924880740352e-02 
 9.639999999999798e-08  5.381874196117509e-02 
 9.649999999999797e-08  5.582585780130001e-02 
 9.659999999999797e-08  5.761270654128126e-02 
 9.669999999999796e-08  5.917225578880836e-02 
 9.679999999999796e-08  6.049837210078790e-02 
 9.689999999999795e-08  6.158584020917757e-02 
 9.699999999999794e-08  6.243037858518585e-02 
 9.709999999999794e-08  6.302866718591460e-02 
 9.719999999999793e-08  6.337834337104886e-02 
 9.729999999999793e-08  6.347803217811498e-02 
 9.739999999999792e-08  6.332732750694148e-02 
 9.749999999999792e-08  6.292682043250175e-02 
 9.759999999999791e-08  6.227806930653035e-02 
 9.769999999999790e-08  6.138362289010790e-02 
 9.779999999999790e-08  6.024698197681477e-02 
 9.789999999999789e-08  5.887261517870135e-02 
 9.799999999999789e-08  5.726591391243430e-02 
 9.809999999999788e-08  5.543319950716485e-02 
 9.819999999999788e-08  5.338167281324901e-02 
 9.829999999999787e-08  5.111941191768121e-02 
 9.839999999999786e-08  4.865531728758721e-02 
 9.849999999999786e-08  4.599909994956142e-02 
 9.859999999999785e-08  4.316122281284729e-02 
 9.869999999999785e-08  4.015287956105396e-02 
 9.879999999999784e-08  3.698593271374362e-02 
 9.889999999999783e-08  3.367288381853029e-02 
 9.899999999999783e-08  3.022680879536366e-02 
 9.909999999999782e-08  2.666132026696322e-02 
 9.919999999999782e-08  2.299050076887665e-02 
 9.929999999999781e-08  1.922885826986431e-02 
 9.939999999999781e-08  1.539125788983631e-02 
 9.949999999999780e-08  1.149287183695402e-02 
 9.959999999999779e-08  7.549110359515998e-03 
 9.969999999999779e-08  3.575567411448599e-03 
 9.979999999999778e-08 -4.120483476313108e-04 
 9.989999999999778e-08 -4.397970785046335e-03 
 9.999999999999777e-08 -8.366439174634754e-03 
 1.000999999999978e-07 -1.230182608443187e-02 
 1.001999999999978e-07 -1.618858218811314e-02 
 1.002999999999978e-07 -2.001136125001879e-02 
 1.003999999999977e-07 -2.375506237350566e-02 
 1.004999999999977e-07 -2.740486870722791e-02 
 1.005999999999977e-07 -3.094641735562842e-02 
 1.006999999999977e-07 -3.436568456481259e-02 
 1.007999999999977e-07 -3.764922908582724e-02 
 1.008999999999977e-07 -4.078406186748929e-02 
 1.009999999999977e-07 -4.375786319711761e-02 
 1.010999999999977e-07 -4.655888586349177e-02 
 1.011999999999977e-07 -4.917612242217140e-02 
 1.012999999999977e-07 -5.159924881295819e-02 
 1.013999999999977e-07 -5.381874196924086e-02 
 1.014999999999977e-07 -5.582585780840432e-02 
 1.015999999999977e-07 -5.761270654997874e-02 
 1.016999999999977e-07 -5.917225579790708e-02 
 1.017999999999977e-07 -6.049837211020059e-02 
 1.018999999999977e-07 -6.158584021751912e-02 
 1.019999999999977e-07 -6.243037859574541e-02 
 1.020999999999977e-07 -6.302866719769273e-02 
 1.021999999999976e-07 -6.337834338455006e-02 
 1.022999999999976e-07 -6.347803219090009e-02 
 1.023999999999976e-07 -6.332732751861858e-02 
 1.024999999999976e-07 -6.292682044221998e-02 
 1.025999999999976e-07 -6.227806931777358e-02 
 1.026999999999976e-07 -6.138362290122168e-02 
 1.027999999999976e-07 -6.024698198973910e-02 
 1.028999999999976e-07 -5.887261519061360e-02 
 1.029999999999976e-07 -5.726591392473757e-02 
 1.030999999999976e-07 -5.543319952121162e-02 
 1.031999999999976e-07 -5.338167282914830e-02 
 1.032999999999976e-07 -5.111941193266145e-02 
 1.033999999999976e-07 -4.865531730287787e-02 
 1.034999999999976e-07 -4.599909996475438e-02 
 1.035999999999976e-07 -4.316122282626678e-02 
 1.036999999999976e-07 -4.015287957345359e-02 
 1.037999999999976e-07 -3.698593272584239e-02 
 1.038999999999975e-07 -3.367288382920353e-02 
 1.039999999999975e-07 -3.022680880531681e-02 
 1.040999999999975e-07 -2.666132027708978e-02 
 1.041999999999975e-07 -2.299050077788745e-02 
 1.042999999999975e-07 -1.922885827751619e-02 
 1.043999999999975e-07 -1.539125789762341e-02 
 1.044999999999975e-07 -1.149287184506997e-02 
 1.045999999999975e-07 -7.549110369144962e-03 
 1.046999999999975e-07 -3.575567422299475e-03 
 1.047999999999975e-07  4.120483344904891e-04 
 1.048999999999975e-07  4.397970771220727e-03 
 1.049999999999975e-07  8.366439159001704e-03 
 1.050999999999975e-07  1.230182606943009e-02 
 1.051999999999975e-07  1.618858217404928e-02 
 1.052999999999975e-07  2.001136123923120e-02 
 1.053999999999975e-07  2.375506236467317e-02 
 1.054999999999975e-07  2.740486869708580e-02 
 1.055999999999975e-07  3.094641734696801e-02 
 1.056999999999974e-07  3.436568455550759e-02 
 1.057999999999974e-07  3.764922907792156e-02 
 1.058999999999974e-07  4.078406185757566e-02 
 1.059999999999974e-07  4.375786318838815e-02 
 1.060999999999974e-07  4.655888585402379e-02 
 1.061999999999974e-07  4.917612241575231e-02 
 1.062999999999974e-07  5.159924880484268e-02 
 1.063999999999974e-07  5.381874195951686e-02 
 1.064999999999974e-07  5.582585779776505e-02 
 1.065999999999974e-07  5.761270654033379e-02 
 1.066999999999974e-07  5.917225578764729e-02 
 1.067999999999974e-07  6.049837210230313e-02 
 1.068999999999974e-07  6.158584020937496e-02 
 1.069999999999974e-07  6.243037858608536e-02 
 1.070999999999974e-07  6.302866718700595e-02 
 1.071999999999974e-07  6.337834337366011e-02 
 1.072999999999974e-07  6.347803217952475e-02 
 1.073999999999973e-07  6.332732750725456e-02 
 1.074999999999973e-07  6.292682043066433e-02 
 1.075999999999973e-07  6.227806930614510e-02 
 1.076999999999973e-07  6.138362288998200e-02 
 1.077999999999973e-07  6.024698197747314e-02 
 1.078999999999973e-07  5.887261517723719e-02 
 1.079999999999973e-07  5.726591391122549e-02 
 1.080999999999973e-07  5.543319950587655e-02 
 1.081999999999973e-07  5.338167281364892e-02 
 1.082999999999973e-07  5.111941191898506e-02 
 1.083999999999973e-07  4.865531729011541e-02 
 1.084999999999973e-07  4.599909995246909e-02 
 1.085999999999973e-07  4.316122281531820e-02 
 1.086999999999973e-07  4.015287956126112e-02 
 1.087999999999973e-07  3.698593271403250e-02 
 1.088999999999973e-07  3.367288381962519e-02 
 1.089999999999973e-07  3.022680879735073e-02 
 1.090999999999973e-07  2.666132026939749e-02 
 1.091999999999972e-07  2.299050077087683e-02 
 1.092999999999972e-07  1.922885827046050e-02 
 1.093999999999972e-07  1.539125788898543e-02 
 1.094999999999972e-07  1.149287183484038e-02 
 1.095999999999972e-07  7.549110357156774e-03 
 1.096999999999972e-07  3.575567409560776e-03 
 1.097999999999972e-07 -4.120483485550164e-04 
 1.098999999999972e-07 -4.397970787122674e-03 
 1.099999999999972e-07 -8.366439176148432e-03 
 1.100999999999972e-07 -1.230182608759556e-02 
 1.101999999999972e-07 -1.618858218935104e-02 
 1.102999999999972e-07 -2.001136125003411e-02 
 1.103999999999972e-07 -2.375506237478575e-02 
 1.104999999999972e-07 -2.740486870649783e-02 
 1.105999999999972e-07 -3.094641735713100e-02 
 1.106999999999972e-07 -3.436568456357669e-02 
 1.107999999999972e-07 -3.764922908716284e-02 
 1.108999999999971e-07 -4.078406186647676e-02 
 1.109999999999971e-07 -4.375786319848252e-02 
 1.110999999999971e-07 -4.655888586300594e-02 
 1.111999999999971e-07 -4.917612242547964e-02 
 1.112999999999971e-07 -5.159924881351285e-02 
 1.113999999999971e-07 -5.381874197096015e-02 
 1.114999999999971e-07 -5.582585780867566e-02 
 1.115999999999971e-07 -5.761270655048656e-02 
 1.116999999999971e-07 -5.917225579564978e-02 
 1.117999999999971e-07 -6.049837210934661e-02 
 1.118999999999971e-07 -6.158584021628322e-02 
 1.119999999999971e-07 -6.243037859480971e-02 
 1.120999999999971e-07 -6.302866719444888e-02 
 1.121999999999971e-07 -6.337834338071846e-02 
 1.122999999999971e-07 -6.347803218673298e-02 
 1.123999999999971e-07 -6.332732751563475e-02 
 1.124999999999971e-07 -6.292682044026021e-02 
 1.125999999999971e-07 -6.227806931818058e-02 
 1.126999999999970e-07 -6.138362290205213e-02 
 1.127999999999970e-07 -6.024698198992207e-02 
 1.128999999999970e-07 -5.887261519171627e-02 
 1.129999999999970e-07 -5.726591392692448e-02 
 1.130999999999970e-07 -5.543319952283654e-02 
 1.131999999999970e-07 -5.338167283061512e-02 
 1.132999999999970e-07 -5.111941193356739e-02 
 1.133999999999970e-07 -4.865531730246708e-02 
 1.134999999999970e-07 -4.599909996330953e-02 
 1.135999999999970e-07 -4.316122282535217e-02 
 1.136999999999970e-07 -4.015287957222902e-02 
 1.137999999999970e-07 -3.698593272420103e-02 
 1.138999999999970e-07 -3.367288382724443e-02 
 1.139999999999970e-07 -3.022680880373363e-02 
 1.140999999999970e-07 -2.666132027661838e-02 
 1.141999999999970e-07 -2.299050077852427e-02 
 1.142999999999970e-07 -1.922885827835152e-02 
 1.143999999999969e-07 -1.539125789711671e-02 
 1.144999999999969e-07 -1.149287184329051e-02 
 1.145999999999969e-07 -7.549110368390677e-03 
 1.146999999999969e-07 -3.575567422563264e-03 
 1.147999999999969e-07  4.120483334568714e-04 
 1.148999999999969e-07  4.397970768899029e-03 
 1.149999999999969e-07  8.366439155721661e-03 
 1.150999999999969e-07  1.230182606764751e-02 
 1.151999999999969e-07  1.618858217053587e-02 
 1.152999999999969e-07  2.001136123517266e-02 
 1.153999999999969e-07  2.375506236299252e-02 
 1.154999999999969e-07  2.740486869423275e-02 
 1.155999999999969e-07  3.094641734678083e-02 
 1.156999999999969e-07  3.436568455464251e-02 
 1.157999999999969e-07  3.764922908018020e-02 
 1.158999999999969e-07  4.078406185801109e-02 
 1.159999999999969e-07  4.375786319033215e-02 
 1.160999999999969e-07  4.655888585482426e-02 
 1.161999999999968e-07  4.917612241900571e-02 
 1.162999999999968e-07  5.159924880689215e-02 
 1.163999999999968e-07  5.381874196336511e-02 
 1.164999999999968e-07  5.582585780036831e-02 
 1.165999999999968e-07  5.761270654321682e-02 
 1.166999999999968e-07  5.917225578805518e-02 
 1.167999999999968e-07  6.049837210238773e-02 
 1.168999999999968e-07  6.158584020800628e-02 
 1.169999999999968e-07  6.243037858629341e-02 
 1.170999999999968e-07  6.302866718492561e-02 
 1.171999999999968e-07  6.337834337181047e-02 
 1.172999999999968e-07  6.347803217738091e-02 
 1.173999999999968e-07  6.332732750777659e-02 
 1.174999999999968e-07  6.292682043158804e-02 
 1.175999999999968e-07  6.227806930705393e-02 
 1.176999999999968e-07  6.138362288946531e-02 
 1.177999999999968e-07  6.024698197705058e-02 
 1.178999999999967e-07  5.887261517945586e-02 
 1.179999999999967e-07  5.726591391468872e-02 
 1.180999999999967e-07  5.543319950848735e-02 
 1.181999999999967e-07  5.338167281492479e-02 
 1.182999999999967e-07  5.111941191937386e-02 
 1.183999999999967e-07  4.865531729015271e-02 
 1.184999999999967e-07  4.599909995137264e-02 
 1.185999999999967e-07  4.316122281358958e-02 
 1.186999999999967e-07  4.015287955994173e-02 
 1.187999999999967e-07  3.698593271281325e-02 
 1.188999999999967e-07  3.367288381787237e-02 
 1.189999999999967e-07  3.022680879508388e-02 
 1.190999999999967e-07  2.666132026795864e-02 
 1.191999999999967e-07  2.299050076989229e-02 
 1.192999999999967e-07  1.922885826826537e-02 
 1.193999999999967e-07  1.539125788685047e-02 
 1.194999999999967e-07  1.149287183428793e-02 
 1.195999999999967e-07  7.549110358639144e-03 
 1.196999999999967e-07  3.575567411738811e-03 
 1.197999999999967e-07 -4.120483466041325e-04 
 1.198999999999967e-07 -4.397970785790184e-03 
 1.199999999999967e-07 -8.366439174381846e-03 
 1.200999999999967e-07 -1.230182608772568e-02 
 1.201999999999967e-07 -1.618858218883501e-02 
 1.202999999999968e-07 -2.001136125013980e-02 
 1.203999999999968e-07 -2.375506237771985e-02 
 1.204999999999968e-07 -2.740486870908354e-02 
 1.205999999999968e-07 -3.094641736017611e-02 
 1.206999999999968e-07 -3.436568456558997e-02 
 1.207999999999968e-07 -3.764922909102486e-02 
 1.208999999999968e-07 -4.078406186774641e-02 
 1.209999999999968e-07 -4.375786320063257e-02 
 1.210999999999968e-07 -4.655888586354373e-02 
 1.211999999999968e-07 -4.917612242561042e-02 
 1.212999999999968e-07 -5.159924881178801e-02 
 1.213999999999968e-07 -5.381874197009506e-02 
 1.214999999999968e-07 -5.582585780818294e-02 
 1.215999999999969e-07 -5.761270655193762e-02 
 1.216999999999969e-07 -5.917225579653640e-02 
 1.217999999999969e-07 -6.049837211063203e-02 
 1.218999999999969e-07 -6.158584021738056e-02 
 1.219999999999969e-07 -6.243037859715850e-02 
 1.220999999999969e-07 -6.302866719630629e-02 
 1.221999999999969e-07 -6.337834338385884e-02 
 1.222999999999969e-07 -6.347803218927028e-02 
 1.223999999999969e-07 -6.332732751879733e-02 
 1.224999999999969e-07 -6.292682044303355e-02 
 1.225999999999969e-07 -6.227806931834667e-02 
 1.226999999999969e-07 -6.138362289979371e-02 
 1.227999999999969e-07 -6.024698198823986e-02 
 1.228999999999970e-07 -5.887261519108122e-02 
 1.229999999999970e-07 -5.726591392744962e-02 
 1.230999999999970e-07 -5.543319952394010e-02 
 1.231999999999970e-07 -5.338167283229200e-02 
 1.232999999999970e-07 -5.111941193357494e-02 
 1.233999999999970e-07 -4.865531730161510e-02 
 1.234999999999970e-07 -4.599909996118901e-02 
 1.235999999999970e-07 -4.316122282206036e-02 
 1.236999999999970e-07 -4.015287956757518e-02 
 1.237999999999970e-07 -3.698593272024220e-02 
 1.238999999999970e-07 -3.367288382559197e-02 
 1.239999999999970e-07 -3.022680880306572e-02 
 1.240999999999970e-07 -2.666132027514490e-02 
 1.241999999999970e-07 -2.299050077749598e-02 
 1.242999999999971e-07 -1.922885827851539e-02 
 1.243999999999971e-07 -1.539125789851603e-02 
 1.244999999999971e-07 -1.149287184559622e-02 
 1.245999999999971e-07 -7.549110370968393e-03 
 1.246999999999971e-07 -3.575567424779047e-03 
 1.247999999999971e-07  4.120483328489133e-04 
 1.248999999999971e-07  4.397970770126269e-03 
 1.249999999999971e-07  8.366439156115124e-03 
 1.250999999999971e-07  1.230182606890140e-02 
 1.251999999999971e-07  1.618858217188035e-02 
 1.252999999999971e-07  2.001136123682845e-02 
 1.253999999999971e-07  2.375506236629432e-02 
 1.254999999999971e-07  2.740486869699588e-02 
 1.255999999999972e-07  3.094641734957992e-02 
 1.256999999999972e-07  3.436568455508704e-02 
 1.257999999999972e-07  3.764922908133017e-02 
 1.258999999999972e-07  4.078406185863948e-02 
 1.259999999999972e-07  4.375786319232966e-02 
 1.260999999999972e-07  4.655888585578660e-02 
 1.261999999999972e-07  4.917612241919933e-02 
 1.262999999999972e-07  5.159924880504319e-02 
 1.263999999999972e-07  5.381874196318370e-02 
 1.264999999999972e-07  5.582585780059479e-02 
 1.265999999999972e-07  5.761270654517325e-02 
 1.266999999999972e-07  5.917225578889851e-02 
 1.267999999999972e-07  6.049837210212194e-02 
 1.268999999999973e-07  6.158584020650038e-02 
 1.269999999999973e-07  6.243037858425948e-02 
 1.270999999999973e-07  6.302866718288413e-02 
 1.271999999999973e-07  6.337834337180248e-02 
 1.272999999999973e-07  6.347803217833947e-02 
 1.273999999999973e-07  6.332732750864944e-02 
 1.274999999999973e-07  6.292682043243203e-02 
 1.275999999999973e-07  6.227806930741031e-02 
 1.276999999999973e-07  6.138362288959520e-02 
 1.277999999999973e-07  6.024698197709033e-02 
 1.278999999999973e-07  5.887261517851572e-02 
 1.279999999999973e-07  5.726591391305491e-02 
 1.280999999999973e-07  5.543319950741732e-02 
 1.281999999999973e-07  5.338167281422468e-02 
 1.282999999999974e-07  5.111941191741631e-02 
 1.283999999999974e-07  4.865531728901384e-02 
 1.284999999999974e-07  4.599909995156981e-02 
 1.285999999999974e-07  4.316122281481527e-02 
 1.286999999999974e-07  4.015287956189062e-02 
 1.287999999999974e-07  3.698593271548800e-02 
 1.288999999999974e-07  3.367288382081646e-02 
 1.289999999999974e-07  3.022680879807904e-02 
 1.290999999999974e-07  2.666132027044021e-02 
 1.291999999999974e-07  2.299050077060505e-02 
 1.292999999999974e-07  1.922885826869569e-02 
 1.293999999999974e-07  1.539125788791607e-02 
 1.294999999999974e-07  1.149287183490788e-02 
 1.295999999999975e-07  7.549110358170630e-03 
 1.296999999999975e-07  3.575567410532443e-03 
 1.297999999999975e-07 -4.120483485163806e-04 
 1.298999999999975e-07 -4.397970787157757e-03 
 1.299999999999975e-07 -8.366439174439355e-03 
 1.300999999999975e-07 -1.230182608867669e-02 
 1.301999999999975e-07 -1.618858218940122e-02 
 1.302999999999975e-07 -2.001136124968550e-02 
 1.303999999999975e-07 -2.375506237610869e-02 
 1.304999999999975e-07 -2.740486870656689e-02 
 1.305999999999975e-07 -3.094641736030068e-02 
 1.306999999999975e-07 -3.436568456400080e-02 
 1.307999999999975e-07 -3.764922908958335e-02 
 1.308999999999976e-07 -4.078406186708827e-02 
 1.309999999999976e-07 -4.375786320151120e-02 
 1.310999999999976e-07 -4.655888586400914e-02 
 1.311999999999976e-07 -4.917612242652214e-02 
 1.312999999999976e-07 -5.159924881185773e-02 
 1.313999999999976e-07 -5.381874197072434e-02 
 1.314999999999976e-07 -5.582585780837834e-02 
 1.315999999999976e-07 -5.761270655237682e-02 
 1.316999999999976e-07 -5.917225579724628e-02 
 1.317999999999976e-07 -6.049837211286446e-02 
 1.318999999999976e-07 -6.158584021854008e-02 
 1.319999999999976e-07 -6.243037859835776e-02 
 1.320999999999976e-07 -6.302866719733036e-02 
 1.321999999999977e-07 -6.337834338343207e-02 
 1.322999999999977e-07 -6.347803218791115e-02 
 1.323999999999977e-07 -6.332732751801973e-02 
 1.324999999999977e-07 -6.292682044279219e-02 
 1.325999999999977e-07 -6.227806932047275e-02 
 1.326999999999977e-07 -6.138362290293209e-02 
 1.327999999999977e-07 -6.024698199131695e-02 
 1.328999999999977e-07 -5.887261519144293e-02 
 1.329999999999977e-07 -5.726591392573055e-02 
 1.330999999999977e-07 -5.543319952132508e-02 
 1.331999999999977e-07 -5.338167282957529e-02 
 1.332999999999977e-07 -5.111941193237146e-02 
 1.333999999999977e-07 -4.865531730317141e-02 
 1.334999999999977e-07 -4.599909996492912e-02 
 1.335999999999978e-07 -4.316122282621193e-02 
 1.336999999999978e-07 -4.015287957072067e-02 
 1.337999999999978e-07 -3.698593272231232e-02 
 1.338999999999978e-07 -3.367288382714317e-02 
 1.339999999999978e-07 -3.022680880354045e-02 
 1.340999999999978e-07 -2.666132027655932e-02 
 1.341999999999978e-07 -2.299050077944242e-02 
 1.342999999999978e-07 -1.922885828059506e-02 
 1.343999999999978e-07 -1.539125789966911e-02 
 1.344999999999978e-07 -1.149287184644221e-02 
 1.345999999999978e-07 -7.549110369921452e-03 
 1.346999999999978e-07 -3.575567423756310e-03 
 1.347999999999978e-07  4.120483311558232e-04 
 1.348999999999979e-07  4.397970766585768e-03 
 1.349999999999979e-07  8.366439152975635e-03 
 1.350999999999979e-07  1.230182606818819e-02 
 1.351999999999979e-07  1.618858217158459e-02 
 1.352999999999979e-07  2.001136123538272e-02 
 1.353999999999979e-07  2.375506236466629e-02 
 1.354999999999979e-07  2.740486869480208e-02 
 1.355999999999979e-07  3.094641734962345e-02 
 1.356999999999979e-07  3.436568455578959e-02 
 1.357999999999979e-07  3.764922908252344e-02 
 1.358999999999979e-07  4.078406185879135e-02 
 1.359999999999979e-07  4.375786319351738e-02 
 1.360999999999979e-07  4.655888585591761e-02 
 1.361999999999980e-07  4.917612242106983e-02 
 1.362999999999980e-07  5.159924880714306e-02 
 1.363999999999980e-07  5.381874196477021e-02 
 1.364999999999980e-07  5.582585780136462e-02 
 1.365999999999980e-07  5.761270654714989e-02 
 1.366999999999980e-07  5.917225579115937e-02 
 1.367999999999980e-07  6.049837210500542e-02 
 1.368999999999980e-07  6.158584020991320e-02 
 1.369999999999980e-07  6.243037858775757e-02 
 1.370999999999980e-07  6.302866718657874e-02 
 1.371999999999980e-07  6.337834337573400e-02 
 1.372999999999980e-07  6.347803218062942e-02 
 1.373999999999980e-07  6.332732750959269e-02 
 1.374999999999980e-07  6.292682043157694e-02 
 1.375999999999981e-07  6.227806930734858e-02 
 1.376999999999981e-07  6.138362288987698e-02 
 1.377999999999981e-07  6.024698197904965e-02 
 1.378999999999981e-07  5.887261518043085e-02 
 1.379999999999981e-07  5.726591391597258e-02 
 1.380999999999981e-07  5.543319951026660e-02 
 1.381999999999981e-07  5.338167281766881e-02 
 1.382999999999981e-07  5.111941192090552e-02 
 1.383999999999981e-07  4.865531729157446e-02 
 1.384999999999981e-07  4.599909995337703e-02 
 1.385999999999981e-07  4.316122281610024e-02 
 1.386999999999981e-07  4.015287956158398e-02 
 1.387999999999981e-07  3.698593271401873e-02 
 1.388999999999982e-07  3.367288381961231e-02 
 1.389999999999982e-07  3.022680879735629e-02 
 1.390999999999982e-07  2.666132026973855e-02 
 1.391999999999982e-07  2.299050077024023e-02 
 1.392999999999982e-07  1.922885826740073e-02 
 1.393999999999982e-07  1.539125788595230e-02 
 1.394999999999982e-07  1.149287183308112e-02 
 1.395999999999982e-07  7.549110357882194e-03 
 1.396999999999982e-07  3.575567412389624e-03 
 1.397999999999982e-07 -4.120483446394818e-04 
 1.398999999999982e-07 -4.397970784174809e-03 
 1.399999999999982e-07 -8.366439172784013e-03 
 1.400999999999982e-07 -1.230182608838359e-02 
 1.401999999999983e-07 -1.618858218927421e-02 
 1.402999999999983e-07 -2.001136125052572e-02 
 1.403999999999983e-07 -2.375506237799274e-02 
 1.404999999999983e-07 -2.740486870783676e-02 
 1.405999999999983e-07 -3.094641736157588e-02 
 1.406999999999983e-07 -3.436568456440403e-02 
 1.407999999999983e-07 -3.764922908946788e-02 
 1.408999999999983e-07 -4.078406186493444e-02 
 1.409999999999983e-07 -4.375786320069741e-02 
 1.410999999999983e-07 -4.655888586269530e-02 
 1.411999999999983e-07 -4.917612242611624e-02 
 1.412999999999983e-07 -5.159924881215749e-02 
 1.413999999999983e-07 -5.381874197270831e-02 
 1.414999999999983e-07 -5.582585781000371e-02 
 1.415999999999984e-07 -5.761270655511175e-02 
 1.416999999999984e-07 -5.917225579922247e-02 
 1.417999999999984e-07 -6.049837211435705e-02 
 1.418999999999984e-07 -6.158584022051494e-02 
 1.419999999999984e-07 -6.243037860031930e-02 
 1.420999999999984e-07 -6.302866719700484e-02 
 1.421999999999984e-07 -6.337834338381754e-02 
 1.422999999999984e-07 -6.347803218780612e-02 
 1.423999999999984e-07 -6.332732751706494e-02 
 1.424999999999984e-07 -6.292682044071785e-02 
 1.425999999999984e-07 -6.227806931878610e-02 
 1.426999999999984e-07 -6.138362290204191e-02 
 1.427999999999984e-07 -6.024698199072875e-02 
 1.428999999999985e-07 -5.887261519136722e-02 
 1.429999999999985e-07 -5.726591392734504e-02 
 1.430999999999985e-07 -5.543319952240067e-02 
 1.431999999999985e-07 -5.338167283047968e-02 
 1.432999999999985e-07 -5.111941193307534e-02 
 1.433999999999985e-07 -4.865531730252193e-02 
 1.434999999999985e-07 -4.599909996328089e-02 
 1.435999999999985e-07 -4.316122282455481e-02 
 1.436999999999985e-07 -4.015287956914415e-02 
 1.437999999999985e-07 -3.698593272103001e-02 
 1.438999999999985e-07 -3.367288382456080e-02 
 1.439999999999985e-07 -3.022680880209982e-02 
 1.440999999999985e-07 -2.666132027547596e-02 
 1.441999999999986e-07 -2.299050077788678e-02 
 1.442999999999986e-07 -1.922885827796539e-02 
 1.443999999999986e-07 -1.539125789718110e-02 
 1.444999999999986e-07 -1.149287184329673e-02 
 1.445999999999986e-07 -7.549110367957246e-03 
 1.446999999999986e-07 -3.575567422465786e-03 
 1.447999999999986e-07  4.120483335492420e-04 
 1.448999999999986e-07  4.397970769202786e-03 
 1.449999999999986e-07  8.366439154740890e-03 
 1.450999999999986e-07  1.230182606943675e-02 
 1.451999999999986e-07  1.618858217034602e-02 
 1.452999999999986e-07  2.001136123477254e-02 
 1.453999999999986e-07  2.375506236478819e-02 
 1.454999999999986e-07  2.740486869516978e-02 
 1.455999999999987e-07  3.094641734926640e-02 
 1.456999999999987e-07  3.436568455365019e-02 
 1.457999999999987e-07  3.764922908060697e-02 
 1.458999999999987e-07  4.078406185568495e-02 
 1.459999999999987e-07  4.375786319170305e-02 
 1.460999999999987e-07  4.655888585511159e-02 
 1.461999999999987e-07  4.917612242103031e-02 
 1.462999999999987e-07  5.159924880566802e-02 
 1.463999999999987e-07  5.381874196293235e-02 
 1.464999999999987e-07  5.582585779892568e-02 
 1.465999999999987e-07  5.761270654415185e-02 
 1.466999999999987e-07  5.917225578877994e-02 
 1.467999999999987e-07  6.049837210478959e-02 
 1.468999999999988e-07  6.158584021072189e-02 
 1.469999999999988e-07  6.243037858894884e-02 
 1.470999999999988e-07  6.302866718606825e-02 
 1.471999999999988e-07  6.337834337451720e-02 
 1.472999999999988e-07  6.347803217995573e-02 
 1.473999999999988e-07  6.332732750864545e-02 
 1.474999999999988e-07  6.292682043069608e-02 
 1.475999999999988e-07  6.227806930699820e-02 
 1.476999999999988e-07  6.138362288842880e-02 
 1.477999999999988e-07  6.024698197595013e-02 
 1.478999999999988e-07  5.887261517600151e-02 
 1.479999999999988e-07  5.726591391104874e-02 
 1.480999999999988e-07  5.543319950676806e-02 
 1.481999999999989e-07  5.338167281478934e-02 
 1.482999999999989e-07  5.111941191830471e-02 
 1.483999999999989e-07  4.865531728835260e-02 
 1.484999999999989e-07  4.599909994982188e-02 
 1.485999999999989e-07  4.316122281251866e-02 
 1.486999999999989e-07  4.015287955884883e-02 
 1.487999999999989e-07  3.698593271358153e-02 
 1.488999999999989e-07  3.367288382024980e-02 
 1.489999999999989e-07  3.022680879821027e-02 
 1.490999999999989e-07  2.666132026941548e-02 
 1.491999999999989e-07  2.299050076842413e-02 
 1.492999999999989e-07  1.922885826610243e-02 
 1.493999999999989e-07  1.539125788501372e-02 
 1.494999999999989e-07  1.149287183231484e-02 
 1.495999999999990e-07  7.549110357916389e-03 
 1.496999999999990e-07  3.575567411209679e-03 
 1.497999999999990e-07 -4.120483473537551e-04 
 1.498999999999990e-07 -4.397970784694838e-03 
 1.499999999999990e-07 -8.366439171366480e-03 
 1.500999999999990e-07 -1.230182608583874e-02 
 1.501999999999990e-07 -1.618858218644803e-02 
 1.502999999999990e-07 -2.001136124719971e-02 
 1.503999999999990e-07 -2.375506237566660e-02 
 1.504999999999990e-07 -2.740486870586056e-02 
 1.505999999999990e-07 -3.094641735953352e-02 
 1.506999999999990e-07 -3.436568456273026e-02 
 1.507999999999990e-07 -3.764922909041202e-02 
 1.508999999999991e-07 -4.078406186675876e-02 
 1.509999999999991e-07 -4.375786320183161e-02 
 1.510999999999991e-07 -4.655888586202384e-02 
 1.511999999999991e-07 -4.917612242594904e-02 
 1.512999999999991e-07 -5.159924881120737e-02 
 1.513999999999991e-07 -5.381874197126257e-02 
 1.514999999999991e-07 -5.582585780697369e-02 
 1.515999999999991e-07 -5.761270655125017e-02 
 1.516999999999991e-07 -5.917225579459306e-02 
 1.517999999999991e-07 -6.049837211026299e-02 
 1.518999999999991e-07 -6.158584021545055e-02 
 1.519999999999991e-07 -6.243037859470935e-02 
 1.520999999999991e-07 -6.302866719192446e-02 
 1.521999999999992e-07 -6.337834337967174e-02 
 1.522999999999992e-07 -6.347803218557035e-02 
 1.523999999999992e-07 -6.332732751702608e-02 
 1.524999999999992e-07 -6.292682044112108e-02 
 1.525999999999992e-07 -6.227806931825963e-02 
 1.526999999999992e-07 -6.138362290038590e-02 
 1.527999999999992e-07 -6.024698198860823e-02 
 1.528999999999992e-07 -5.887261518908038e-02 
 1.529999999999992e-07 -5.726591392440605e-02 
 1.530999999999992e-07 -5.543319951963710e-02 
 1.531999999999992e-07 -5.338167282724005e-02 
 1.532999999999992e-07 -5.111941192981084e-02 
 1.533999999999992e-07 -4.865531729900696e-02 
 1.534999999999993e-07 -4.599909995959539e-02 
 1.535999999999993e-07 -4.316122282195622e-02 
 1.536999999999993e-07 -4.015287956840430e-02 
 1.537999999999993e-07 -3.698593272181938e-02 
 1.538999999999993e-07 -3.367288382618994e-02 
 1.539999999999993e-07 -3.022680880430961e-02 
 1.540999999999993e-07 -2.666132027706736e-02 
 1.541999999999993e-07 -2.299050077910958e-02 
 1.542999999999993e-07 -1.922885827969423e-02 
 1.543999999999993e-07 -1.539125789926876e-02 
 1.544999999999993e-07 -1.149287184497094e-02 
 1.545999999999993e-07 -7.549110369348355e-03 
 1.546999999999993e-07 -3.575567424120019e-03 
 1.547999999999993e-07  4.120483310929846e-04 
 1.548999999999994e-07  4.397970767145098e-03 
 1.549999999999994e-07  8.366439153334682e-03 
 1.550999999999994e-07  1.230182606802455e-02 
 1.551999999999994e-07  1.618858217075725e-02 
 1.552999999999994e-07  2.001136123585789e-02 
 1.553999999999994e-07  2.375506236651259e-02 
 1.554999999999994e-07  2.740486869602954e-02 
 1.555999999999994e-07  3.094641735021963e-02 
 1.556999999999994e-07  3.436568455386935e-02 
 1.557999999999994e-07  3.764922908189683e-02 
 1.558999999999994e-07  4.078406185793804e-02 
 1.559999999999994e-07  4.375786319338149e-02 
 1.560999999999994e-07  4.655888585504186e-02 
 1.561999999999995e-07  4.917612242010572e-02 
 1.562999999999995e-07  5.159924880475097e-02 
 1.563999999999995e-07  5.381874196339398e-02 
 1.564999999999995e-07  5.582585780021798e-02 
 1.565999999999995e-07  5.761270654552919e-02 
 1.566999999999995e-07  5.917225578870444e-02 
 1.567999999999995e-07  6.049837210255871e-02 
 1.568999999999995e-07  6.158584020726687e-02 
 1.569999999999995e-07  6.243037858747935e-02 
 1.570999999999995e-07  6.302866718620370e-02 
 1.571999999999995e-07  6.337834337388237e-02 
 1.572999999999995e-07  6.347803217701919e-02 
 1.573999999999995e-07  6.332732750542647e-02 
 1.574999999999996e-07  6.292682042725839e-02 
 1.575999999999996e-07  6.227806930315039e-02 
 1.576999999999996e-07  6.138362288600518e-02 
 1.577999999999996e-07  6.024698197511014e-02 
 1.578999999999996e-07  5.887261517645959e-02 
 1.579999999999996e-07  5.726591391211855e-02 
 1.580999999999996e-07  5.543319950605574e-02 
 1.581999999999996e-07  5.338167281340600e-02 
 1.582999999999996e-07  5.111941191679104e-02 
 1.583999999999996e-07  4.865531728748129e-02 
 1.584999999999996e-07  4.599909994929674e-02 
 1.585999999999996e-07  4.316122281315060e-02 
 1.586999999999996e-07  4.015287956080238e-02 
 1.587999999999996e-07  3.698593271356243e-02 
 1.588999999999997e-07  3.367288381831091e-02 
 1.589999999999997e-07  3.022680879560857e-02 
 1.590999999999997e-07  2.666132026696788e-02 
 1.591999999999997e-07  2.299050076803155e-02 
 1.592999999999997e-07  1.922885826691711e-02 
 1.593999999999997e-07  1.539125788568496e-02 
 1.594999999999997e-07  1.149287183326342e-02 
 1.595999999999997e-07  7.549110358911593e-03 
 1.596999999999997e-07  3.575567413198533e-03 
 1.597999999999997e-07 -4.120483455132273e-04 
 1.598999999999997e-07 -4.397970784598026e-03 
 1.599999999999997e-07 -8.366439172243334e-03 
 1.600999999999997e-07 -1.230182608809938e-02 
 1.601999999999998e-07 -1.618858218927754e-02 
 1.602999999999998e-07 -2.001136125205272e-02 
 1.603999999999998e-07 -2.375506238071790e-02 
 1.604999999999998e-07 -2.740486871021885e-02 
 1.605999999999998e-07 -3.094641736485437e-02 
 1.606999999999998e-07 -3.436568456811506e-02 
 1.607999999999998e-07 -3.764922909510515e-02 
 1.608999999999998e-07 -4.078406186900430e-02 
 1.609999999999998e-07 -4.375786320304664e-02 
 1.610999999999998e-07 -4.655888586357237e-02 
 1.611999999999998e-07 -4.917612242687230e-02 
 1.612999999999998e-07 -5.159924881147493e-02 
 1.613999999999998e-07 -5.381874197082026e-02 
 1.614999999999999e-07 -5.582585780760407e-02 
 1.615999999999999e-07 -5.761270655291195e-02 
 1.616999999999999e-07 -5.917225579675955e-02 
 1.617999999999999e-07 -6.049837211330500e-02 
 1.618999999999999e-07 -6.158584021767366e-02 
 1.619999999999999e-07 -6.243037859620815e-02 
 1.620999999999999e-07 -6.302866719346323e-02 
 1.621999999999999e-07 -6.337834338228299e-02 
 1.622999999999999e-07 -6.347803218747305e-02 
 1.623999999999999e-07 -6.332732751786208e-02 
 1.624999999999999e-07 -6.292682044289255e-02 
 1.625999999999999e-07 -6.227806932079449e-02 
 1.626999999999999e-07 -6.138362290215649e-02 
 1.627999999999999e-07 -6.024698198984813e-02 
 1.629000000000000e-07 -5.887261519038312e-02 
 1.630000000000000e-07 -5.726591392672198e-02 
 1.631000000000000e-07 -5.543319952205450e-02 
 1.632000000000000e-07 -5.338167283008421e-02 
 1.633000000000000e-07 -5.111941193298897e-02 
 1.634000000000000e-07 -4.865531730280392e-02 
 1.635000000000000e-07 -4.599909996314322e-02 
 1.636000000000000e-07 -4.316122282463208e-02 
 1.637000000000000e-07 -4.015287956935643e-02 
 1.638000000000000e-07 -3.698593272105066e-02 
 1.639000000000000e-07 -3.367288382420841e-02 
 1.640000000000000e-07 -3.022680880200745e-02 
 1.641000000000000e-07 -2.666132027415480e-02 
 1.642000000000001e-07 -2.299050077572451e-02 
 1.643000000000001e-07 -1.922885827629295e-02 
 1.644000000000001e-07 -1.539125789643392e-02 
 1.645000000000001e-07 -1.149287184407144e-02 
 1.646000000000001e-07 -7.549110369626133e-03 
 1.647000000000001e-07 -3.575567424848991e-03 
 1.648000000000001e-07  4.120483307072931e-04 
 1.649000000000001e-07  4.397970767006765e-03 
 1.650000000000001e-07  8.366439153924654e-03 
 1.651000000000001e-07  1.230182606994301e-02 
 1.652000000000001e-07  1.618858217204111e-02 
 1.653000000000001e-07  2.001136123603775e-02 
 1.654000000000001e-07  2.375506236528313e-02 
 1.655000000000002e-07  2.740486869499992e-02 
 1.656000000000002e-07  3.094641735038151e-02 
 1.657000000000002e-07  3.436568455399702e-02 
 1.658000000000002e-07  3.764922908138368e-02 
 1.659000000000002e-07  4.078406185727701e-02 
 1.660000000000002e-07  4.375786319300312e-02 
 1.661000000000002e-07  4.655888585485579e-02 
 1.662000000000002e-07  4.917612242015301e-02 
 1.663000000000002e-07  5.159924880353195e-02 
 1.664000000000002e-07  5.381874196044234e-02 
 1.665000000000002e-07  5.582585779666482e-02 
 1.666000000000002e-07  5.761270654394468e-02 
 1.667000000000002e-07  5.917225578963858e-02 
 1.668000000000002e-07  6.049837210584408e-02 
 1.669000000000003e-07  6.158584021110780e-02 
 1.670000000000003e-07  6.243037859024803e-02 
 1.671000000000003e-07  6.302866718802780e-02 
 1.672000000000003e-07  6.337834337622494e-02 
 1.673000000000003e-07  6.347803218075021e-02 
 1.674000000000003e-07  6.332732751075021e-02 
 1.675000000000003e-07  6.292682043305797e-02 
 1.676000000000003e-07  6.227806930985880e-02 
 1.677000000000003e-07  6.138362289225907e-02 
 1.678000000000003e-07  6.024698197914602e-02 
 1.679000000000003e-07  5.887261517925979e-02 
 1.680000000000003e-07  5.726591391490410e-02 
 1.681000000000003e-07  5.543319950937375e-02 
 1.682000000000004e-07  5.338167281595418e-02 
 1.683000000000004e-07  5.111941191761393e-02 
 1.684000000000004e-07  4.865531728700434e-02 
 1.685000000000004e-07  4.599909994827911e-02 
 1.686000000000004e-07  4.316122281256751e-02 
 1.687000000000004e-07  4.015287955989200e-02 
 1.688000000000004e-07  3.698593271454476e-02 
 1.689000000000004e-07  3.367288381999645e-02 
 1.690000000000004e-07  3.022680879656381e-02 
 1.691000000000004e-07  2.666132026792822e-02 
 1.692000000000004e-07  2.299050076866860e-02 
 1.693000000000004e-07  1.922885826623100e-02 
 1.694000000000004e-07  1.539125788425966e-02 
 1.695000000000005e-07  1.149287183069125e-02 
 1.696000000000005e-07  7.549110356126265e-03 
 1.697000000000005e-07  3.575567411124858e-03 
 1.698000000000005e-07 -4.120483460994251e-04 
 1.699000000000005e-07 -4.397970783874161e-03 
 1.700000000000005e-07 -8.366439171359596e-03 
 1.701000000000005e-07 -1.230182608764196e-02 
 1.702000000000005e-07 -1.618858218777852e-02 
 1.703000000000005e-07 -2.001136124968816e-02 
 1.704000000000005e-07 -2.375506237870950e-02 
 1.705000000000005e-07 -2.740486870896186e-02 
 1.706000000000005e-07 -3.094641736344861e-02 
 1.707000000000005e-07 -3.436568456512168e-02 
 1.708000000000006e-07 -3.764922909155821e-02 
 1.709000000000006e-07 -4.078406186717776e-02 
 1.710000000000006e-07 -4.375786320286035e-02 
 1.711000000000006e-07 -4.655888586327062e-02 
 1.712000000000006e-07 -4.917612242697533e-02 
 1.713000000000006e-07 -5.159924881155620e-02 
 1.714000000000006e-07 -5.381874197026226e-02 
 1.715000000000006e-07 -5.582585780578020e-02 
 1.716000000000006e-07 -5.761270655126971e-02 
 1.717000000000006e-07 -5.917225579595242e-02 
 1.718000000000006e-07 -6.049837211259756e-02 
 1.719000000000006e-07 -6.158584021797542e-02 
 1.720000000000006e-07 -6.243037859740896e-02 
 1.721000000000006e-07 -6.302866719464761e-02 
 1.722000000000007e-07 -6.337834338332282e-02 
 1.723000000000007e-07 -6.347803218834436e-02 
 1.724000000000007e-07 -6.332732751773862e-02 
 1.725000000000007e-07 -6.292682044027842e-02 
 1.726000000000007e-07 -6.227806931725421e-02 
 1.727000000000007e-07 -6.138362289822474e-02 
 1.728000000000007e-07 -6.024698198653344e-02 
 1.729000000000007e-07 -5.887261518863007e-02 
 1.730000000000007e-07 -5.726591392517166e-02 
 1.731000000000007e-07 -5.543319952056547e-02 
 1.732000000000007e-07 -5.338167282991257e-02 
 1.733000000000007e-07 -5.111941193261260e-02 
 1.734000000000007e-07 -4.865531730212780e-02 
 1.735000000000008e-07 -4.599909996257456e-02 
 1.736000000000008e-07 -4.316122282442225e-02 
 1.737000000000008e-07 -4.015287956945079e-02 
 1.738000000000008e-07 -3.698593272105244e-02 
 1.739000000000008e-07 -3.367288382510703e-02 
 1.740000000000008e-07 -3.022680880214557e-02 
 1.741000000000008e-07 -2.666132027502410e-02 
 1.742000000000008e-07 -2.299050077877118e-02 
 1.743000000000008e-07 -1.922885827989984e-02 
 1.744000000000008e-07 -1.539125789793760e-02 
 1.745000000000008e-07 -1.149287184310444e-02 
 1.746000000000008e-07 -7.549110366813494e-03 
 1.747000000000008e-07 -3.575567421334913e-03 
 1.748000000000009e-07  4.120483348826198e-04 
 1.749000000000009e-07  4.397970771263360e-03 
 1.750000000000009e-07  8.366439157140526e-03 
 1.751000000000009e-07  1.230182607217101e-02 
 1.752000000000009e-07  1.618858217489594e-02 
 1.753000000000009e-07  2.001136123916436e-02 
 1.754000000000009e-07  2.375506236732905e-02 
 1.755000000000009e-07  2.740486869550640e-02 
 1.756000000000009e-07  3.094641735018100e-02 
 1.757000000000009e-07  3.436568455293476e-02 
 1.758000000000009e-07  3.764922908017776e-02 
 1.759000000000009e-07  4.078406185548644e-02 
 1.760000000000009e-07  4.375786319092079e-02 
 1.761000000000009e-07  4.655888585239309e-02 
 1.762000000000010e-07  4.917612241687142e-02 
 1.763000000000010e-07  5.159924880056632e-02 
 1.764000000000010e-07  5.381874196004444e-02 
 1.765000000000010e-07  5.582585779703653e-02 
 1.766000000000010e-07  5.761270654495920e-02 
 1.767000000000010e-07  5.917225578902841e-02 
 1.768000000000010e-07  6.049837210408304e-02 
 1.769000000000010e-07  6.158584021062796e-02 
 1.770000000000010e-07  6.243037859304357e-02 
 1.771000000000010e-07  6.302866718984390e-02 
 1.772000000000010e-07  6.337834337587211e-02 
 1.773000000000010e-07  6.347803217839409e-02 
 1.774000000000010e-07  6.332732750685399e-02 
 1.775000000000011e-07  6.292682043056730e-02 
 1.776000000000011e-07  6.227806930793434e-02 
 1.777000000000011e-07  6.138362289068588e-02 
 1.778000000000011e-07  6.024698197836442e-02 
 1.779000000000011e-07  5.887261517927778e-02 
 1.780000000000011e-07  5.726591391492875e-02 
 1.781000000000011e-07  5.543319950934711e-02 
 1.782000000000011e-07  5.338167281554340e-02 
 1.783000000000011e-07  5.111941191898461e-02 
 1.784000000000011e-07  4.865531729007078e-02 
 1.785000000000011e-07  4.599909995190243e-02 
 1.786000000000011e-07  4.316122281489720e-02 
 1.787000000000011e-07  4.015287956127911e-02 
 1.788000000000012e-07  3.698593271362349e-02 
 1.789000000000012e-07  3.367288381921685e-02 
 1.790000000000012e-07  3.022680879610129e-02 
 1.791000000000012e-07  2.666132026643542e-02 
 1.792000000000012e-07  2.299050076647591e-02 
 1.793000000000012e-07  1.922885826478105e-02 
 1.794000000000012e-07  1.539125788396811e-02 
 1.795000000000012e-07  1.149287183300274e-02 
 1.796000000000012e-07  7.549110359324374e-03 
 1.797000000000012e-07  3.575567412506864e-03 
 1.798000000000012e-07 -4.120483456908630e-04 
 1.799000000000012e-07 -4.397970784324468e-03 
 1.800000000000012e-07 -8.366439171507700e-03 
 1.801000000000012e-07 -1.230182608780828e-02 
 1.802000000000013e-07 -1.618858218815022e-02 
 1.803000000000013e-07 -2.001136124996172e-02 
 1.804000000000013e-07 -2.375506237838487e-02 
 1.805000000000013e-07 -2.740486870701675e-02 
 1.806000000000013e-07 -3.094641735958259e-02 
 1.807000000000013e-07 -3.436568456314548e-02 
 1.808000000000013e-07 -3.764922909126112e-02 
 1.809000000000013e-07 -4.078406186744465e-02 
 1.810000000000013e-07 -4.375786320321562e-02 
 1.811000000000013e-07 -4.655888586328261e-02 
 1.812000000000013e-07 -4.917612242761837e-02 
 1.813000000000013e-07 -5.159924881281697e-02 
 1.814000000000013e-07 -5.381874197295144e-02 
 1.815000000000014e-07 -5.582585780937488e-02 
 1.816000000000014e-07 -5.761270655344419e-02 
 1.817000000000014e-07 -5.917225579801677e-02 
 1.818000000000014e-07 -6.049837211361919e-02 
 1.819000000000014e-07 -6.158584021830960e-02 
 1.820000000000014e-07 -6.243037859809109e-02 
 1.821000000000014e-07 -6.302866719551536e-02 
 1.822000000000014e-07 -6.337834338283344e-02 
 1.823000000000014e-07 -6.347803218950321e-02 
 1.824000000000014e-07 -6.332732752029879e-02 
 1.825000000000014e-07 -6.292682044195308e-02 
 1.826000000000014e-07 -6.227806931784130e-02 
 1.827000000000014e-07 -6.138362289984123e-02 
 1.828000000000015e-07 -6.024698198893996e-02 
 1.829000000000015e-07 -5.887261518952180e-02 
 1.830000000000015e-07 -5.726591392575120e-02 
 1.831000000000015e-07 -5.543319952176340e-02 
 1.832000000000015e-07 -5.338167283018191e-02 
 1.833000000000015e-07 -5.111941193290237e-02 
 1.834000000000015e-07 -4.865531730295825e-02 
 1.835000000000015e-07 -4.599909996343521e-02 
 1.836000000000015e-07 -4.316122282557244e-02 
 1.837000000000015e-07 -4.015287957151470e-02 
 1.838000000000015e-07 -3.698593272403961e-02 
 1.839000000000015e-07 -3.367288382722733e-02 
 1.840000000000015e-07 -3.022680880385753e-02 
 1.841000000000015e-07 -2.666132027639856e-02 
 1.842000000000016e-07 -2.299050077862042e-02 
 1.843000000000016e-07 -1.922885827862286e-02 
 1.844000000000016e-07 -1.539125789738094e-02 
 1.845000000000016e-07 -1.149287184310932e-02 
 1.846000000000016e-07 -7.549110367440548e-03 
 1.847000000000016e-07 -3.575567422382964e-03 
 1.848000000000016e-07  4.120483333638347e-04 
 1.849000000000016e-07  4.397970769585147e-03 
 1.850000000000016e-07  8.366439157295513e-03 
 1.851000000000016e-07  1.230182607460595e-02 
 1.852000000000016e-07  1.618858217635477e-02 
 1.853000000000016e-07  2.001136123898517e-02 
 1.854000000000016e-07  2.375506236829095e-02 
 1.855000000000017e-07  2.740486869581682e-02 
 1.856000000000017e-07  3.094641734978798e-02 
 1.857000000000017e-07  3.436568455370725e-02 
 1.858000000000017e-07  3.764922908096513e-02 
 1.859000000000017e-07  4.078406185531880e-02 
 1.860000000000017e-07  4.375786319055286e-02 
 1.861000000000017e-07  4.655888585345513e-02 
 1.862000000000017e-07  4.917612241989389e-02 
 1.863000000000017e-07  5.159924880446587e-02 
 1.864000000000017e-07  5.381874196241432e-02 
 1.865000000000017e-07  5.582585779830063e-02 
 1.866000000000017e-07  5.761270654291173e-02 
 1.867000000000017e-07  5.917225578648222e-02 
 1.868000000000018e-07  6.049837210331965e-02 
 1.869000000000018e-07  6.158584020938029e-02 
 1.870000000000018e-07  6.243037859154343e-02 
 1.871000000000018e-07  6.302866718984168e-02 
 1.872000000000018e-07  6.337834337765935e-02 
 1.873000000000018e-07  6.347803218064296e-02 
 1.874000000000018e-07  6.332732750960979e-02 
 1.875000000000018e-07  6.292682043111864e-02 
 1.876000000000018e-07  6.227806930715785e-02 
 1.877000000000018e-07  6.138362288943311e-02 
 1.878000000000018e-07  6.024698197869327e-02 
 1.879000000000018e-07  5.887261518017928e-02 
 1.880000000000018e-07  5.726591391624991e-02 
 1.881000000000018e-07  5.543319950993819e-02 
 1.882000000000019e-07  5.338167281767592e-02 
 1.883000000000019e-07  5.111941192019032e-02 
 1.884000000000019e-07  4.865531728859174e-02 
 1.885000000000019e-07  4.599909994877116e-02 
 1.886000000000019e-07  4.316122281173795e-02 
 1.887000000000019e-07  4.015287955847713e-02 
 1.888000000000019e-07  3.698593271139616e-02 
 1.889000000000019e-07  3.367288381686828e-02 
 1.890000000000019e-07  3.022680879316342e-02 
 1.891000000000019e-07  2.666132026445789e-02 
 1.892000000000019e-07  2.299050076497888e-02 
 1.893000000000019e-07  1.922885826299892e-02 
 1.894000000000019e-07  1.539125788311679e-02 
 1.895000000000020e-07  1.149287183139647e-02 
 1.896000000000020e-07  7.549110357254030e-03 
 1.897000000000020e-07  3.575567411148395e-03 
 1.898000000000020e-07 -4.120483472220826e-04 
 1.899000000000020e-07 -4.397970784462579e-03 
 1.900000000000020e-07 -8.366439171841655e-03 
 1.901000000000020e-07 -1.230182608613051e-02 
 1.902000000000020e-07 -1.618858218634234e-02 
 1.903000000000020e-07 -2.001136124765424e-02 
 1.904000000000020e-07 -2.375506237586222e-02 
 1.905000000000020e-07 -2.740486870524128e-02 
 1.906000000000020e-07 -3.094641736089576e-02 
 1.907000000000020e-07 -3.436568456427680e-02 
 1.908000000000021e-07 -3.764922909148360e-02 
 1.909000000000021e-07 -4.078406186597383e-02 
 1.910000000000021e-07 -4.375786320258479e-02 
 1.911000000000021e-07 -4.655888586294643e-02 
 1.912000000000021e-07 -4.917612242581026e-02 
 1.913000000000021e-07 -5.159924880886324e-02 
 1.914000000000021e-07 -5.381874196870551e-02 
 1.915000000000021e-07 -5.582585780456317e-02 
 1.916000000000021e-07 -5.761270655090356e-02 
 1.917000000000021e-07 -5.917225579509577e-02 
 1.918000000000021e-07 -6.049837211143116e-02 
 1.919000000000021e-07 -6.158584021547875e-02 
 1.920000000000021e-07 -6.243037859627742e-02 
 1.921000000000022e-07 -6.302866719442335e-02 
 1.922000000000022e-07 -6.337834338155668e-02 
 1.923000000000022e-07 -6.347803218659265e-02 
 1.924000000000022e-07 -6.332732751755987e-02 
 1.925000000000022e-07 -6.292682044092057e-02 
 1.926000000000022e-07 -6.227806931846569e-02 
 1.927000000000022e-07 -6.138362290019828e-02 
 1.928000000000022e-07 -6.024698198856515e-02 
 1.929000000000022e-07 -5.887261518894471e-02 
 1.930000000000022e-07 -5.726591392397085e-02 
 1.931000000000022e-07 -5.543319951892389e-02 
 1.932000000000022e-07 -5.338167282692075e-02 
 1.933000000000022e-07 -5.111941192976266e-02 
 1.934000000000022e-07 -4.865531730001438e-02 
 1.935000000000023e-07 -4.599909996222995e-02 
 1.936000000000023e-07 -4.316122282507440e-02 
 1.937000000000023e-07 -4.015287957026703e-02 
 1.938000000000023e-07 -3.698593272112261e-02 
 1.939000000000023e-07 -3.367288382549360e-02 
 1.940000000000023e-07 -3.022680880370787e-02 
 1.941000000000023e-07 -2.666132027693324e-02 
 1.942000000000023e-07 -2.299050077936426e-02 
 1.943000000000023e-07 -1.922885827854737e-02 
 1.944000000000023e-07 -1.539125789756968e-02 
 1.945000000000023e-07 -1.149287184301695e-02 
 1.946000000000023e-07 -7.549110367605305e-03 
 1.947000000000023e-07 -3.575567422455350e-03 
 1.948000000000024e-07  4.120483329095315e-04 
 1.949000000000024e-07  4.397970769590920e-03 
 1.950000000000024e-07  8.366439154827710e-03 
 1.951000000000024e-07  1.230182606972408e-02 
 1.952000000000024e-07  1.618858217024810e-02 
 1.953000000000024e-07  2.001136123363034e-02 
 1.954000000000024e-07  2.375506236348235e-02 
 1.955000000000024e-07  2.740486869351777e-02 
 1.956000000000024e-07  3.094641734905013e-02 
 1.957000000000024e-07  3.436568455311262e-02 
 1.958000000000024e-07  3.764922908195789e-02 
 1.959000000000024e-07  4.078406185713268e-02 
 1.960000000000024e-07  4.375786319237873e-02 
 1.961000000000025e-07  4.655888585307055e-02 
 1.962000000000025e-07  4.917612241897618e-02 
 1.963000000000025e-07  5.159924880357813e-02 
 1.964000000000025e-07  5.381874196196090e-02 
 1.965000000000025e-07  5.582585779704230e-02 
 1.966000000000025e-07  5.761270654390982e-02 
 1.967000000000025e-07  5.917225578792173e-02 
 1.968000000000025e-07  6.049837210492282e-02 
 1.969000000000025e-07  6.158584021149305e-02 
 1.970000000000025e-07  6.243037859195688e-02 
 1.971000000000025e-07  6.302866718925371e-02 
 1.972000000000025e-07  6.337834337591586e-02 
 1.973000000000025e-07  6.347803217993531e-02 
 1.974000000000025e-07  6.332732750924652e-02 
 1.975000000000026e-07  6.292682043240427e-02 
 1.976000000000026e-07  6.227806930866020e-02 
 1.977000000000026e-07  6.138362288953769e-02 
 1.978000000000026e-07  6.024698197734280e-02 
 1.979000000000026e-07  5.887261517961639e-02 
 1.980000000000026e-07  5.726591391527380e-02 
 1.981000000000026e-07  5.543319950866277e-02 
 1.982000000000026e-07  5.338167281518347e-02 
 1.983000000000026e-07  5.111941191951197e-02 
 1.984000000000026e-07  4.865531728993910e-02 
 1.985000000000026e-07  4.599909995191975e-02 
 1.986000000000026e-07  4.316122281392243e-02 
 1.987000000000026e-07  4.015287955962865e-02 
 1.988000000000027e-07  3.698593271258321e-02 
 1.989000000000027e-07  3.367288381775246e-02 
 1.990000000000027e-07  3.022680879495709e-02 
 1.991000000000027e-07  2.666132026767976e-02 
 1.992000000000027e-07  2.299050076947129e-02 
 1.993000000000027e-07  1.922885826804954e-02 
 1.994000000000027e-07  1.539125788660778e-02 
 1.995000000000027e-07  1.149287183424175e-02 
 1.996000000000027e-07  7.549110358057831e-03 
 1.997000000000027e-07  3.575567412072989e-03 
 1.998000000000027e-07 -4.120483468414982e-04 
 1.999000000000027e-07 -4.397970785195326e-03 
 2.000000000000027e-07 -8.366439174070983e-03 
 2.001000000000028e-07 -1.230182608955754e-02 
 2.002000000000028e-07 -1.618858218853081e-02 
 2.003000000000028e-07 -2.001136124883285e-02 
 2.004000000000028e-07 -2.375506237748670e-02 
 2.005000000000028e-07 -2.740486870626313e-02 
 2.006000000000028e-07 -3.094641736179549e-02 
 2.007000000000028e-07 -3.436568456433431e-02 
 2.008000000000028e-07 -3.764922909157109e-02 
 2.009000000000028e-07 -4.078406186633998e-02 
 2.010000000000028e-07 -4.375786320264208e-02 
 2.011000000000028e-07 -4.655888586327572e-02 
 2.012000000000028e-07 -4.917612242581293e-02 
 2.013000000000028e-07 -5.159924881074041e-02 
 2.014000000000028e-07 -5.381874197132896e-02 
 2.015000000000029e-07 -5.582585780944416e-02 
 2.016000000000029e-07 -5.761270655517658e-02 
 2.017000000000029e-07 -5.917225579901197e-02 
 2.018000000000029e-07 -6.049837211544418e-02 
 2.019000000000029e-07 -6.158584022190849e-02 
 2.020000000000029e-07 -6.243037860074541e-02 
 2.021000000000029e-07 -6.302866719843836e-02 
 2.022000000000029e-07 -6.337834338614790e-02 
 2.023000000000029e-07 -6.347803218908910e-02 
 2.024000000000029e-07 -6.332732751748771e-02 
 2.025000000000029e-07 -6.292682043956432e-02 
 2.026000000000029e-07 -6.227806931717095e-02 
 2.027000000000029e-07 -6.138362289979282e-02 
 2.028000000000030e-07 -6.024698198820033e-02 
 2.029000000000030e-07 -5.887261518837517e-02 
 2.030000000000030e-07 -5.726591392420044e-02 
 2.031000000000030e-07 -5.543319951979342e-02 
 2.032000000000030e-07 -5.338167282763484e-02 
 2.033000000000030e-07 -5.111941192979685e-02 
 2.034000000000030e-07 -4.865531729905315e-02 
 2.035000000000030e-07 -4.599909995947571e-02 
 2.036000000000030e-07 -4.316122282156587e-02 
 2.037000000000030e-07 -4.015287956835034e-02 
 2.038000000000030e-07 -3.698593272106354e-02 
 2.039000000000030e-07 -3.367288382509548e-02 
 2.040000000000030e-07 -3.022680880138084e-02 
 2.041000000000031e-07 -2.666132027346491e-02 
 2.042000000000031e-07 -2.299050077682363e-02 
 2.043000000000031e-07 -1.922885827807175e-02 
 2.044000000000031e-07 -1.539125789759010e-02 
 2.045000000000031e-07 -1.149287184405701e-02 
 2.046000000000031e-07 -7.549110367681688e-03 
 2.047000000000031e-07 -3.575567420273984e-03 
 2.048000000000031e-07  4.120483359439930e-04 
 2.049000000000031e-07  4.397970771990778e-03 
 2.050000000000031e-07  8.366439156835437e-03 
 2.051000000000031e-07  1.230182607146713e-02 
 2.052000000000031e-07  1.618858217304719e-02 
 2.053000000000031e-07  2.001136123604397e-02 
 2.054000000000031e-07  2.375506236433012e-02 
 2.055000000000032e-07  2.740486869154601e-02 
 2.056000000000032e-07  3.094641734644688e-02 
 2.057000000000032e-07  3.436568455051958e-02 
 2.058000000000032e-07  3.764922907993795e-02 
 2.059000000000032e-07  4.078406185606887e-02 
 2.060000000000032e-07  4.375786319274200e-02 
 2.061000000000032e-07  4.655888585576085e-02 
 2.062000000000032e-07  4.917612242236213e-02 
 2.063000000000032e-07  5.159924880566780e-02 
 2.064000000000032e-07  5.381874196491387e-02 
 2.065000000000032e-07  5.582585780163773e-02 
 2.066000000000032e-07  5.761270654818262e-02 
 2.067000000000032e-07  5.917225579115759e-02 
 2.068000000000033e-07  6.049837210709708e-02 
 2.069000000000033e-07  6.158584021255531e-02 
 2.070000000000033e-07  6.243037859329692e-02 
 2.071000000000033e-07  6.302866719007438e-02 
 2.072000000000033e-07  6.337834337642212e-02 
 2.073000000000033e-07  6.347803217981052e-02 
 2.074000000000033e-07  6.332732750934733e-02 
 2.075000000000033e-07  6.292682043251574e-02 
 2.076000000000033e-07  6.227806930820057e-02 
 2.077000000000033e-07  6.138362288948729e-02 
 2.078000000000033e-07  6.024698197754019e-02 
 2.079000000000033e-07  5.887261517934506e-02 
 2.080000000000033e-07  5.726591391433566e-02 
 2.081000000000034e-07  5.543319950820691e-02 
 2.082000000000034e-07  5.338167281546480e-02 
 2.083000000000034e-07  5.111941191768388e-02 
 2.084000000000034e-07  4.865531728828132e-02 
 2.085000000000034e-07  4.599909995012874e-02 
 2.086000000000034e-07  4.316122281558266e-02 
 2.087000000000034e-07  4.015287956200364e-02 
 2.088000000000034e-07  3.698593271569850e-02 
 2.089000000000034e-07  3.367288382189138e-02 
 2.090000000000034e-07  3.022680879890283e-02 
 2.091000000000034e-07  2.666132026976253e-02 
 2.092000000000034e-07  2.299050076965115e-02 
 2.093000000000034e-07  1.922885826839460e-02 
 2.094000000000035e-07  1.539125788865059e-02 
 2.095000000000035e-07  1.149287183743297e-02 
 2.096000000000035e-07  7.549110360635769e-03 
 2.097000000000035e-07  3.575567413149017e-03 
 2.098000000000035e-07 -4.120483457112911e-04 
 2.099000000000035e-07 -4.397970785082528e-03 
 2.100000000000035e-07 -8.366439172585505e-03 
 2.101000000000035e-07 -1.230182608747254e-02 
 2.102000000000035e-07 -1.618858218739483e-02 
 2.103000000000035e-07 -2.001136125062164e-02 
 2.104000000000035e-07 -2.375506237915115e-02 
 2.105000000000035e-07 -2.740486870865766e-02 
 2.106000000000035e-07 -3.094641736171777e-02 
 2.107000000000035e-07 -3.436568456419975e-02 
 2.108000000000036e-07 -3.764922909190682e-02 
 2.109000000000036e-07 -4.078406186753658e-02 
 2.110000000000036e-07 -4.375786320225661e-02 
 2.111000000000036e-07 -4.655888586227075e-02 
 2.112000000000036e-07 -4.917612242518521e-02 
 2.113000000000036e-07 -5.159924880879330e-02 
 2.114000000000036e-07 -5.381874196871106e-02 
 2.115000000000036e-07 -5.582585780508986e-02 
 2.116000000000036e-07 -5.761270655221340e-02 
 2.117000000000036e-07 -5.917225579737062e-02 
 2.118000000000036e-07 -6.049837211378062e-02 
 2.119000000000036e-07 -6.158584021813551e-02 
 2.120000000000036e-07 -6.243037859683076e-02 
 2.121000000000037e-07 -6.302866719426459e-02 
 2.122000000000037e-07 -6.337834338293491e-02 
 2.123000000000037e-07 -6.347803218828818e-02 
 2.124000000000037e-07 -6.332732751810233e-02 
 2.125000000000037e-07 -6.292682044195508e-02 
 2.126000000000037e-07 -6.227806931904123e-02 
 2.127000000000037e-07 -6.138362290175592e-02 
 2.128000000000037e-07 -6.024698199128786e-02 
 2.129000000000037e-07 -5.887261519198650e-02 
 2.130000000000037e-07 -5.726591392698244e-02 
 2.131000000000037e-07 -5.543319952126713e-02 
 2.132000000000037e-07 -5.338167282904904e-02 
 2.133000000000037e-07 -5.111941193084513e-02 
 2.134000000000038e-07 -4.865531730199746e-02 
 2.135000000000038e-07 -4.599909996357554e-02 
 2.136000000000038e-07 -4.316122282586732e-02 
 2.137000000000038e-07 -4.015287957163105e-02 
 2.138000000000038e-07 -3.698593272351536e-02 
 2.139000000000038e-07 -3.367288382813838e-02 
 2.140000000000038e-07 -3.022680880531681e-02 
 2.141000000000038e-07 -2.666132027756030e-02 
 2.142000000000038e-07 -2.299050077937803e-02 
 2.143000000000038e-07 -1.922885827995113e-02 
 2.144000000000038e-07 -1.539125790017382e-02 
 2.145000000000038e-07 -1.149287184674241e-02 
 2.146000000000038e-07 -7.549110370601131e-03 
 2.147000000000038e-07 -3.575567424977333e-03 
 2.148000000000039e-07  4.120483307050726e-04 
 2.149000000000039e-07  4.397970767685333e-03 
 2.150000000000039e-07  8.366439155867766e-03 
 2.151000000000039e-07  1.230182607159058e-02 
 2.152000000000039e-07  1.618858217346331e-02 
 2.153000000000039e-07  2.001136123776659e-02 
 2.154000000000039e-07  2.375506236774827e-02 
 2.155000000000039e-07  2.740486869551173e-02 
 2.156000000000039e-07  3.094641734921932e-02 
 2.157000000000039e-07  3.436568455202194e-02 
 2.158000000000039e-07  3.764922907849000e-02 
 2.159000000000039e-07  4.078406185359817e-02 
 2.160000000000039e-07  4.375786319059105e-02 
 2.161000000000040e-07  4.655888585299217e-02 
 2.162000000000040e-07  4.917612241883096e-02 
 2.163000000000040e-07  5.159924880344247e-02 
 2.164000000000040e-07  5.381874196191694e-02 
 2.165000000000040e-07  5.582585779765337e-02 
 2.166000000000040e-07  5.761270654368356e-02 
 2.167000000000040e-07  5.917225578842134e-02 
 2.168000000000040e-07  6.049837210498743e-02 
 2.169000000000040e-07  6.158584021137603e-02 
 2.170000000000040e-07  6.243037859230371e-02 
 2.171000000000040e-07  6.302866718932343e-02 
 2.172000000000040e-07  6.337834337625026e-02 
 2.173000000000040e-07  6.347803217960335e-02 
 2.174000000000041e-07  6.332732750991465e-02 
 2.175000000000041e-07  6.292682043248177e-02 
 2.176000000000041e-07  6.227806930849633e-02 
 2.177000000000041e-07  6.138362288901145e-02 
 2.178000000000041e-07  6.024698197771428e-02 
 2.179000000000041e-07  5.887261517898223e-02 
 2.180000000000041e-07  5.726591391641378e-02 
 2.181000000000041e-07  5.543319951156045e-02 
 2.182000000000041e-07  5.338167281842732e-02 
 2.183000000000041e-07  5.111941192053804e-02 
 2.184000000000041e-07  4.865531729013650e-02 
 2.185000000000041e-07  4.599909995094831e-02 
 2.186000000000041e-07  4.316122281324830e-02 
 2.187000000000041e-07  4.015287955944946e-02 
 2.188000000000042e-07  3.698593271338035e-02 
 2.189000000000042e-07  3.367288381933076e-02 
 2.190000000000042e-07  3.022680879630579e-02 
 2.191000000000042e-07  2.666132026719303e-02 
 2.192000000000042e-07  2.299050076846498e-02 
 2.193000000000042e-07  1.922885826713339e-02 
 2.194000000000042e-07  1.539125788666018e-02 
 2.195000000000042e-07  1.149287183426395e-02 
 2.196000000000042e-07  7.549110357364608e-03 
 2.197000000000042e-07  3.575567410750047e-03 
 2.198000000000042e-07 -4.120483460448021e-04 
 2.199000000000042e-07 -4.397970784789429e-03 
 2.200000000000042e-07 -8.366439171481943e-03 
 2.201000000000043e-07 -1.230182608714570e-02 
 2.202000000000043e-07 -1.618858218664032e-02 
 2.203000000000043e-07 -2.001136124789005e-02 
 2.204000000000043e-07 -2.375506237484526e-02 
 2.205000000000043e-07 -2.740486870413239e-02 
 2.206000000000043e-07 -3.094641735954706e-02 
 2.207000000000043e-07 -3.436568456317524e-02 
 2.208000000000043e-07 -3.764922909098711e-02 
 2.209000000000043e-07 -4.078406186603756e-02 
 2.210000000000043e-07 -4.375786320101360e-02 
 2.211000000000043e-07 -4.655888586080037e-02 
 2.212000000000043e-07 -4.917612242480396e-02 
 2.213000000000043e-07 -5.159924880894251e-02 
 2.214000000000044e-07 -5.381874197008374e-02 
 2.215000000000044e-07 -5.582585780626736e-02 
 2.216000000000044e-07 -5.761270655212036e-02 
 2.217000000000044e-07 -5.917225579611851e-02 
 2.218000000000044e-07 -6.049837211320042e-02 
 2.219000000000044e-07 -6.158584021826363e-02 
 2.220000000000044e-07 -6.243037859827227e-02 
 2.221000000000044e-07 -6.302866719753841e-02 
 2.222000000000044e-07 -6.337834338387460e-02 
 2.223000000000044e-07 -6.347803218664705e-02 
 2.224000000000044e-07 -6.332732751585923e-02 
 2.225000000000044e-07 -6.292682043803066e-02 
 2.226000000000044e-07 -6.227806931685143e-02 
 2.227000000000044e-07 -6.138362289930788e-02 
 2.228000000000045e-07 -6.024698198761680e-02 
 2.229000000000045e-07 -5.887261518835674e-02 
 2.230000000000045e-07 -5.726591392424885e-02 
 2.231000000000045e-07 -5.543319951972703e-02 
 2.232000000000045e-07 -5.338167282961970e-02 
 2.233000000000045e-07 -5.111941193383940e-02 
 2.234000000000045e-07 -4.865531730444772e-02 
 2.235000000000045e-07 -4.599909996568674e-02 
 2.236000000000045e-07 -4.316122282700707e-02 
 2.237000000000045e-07 -4.015287957207603e-02 
 2.238000000000045e-07 -3.698593272376627e-02 
 2.239000000000045e-07 -3.367288382768541e-02 
 2.240000000000045e-07 -3.022680880497663e-02 
 2.241000000000046e-07 -2.666132027693591e-02 
 2.242000000000046e-07 -2.299050077914089e-02 
 2.243000000000046e-07 -1.922885828041254e-02 
 2.244000000000046e-07 -1.539125789922791e-02 
 2.245000000000046e-07 -1.149287184457837e-02 
 2.246000000000046e-07 -7.549110368677336e-03 
 2.247000000000046e-07 -3.575567423745429e-03 
 2.248000000000046e-07  4.120483312233247e-04 
 2.249000000000046e-07  4.397970767950454e-03 
 2.250000000000046e-07  8.366439154937844e-03 
 2.251000000000046e-07  1.230182607038532e-02 
 2.252000000000046e-07  1.618858217251251e-02 
 2.253000000000046e-07  2.001136123668656e-02 
 2.254000000000047e-07  2.375506236542169e-02 
 2.255000000000047e-07  2.740486869504277e-02 
 2.256000000000047e-07  3.094641735050319e-02 
 2.257000000000047e-07  3.436568455429256e-02 
 2.258000000000047e-07  3.764922908016688e-02 
 2.259000000000047e-07  4.078406185391348e-02 
 2.260000000000047e-07  4.375786318817587e-02 
 2.261000000000047e-07  4.655888585095691e-02 
 2.262000000000047e-07  4.917612241654790e-02 
 2.263000000000047e-07  5.159924880140410e-02 
 2.264000000000047e-07  5.381874196201530e-02 
 2.265000000000047e-07  5.582585779883775e-02 
 2.266000000000047e-07  5.761270654498163e-02 
 2.267000000000047e-07  5.917225578926999e-02 
 2.268000000000048e-07  6.049837210527609e-02 
 2.269000000000048e-07  6.158584021056446e-02 
 2.270000000000048e-07  6.243037859005574e-02 
 2.271000000000048e-07  6.302866718760991e-02 
 2.272000000000048e-07  6.337834337486536e-02 
 2.273000000000048e-07  6.347803217776660e-02 
 2.274000000000048e-07  6.332732750596737e-02 
 2.275000000000048e-07  6.292682042820430e-02 
 2.276000000000048e-07  6.227806930622215e-02 
 2.277000000000048e-07  6.138362288949128e-02 
 2.278000000000048e-07  6.024698197724154e-02 
 2.279000000000048e-07  5.887261517606546e-02 
 2.280000000000048e-07  5.726591391289571e-02 
 2.281000000000049e-07  5.543319950903181e-02 
 2.282000000000049e-07  5.338167281657502e-02 
 2.283000000000049e-07  5.111941191894687e-02 
 2.284000000000049e-07  4.865531728939754e-02 
 2.285000000000049e-07  4.599909995080753e-02 
 2.286000000000049e-07  4.316122281457058e-02 
 2.287000000000049e-07  4.015287956165281e-02 
 2.288000000000049e-07  3.698593271381689e-02 
 2.289000000000049e-07  3.367288381790567e-02 
 2.290000000000049e-07  3.022680879488826e-02 
 2.291000000000049e-07  2.666132026695411e-02 
 2.292000000000049e-07  2.299050076775888e-02 
 2.293000000000049e-07  1.922885826637266e-02 
 2.294000000000050e-07  1.539125788597495e-02 
 2.295000000000050e-07  1.149287183183612e-02 
 2.296000000000050e-07  7.549110355685507e-03 
 2.297000000000050e-07  3.575567409405345e-03 
 2.298000000000050e-07 -4.120483476315329e-04 
 2.299000000000050e-07 -4.397970784250749e-03 
 2.300000000000050e-07 -8.366439171635154e-03 
 2.301000000000050e-07 -1.230182608789310e-02 
 2.302000000000050e-07 -1.618858218834074e-02 
 2.303000000000050e-07 -2.001136124894343e-02 
 2.304000000000050e-07 -2.375506237619707e-02 
 2.305000000000050e-07 -2.740486870531855e-02 
 2.306000000000050e-07 -3.094641735934678e-02 
 2.307000000000051e-07 -3.436568456203570e-02 
 2.308000000000051e-07 -3.764922908944746e-02 
 2.309000000000051e-07 -4.078406186422301e-02 
 2.310000000000051e-07 -4.375786320075870e-02 
 2.311000000000051e-07 -4.655888586043155e-02 
 2.312000000000051e-07 -4.917612242384561e-02 
 2.313000000000051e-07 -5.159924880859545e-02 
 2.314000000000051e-07 -5.381874196942960e-02 
 2.315000000000051e-07 -5.582585780686866e-02 
 2.316000000000051e-07 -5.761270655222583e-02 
 2.317000000000051e-07 -5.917225579608254e-02 
 2.318000000000051e-07 -6.049837211136544e-02 
 2.319000000000051e-07 -6.158584021706193e-02 
 2.320000000000051e-07 -6.243037859774447e-02 
 2.321000000000052e-07 -6.302866719568168e-02 
 2.322000000000052e-07 -6.337834338351978e-02 
 2.323000000000052e-07 -6.347803218643100e-02 
 2.324000000000052e-07 -6.332732751574244e-02 
 2.325000000000052e-07 -6.292682044122877e-02 
 2.326000000000052e-07 -6.227806931976976e-02 
 2.327000000000052e-07 -6.138362290124166e-02 
 2.328000000000052e-07 -6.024698198928169e-02 
 2.329000000000052e-07 -5.887261519003295e-02 
 2.330000000000052e-07 -5.726591392628877e-02 
 2.331000000000052e-07 -5.543319952124914e-02 
 2.332000000000052e-07 -5.338167282876061e-02 
 2.333000000000052e-07 -5.111941193086222e-02 
 2.334000000000053e-07 -4.865531730165173e-02 
 2.335000000000053e-07 -4.599909996107421e-02 
 2.336000000000053e-07 -4.316122282242363e-02 
 2.337000000000053e-07 -4.015287956742286e-02 
 2.338000000000053e-07 -3.698593272057282e-02 
 2.339000000000053e-07 -3.367288382511502e-02 
 2.340000000000053e-07 -3.022680880228057e-02 
 2.341000000000053e-07 -2.666132027504986e-02 
 2.342000000000053e-07 -2.299050077668152e-02 
 2.343000000000053e-07 -1.922885827590060e-02 
 2.344000000000053e-07 -1.539125789738272e-02 
 2.345000000000053e-07 -1.149287184449310e-02 
 2.346000000000053e-07 -7.549110369207135e-03 
 2.347000000000054e-07 -3.575567424720649e-03 
 2.348000000000054e-07  4.120483319534074e-04 
 2.349000000000054e-07  4.397970769605131e-03 
 2.350000000000054e-07  8.366439155381045e-03 
 2.351000000000054e-07  1.230182607161501e-02 
 2.352000000000054e-07  1.618858217329366e-02 
 2.353000000000054e-07  2.001136123673009e-02 
 2.354000000000054e-07  2.375506236584091e-02 
 2.355000000000054e-07  2.740486869419767e-02 
 2.356000000000054e-07  3.094641734902215e-02 
 2.357000000000054e-07  3.436568455345812e-02 
 2.358000000000054e-07  3.764922908250234e-02 
 2.359000000000054e-07  4.078406185708294e-02 
 2.360000000000054e-07  4.375786319157671e-02 
 2.361000000000055e-07  4.655888585399826e-02 
 2.362000000000055e-07  4.917612241975688e-02 
 2.363000000000055e-07  5.159924880404443e-02 
 2.364000000000055e-07  5.381874196351211e-02 
 2.365000000000055e-07  5.582585779941529e-02 
 2.366000000000055e-07  5.761270654592043e-02 
 2.367000000000055e-07  5.917225578957375e-02 
 2.368000000000055e-07  6.049837210570930e-02 
 2.369000000000055e-07  6.158584021224489e-02 
 2.370000000000055e-07  6.243037859253353e-02 
 2.371000000000055e-07  6.302866718931388e-02 
 2.372000000000055e-07  6.337834337627313e-02 
 2.373000000000055e-07  6.347803217909842e-02 
 2.374000000000056e-07  6.332732750993242e-02 
 2.375000000000056e-07  6.292682043216424e-02 
 2.376000000000056e-07  6.227806930821100e-02 
 2.377000000000056e-07  6.138362288910715e-02 
 2.378000000000056e-07  6.024698197764922e-02 
 2.379000000000056e-07  5.887261517799702e-02 
 2.380000000000056e-07  5.726591391235614e-02 
 2.381000000000056e-07  5.543319950690284e-02 
 2.382000000000056e-07  5.338167281452177e-02 
 2.383000000000056e-07  5.111941191718739e-02 
 2.384000000000056e-07  4.865531728889771e-02 
 2.385000000000056e-07  4.599909995088658e-02 
 2.386000000000056e-07  4.316122281374124e-02 
 2.387000000000057e-07  4.015287955901714e-02 
 2.388000000000057e-07  3.698593271167372e-02 
 2.389000000000057e-07  3.367288381789324e-02 
 2.390000000000057e-07  3.022680879531725e-02 
 2.391000000000057e-07  2.666132026663570e-02 
 2.392000000000057e-07  2.299050076836062e-02 
 2.393000000000057e-07  1.922885826534015e-02 
 2.394000000000057e-07  1.539125788401696e-02 
 2.395000000000057e-07  1.149287183143954e-02 
 2.396000000000057e-07  7.549110358037403e-03 
 2.397000000000057e-07  3.575567412574365e-03 
 2.398000000000057e-07 -4.120483461136359e-04 
 2.399000000000057e-07 -4.397970785264160e-03 
 2.400000000000057e-07 -8.366439172191154e-03 
 2.401000000000058e-07 -1.230182608893315e-02 
 2.402000000000058e-07 -1.618858218937458e-02 
 2.403000000000058e-07 -2.001136125264358e-02 
 2.404000000000058e-07 -2.375506238117797e-02 
 2.405000000000058e-07 -2.740486870906800e-02 
 2.406000000000058e-07 -3.094641736199844e-02 
 2.407000000000058e-07 -3.436568456438760e-02 
 2.408000000000058e-07 -3.764922909114476e-02 
 2.409000000000058e-07 -4.078406186538830e-02 
 2.410000000000058e-07 -4.375786320155628e-02 
 2.411000000000058e-07 -4.655888586112233e-02 
 2.412000000000058e-07 -4.917612242421243e-02 
 2.413000000000058e-07 -5.159924880947231e-02 
 2.414000000000059e-07 -5.381874196940295e-02 
 2.415000000000059e-07 -5.582585780695171e-02 
 2.416000000000059e-07 -5.761270655217876e-02 
 2.417000000000059e-07 -5.917225579571395e-02 
 2.418000000000059e-07 -6.049837211118603e-02 
 2.419000000000059e-07 -6.158584021645530e-02 
 2.420000000000059e-07 -6.243037859660650e-02 
 2.421000000000059e-07 -6.302866719362732e-02 
 2.422000000000059e-07 -6.337834337996084e-02 
 2.423000000000059e-07 -6.347803218459447e-02 
 2.424000000000059e-07 -6.332732751616588e-02 
 2.425000000000059e-07 -6.292682044127873e-02 
 2.426000000000059e-07 -6.227806931921220e-02 
 2.427000000000060e-07 -6.138362290204813e-02 
 2.428000000000060e-07 -6.024698199099987e-02 
 2.429000000000060e-07 -5.887261519180242e-02 
 2.430000000000060e-07 -5.726591392778579e-02 
 2.431000000000060e-07 -5.543319952268888e-02 
 2.432000000000060e-07 -5.338167283061512e-02 
 2.433000000000060e-07 -5.111941193273073e-02 
 2.434000000000060e-07 -4.865531730220463e-02 
 2.435000000000060e-07 -4.599909996282259e-02 
 2.436000000000060e-07 -4.316122282448598e-02 
 2.437000000000060e-07 -4.015287957165636e-02 
 2.438000000000060e-07 -3.698593272456963e-02 
 2.439000000000060e-07 -3.367288382912470e-02 
 2.440000000000060e-07 -3.022680880535811e-02 
 2.441000000000061e-07 -2.666132027637058e-02 
 2.442000000000061e-07 -2.299050077764209e-02 
 2.443000000000061e-07 -1.922885827750465e-02 
 2.444000000000061e-07 -1.539125789704210e-02 
 2.445000000000061e-07 -1.149287184469427e-02 
 2.446000000000061e-07 -7.549110369615253e-03 
 2.447000000000061e-07 -3.575567424276116e-03 
 2.448000000000061e-07  4.120483311869094e-04 
 2.449000000000061e-07  4.397970769187243e-03 
 2.450000000000061e-07  8.366439154692262e-03 
 2.451000000000061e-07  1.230182606865116e-02 
 2.452000000000061e-07  1.618858216962238e-02 
 2.453000000000061e-07  2.001136123433156e-02 
 2.454000000000062e-07  2.375506236365332e-02 
 2.455000000000062e-07  2.740486869268155e-02 
 2.456000000000062e-07  3.094641734839021e-02 
 2.457000000000062e-07  3.436568455249356e-02 
 2.458000000000062e-07  3.764922908038759e-02 
 2.459000000000062e-07  4.078406185468886e-02 
 2.460000000000062e-07  4.375786319095587e-02 
 2.461000000000062e-07  4.655888585282564e-02 
 2.462000000000062e-07  4.917612242010838e-02 
 2.463000000000062e-07  5.159924880553879e-02 
 2.464000000000062e-07  5.381874196492897e-02 
 2.465000000000062e-07  5.582585780126115e-02 
 2.466000000000062e-07  5.761270654619599e-02 
 2.467000000000063e-07  5.917225578892849e-02 
 2.468000000000063e-07  6.049837210266662e-02 
 2.469000000000063e-07  6.158584020748381e-02 
 2.470000000000063e-07  6.243037858791811e-02 
 2.471000000000063e-07  6.302866718649902e-02 
 2.472000000000063e-07  6.337834337500059e-02 
 2.473000000000063e-07  6.347803218008097e-02 
 2.474000000000063e-07  6.332732751011760e-02 
 2.475000000000063e-07  6.292682043302578e-02 
 2.476000000000063e-07  6.227806930952262e-02 
 2.477000000000063e-07  6.138362289134225e-02 
 2.478000000000063e-07  6.024698197967471e-02 
 2.479000000000063e-07  5.887261517889475e-02 
 2.480000000000063e-07  5.726591391495583e-02 
 2.481000000000064e-07  5.543319950860948e-02 
 2.482000000000064e-07  5.338167281541284e-02 
 2.483000000000064e-07  5.111941191875524e-02 
 2.484000000000064e-07  4.865531728939931e-02 
 2.485000000000064e-07  4.599909995169371e-02 
 2.486000000000064e-07  4.316122281549672e-02 
 2.487000000000064e-07  4.015287956145919e-02 
 2.488000000000064e-07  3.698593271564921e-02 
 2.489000000000064e-07  3.367288382077893e-02 
 2.490000000000064e-07  3.022680879754702e-02 
 2.491000000000064e-07  2.666132026848356e-02 
 2.492000000000064e-07  2.299050076884823e-02 
 2.493000000000064e-07  1.922885826734477e-02 
 2.494000000000065e-07  1.539125788672635e-02 
 2.495000000000065e-07  1.149287183488790e-02 
 2.496000000000065e-07  7.549110360654865e-03 
 2.497000000000065e-07  3.575567414420888e-03 
 2.498000000000065e-07 -4.120483439589151e-04 
 2.499000000000065e-07 -4.397970782205718e-03 
 2.500000000000065e-07 -8.369673828507063e-03 
