 1.000000000000000e+06 -3.635140875459197e-01 -1.386927545082175e-04  3.635141704502549e-01  1.493324969538228e-04  1.000000000000000e+00  0.000000000000000e+00 -1.799150546612529e-01 -6.897176263141113e-04  1.799150546624668e-01  6.897176263109556e-04  1.000000000000000e+00  0.000000000000000e+00 
 1.047128548050900e+06 -3.635141177358608e-01 -1.452293057184323e-04  3.635142084745044e-01  1.563699764024591e-04  1.000000000000000e+00  0.000000000000000e+00 -1.799152166031033e-01 -7.222226587244240e-04  1.799152166032787e-01  7.222226587241173e-04  1.000000000000000e+00  0.000000000000000e+00 
 1.096478196143185e+06 -3.635141508464852e-01 -1.520739323003075e-04  3.635142501584890e-01  1.637390780726447e-04  1.000000000000000e+00  0.000000000000000e+00 -1.799153941676954e-01 -7.562595530945608e-04  1.799153941726886e-01  7.562595530796783e-04  1.000000000000000e+00  0.000000000000000e+00 
 1.148153621496883e+06 -3.635141871603622e-01 -1.592411552915196e-04  3.635142958541664e-01  1.714554250039476e-04  1.000000000000000e+00  0.000000000000000e+00 -1.799155888633839e-01 -7.919004960000555e-04  1.799155888725711e-01  7.919004959711983e-04  1.000000000000000e+00  0.000000000000000e+00 
 1.202264434617413e+06 -3.635142269884570e-01 -1.667461803459443e-04  3.635143459452286e-01  1.795353756920563e-04  1.000000000000000e+00  0.000000000000000e+00 -1.799158023440813e-01 -8.292210749014103e-04  1.799158023494705e-01  8.292210748837804e-04  1.000000000000000e+00  0.000000000000000e+00 
 1.258925411794168e+06 -3.635142706695285e-01 -1.746049300556951e-04  3.635144008567150e-01  1.879960585976500e-04  1.000000000000000e+00  0.000000000000000e+00 -1.799160364197208e-01 -8.683004382473976e-04  1.799160364272654e-01  8.683004382214575e-04  1.000000000000000e+00  0.000000000000000e+00 
 1.318256738556408e+06 -3.635143185752008e-01 -1.828340777811572e-04  3.635144610543143e-01  1.968554083024640e-04  1.000000000000000e+00  0.000000000000000e+00 -1.799162930784346e-01 -9.092214631069529e-04  1.799162930870349e-01  9.092214630759556e-04  1.000000000000000e+00  0.000000000000000e+00 
 1.380384264602886e+06 -3.635143711164128e-01 -1.914510830750554e-04  3.635145270418956e-01  2.061322033618864e-04  1.000000000000000e+00  0.000000000000000e+00 -1.799165744989240e-01 -9.520709306626214e-04  1.799165745074159e-01  9.520709306305747e-04  1.000000000000000e+00  0.000000000000000e+00 
 1.445439770745928e+06 -3.635144287404158e-01 -2.004742288270762e-04  3.635145993784841e-01  2.158461058376934e-04  1.000000000000000e+00  0.000000000000000e+00 -1.799168830700993e-01 -9.969397099457845e-04  1.799168830770834e-01  9.969397099182369e-04  1.000000000000000e+00  0.000000000000000e+00 
 1.513561248436209e+06 -3.635144919400471e-01 -2.099226601128793e-04  3.635146786723127e-01  2.260177027674405e-04  1.000000000000000e+00  0.000000000000000e+00 -1.799172214112736e-01 -1.043922950191359e-03  1.799172214154617e-01  1.043922950174177e-03  1.000000000000000e+00  0.000000000000000e+00 
 1.584893192461115e+06 -3.635145612525347e-01 -2.198164249337621e-04  3.635147655965200e-01  2.366685494645867e-04  1.000000000000000e+00  0.000000000000000e+00 -1.799175923934805e-01 -1.093120282212578e-03  1.799175923997196e-01  1.093120282185629e-03  1.000000000000000e+00  0.000000000000000e+00 
 1.659586907437562e+06 -3.635146372695681e-01 -2.301765168316093e-04  3.635148608841162e-01  2.478212149264067e-04  1.000000000000000e+00  0.000000000000000e+00 -1.799179991679095e-01 -1.144636029220801e-03  1.799179991679390e-01  1.144636029220983e-03  1.000000000000000e+00  0.000000000000000e+00 
 1.737800828749377e+06 -3.635147206413177e-01 -2.410249195530589e-04  3.635149653361996e-01  2.594993292884301e-04  1.000000000000000e+00  0.000000000000000e+00 -1.799184451853101e-01 -1.198579427509820e-03  1.799184451840808e-01  1.198579427516037e-03  1.000000000000000e+00  0.000000000000000e+00 
 1.819700858609986e+06 -3.635148120787874e-01 -2.523846538429241e-04  3.635150798349848e-01  2.717276334489906e-04  1.000000000000000e+00  0.000000000000000e+00 -1.799189342317576e-01 -1.255064857488905e-03  1.799189342335391e-01  1.255064857480318e-03  1.000000000000000e+00  0.000000000000000e+00 
 1.905460717963250e+06 -3.635149123632312e-01 -2.642798264175572e-04  3.635152053447244e-01  2.845320310554318e-04  1.000000000000000e+00  0.000000000000000e+00 -1.799194704583486e-01 -1.314212085517051e-03  1.799194704679802e-01  1.314212085466841e-03  1.000000000000000e+00  0.000000000000000e+00 
 1.995262314968882e+06 -3.635150223529217e-01 -2.767356812750367e-04  3.635153429196798e-01  2.979396428587754e-04  1.000000000000000e+00  0.000000000000000e+00 -1.799200584201008e-01 -1.376146517053704e-03  1.799200584213937e-01  1.376146517046976e-03  1.000000000000000e+00  0.000000000000000e+00 
 2.089296130854042e+06 -3.635151429851715e-01 -2.897786534724022e-04  3.635154937234298e-01  3.119788635058927e-04  1.000000000000000e+00  0.000000000000000e+00 -1.799207031033815e-01 -1.440999461618152e-03  1.799207031071818e-01  1.440999461596673e-03  1.000000000000000e+00  0.000000000000000e+00 
 2.187761623949556e+06 -3.635152752964462e-01 -3.034364253355288e-04  3.635156590150627e-01  3.266794211613895e-04  1.000000000000000e+00  0.000000000000000e+00 -1.799214099825706e-01 -1.508908410154279e-03  1.799214099857699e-01  1.508908410135411e-03  1.000000000000000e+00  0.000000000000000e+00 
 2.290867652767777e+06 -3.635154204139970e-01 -3.177379855292078e-04  3.635158401934974e-01  3.420724394996766e-04  1.000000000000000e+00  0.000000000000000e+00 -1.799221850565809e-01 -1.580017325299534e-03  1.799221850627867e-01  1.580017325260805e-03  1.000000000000000e+00  0.000000000000000e+00 
 2.398832919019494e+06 -3.635155795852815e-01 -3.327136906673041e-04  3.635160387706753e-01  3.581905030257690e-04  1.000000000000000e+00  0.000000000000000e+00 -1.799230349064554e-01 -1.654476945204147e-03  1.799230349050722e-01  1.654476945213744e-03  1.000000000000000e+00  0.000000000000000e+00 
 2.511886431509584e+06 -3.635157541703938e-01 -3.483953301124167e-04  3.635162564200036e-01  3.750677248781683e-04  1.000000000000000e+00  0.000000000000000e+00 -1.799239667412021e-01 -1.732445101465672e-03  1.799239667485916e-01  1.732445101415018e-03  1.000000000000000e+00  0.000000000000000e+00 
 2.630267991895386e+06 -3.635159456713818e-01 -3.648161935715931e-04  3.635164949559720e-01  3.927398182442049e-04  1.000000000000000e+00  0.000000000000000e+00 -1.799249884754436e-01 -1.814087051888887e-03  1.799249884737658e-01  1.814087051901545e-03  1.000000000000000e+00  0.000000000000000e+00 
 2.754228703338171e+06 -3.635161557269667e-01 -3.820111421697925e-04  3.635167563849706e-01  4.112441705105809e-04  1.000000000000000e+00  0.000000000000000e+00 -1.799261087758421e-01 -1.899575828631100e-03  1.799261087804820e-01  1.899575828596426e-03  1.000000000000000e+00  0.000000000000000e+00 
 2.884031503126611e+06 -3.635163861443737e-01 -4.000166825858889e-04  3.635170428874926e-01  4.306199213574856e-04  1.000000000000000e+00  0.000000000000000e+00 -1.799273371541595e-01 -1.989092602559383e-03  1.799273371598931e-01  1.989092602514390e-03  1.000000000000000e+00  0.000000000000000e+00 
 3.019951720402022e+06 -3.635166389054997e-01 -4.188710449100417e-04  3.635173568548072e-01  4.509080439953389e-04  1.000000000000000e+00  0.000000000000000e+00 -1.799286840349384e-01 -2.082827064413107e-03  1.799286840427925e-01  2.082827064348368e-03  1.000000000000000e+00  0.000000000000000e+00 
 3.162277660168386e+06 -3.635169161866120e-01 -4.386142640660425e-04  3.635177009039036e-01  4.721514303005515e-04  1.000000000000000e+00  0.000000000000000e+00 -1.799301608504344e-01 -2.180977823614586e-03  1.799301608541043e-01  2.180977823583231e-03  1.000000000000000e+00  0.000000000000000e+00 
 3.311311214825918e+06 -3.635172203743905e-01 -4.592882651104136e-04  3.635180779047766e-01  4.943949797410855e-04  1.000000000000000e+00  0.000000000000000e+00 -1.799317801321363e-01 -2.283752825446270e-03  1.799317801381566e-01  2.283752825392016e-03  1.000000000000000e+00  0.000000000000000e+00 
 3.467368504525324e+06 -3.635175540958406e-01 -4.809369524053496e-04  3.635184909862779e-01  5.176856925977919e-04  1.000000000000000e+00  0.000000000000000e+00 -1.799335556246252e-01 -2.391369787453178e-03  1.799335556254630e-01  2.391369787445839e-03  1.000000000000000e+00  0.000000000000000e+00 
 3.630780547701022e+06 -3.635179202319065e-01 -5.036063031462216e-04  3.635189435800658e-01  5.420727670886580e-04  1.000000000000000e+00  0.000000000000000e+00 -1.799355023934807e-01 -2.504056655842230e-03  1.799355023942643e-01  2.504056655835087e-03  1.000000000000000e+00  0.000000000000000e+00 
 3.801893963205622e+06 -3.635183219475421e-01 -5.273444650972321e-04  3.635194394392386e-01  5.676077012134970e-04  1.000000000000000e+00  0.000000000000000e+00 -1.799376369594525e-01 -2.622052082814114e-03  1.799376369647732e-01  2.622052082759169e-03  1.000000000000000e+00  0.000000000000000e+00 
 3.981071705534983e+06 -3.635187627254523e-01 -5.522018588314356e-04  3.635199826572866e-01  5.943443993166463e-04  1.000000000000000e+00  0.000000000000000e+00 -1.799399774376274e-01 -2.745605925671959e-03  1.799399774438756e-01  2.745605925604274e-03  1.000000000000000e+00  0.000000000000000e+00 
 4.168693834703365e+06 -3.635192463864216e-01 -5.782312848809227e-04  3.635205777215136e-01  6.223392831745127e-04  1.000000000000000e+00  0.000000000000000e+00 -1.799425436884756e-01 -2.874979768640436e-03  1.799425436917026e-01  2.874979768604221e-03  1.000000000000000e+00  0.000000000000000e+00 
 4.365158322401672e+06 -3.635197771279526e-01 -6.054880356225022e-04  3.635212295396866e-01  6.516514085405534e-04  1.000000000000000e+00  0.000000000000000e+00 -1.799453574865222e-01 -3.010447468358538e-03  1.799453574881408e-01  3.010447468339931e-03  1.000000000000000e+00  0.000000000000000e+00 
 4.570881896148764e+06 -3.635203595652588e-01 -6.340300122619699e-04  3.635219434719888e-01  6.823425870764504e-04  1.000000000000000e+00  0.000000000000000e+00 -1.799484427057458e-01 -3.152295724019517e-03  1.799484427128070e-01  3.152295723931636e-03  1.000000000000000e+00  0.000000000000000e+00 
 4.786300923226397e+06 -3.635209987771108e-01 -6.639178470802131e-04  3.635227253643393e-01  7.144775139978810e-04  1.000000000000000e+00  0.000000000000000e+00 -1.799518255251832e-01 -3.300824673169490e-03  1.799518255299655e-01  3.300824673107475e-03  1.000000000000000e+00  0.000000000000000e+00 
 5.011872336272738e+06 -3.635217003287156e-01 -6.952150315671652e-04  3.635235816385352e-01  7.481239008971945e-04  1.000000000000000e+00  0.000000000000000e+00 -1.799555346430581e-01 -3.456348514147953e-03  1.799555346500385e-01  3.456348514052758e-03  1.000000000000000e+00  0.000000000000000e+00 
 5.248074602497743e+06 -3.635224703544074e-01 -7.279880494281589e-04  3.635245192784822e-01  7.833526163617189e-04  1.000000000000000e+00  0.000000000000000e+00 -1.799596015275233e-01 -3.619196156306060e-03  1.799596015326079e-01  3.619196156233736e-03  1.000000000000000e+00  0.000000000000000e+00 
 5.495408738576263e+06 -3.635233155889142e-01 -7.623065162869109e-04  3.635255459312881e-01  8.202378315967200e-04  1.000000000000000e+00  0.000000000000000e+00 -1.799640606774825e-01 -3.789711898977266e-03  1.799640606821892e-01  3.789711898907261e-03  1.000000000000000e+00  0.000000000000000e+00 
 5.754399373371588e+06 -3.635242434322136e-01 -7.982433250587370e-04  3.635266699583436e-01  8.588571737266769e-04  1.000000000000000e+00  0.000000000000000e+00 -1.799689499182079e-01 -3.968256140361039e-03  1.799689499216587e-01  3.968256140307602e-03  1.000000000000000e+00  0.000000000000000e+00 
 6.025595860743597e+06 -3.635252620278689e-01 -8.358747974295518e-04  3.635279004772177e-01  8.992918866723157e-04  1.000000000000000e+00  0.000000000000000e+00 -1.799743107200286e-01 -4.155206117365074e-03  1.799743107197849e-01  4.155206117370233e-03  1.000000000000000e+00  0.000000000000000e+00 
 6.309573444801954e+06 -3.635263803185145e-01 -8.752808423075949e-04  3.635292474670271e-01  9.416269986856187e-04  1.000000000000000e+00  0.000000000000000e+00 -1.799801885473123e-01 -4.350956677520107e-03  1.799801885518762e-01  4.350956677442295e-03  1.000000000000000e+00  0.000000000000000e+00 
 6.606934480075982e+06 -3.635276081386826e-01 -9.165451204052043e-04  3.635307218214037e-01  9.859514989140809e-04  1.000000000000000e+00  0.000000000000000e+00 -1.799866332492941e-01 -4.555921084107656e-03  1.799866332514649e-01  4.555921084069574e-03  1.000000000000000e+00  0.000000000000000e+00 
 6.918309709189389e+06 -3.635289562978713e-01 -9.597552159869833e-04  3.635323354430630e-01  1.032358521777108e-03  1.000000000000000e+00  0.000000000000000e+00 -1.799936994740827e-01 -4.770531855492440e-03  1.799936994705628e-01  4.770531855560469e-03  1.000000000000000e+00  0.000000000000000e+00 
 7.244359600749927e+06 -3.635304366707887e-01 -1.005002815739251e-03  3.635341013490581e-01  1.080945540017699e-03  1.000000000000000e+00  0.000000000000000e+00 -1.800014471314851e-01 -4.995241639826748e-03  1.800014471364456e-01  4.995241639729666e-03  1.000000000000000e+00  0.000000000000000e+00 
 7.585775750291865e+06 -3.635320623160433e-01 -1.052383894511370e-03  3.635360337474056e-01  1.131814567694760e-03  1.000000000000000e+00  0.000000000000000e+00 -1.800099419078977e-01 -5.230524126180251e-03  1.800099419120115e-01  5.230524126096241e-03  1.000000000000000e+00  0.000000000000000e+00 
 7.943282347242844e+06 -3.635338475742221e-01 -1.101998909235395e-03  3.635381481836188e-01  1.185072371395132e-03  1.000000000000000e+00  0.000000000000000e+00 -1.800192558089398e-01 -5.476874992940326e-03  1.800192558129032e-01  5.476874992855677e-03  1.000000000000000e+00  0.000000000000000e+00 
 8.317637711026741e+06 -3.635358082036027e-01 -1.153953000028591e-03  3.635404616460256e-01  1.240830692366505e-03  1.000000000000000e+00  0.000000000000000e+00 -1.800294677747565e-01 -5.734812894635853e-03  1.800294677755032e-01  5.734812894620420e-03  1.000000000000000e+00  0.000000000000000e+00 
 8.709635899560839e+06 -3.635379615099876e-01 -1.208356199722846e-03  3.635429927180149e-01  1.299206477963360e-03  1.000000000000000e+00  0.000000000000000e+00 -1.800406643415600e-01 -6.004880487882172e-03  1.800406643450738e-01  6.004880487800190e-03  1.000000000000000e+00  0.000000000000000e+00 
 9.120108393559132e+06 -3.635403265009211e-01 -1.265323651424235e-03  3.635457617214251e-01  1.360322123939959e-03  1.000000000000000e+00  0.000000000000000e+00 -1.800529403763641e-01 -6.287645497338755e-03  1.800529403776653e-01  6.287645497308047e-03  1.000000000000000e+00  0.000000000000000e+00 
 9.549925860214395e+06 -3.635429240469645e-01 -1.324975834842629e-03  3.635487908885918e-01  1.424305726917225e-03  1.000000000000000e+00  0.000000000000000e+00 -1.800663998698238e-01 -6.583701822191707e-03  1.800663998719119e-01  6.583701822139088e-03  1.000000000000000e+00  0.000000000000000e+00 
 1.000000000000004e+07 -3.635457770512858e-01 -1.387438801763902e-03  3.635521045646842e-01  1.491291347023396e-03  1.000000000000000e+00  0.000000000000000e+00 -1.800811568156491e-01 -6.893670683796924e-03  1.800811568230355e-01  6.893670683597537e-03  1.000000000000000e+00  0.000000000000000e+00 
 1.047128548050904e+07 -3.635489106559789e-01 -1.452844420197047e-03  3.635557293891253e-01  1.561419282286745e-03  1.000000000000000e+00  0.000000000000000e+00 -1.800973361706092e-01 -7.218201814712638e-03  1.800973361748776e-01  7.218201814592918e-03  1.000000000000000e+00  0.000000000000000e+00 
 1.096478196143189e+07 -3.635523524401177e-01 -1.521330628883246e-03  3.635596945490132e-01  1.634836352137870e-03  1.000000000000000e+00  0.000000000000000e+00 -1.801150748979166e-01 -7.557974689154327e-03  1.801150749042369e-01  7.557974688967947e-03  1.000000000000000e+00  0.000000000000000e+00 
 1.148153621496888e+07 -3.635561326632037e-01 -1.593041700942562e-03  3.635640320048588e-01  1.711696192917926e-03  1.000000000000000e+00  0.000000000000000e+00 -1.801345231246100e-01 -7.913699794869371e-03  1.801345231307028e-01  7.913699794681522e-03  1.000000000000000e+00  0.000000000000000e+00 
 1.202264434617418e+07 -3.635602845029204e-01 -1.668128518624051e-03  3.635687767944698e-01  1.792159562019568e-03  1.000000000000000e+00  0.000000000000000e+00 -1.801558453959961e-01 -8.286119945714900e-03  1.801558453985356e-01  8.286119945634282e-03  1.000000000000000e+00  0.000000000000000e+00 
 1.258925411794173e+07 -3.635648443412643e-01 -1.746748857740441e-03  3.635739673155666e-01  1.876394653697405e-03  1.000000000000000e+00  0.000000000000000e+00 -1.801792220538878e-01 -8.676011634183821e-03  1.801792220541358e-01  8.676011634177607e-03  1.000000000000000e+00  0.000000000000000e+00 
 1.318256738556413e+07 -3.635698520592519e-01 -1.829067683387687e-03  3.635796456720185e-01  1.964577423576545e-03  1.000000000000000e+00  0.000000000000000e+00 -1.802048507471471e-01 -9.084186422530133e-03  1.802048507434991e-01  9.084186422662481e-03  1.000000000000000e+00  0.000000000000000e+00 
 1.380384264602891e+07 -3.635753513709742e-01 -1.915257456097966e-03  3.635858580311934e-01  2.056891923429996e-03  1.000000000000000e+00  0.000000000000000e+00 -1.802329480793057e-01 -9.511492370546765e-03  1.802329480797666e-01  9.511492370532039e-03  1.000000000000000e+00  0.000000000000000e+00 
 1.445439770745934e+07 -3.635813901836835e-01 -2.005498449004915e-03  3.635926550268373e-01  2.153530644777509e-03  1.000000000000000e+00  0.000000000000000e+00 -1.802637514202441e-01 -9.958815497656877e-03  1.802637514213643e-01  9.958815497615793e-03  1.000000000000000e+00  0.000000000000000e+00 
 1.513561248436215e+07 -3.635880209892793e-01 -2.099979075861233e-03  3.636000922061772e-01  2.254694870993923e-03  1.000000000000000e+00  0.000000000000000e+00 -1.802975208758346e-01 -1.042708127586342e-02  1.802975208812979e-01  1.042708127564369e-02  1.000000000000000e+00  0.000000000000000e+00 
 1.584893192461121e+07 -3.635953013047100e-01 -2.198896229006844e-03  3.636082304969439e-01  2.360595038715376e-03  1.000000000000000e+00  0.000000000000000e+00 -1.803345414543237e-01 -1.091725614976005e-02  1.803345414611426e-01  1.091725614947275e-02  1.000000000000000e+00  0.000000000000000e+00 
 1.659586907437568e+07 -3.636032941467114e-01 -2.302455627578583e-03  3.636171367337763e-01  2.471451106602060e-03  1.000000000000000e+00  0.000000000000000e+00 -1.803751254275722e-01 -1.143034907831849e-02  1.803751254239996e-01  1.143034907848013e-02  1.000000000000000e+00  0.000000000000000e+00 
 1.737800828749384e+07 -3.636120685406743e-01 -2.410872175621230e-03  3.636268842563052e-01  2.587492930260842e-03  1.000000000000000e+00  0.000000000000000e+00 -1.804196149087319e-01 -1.196741309225185e-02  1.804196149067421e-01  1.196741309234720e-02  1.000000000000000e+00  0.000000000000000e+00 
 1.819700858609992e+07 -3.636217001133517e-01 -2.524370326969422e-03  3.636375534944744e-01  2.708960647050093e-03  1.000000000000000e+00  0.000000000000000e+00 -1.804683846850434e-01 -1.252954685971975e-02  1.804683846917091e-01  1.252954685939948e-02  1.000000000000000e+00  0.000000000000000e+00 
 1.905460717963257e+07 -3.636322717083594e-01 -2.643184458944462e-03  3.636492326747565e-01  2.836105063730401e-03  1.000000000000000e+00  0.000000000000000e+00 -1.805218452996735e-01 -1.311789625088886e-02  1.805218453019166e-01  1.311789625077841e-02  1.000000000000000e+00  0.000000000000000e+00 
 1.995262314968890e+07 -3.636438740770448e-01 -2.767559251218048e-03  3.636620185595457e-01  2.969188050324931e-03  1.000000000000000e+00  0.000000000000000e+00 -1.805804464109645e-01 -1.373365589050458e-02  1.805804464140531e-01  1.373365589034445e-02  1.000000000000000e+00  0.000000000000000e+00 
 2.089296130854050e+07 -3.636566066222295e-01 -2.897750069642324e-03  3.636760172804644e-01  3.108482935956780e-03  1.000000000000000e+00  0.000000000000000e+00 -1.806446804786020e-01 -1.437807068604478e-02  1.806446804841439e-01  1.437807068574198e-02  1.000000000000000e+00  0.000000000000000e+00 
 2.187761623949564e+07 -3.636705782405819e-01 -3.034023350763604e-03  3.636913451939340e-01  3.254274909490670e-03  1.000000000000000e+00  0.000000000000000e+00 -1.807150867720735e-01 -1.505243731563642e-02  1.807150867750972e-01  1.505243731546551e-02  1.000000000000000e+00  0.000000000000000e+00 
 2.290867652767785e+07 -3.636859082086806e-01 -3.176656988268173e-03  3.637081298862860e-01  3.406861415768714e-03  1.000000000000000e+00  0.000000000000000e+00 -1.807922557433989e-01 -1.575810565798528e-02  1.807922557435432e-01  1.575810565798025e-02  1.000000000000000e+00  0.000000000000000e+00 
 2.398832919019503e+07 -3.637027271799815e-01 -3.325940715108051e-03  3.637265112179741e-01  3.566552551722015e-03  1.000000000000000e+00  0.000000000000000e+00 -1.808768337971824e-01 -1.649648014333110e-02  1.808768338024992e-01  1.649648014300059e-02  1.000000000000000e+00  0.000000000000000e+00 
 2.511886431509594e+07 -3.637211782700216e-01 -3.482176479804438e-03  3.637466424743384e-01  3.733671455771605e-03  1.000000000000000e+00  0.000000000000000e+00 -1.809695284900005e-01 -1.726902100085359e-02  1.809695284941388e-01  1.726902100058595e-02  1.000000000000000e+00  0.000000000000000e+00 
 2.630267991895396e+07 -3.637414182272876e-01 -3.645678814091006e-03  3.637686916529852e-01  3.908554684785124e-03  1.000000000000000e+00  0.000000000000000e+00 -1.810711141798709e-01 -1.807724537349964e-02  1.810711141783842e-01  1.807724537360552e-02  1.000000000000000e+00  0.000000000000000e+00 
 2.754228703338182e+07 -3.637636187254097e-01 -3.816775185782655e-03  3.637928428448903e-01  4.091552577354184e-03  1.000000000000000e+00  0.000000000000000e+00 -1.811824381800802e-01 -1.892272826741631e-02  1.811824381803949e-01  1.892272826739802e-02  1.000000000000000e+00  0.000000000000000e+00 
 2.884031503126622e+07 -3.637879677840129e-01 -3.995806331747585e-03  3.638192977240393e-01  4.283029597880872e-03  1.000000000000000e+00  0.000000000000000e+00 -1.813044274518297e-01 -1.980710329744725e-02  1.813044274556437e-01  1.980710329716709e-02  1.000000000000000e+00  0.000000000000000e+00 
 3.019951720402033e+07 -3.638146712932043e-01 -4.183126567852136e-03  3.638482772262409e-01  4.483364649229342e-03  1.000000000000000e+00  0.000000000000000e+00 -1.814380958647696e-01 -2.073206318386663e-02  1.814380958705525e-01  2.073206318342102e-02  1.000000000000000e+00  0.000000000000000e+00 
 3.162277660168397e+07 -3.638439547064038e-01 -4.379104064856356e-03  3.638800233240841e-01  4.692951354400390e-03  1.000000000000000e+00  0.000000000000000e+00 -1.815845520782670e-01 -2.169935994946605e-02  1.815845520829368e-01  2.169935994909144e-02  1.000000000000000e+00  0.000000000000000e+00 
 3.311311214825930e+07 -3.638760648589351e-01 -4.584121086588074e-03  3.639148010180984e-01  4.912198289351010e-03  1.000000000000000e+00  0.000000000000000e+00 -1.817450080820394e-01 -2.271080475801587e-02  1.817450080891381e-01  2.271080475741914e-02  1.000000000000000e+00  0.000000000000000e+00 
 3.467368504525337e+07 -3.639112719808868e-01 -4.798574176375026e-03  3.639529004486819e-01  5.141529165784434e-03  1.000000000000000e+00  0.000000000000000e+00 -1.819207884470198e-01 -2.376826732695547e-02  1.819207884474149e-01  2.376826732692544e-02  1.000000000000000e+00  0.000000000000000e+00 
 3.630780547701035e+07 -3.639498718582265e-01 -5.022874286083638e-03  3.639946392608991e-01  5.381382941123201e-03  1.000000000000000e+00  0.000000000000000e+00 -1.821133403137185e-01 -2.487367483645766e-02  1.821133403127209e-01  2.487367483655471e-02  1.000000000000000e+00  0.000000000000000e+00 
 3.801893963205635e+07 -3.639921882124498e-01 -5.257446830201861e-03  3.640403651285937e-01  5.632213851565317e-03  1.000000000000000e+00  0.000000000000000e+00 -1.823242441886858e-01 -2.602901024805290e-02  1.823242441924403e-01  2.602901024769675e-02  1.000000000000000e+00  0.000000000000000e+00 
 3.981071705534997e+07 -3.640385752834078e-01 -5.502731653028953e-03  3.640904585150413e-01  5.894491346606288e-03  1.000000000000000e+00  0.000000000000000e+00 -1.825552255721799e-01 -2.723630993191657e-02  1.825552255731320e-01  2.723630993182633e-02  1.000000000000000e+00  0.000000000000000e+00 
 4.168693834703380e+07 -3.640894206265879e-01 -5.759182892865805e-03  3.641453356977598e-01  6.168699904797617e-03  1.000000000000000e+00  0.000000000000000e+00 -1.828081674584388e-01 -2.849766048913774e-02  1.828081674605242e-01  2.849766048892474e-02  1.000000000000000e+00  0.000000000000000e+00 
 4.365158322401687e+07 -3.641451481688242e-01 -6.027268721003742e-03  3.642054520233007e-01  6.455338715022097e-03  1.000000000000000e+00  0.000000000000000e+00 -1.830851237665694e-01 -2.981519464158798e-02  1.830851237692460e-01  2.981519464130102e-02  1.000000000000000e+00  0.000000000000000e+00 
 4.570881896148779e+07 -3.642062215150473e-01 -6.307470935834092e-03  3.642713054610329e-01  6.754921193365654e-03  1.000000000000000e+00  0.000000000000000e+00 -1.833883337113672e-01 -3.119108604313973e-02  1.833883337194215e-01  3.119108604222657e-02  1.000000000000000e+00  0.000000000000000e+00 
 4.786300923226414e+07 -3.642731475514168e-01 -6.600284383427062e-03  3.643434404233133e-01  7.067974313851168e-03  1.000000000000000e+00  0.000000000000000e+00 -1.837202371599344e-01 -3.262754285030087e-02  1.837202371662818e-01  3.262754284955095e-02  1.000000000000000e+00  0.000000000000000e+00 
 5.011872336272755e+07 -3.643464803207403e-01 -6.906216180512468e-03  3.644224519574166e-01  7.395037710264006e-03  1.000000000000000e+00  0.000000000000000e+00 -1.840834909719371e-01 -3.412679986827730e-02  1.840834909779542e-01  3.412679986753554e-02  1.000000000000000e+00  0.000000000000000e+00 
 5.248074602497760e+07 -3.644268252439080e-01 -7.225784699939099e-03  3.645089902233411e-01  7.736662526013217e-03  1.000000000000000e+00  0.000000000000000e+00 -1.844809863503254e-01 -3.569110906980954e-02  1.844809863534789e-01  3.569110906940672e-02  1.000000000000000e+00  0.000000000000000e+00 
 5.495408738576282e+07 -3.645148436616119e-01 -7.559518286142557e-03  3.646037653672623e-01  8.093409958937965e-03  1.000000000000000e+00  0.000000000000000e+00 -1.849158671707233e-01 -3.732272825833859e-02  1.849158671759838e-01  3.732272825763248e-02  1.000000000000000e+00  0.000000000000000e+00 
 5.754399373371608e+07 -3.646112577613121e-01 -7.907953651255795e-03  3.647075527213905e-01  8.465849466605684e-03  1.000000000000000e+00  0.000000000000000e+00 -1.853915492762650e-01 -3.902390762544326e-02  1.853915492805078e-01  3.902390762484984e-02  1.000000000000000e+00  0.000000000000000e+00 
 6.025595860743618e+07 -3.647168558378390e-01 -8.271633912828077e-03  3.648211984880526e-01  8.854556557751584e-03  1.000000000000000e+00  0.000000000000000e+00 -1.859117406652553e-01 -4.079687392437586e-02  1.859117406663877e-01  4.079687392421565e-02  1.000000000000000e+00  0.000000000000000e+00 
 6.309573444801975e+07 -3.648324979991774e-01 -8.651106204209912e-03  3.649456257415209e-01  9.260110137500022e-03  1.000000000000000e+00  0.000000000000000e+00 -1.864804624996091e-01 -4.264381195763965e-02  1.864804624971680e-01  4.264381195802364e-02  1.000000000000000e+00  0.000000000000000e+00 
 6.606934480076005e+07 -3.649591222430653e-01 -9.046918808265593e-03  3.650818409409398e-01  9.683089310414384e-03  1.000000000000000e+00  0.000000000000000e+00 -1.871020708031295e-01 -4.456684304822246e-02  1.871020708039499e-01  4.456684304809774e-02  1.000000000000000e+00  0.000000000000000e+00 
 6.918309709189413e+07 -3.650977509904414e-01 -9.459617732906775e-03  3.652309408244069e-01  1.012406958775473e-02  1.000000000000000e+00  0.000000000000000e+00 -1.877812786886957e-01 -4.656800013921843e-02  1.877812786906270e-01  4.656800013890092e-02  1.000000000000000e+00  0.000000000000000e+00 
 7.244359600749952e+07 -3.652494980260893e-01 -9.889742658953917e-03  3.653941198099232e-01  1.058361839271867e-02  1.000000000000000e+00  0.000000000000000e+00 -1.885231788808828e-01 -4.864919913992334e-02  1.885231788809277e-01  4.864919913992355e-02  1.000000000000000e+00  0.000000000000000e+00 
 7.585775750291891e+07 -3.654155759052627e-01 -1.033782216289231e-02  3.655726778013119e-01  1.106228978627677e-02  1.000000000000000e+00  0.000000000000000e+00 -1.893332662613313e-01 -5.081220611668098e-02  1.893332662672922e-01  5.081220611559283e-02  1.000000000000000e+00  0.000000000000000e+00 
 7.943282347242872e+07 -3.655973037859604e-01 -1.080436812256670e-02  3.657680284730209e-01  1.156061829233932e-02  1.000000000000000e+00  0.000000000000000e+00 -1.902174600835362e-01 -5.305859990850086e-02  1.902174600844502e-01  5.305859990833380e-02  1.000000000000000e+00  0.000000000000000e+00 
 8.317637711026771e+07 -3.657961156890951e-01 -1.128986919479080e-02  3.659817079999633e-01  1.207911170643497e-02  1.000000000000000e+00  0.000000000000000e+00 -1.911821253870314e-01 -5.538972973227950e-02  1.911821253921859e-01  5.538972973125231e-02  1.000000000000000e+00  0.000000000000000e+00 
 8.709635899560872e+07 -3.660135691861449e-01 -1.179478324002554e-02  3.662153841737353e-01  1.261824276451840e-02  1.000000000000000e+00  0.000000000000000e+00 -1.922340931126081e-01 -5.780666734766485e-02  1.922340931222135e-01  5.780666734565534e-02  1.000000000000000e+00  0.000000000000000e+00 
 9.120108393559167e+07 -3.662513544665518e-01 -1.231952856400020e-02  3.664708659020480e-01  1.317843952109150e-02  1.000000000000000e+00  0.000000000000000e+00 -1.933806782250680e-01 -6.031015335121129e-02  1.933806782307140e-01  6.031015334997995e-02  1.000000000000000e+00  0.000000000000000e+00 
 9.549925860214433e+07 -3.665113037320051e-01 -1.286447383256201e-02  3.667501130525054e-01  1.376007427478664e-02  1.000000000000000e+00  0.000000000000000e+00 -1.946296950843626e-01 -6.290053720068181e-02  1.946296950900925e-01  6.290053719937461e-02  1.000000000000000e+00  0.000000000000000e+00 
 1.000000000000008e+08 -3.667954008817009e-01 -1.342992649517021e-02  3.670552465133134e-01  1.436345088376021e-02  1.000000000000000e+00  0.000000000000000e+00 -1.959894691592485e-01 -6.557771061398868e-02  1.959894691616119e-01  6.557771061343079e-02  1.000000000000000e+00  0.000000000000000e+00 
 1.047128548050908e+08 -3.671057913837544e-01 -1.401611955029334e-02  3.673885584120980e-01  1.498879027846910e-02  1.000000000000000e+00  0.000000000000000e+00 -1.974688439918357e-01 -6.834103405144935e-02  1.974688439986466e-01  6.834103404974660e-02  1.000000000000000e+00  0.000000000000000e+00 
 1.096478196143194e+08 -3.674447922281269e-01 -1.462319646866930e-02  3.677525223545569e-01  1.563621397908281e-02  1.000000000000000e+00  0.000000000000000e+00 -1.990771822169604e-01 -7.118925609615651e-02  1.990771822183284e-01  7.118925609580760e-02  1.000000000000000e+00  0.000000000000000e+00 
 1.148153621496892e+08 -3.678149018229880e-01 -1.525119408023578e-02  3.681498035169718e-01  1.630572541356294e-02  1.000000000000000e+00  0.000000000000000e+00 -2.008243592047705e-01 -7.412042567322326e-02  2.008243592130101e-01  7.412042567096483e-02  1.000000000000000e+00  0.000000000000000e+00 
 1.202264434617423e+08 -3.682188096589123e-01 -1.590002322233740e-02  3.685832683911595e-01  1.699718882381365e-02  1.000000000000000e+00  0.000000000000000e+00 -2.027207478149281e-01 -7.713179723799134e-02  2.027207478187315e-01  7.713179723690675e-02  1.000000000000000e+00  0.000000000000000e+00 
 1.258925411794178e+08 -3.686594055123744e-01 -1.656944694496181e-02  3.690559939579658e-01  1.771030553502495e-02  1.000000000000000e+00  0.000000000000000e+00 -2.047771924732937e-01 -8.021972927407471e-02  2.047771924776267e-01  8.021972927277932e-02  1.000000000000000e+00  0.000000000000000e+00 
 1.318256738556418e+08 -3.691397879587208e-01 -1.725905605313284e-02  3.695712759238856e-01  1.844458739419157e-02  1.000000000000000e+00  0.000000000000000e+00 -2.070049707573723e-01 -8.337957674032939e-02  2.070049707555844e-01  8.337957674090797e-02  1.000000000000000e+00  0.000000000000000e+00 
 1.380384264602897e+08 -3.696632718226248e-01 -1.796824179790209e-02  3.701326357692418e-01  1.919932713293031e-02  1.000000000000000e+00  0.000000000000000e+00 -2.094157404357484e-01 -8.660557843100976e-02  2.094157404416691e-01  8.660557842906380e-02  1.000000000000000e+00  0.000000000000000e+00 
 1.445439770745940e+08 -3.702333942513801e-01 -1.869616550196526e-02  3.707438260620538e-01  1.997356550388165e-02  1.000000000000000e+00  0.000000000000000e+00 -2.120214699329807e-01 -8.989074063327836e-02  2.120214699370880e-01  8.989074063186892e-02  1.000000000000000e+00  0.000000000000000e+00 
 1.513561248436221e+08 -3.708539189081731e-01 -1.944172496573572e-02  3.714088336563128e-01  2.076605498285169e-02  1.000000000000000e+00  0.000000000000000e+00 -2.148343500547900e-01 -9.322671892062753e-02  2.148343500635241e-01  9.322671891747068e-02  1.000000000000000e+00  0.000000000000000e+00 
 1.584893192461127e+08 -3.715288378223950e-01 -2.020351749409557e-02  3.721318800970523e-01  2.157521994923997e-02  1.000000000000000e+00  0.000000000000000e+00 -2.178666849929022e-01 -9.660370046996510e-02  2.178666849917555e-01  9.660370047041714e-02  1.000000000000000e+00  0.000000000000000e+00 
 1.659586907437575e+08 -3.722623702495101e-01 -2.097979946864576e-02  3.729174186794200e-01  2.239911323168978e-02  1.000000000000000e+00  0.000000000000000e+00 -2.211307606544113e-01 -1.000102898586381e-01  2.211307606556309e-01  1.000102898581683e-01  1.000000000000000e+00  0.000000000000000e+00 
 1.737800828749391e+08 -3.730589579345974e-01 -2.176844240675630e-02  3.737701272864961e-01  2.323536908093361e-02  1.000000000000000e+00  0.000000000000000e+00 -2.246386887914193e-01 -1.034334019426023e-01  2.246386887935224e-01  1.034334019417408e-01  1.000000000000000e+00  0.000000000000000e+00 
 1.819700858610000e+08 -3.739232559444777e-01 -2.256688559051808e-02  3.746948963292501e-01  2.408115260507598e-02  1.000000000000000e+00  0.000000000000000e+00 -2.284022257066994e-01 -1.068581660437718e-01  2.284022257067461e-01  1.068581660437694e-01  1.000000000000000e+00  0.000000000000000e+00 
 1.905460717963264e+08 -3.748601182965991e-01 -2.337208539737118e-02  3.756968107537374e-01  2.493310594892633e-02  1.000000000000000e+00  0.000000000000000e+00 -2.324325650444911e-01 -1.102678463205957e-01  2.324325650480673e-01  1.102678463189722e-01  1.000000000000000e+00  0.000000000000000e+00 
 1.995262314968898e+08 -3.758745774466913e-01 -2.418046163348908e-02  3.767811251867129e-01  2.578729157257637e-02  1.000000000000000e+00  0.000000000000000e+00 -2.367401049437547e-01 -1.136437837666431e-01  2.367401049487387e-01  1.136437837642624e-01  1.000000000000000e+00  0.000000000000000e+00 
 2.089296130854059e+08 -3.769718166665020e-01 -2.498784131989780e-02  3.779532311735004e-01  2.663913319328096e-02  1.000000000000000e+00  0.000000000000000e+00 -2.413341908429967e-01 -1.169653657524829e-01  2.413341908478663e-01  1.169653657500434e-01  1.000000000000000e+00  0.000000000000000e+00 
 2.187761623949573e+08 -3.781571343000871e-01 -2.578940057192847e-02  3.792186154283329e-01  2.748335517176344e-02  1.000000000000000e+00  0.000000000000000e+00 -2.462228364968344e-01 -1.202100293336351e-01  2.462228365027475e-01  1.202100293305223e-01  1.000000000000000e+00  0.000000000000000e+00 
 2.290867652767794e+08 -3.794358988696498e-01 -2.657960543500221e-02  3.805828080200485e-01  2.831392137178152e-02  1.000000000000000e+00  0.000000000000000e+00 -2.514124271621001e-01 -1.233533046120675e-01  2.514124271624108e-01  1.233533046119175e-01  1.000000000000000e+00  0.000000000000000e+00 
 2.398832919019513e+08 -3.808134940315435e-01 -2.735215278559602e-02  3.820513194438064e-01  2.912397481321261e-02  1.000000000000000e+00  0.000000000000000e+00 -2.569074104770779e-01 -1.263689041980550e-01  2.569074104804200e-01  1.263689041961271e-01  1.000000000000000e+00  0.000000000000000e+00 
 2.511886431509604e+08 -3.822952524256017e-01 -2.809991269948985e-02  3.836295656789151e-01  2.990577971163039e-02  1.000000000000000e+00  0.000000000000000e+00 -2.627099822777259e-01 -1.292288642013804e-01  2.627099822784865e-01  1.292288642009388e-01  1.000000000000000e+00  0.000000000000000e+00 
 2.630267991895407e+08 -3.838863776138813e-01 -2.881487397392510e-02  3.853227804552841e-01  3.065066784770306e-02  1.000000000000000e+00  0.000000000000000e+00 -2.688197761708220e-01 -1.319037411189075e-01  2.688197761748816e-01  1.319037411163186e-01  1.000000000000000e+00  0.000000000000000e+00 
 2.754228703338193e+08 -3.855918535200163e-01 -2.948809478384471e-02  3.871359141739253e-01  3.134899156581428e-02  1.000000000000000e+00  0.000000000000000e+00 -2.752335673610627e-01 -1.343628674494741e-01  2.752335673659212e-01  1.343628674462125e-01  1.000000000000000e+00  0.000000000000000e+00 
 2.884031503126634e+08 -3.874163410060660e-01 -3.010966079317893e-02  3.890735193765994e-01  3.199008593652977e-02  1.000000000000000e+00  0.000000000000000e+00 -2.819450024267913e-01 -1.365746668338801e-01  2.819450024267955e-01  1.365746668339062e-01  1.000000000000000e+00  0.000000000000000e+00 
 3.019951720402046e+08 -3.893640616520901e-01 -3.066865328514455e-02  3.911396230037438e-01  3.256224297276848e-02  1.000000000000000e+00  0.000000000000000e+00 -2.889443677261476e-01 -1.385070270241110e-01  2.889443677263743e-01  1.385070270239718e-01  1.000000000000000e+00  0.000000000000000e+00 
 3.162277660168411e+08 -3.914386692569342e-01 -3.115313011538344e-02  3.933375862656772e-01  3.305270098841789e-02  1.000000000000000e+00  0.000000000000000e+00 -2.962184094506425e-01 -1.401277261006539e-01  2.962184094556382e-01  1.401277260967511e-01  1.000000000000000e+00  0.000000000000000e+00 
 3.311311214825944e+08 -3.936431101389236e-01 -3.155012245232752e-02  3.956699536220015e-01  3.344765229918280e-02  1.000000000000000e+00  0.000000000000000e+00 -3.037502179661466e-01 -1.414049042180945e-01  3.037502179704834e-01  1.414049042145317e-01  1.000000000000000e+00  0.000000000000000e+00 
 3.467368504525352e+08 -3.959794739668583e-01 -3.184565032366618e-02  3.981382931215486e-01  3.373227244262351e-02  1.000000000000000e+00  0.000000000000000e+00 -3.115191879395337e-01 -1.423075699425931e-01  3.115191879376641e-01  1.423075699442618e-01  1.000000000000000e+00  0.000000000000000e+00 
 3.630780547701051e+08 -3.984488375993778e-01 -3.202475987894732e-02  4.007430311399693e-01  3.389077394925748e-02  1.000000000000000e+00  0.000000000000000e+00 -3.195010637188969e-01 -1.428061271776904e-01  3.195010637194455e-01  1.428061271772224e-01  1.000000000000000e+00  0.000000000000000e+00 
 3.801893963205651e+08 -4.010511051840485e-01 -3.207158500782668e-02  4.034832854058621e-01  3.390648732351484e-02  1.000000000000000e+00  0.000000000000000e+00 -3.276680765247841e-01 -1.428729060170721e-01  3.276680765282095e-01  1.428729060137836e-01  1.000000000000000e+00  0.000000000000000e+00 
 3.981071705535014e+08 -4.037848485083201e-01 -3.196943552795205e-02  4.063567011077556e-01  3.376197119535977e-02  1.000000000000000e+00  0.000000000000000e+00 -3.359891762617747e-01 -1.424826788964731e-01  3.359891762596098e-01  1.424826788987348e-01  1.000000000000000e+00  0.000000000000000e+00 
 4.168693834703397e+08 -4.066471523779921e-01 -3.170091341360140e-02  4.093592955378083e-01  3.343915285346509e-02  1.000000000000000e+00  0.000000000000000e+00 -3.444303565169989e-01 -1.416131423525776e-01  3.444303565220261e-01  1.416131423471726e-01  1.000000000000000e+00  0.000000000000000e+00 
 4.365158322401705e+08 -4.096334703817380e-01 -3.124805766085401e-02  4.124853173996422e-01  3.291949918068064e-02  1.000000000000000e+00  0.000000000000000e+00 -3.529550667044235e-01 -1.402453447354195e-01  3.529550667059528e-01  1.402453447337122e-01  1.000000000000000e+00  0.000000000000000e+00 
 4.570881896148798e+08 -4.127374968444959e-01 -3.059251726058448e-02  4.157271272722644e-01  3.218421666782727e-02  1.000000000000000e+00  0.000000000000000e+00 -3.615247004629113e-01 -1.383640415600894e-01  3.615247004651095e-01  1.383640415574700e-01  1.000000000000000e+00  0.000000000000000e+00 
 4.786300923226434e+08 -4.159510609862909e-01 -2.971575040900665e-02  4.190751057415740e-01  3.121447773056568e-02  1.000000000000000e+00  0.000000000000000e+00 -3.700991453414456e-01 -1.359579626211938e-01  3.700991453445417e-01  1.359579626172602e-01  1.000000000000000e+00  0.000000000000000e+00 
 5.011872336272776e+08 -4.192640491458828e-01 -2.859924669858922e-02  4.225175954374847e-01  2.999166884718409e-02  1.000000000000000e+00  0.000000000000000e+00 -3.786373749180288e-01 -1.330199787115362e-01  3.786373749207431e-01  1.330199787078818e-01  1.000000000000000e+00  0.000000000000000e+00 
 5.248074602497782e+08 -4.226643604494030e-01 -2.722476754345729e-02  4.260408824258162e-01  2.849765445229129e-02  1.000000000000000e+00  0.000000000000000e+00 -3.870980620137086e-01 -1.295471602873010e-01  3.870980620166172e-01  1.295471602831322e-01  1.000000000000000e+00  0.000000000000000e+00 
 5.495408738576305e+08 -4.261379004089261e-01 -2.557459868653253e-02  4.296292211881281e-01  2.671504902509103e-02  1.000000000000000e+00  0.000000000000000e+00 -3.954401902237220e-01 -1.255407255722261e-01  3.954401902263304e-01  1.255407255682490e-01  1.000000000000000e+00  0.000000000000000e+00 
 5.754399373371632e+08 -4.296686156398217e-01 -2.363180741752721e-02  4.332649057711134e-01  2.462748856003186e-02  1.000000000000000e+00  0.000000000000000e+00 -4.036236409696904e-01 -1.210058809422342e-01  4.036236409707392e-01  1.210058809405663e-01  1.000000000000000e+00  0.000000000000000e+00 
 6.025595860743644e+08 -4.332385712367410e-01 -2.138049620296296e-02  4.369283876461311e-01  2.221989177708941e-02  1.000000000000000e+00  0.000000000000000e+00 -4.116097346527141e-01 -1.159515615770734e-01  4.116097346545202e-01  1.159515615739492e-01  1.000000000000000e+00  0.000000000000000e+00 
 6.309573444802003e+08 -4.368280704171296e-01 -1.880604390967702e-02  4.405984385082153e-01  1.947870112735797e-02  1.000000000000000e+00  0.000000000000000e+00 -4.193617071094400e-01 -1.103900849344112e-01  4.193617071092042e-01  1.103900849349349e-01  1.000000000000000e+00  0.000000000000000e+00 
 6.606934480076034e+08 -4.404158139387205e-01 -1.589532579335688e-02  4.442523538163208e-01  1.639209394283421e-02  1.000000000000000e+00  0.000000000000000e+00 -4.268451061625396e-01 -1.043367333175335e-01  4.268451061626759e-01  1.043367333173365e-01  1.000000000000000e+00  0.000000000000000e+00 
 6.918309709189442e+08 -4.439790946740306e-01 -1.263690395865014e-02  4.478661905023819e-01  1.295015504424074e-02  1.000000000000000e+00  0.000000000000000e+00 -4.340280974700681e-01 -9.780928432233635e-02  4.340280974702955e-01  9.780928432192273e-02  1.000000000000000e+00  0.000000000000000e+00 
 7.244359600749983e+08 -4.474940207362310e-01 -9.021181089312699e-03  4.514150301576011e-01  9.145003732256407e-03  1.000000000000000e+00  0.000000000000000e+00 -4.408816734740895e-01 -9.082750935669581e-02  4.408816734748143e-01  9.082750935505579e-02  1.000000000000000e+00  0.000000000000000e+00 
 7.585775750291924e+08 -4.509357588545168e-01 -5.040511889649144e-03  4.548732573261238e-01  4.970870199253102e-03  1.000000000000000e+00  0.000000000000000e+00 -4.473797639972406e-01 -8.341266049058427e-02  4.473797639974016e-01  8.341266049026774e-02  1.000000000000000e+00  0.000000000000000e+00 
 7.943282347242906e+08 -4.542787884519852e-01 -6.892686888702315e-04  4.582148414458498e-01  4.241190394443373e-04  1.000000000000000e+00  0.000000000000000e+00 -4.534992513259667e-01 -7.558696494606706e-02  4.534992513266070e-01  7.558696494434916e-02  1.000000000000000e+00  0.000000000000000e+00 
 8.317637711026806e+08 -4.574971561750171e-01  4.036139987735596e-03  4.614136106016050e-01 -4.496779682581581e-03  1.000000000000000e+00  0.000000000000000e+00 -4.592198964052465e-01 -6.737314459064853e-02  4.592198964067649e-01  6.737314458597488e-02  1.000000000000000e+00  0.000000000000000e+00 
 8.709635899560907e+08 -4.605647205423671e-01  9.137296616714308e-03  4.644435056227388e-01 -9.791328503981386e-03  1.000000000000000e+00  0.000000000000000e+00 -4.645241857183155e-01 -5.879397524187840e-02  4.645241857192006e-01  5.879397523889979e-02  1.000000000000000e+00  0.000000000000000e+00 
 9.120108393559203e+08 -4.634553769278082e-01  1.461384398262125e-02  4.672788041546280e-01 -1.545712380379928e-02  1.000000000000000e+00  0.000000000000000e+00 -4.693971105668204e-01 -4.987189757675305e-02  4.693971105668608e-01  4.987189757674970e-02  1.000000000000000e+00  0.000000000000000e+00 
 9.549925860214471e+08 -4.661432542197235e-01  2.046359073672892e-02  4.698943060638435e-01 -2.149001198908600e-02  1.000000000000000e+00  0.000000000000000e+00 -4.738258917361379e-01 -4.062868827203867e-02  4.738258917363917e-01  4.062868827106773e-02  1.000000000000000e+00  0.000000000000000e+00 
 1.000000000000012e+09 -4.686028761171766e-01  2.668264556193715e-02  4.722654737737965e-01 -2.788427063284807e-02  1.000000000000000e+00  0.000000000000000e+00 -4.777996629783098e-01 -3.108519693937922e-02  4.777996629787604e-01  3.108519693721282e-02  1.000000000000000e+00  0.000000000000000e+00 
 1.047128548050912e+09 -4.708092820155139e-01  3.326557090287184e-02  4.743685236366788e-01 -3.463280357641681e-02  1.000000000000000e+00  0.000000000000000e+00 -4.813091265270852e-01 -2.126115159523462e-02  4.813091265272550e-01  2.126115159441411e-02  1.000000000000000e+00  0.000000000000000e+00 
 1.096478196143198e+09 -4.727381046223827e-01  4.020554648067708e-02  4.761804671253593e-01 -4.172733848455493e-02  1.000000000000000e+00  0.000000000000000e+00 -4.843461931153928e-01 -1.117503294123151e-02  4.843461931155048e-01  1.117503294067074e-02  1.000000000000000e+00  0.000000000000000e+00 
 1.148153621496897e+09 -4.743656037092836e-01  4.749453251656488e-02  4.776791031877645e-01 -4.915861565132276e-02  1.000000000000000e+00  0.000000000000000e+00 -4.869036178266692e-01 -8.440157447248131e-04  4.869036178268272e-01  8.440157435194440e-04  1.000000000000000e+00  0.000000000000000e+00 
 1.202264434617427e+09 -4.756686575834932e-01  5.512342285886142e-02  4.788429654457740e-01 -5.691655764905910e-02  1.000000000000000e+00  0.000000000000000e+00 -4.889746417489016e-01  9.716025883252710e-03  4.889746417490868e-01 -9.716025885395135e-03  1.000000000000000e+00  0.000000000000000e+00 
 1.258925411794183e+09 -4.766247158412956e-01  6.308217893372749e-02  4.796512299164413e-01 -6.499041065348772e-02  1.000000000000000e+00  0.000000000000000e+00 -4.905526479741359e-01  2.049045358219651e-02  4.905526479741193e-01 -2.049045358072465e-02  1.000000000000000e+00  0.000000000000000e+00 
 1.318256738556423e+09 -4.772117186680107e-01  7.135993649615632e-02  4.800835904792872e-01 -7.336884988046670e-02  1.000000000000000e+00  0.000000000000000e+00 -4.916308390771559e-01  3.146574508686767e-02  4.916308390771990e-01 -3.146574508735199e-02  1.000000000000000e+00  0.000000000000000e+00 
 1.380384264602902e+09 -4.774079893022948e-01  7.994507851164745e-02  4.801201104519667e-01 -8.204004327813774e-02  1.000000000000000e+00  0.000000000000000e+00 -4.922019419466949e-01  4.262932503091862e-02  4.922019419467253e-01 -4.262932503130942e-02  1.000000000000000e+00  0.000000000000000e+00 
 1.445439770745945e+09 -4.771921073230024e-01  8.882526893916909e-02  4.797410592723884e-01 -9.099166948539976e-02  1.000000000000000e+00  0.000000000000000e+00 -4.922579447326120e-01  5.396935135078941e-02  4.922579447325987e-01 -5.396935135177373e-02  1.000000000000000e+00  0.000000000000000e+00 
 1.513561248436227e+09 -4.765427710821102e-01  9.798744376818941e-02  4.789267436298107e-01 -1.002108877479780e-01  1.000000000000000e+00  0.000000000000000e+00 -4.917898698417664e-01  6.547446236059822e-02  4.917898698416827e-01 -6.547446236205859e-02  1.000000000000000e+00  0.000000000000000e+00 
 1.584893192461133e+09 -4.754386580118936e-01  1.074177571681541e-01  4.776573423550546e-01 -1.096842591452119e-01  1.000000000000000e+00  0.000000000000000e+00 -4.907875862758821e-01  7.713348923009236e-02  4.907875862758801e-01 -7.713348923044994e-02  1.000000000000000e+00  0.000000000000000e+00 
 1.659586907437582e+09 -4.738582916760227e-01  1.171014820865642e-01  4.759127541598070e-01 -1.193976199201455e-01  1.000000000000000e+00  0.000000000000000e+00 -4.892396642319379e-01  8.893513834021928e-02  4.892396642319780e-01 -8.893513834021001e-02  1.000000000000000e+00  0.000000000000000e+00 
 1.737800828749398e+09 -4.717799243859973e-01  1.270228660150949e-01  4.736724669486895e-01 -1.293359089798623e-01  1.000000000000000e+00  0.000000000000000e+00 -4.871332747160095e-01  1.008676477444211e-01  4.871332747158428e-01 -1.008676477455637e-01  1.000000000000000e+00  0.000000000000000e+00 
 1.819700858610007e+09 -4.691814440369060e-01  1.371649439153744e-01  4.709154569521185e-01 -1.394829527767014e-01  1.000000000000000e+00  0.000000000000000e+00 -4.844541369352820e-01  1.129184218116596e-01  4.844541369351922e-01 -1.129184218122615e-01  1.000000000000000e+00  0.000000000000000e+00 
 1.905460717963272e+09 -4.660403135215322e-01  1.475093115226834e-01  4.676201254898490e-01 -1.498212117492778e-01  1.000000000000000e+00  0.000000000000000e+00 -4.811865163892382e-01  1.250736481419522e-01  4.811865163893380e-01 -1.250736481417055e-01  1.000000000000000e+00  0.000000000000000e+00 
 1.995262314968905e+09 -4.623335507630019e-01  1.580358633784681e-01  4.637642806666388e-01 -1.603314934637443e-01  1.000000000000000e+00  0.000000000000000e+00 -4.773132768235757e-01  1.373179010671227e-01  4.773132768234008e-01 -1.373179010678761e-01  1.000000000000000e+00  0.000000000000000e+00 
 2.089296130854067e+09 -4.580377569935484e-01  1.687225010969786e-01  4.593251708814085e-01 -1.709926384791927e-01  1.000000000000000e+00  0.000000000000000e+00 -4.728159894822765e-01  1.496337364624111e-01  4.728159894822267e-01 -1.496337364626859e-01  1.000000000000000e+00  0.000000000000000e+00 
 2.187761623949581e+09 -4.531292004820475e-01  1.795448185077799e-01  4.542795765227896e-01 -1.817811859392654e-01  1.000000000000000e+00  0.000000000000000e+00 -4.676751033339252e-01  1.620012832590308e-01  4.676751033337915e-01 -1.620012832595107e-01  1.000000000000000e+00  0.000000000000000e+00 
 2.290867652767803e+09 -4.475839623480404e-01  1.904757715496250e-01  4.486039657759175e-01 -1.926710268855052e-01  1.000000000000000e+00  0.000000000000000e+00 -4.618701800770422e-01  1.743978379930227e-01  4.618701800774527e-01 -1.743978379920874e-01  1.000000000000000e+00  0.000000000000000e+00 
 2.398832919019522e+09 -4.413781504660315e-01  2.014853420620125e-01  4.422747198164981e-01 -2.036330544560510e-01  1.000000000000000e+00  0.000000000000000e+00 -4.553801976842907e-01  1.867974698422108e-01  4.553801976846366e-01 -1.867974698415112e-01  1.000000000000000e+00  0.000000000000000e+00 
 2.511886431509614e+09 -4.344881865989852e-01  2.125402060135685e-01  4.352684319356019e-01 -2.146348213743652e-01  1.000000000000000e+00  0.000000000000000e+00 -4.481839259266571e-01  1.991706450137459e-01  4.481839259263590e-01 -1.991706450144395e-01  1.000000000000000e+00  0.000000000000000e+00 
 2.630267991895417e+09 -4.268911707972638e-01  2.236034181631782e-01  4.275622841287332e-01 -2.256402165072098e-01  1.000000000000000e+00  0.000000000000000e+00 -4.402603766672256e-01  2.114838808517156e-01  4.402603766668131e-01 -2.114838808525633e-01  1.000000000000000e+00  0.000000000000000e+00 
 2.754228703338203e+09 -4.185653256771778e-01  2.346341266462281e-01  4.191345033226101e-01 -2.366091737220712e-01  1.000000000000000e+00  0.000000000000000e+00 -4.315893306270004e-01  2.236994417007102e-01  4.315893306270869e-01 -2.236994417006258e-01  1.000000000000000e+00  0.000000000000000e+00 
 2.884031503126645e+09 -4.094905213287294e-01  2.455873324685937e-01  4.099648977036980e-01 -2.474974277075212e-01  1.000000000000000e+00  0.000000000000000e+00 -4.221519407386036e-01  2.357750902196940e-01  4.221519407379261e-01 -2.357750902208215e-01  1.000000000000000e+00  0.000000000000000e+00 
 3.019951720402058e+09 -3.996488793054740e-01  2.564137102442377e-01  4.000354713478785e-01 -2.582563327828266e-01  1.000000000000000e+00  0.000000000000000e+00 -4.119314100540598e-01  2.476639093924706e-01  4.119314100543247e-01 -2.476639093921411e-01  1.000000000000000e+00  0.000000000000000e+00 
 3.162277660168423e+09 -3.890254512982935e-01  2.670595076336038e-01  3.893311126112190e-01 -2.688327618350894e-01  1.000000000000000e+00  0.000000000000000e+00 -4.009137394374768e-01  2.593142117496782e-01  4.009137394373886e-01 -2.593142117498447e-01  1.000000000000000e+00  0.000000000000000e+00 
 3.311311214825957e+09 -3.776089647171672e-01  2.774665416488781e-01  3.778403484302036e-01 -2.791691032502864e-01  1.000000000000000e+00  0.000000000000000e+00 -3.890885368940937e-01  2.706695532299414e-01  3.890885368942129e-01 -2.706695532298417e-01  1.000000000000000e+00  0.000000000000000e+00 
 3.467368504525365e+09 -3.653926235224778e-01  2.875723101103420e-01  3.655561528292297e-01 -2.892033738519573e-01  1.000000000000000e+00  0.000000000000000e+00 -3.764498765006106e-01  2.816688692707923e-01  3.764498765006163e-01 -2.816688692708271e-01  1.000000000000000e+00  0.000000000000000e+00 
 3.630780547701065e+09 -3.523749483120927e-01  2.973102358730738e-01  3.524767936750717e-01 -2.988694652198152e-01  1.000000000000000e+00  0.000000000000000e+00 -3.629971904887493e-01  2.922467501625409e-01  3.629971904888790e-01 -2.922467501624463e-01  1.000000000000000e+00  0.000000000000000e+00 
 3.801893963205667e+09 -3.385606350712148e-01  3.066100597859832e-01  3.386066971283538e-01 -3.080975391417876e-01  1.000000000000000e+00  0.000000000000000e+00 -3.487361733685705e-01  3.023338710038556e-01  3.487361733684747e-01 -3.023338710039797e-01  1.000000000000000e+00  0.000000000000000e+00 
 3.981071705535030e+09 -3.239614073141497e-01  3.153983955272511e-01  3.239573046018967e-01 -3.168145851670189e-01  1.000000000000000e+00  0.000000000000000e+00 -3.336796722190645e-01  3.118575887372271e-01  3.336796722191317e-01 -3.118575887372015e-01  1.000000000000000e+00  0.000000000000000e+00 
 4.168693834703414e+09 -3.085968319051725e-01  3.235994553448635e-01  3.085478926052104e-01 -3.249451491468489e-01  1.000000000000000e+00  0.000000000000000e+00 -3.178485327899249e-01  3.207427144957769e-01  3.178485327900687e-01 -3.207427144956949e-01  1.000000000000000e+00  0.000000000000000e+00 
 4.365158322401723e+09 -2.924950649902726e-01  3.311359502625695e-01  2.924063220127238e-01 -3.324122362149184e-01  1.000000000000000e+00  0.000000000000000e+00 -3.012723671899961e-01  3.289124638696885e-01  3.012723671901009e-01 -3.289124638696421e-01  1.000000000000000e+00  0.000000000000000e+00 
 4.570881896148817e+09 -2.756934916182797e-01  3.379301615340778e-01  2.755696804410665e-01 -3.391383849109550e-01  1.000000000000000e+00  0.000000000000000e+00 -2.839902061442435e-01  3.362895807177714e-01  2.839902061442578e-01 -3.362895807177870e-01  1.000000000000000e+00  0.000000000000000e+00 
 4.786300923226454e+09 -2.582392212050715e-01  3.439051722139783e-01  2.580847799919666e-01 -3.450469012659655e-01  1.000000000000000e+00  0.000000000000000e+00 -2.660509974976751e-01  3.427976220306145e-01  2.660509974975808e-01 -3.427976220306894e-01  1.000000000000000e+00  0.000000000000000e+00 
 5.011872336272797e+09 -2.401894014021288e-01  3.489862389772310e-01  2.400084730259580e-01 -3.500632329551779e-01  1.000000000000000e+00  0.000000000000000e+00 -2.475139132604324e-01  3.483623824172801e-01  2.475139132602538e-01 -3.483623824173882e-01  1.000000000000000e+00  0.000000000000000e+00 
 5.248074602497804e+09 -2.216113155157666e-01  3.531022752206147e-01  2.214077511995373e-01 -3.541164545474499e-01  1.000000000000000e+00  0.000000000000000e+00 -2.284484303521645e-01  3.529134275320483e-01  2.284484303519388e-01 -3.529134275321633e-01  1.000000000000000e+00  0.000000000000000e+00 
 5.495408738576327e+09 -2.025822335877064e-01  3.561874076095418e-01  2.023595979517390e-01 -3.571408260267245e-01  1.000000000000000e+00  0.000000000000000e+00 -2.089341555167099e-01  3.563856967973470e-01  2.089341555170373e-01 -3.563856967972456e-01  1.000000000000000e+00  0.000000000000000e+00 
 5.754399373371655e+09 -1.831889946285303e-01  3.581825602744965e-01  1.829505719974207e-01 -3.590773788159979e-01  1.000000000000000e+00  0.000000000000000e+00 -1.890603726585764e-01  3.587211278191946e-01  1.890603726587287e-01 -3.587211278191647e-01  1.000000000000000e+00  0.000000000000000e+00 
 6.025595860743669e+09 -1.635273071198003e-01  3.590370145325137e-01  1.632761089839571e-01 -3.598754772124971e-01  1.000000000000000e+00  0.000000000000000e+00 -1.689253008821295e-01  3.598702486731770e-01  1.689253008822090e-01 -3.598702486731729e-01  1.000000000000000e+00  0.000000000000000e+00 
 6.309573444802029e+09 -1.437007663440066e-01  3.587098879894859e-01  1.434395399011111e-01 -3.594942991280135e-01  1.000000000000000e+00  0.000000000000000e+00 -1.486350633711193e-01  3.597936804388874e-01  1.486350633712104e-01 -3.597936804388852e-01  1.000000000000000e+00  0.000000000000000e+00 
 6.606934480076061e+09 -1.238195997349612e-01  3.571714757278228e-01  1.235508374499465e-01 -3.579041788766538e-01  1.000000000000000e+00  0.000000000000000e+00 -1.283023802159968e-01  3.584634915520271e-01  1.283023802160818e-01 -3.584634915520302e-01  1.000000000000000e+00  0.000000000000000e+00 
 6.918309709189471e+09 -1.039991644404901e-01  3.544043983581150e-01  1.037251145620718e-01 -3.550877568223212e-01  1.000000000000000e+00  0.000000000000000e+00 -1.080450115651099e-01  3.558643480484188e-01  1.080450115652663e-01 -3.558643480484224e-01  1.000000000000000e+00  0.000000000000000e+00 
 7.244359600750012e+09 -8.435823372329808e-02  3.504045071047768e-01  8.408091168246327e-02 -3.510408860819634e-01  1.000000000000000e+00  0.000000000000000e+00 -8.798399005420887e-02  3.519944096707329e-01  8.798399005451450e-02 -3.519944096707462e-01  1.000000000000000e+00  0.000000000000000e+00 
 7.585775750291955e+09 -6.501711974584672e-02  3.451815045942804e-01  6.473832034235757e-02 -3.457732549700954e-01  1.000000000000000e+00  0.000000000000000e+00 -6.824169240065424e-02  3.468659308452812e-01  6.824169240094469e-02 -3.468659308453123e-01  1.000000000000000e+00  0.000000000000000e+00 
 7.943282347242938e+09 -4.609568883610814e-02  3.387592511121875e-01  4.581699909456709e-02 -3.393086949566436e-01  1.000000000000000e+00  0.000000000000000e+00 -4.893980847039289e-02  3.405055371637317e-01  4.893980847062093e-02 -3.405055371637730e-01  1.000000000000000e+00  0.000000000000000e+00 
 8.317637711026839e+09 -2.771133084978966e-02  3.311757390263022e-01  2.743414340099506e-02 -3.316851568298964e-01  1.000000000000000e+00  0.000000000000000e+00 -3.019727138284366e-02  3.329541614169398e-01  3.019727138294706e-02 -3.329541614169719e-01  1.000000000000000e+00  0.000000000000000e+00 
 8.709635899560942e+09 -9.976946342676016e-03  3.224827318963311e-01  9.702473165252908e-03 -3.229543515703968e-01  1.000000000000000e+00  0.000000000000000e+00 -1.212821394013425e-02  3.242666374475711e-01  1.212821394052674e-02 -3.242666374476863e-01  1.000000000000000e+00  0.000000000000000e+00 
 9.120108393559240e+09  7.000986117805335e-03  3.127450784965036e-01 -7.271699780054006e-03 -3.131810661371123e-01  1.000000000000000e+00  0.000000000000000e+00  5.159985174533513e-03  3.145109640773728e-01 -5.159985174313606e-03 -3.145109640774589e-01  1.000000000000000e+00  0.000000000000000e+00 
 9.549925860214510e+09  2.312420478845087e-02  3.020397246021210e-01 -2.339026652407275e-02 -3.024421769886995e-01  1.000000000000000e+00  0.000000000000000e+00  2.156850710754080e-02  3.037672641447479e-01 -2.156850710732248e-02 -3.037672641448504e-01  1.000000000000000e+00  0.000000000000000e+00 
 1.000000000000016e+10  3.830427131885514e-02  2.904544561327425e-01 -3.856492785471999e-02 -2.908253948982331e-01  1.000000000000000e+00  0.000000000000000e+00  3.700869993723312e-02  2.921264744548832e-01 -3.700869993700549e-02 -2.921264744550085e-01  1.000000000000000e+00  0.000000000000000e+00 
 1.047128548050916e+10  5.246394788680356e-02  2.780864155368770e-01 -5.271857178492685e-02 -2.784277829144187e-01  1.000000000000000e+00  0.000000000000000e+00  5.140344639142404e-02  2.796888106372398e-01 -5.140344639107362e-02 -2.796888106374549e-01  1.000000000000000e+00  0.000000000000000e+00 
 1.096478196143202e+10  6.553831408624713e-02  2.650404388730414e-01 -6.578639099752333e-02 -2.653540948928843e-01  1.000000000000000e+00  0.000000000000000e+00  6.468826217835205e-02  2.665620562724155e-01 -6.468826217809685e-02 -2.665620562726011e-01  1.000000000000000e+00  0.000000000000000e+00 
 1.148153621496901e+10  7.747560338584378e-02  2.514272639013430e-01 -7.771672000068980e-02 -2.517149848867946e-01  1.000000000000000e+00  0.000000000000000e+00  7.681210591687088e-02  2.528597282234160e-01 -7.681210591665284e-02 -2.528597282236003e-01  1.000000000000000e+00  0.000000000000000e+00 
 1.202264434617432e+10  8.823774916750857e-02  2.373616599153041e-01 -8.847158197335607e-02 -2.376251381073022e-01  1.000000000000000e+00  0.000000000000000e+00  8.773789210352871e-02  2.386991701820594e-01 -8.773789210332858e-02 -2.386991701822540e-01  1.000000000000000e+00  0.000000000000000e+00 
 1.258925411794188e+10  9.780063957319578e-02  2.229605284595323e-01 -9.802694449455257e-02 -2.232013725885209e-01  1.000000000000000e+00  0.000000000000000e+00  9.744270794702029e-02  2.241996244837825e-01 -9.744270794678614e-02 -2.241996244840368e-01  1.000000000000000e+00  0.000000000000000e+00 
 1.318256738556429e+10  1.061540883185586e-01  2.083410210324066e-01 -1.063726912802281e-01 -2.085607576533680e-01  1.000000000000000e+00  0.000000000000000e+00  1.059177429092324e-01  2.094803288194654e-01 -1.059177429090156e-01 -2.094803288197349e-01  1.000000000000000e+00  0.000000000000000e+00 
 1.380384264602907e+10  1.133015351792964e-01  1.936187159008334e-01 -1.135123235993422e-01 -1.938187913124385e-01  1.000000000000000e+00  0.000000000000000e+00  1.131679463383279e-01  1.946586801316429e-01 -1.131679463381407e-01 -1.946586801319115e-01  1.000000000000000e+00  0.000000000000000e+00 
 1.445439770745951e+10  1.192594951084549e-01  1.789058917154034e-01 -1.194624102967204e-01 -1.790876742963138e-01  1.000000000000000e+00  0.000000000000000e+00  1.192114337546322e-01  1.798485032029692e-01 -1.192114337544980e-01 -1.798485032031983e-01  1.000000000000000e+00  0.000000000000000e+00 
 1.513561248436233e+10  1.240567791137991e-01  1.643099310356320e-01 -1.242518095252999e-01 -1.644747138492612e-01  1.000000000000000e+00  0.000000000000000e+00  1.240786663826816e-01  1.651584565625572e-01 -1.240786663825516e-01 -1.651584565628124e-01  1.000000000000000e+00  0.000000000000000e+00 
 1.584893192461140e+10  1.277335133781498e-01  1.499318823284547e-01 -1.279206886501446e-01 -1.500808858699446e-01  1.000000000000000e+00  0.000000000000000e+00  1.278114316858622e-01  1.506906035348638e-01 -1.278114316857469e-01 -1.506906035351297e-01  1.000000000000000e+00  0.000000000000000e+00 
 1.659586907437588e+10  1.303399858891115e-01  1.358652045130850e-01 -1.305193715763913e-01 -1.359995794975034e-01  1.000000000000000e+00  0.000000000000000e+00  1.304616552153799e-01  1.365391715642152e-01 -1.304616552152923e-01 -1.365391715644629e-01  1.000000000000000e+00  0.000000000000000e+00 
 1.737800828749405e+10  1.319353522282229e-01  1.221947136046641e-01 -1.321070451436351e-01 -1.223155437214068e-01  1.000000000000000e+00  0.000000000000000e+00  1.320900762134105e-01  1.227895182866950e-01 -1.320900762133430e-01 -1.227895182869335e-01  1.000000000000000e+00  0.000000000000000e+00 
 1.819700858610014e+10  1.325862342135250e-01  1.089957463117261e-01 -1.327503582793139e-01 -1.091040508955421e-01  1.000000000000000e+00  0.000000000000000e+00  1.327648211869887e-01  1.095173180430892e-01 -1.327648211869309e-01 -1.095173180433447e-01  1.000000000000000e+00  0.000000000000000e+00 
 1.905460717963279e+10  1.323652467348629e-01  9.633355042455907e-02 -1.325219492546258e-01 -9.643028701680800e-02  1.000000000000000e+00  0.000000000000000e+00  1.325599110477622e-01  9.678797748947847e-02 -1.325599110477250e-01 -9.678797748971371e-02  1.000000000000000e+00  0.000000000000000e+00 
 1.995262314968913e+10  1.313494892092273e-01  8.426290640651740e-02 -1.314989374790731e-01 -8.434897320014258e-02  1.000000000000000e+00  0.000000000000000e+00  1.315537382482235e-01  8.465628357536804e-02 -1.315537382481995e-01 -8.465628357560295e-02  1.000000000000000e+00  0.000000000000000e+00 
 2.089296130854075e+10  1.296190383948234e-01  7.282797878015070e-02 -1.297614165844538e-01 -7.290421695762887e-02  1.000000000000000e+00  0.000000000000000e+00  1.298275504302456e-01  7.316628142908280e-02 -1.298275504302390e-01 -7.316628142928355e-02  1.000000000000000e+00  0.000000000000000e+00 
 2.187761623949590e+10  1.272554786101977e-01  6.206238981389536e-02 -1.273909848588494e-01 -6.212958579860382e-02  1.000000000000000e+00  0.000000000000000e+00  1.274639762202784e-01  6.235137373461599e-02 -1.274639762202825e-01 -6.235137373481045e-02  1.000000000000000e+00  0.000000000000000e+00 
 2.290867652767812e+10  1.243405035283371e-01  5.198950190369572e-02 -1.244693472154028e-01 -5.204838955188018e-02  1.000000000000000e+00  0.000000000000000e+00  1.245456267835050e-01  5.223462723527460e-02 -1.245456267835187e-01 -5.223462723546405e-02  1.000000000000000e+00  0.000000000000000e+00 
 2.398832919019532e+10  1.209546205676643e-01  4.262288923161438e-02 -1.210770197323248e-01 -4.267415199450757e-02  1.000000000000000e+00  0.000000000000000e+00  1.211538035039626e-01  4.282926636532085e-02 -1.211538035039848e-01 -4.282926636548971e-02  1.000000000000000e+00  0.000000000000000e+00 
 2.511886431509623e+10  1.171759845176663e-01  3.396697413298867e-02 -1.172921634149267e-01 -3.401124721736835e-02  1.000000000000000e+00  0.000000000000000e+00  1.173673377236892e-01  3.413932904426716e-02 -1.173673377237185e-01 -3.413932904442812e-02  1.000000000000000e+00  0.000000000000000e+00 
 2.630267991895427e+10  1.130793815825107e-01  2.601779946437568e-02 -1.131895683739145e-01 -2.605567201576225e-02  1.000000000000000e+00  0.000000000000000e+00  1.132615830145113e-01  2.616045570493827e-02 -1.132615830145452e-01 -2.616045570507949e-02  1.000000000000000e+00  0.000000000000000e+00 
 2.754228703338214e+10  1.087353787844628e-01  1.876390542205839e-02 -1.088398033701328e-01 -1.879592274848564e-02  1.000000000000000e+00  0.000000000000000e+00  1.089075742476604e-01  1.888077994215357e-02 -1.089075742477005e-01 -1.888077994229615e-02  1.000000000000000e+00  0.000000000000000e+00 
 2.884031503126656e+10  1.042096470083027e-01  1.218727789730827e-02 -1.043085390124917e-01 -1.221394374440779e-02  1.000000000000000e+00  0.000000000000000e+00  1.043713611287572e-01  1.228188793965067e-02 -1.043713611288013e-01 -1.228188793978419e-02  1.000000000000000e+00  0.000000000000000e+00 
 3.019951720402069e+10  9.956245929688680e-02  6.264335626357624e-03 -9.965604622218363e-02 -6.286114506817690e-03  1.000000000000000e+00  0.000000000000000e+00  9.971351727833840e-02  6.339814109227611e-03 -9.971351727838311e-02 -6.339814109342618e-03  1.000000000000000e+00  0.000000000000000e+00 
 3.162277660168435e+10  9.484835972871368e-02  9.669250261207189e-04 -9.493686529459777e-02 -9.842445993573827e-04  1.000000000000000e+00  0.000000000000000e+00  9.498881975396350e-02  1.026042084647737e-03 -9.498881975401040e-02 -1.026042084755218e-03  1.000000000000000e+00  0.000000000000000e+00 
 3.311311214825969e+10  9.011599267249598e-02 -3.736705488190944e-03 -9.019963535256499e-02  3.723451996735060e-03  1.000000000000000e+00  0.000000000000000e+00  9.024608847236515e-02 -3.691516835995929e-03 -9.024608847241140e-02  3.691516835901953e-03  1.000000000000000e+00  0.000000000000000e+00 
 3.467368504525378e+10  8.540807768973438e-02 -7.880976007686563e-03 -8.548706945905864e-02  7.871427363302732e-03  1.000000000000000e+00  0.000000000000000e+00  8.552817056058004e-02 -7.847591785375221e-03 -8.552817056062706e-02  7.847591785288146e-03  1.000000000000000e+00  0.000000000000000e+00 
 3.630780547701078e+10  8.076151200969742e-02 -1.150211019527559e-02 -8.083605730996914e-02  1.149593470641239e-02  1.000000000000000e+00  0.000000000000000e+00  8.087205140418918e-02 -1.147868638032483e-02 -8.087205140423724e-02  1.147868638024261e-02  1.000000000000000e+00  0.000000000000000e+00 
 3.801893963205680e+10  7.620758039067825e-02 -1.463734976282103e-02 -7.627787531646318e-02  1.463424285107809e-02  1.000000000000000e+00  0.000000000000000e+00  7.630907212374444e-02 -1.462229328344136e-02 -7.630907212379109e-02  1.462229328336811e-02  1.000000000000000e+00  0.000000000000000e+00 
 3.981071705535044e+10  7.177225126661513e-02 -1.732425832352645e-02 -7.183848297157995e-02  1.732394013434943e-02  1.000000000000000e+00  0.000000000000000e+00  7.186523235560952e-02 -1.731619896351495e-02 -7.186523235565394e-02  1.731619896345061e-02  1.000000000000000e+00  0.000000000000000e+00 
 4.168693834703429e+10  6.747653823865696e-02 -1.960011997370754e-02 -6.753888455634693e-02  1.960233305086764e-02  1.000000000000000e+00  0.000000000000000e+00  6.756155741987709e-02 -1.959788377069093e-02 -6.756155741991955e-02  1.959788377063365e-02  1.000000000000000e+00  0.000000000000000e+00 
 4.365158322401739e+10  6.333690702958364e-02 -2.150143384005831e-02 -6.339553629941742e-02  2.150594088611421e-02  1.000000000000000e+00  0.000000000000000e+00  6.341451004926434e-02 -2.150401836186684e-02 -6.341451004930743e-02  2.150401836181191e-02  1.000000000000000e+00  0.000000000000000e+00 
 4.570881896148833e+10  5.936570976629309e-02 -2.306350234550892e-02 -5.942078085202619e-02  2.307008408886040e-02  1.000000000000000e+00  0.000000000000000e+00  5.943642862161819e-02 -2.307005406623077e-02 -5.943642862165804e-02  2.307005406618324e-02  1.000000000000000e+00  0.000000000000000e+00 
 4.786300923226471e+10  5.557163067468653e-02 -2.432010817344802e-02 -5.562329315971965e-02  2.432856136046126e-02  1.000000000000000e+00  0.000000000000000e+00  5.563597606957097e-02 -2.432990204271109e-02 -5.563597606960922e-02  2.432990204266801e-02  1.000000000000000e+00  0.000000000000000e+00 
 5.011872336272815e+10  5.196012975599408e-02 -2.530327286006057e-02 -5.200852429757032e-02  2.531340838835019e-02  1.000000000000000e+00  0.000000000000000e+00  5.201858612991730e-02 -2.531569406252232e-02 -5.201858612995320e-02  2.531569406248408e-02  1.000000000000000e+00  0.000000000000000e+00 
 5.248074602497823e+10  4.853387358244318e-02 -2.604308858241604e-02 -4.857913240494197e-02  2.605472978871778e-02  1.000000000000000e+00  0.000000000000000e+00  4.858689616270249e-02 -2.605761641503813e-02 -4.858689616273763e-02  2.605761641500250e-02  1.000000000000000e+00  0.000000000000000e+00 
 5.495408738576347e+10  4.529314485482674e-02 -2.656761396455785e-02 -4.533539236096858e-02  2.658059507791662e-02  1.000000000000000e+00  0.000000000000000e+00  4.534115826947040e-02 -2.658380771223223e-02 -4.534115826950338e-02  2.658380771220040e-02  1.000000000000000e+00  0.000000000000000e+00 
 5.754399373371677e+10  4.223622469311884e-02 -2.690282450207453e-02 -4.227557817089473e-02  2.691698927023721e-02  1.000000000000000e+00  0.000000000000000e+00  4.227962276096436e-02 -2.692031116316918e-02 -4.227962276099548e-02  2.692031116314054e-02  1.000000000000000e+00  0.000000000000000e+00 
 6.025595860743690e+10  3.935974370784117e-02 -2.707260840396916e-02 -3.939631411031857e-02  2.708780889806080e-02  1.000000000000000e+00  0.000000000000000e+00  3.939889009219561e-02 -2.709107210222755e-02 -3.939889009222498e-02  2.709107210220172e-02  1.000000000000000e+00  0.000000000000000e+00 
 6.309573444802052e+10  3.665899968086984e-02 -2.709879916537353e-02 -3.669289245569274e-02  2.711489476504482e-02  1.000000000000000e+00  0.000000000000000e+00  3.669422915438407e-02 -2.711797207978899e-02 -3.669422915441142e-02  2.711797207976595e-02  1.000000000000000e+00  0.000000000000000e+00 
 6.606934480076085e+10  3.412824115356305e-02 -2.700123691863855e-02 -3.415955709894524e-02  2.701809347696318e-02  1.000000000000000e+00  0.000000000000000e+00  3.415986127334340e-02 -2.702089156540968e-02 -3.415986127336870e-02  2.702089156538922e-02  1.000000000000000e+00  0.000000000000000e+00 
 6.918309709189496e+10  3.176091738262655e-02 -2.679785147805870e-02 -3.178975350695748e-02  2.681534066251997e-02  1.000000000000000e+00  0.000000000000000e+00  3.178921041791679e-02 -2.681779418610729e-02 -3.178921041794094e-02  2.681779418608855e-02  1.000000000000000e+00  0.000000000000000e+00 
 7.244359600750038e+10  2.954989600062161e-02 -2.650476092345706e-02 -2.957634636349788e-02  2.652275972640041e-02  1.000000000000000e+00  0.000000000000000e+00  2.957512099094084e-02 -2.652482635535307e-02 -2.957512099096280e-02  2.652482635533660e-02  1.000000000000000e+00  0.000000000000000e+00 
 7.585775750291982e+10  2.748765033908747e-02 -2.613638050340997e-02 -2.751180685268732e-02  2.615477091241192e-02  1.000000000000000e+00  0.000000000000000e+00  2.751004518964448e-02 -2.615642708549610e-02 -2.751004518966495e-02  2.615642708548128e-02  1.000000000000000e+00  0.000000000000000e+00 
 7.943282347242966e+10  2.556641877393200e-02 -2.570553753772519e-02 -2.558837194519394e-02  2.572420635350461e-02  1.000000000000000e+00  0.000000000000000e+00  2.558620231845948e-02 -2.572544367573234e-02 -2.558620231847893e-02  2.572544367571882e-02  1.000000000000000e+00  0.000000000000000e+00 
 8.317637711026869e+10  2.377833867279097e-02 -2.522358883155601e-02 -2.379817826887687e-02  2.524242761838564e-02  1.000000000000000e+00  0.000000000000000e+00  2.379571265257250e-02 -2.524324980037231e-02 -2.379571265259045e-02  2.524324980036021e-02  1.000000000000000e+00  0.000000000000000e+00 
 8.709635899560974e+10  2.211555759924303e-02 -2.470053786187788e-02 -2.213337322123386e-02  2.471944301309153e-02  1.000000000000000e+00  0.000000000000000e+00  2.213070852192470e-02 -2.471986326994213e-02 -2.213070852194166e-02  2.471986326993113e-02  1.000000000000000e+00  0.000000000000000e+00 
 9.120108393559274e+10  2.057032439300295e-02 -2.414514965164626e-02 -2.058620594567638e-02  2.416402255084440e-02  1.000000000000000e+00  0.000000000000000e+00  2.058342524653214e-02 -2.416406139143116e-02 -2.058342524654779e-02  2.416406139142133e-02  1.000000000000000e+00  0.000000000000000e+00 
 9.549925860214545e+10  1.913506262852241e-02 -2.356506180526736e-02 -1.914910067731329e-02  2.358380906233261e-02  1.000000000000000e+00  0.000000000000000e+00  1.914627443484789e-02 -2.358349241141209e-02 -1.914627443486250e-02  2.358349241140320e-02  1.000000000000000e+00  0.000000000000000e+00 
 1.000000000000020e+11  1.780242878241039e-02 -2.296689064356551e-02 -1.781471479217469e-02  2.298542438367143e-02  1.000000000000000e+00  0.000000000000000e+00  1.781190198294920e-02 -2.298478198937647e-02 -1.781190198296273e-02  2.298478198936849e-02  1.000000000000000e+00  0.000000000000000e+00 
