 2.000000000000000e-09  1.499911267168983e-01 
 2.004000000000000e-09  1.350551453668718e-01 
 2.008000000000000e-09  1.194275885878739e-01 
 2.012000000000000e-09  1.034567438086889e-01 
 2.016000000000000e-09  8.705674696150556e-02 
 2.020000000000000e-09  7.029542660722576e-02 
 2.024000000000000e-09  5.324265940939421e-02 
 2.028000000000000e-09  3.596961205240001e-02 
 2.032000000000000e-09  1.854962809025906e-02 
 2.036000000000000e-09  1.057968532186759e-03 
 2.040000000000000e-09 -1.643120980068602e-02 
 2.044000000000000e-09 -3.384501862688971e-02 
 2.048000000000000e-09 -5.111144952827340e-02 
 2.052000000000000e-09 -6.815966334120516e-02 
 2.056000000000000e-09 -8.492002990985803e-02 
 2.060000000000000e-09 -1.013243490065632e-01 
 2.064000000000000e-09 -1.173061688040851e-01 
 2.068000000000000e-09 -1.328012764763642e-01 
 2.072000000000000e-09 -1.477480612084943e-01 
 2.076000000000000e-09 -1.620879142096823e-01 
 2.080000000000000e-09 -1.757654752374469e-01 
 2.084000000000000e-09 -1.887288829137961e-01 
 2.088000000000000e-09 -2.009298988125476e-01 
 2.092000000000000e-09 -2.123240273384734e-01 
 2.096000000000000e-09 -2.228705401320259e-01 
 2.100000000000000e-09 -2.325324952367569e-01 
 2.104000000000000e-09 -2.412766885993327e-01 
 2.108000000000000e-09 -2.490736047444297e-01 
 2.112000000000000e-09 -2.558973258421500e-01 
 2.116000000000000e-09 -2.617254490462511e-01 
 2.120000000000000e-09 -2.665389865145900e-01 
 2.124000000000000e-09 -2.703222848609987e-01 
 2.128000000000000e-09 -2.730629478664939e-01 
 2.132000000000000e-09 -2.747517881250225e-01 
 2.136000000000000e-09 -2.753827961164457e-01 
 2.140000000000000e-09 -2.749531426270939e-01 
 2.144000000000000e-09 -2.734632043478777e-01 
 2.148000000000000e-09 -2.709166201715461e-01 
 2.152000000000000e-09 -2.673203676525864e-01 
 2.156000000000000e-09 -2.626848605561487e-01 
 2.160000000000000e-09 -2.570240563438058e-01 
 2.164000000000000e-09 -2.503555701715152e-01 
 2.168000000000000e-09 -2.427007843959998e-01 
 2.172000000000000e-09 -2.340849481763845e-01 
 2.176000000000000e-09 -2.245372574839986e-01 
 2.180000000000000e-09 -2.140909101872379e-01 
 2.183999999999999e-09 -2.027831288561570e-01 
 2.187999999999999e-09 -1.906551474617126e-01 
 2.191999999999999e-09 -1.777521574891479e-01 
 2.195999999999999e-09 -1.641232118223370e-01 
 2.199999999999999e-09 -1.498210847998314e-01 
 2.203999999999999e-09 -1.349020890638126e-01 
 2.207999999999999e-09 -1.194258500474183e-01 
 2.211999999999999e-09 -1.034550405817005e-01 
 2.215999999999999e-09 -8.705507874740004e-02 
 2.219999999999999e-09 -7.029379312012196e-02 
 2.223999999999999e-09 -5.324106037279419e-02 
 2.227999999999999e-09 -3.596804719368540e-02 
 2.231999999999999e-09 -1.854809713158856e-02 
 2.235999999999999e-09 -1.056471189523567e-03 
 2.239999999999999e-09  1.643267382375013e-02 
 2.243999999999999e-09  3.384644965113282e-02 
 2.247999999999999e-09  5.111284790225756e-02 
 2.251999999999999e-09  6.816102944093627e-02 
 2.255999999999999e-09  8.492136413966245e-02 
 2.259999999999999e-09  1.013256518011563e-01 
 2.263999999999999e-09  1.173074406317722e-01 
 2.267999999999999e-09  1.328025178419758e-01 
 2.271999999999999e-09  1.477492726543082e-01 
 2.275999999999999e-09  1.620890963175037e-01 
 2.279999999999999e-09  1.757666286277901e-01 
 2.283999999999999e-09  1.887300082456216e-01 
 2.287999999999999e-09  2.009309967810231e-01 
 2.291999999999999e-09  2.123250986732759e-01 
 2.295999999999999e-09  2.228715855932824e-01 
 2.299999999999999e-09  2.325335156112325e-01 
 2.303999999999999e-09  2.412776846956055e-01 
 2.307999999999999e-09  2.490745773871912e-01 
 2.311999999999999e-09  2.558982758677315e-01 
 2.315999999999999e-09  2.617263772950627e-01 
 2.319999999999999e-09  2.665398938259451e-01 
 2.323999999999999e-09  2.703231720670967e-01 
 2.327999999999999e-09  2.730638157853424e-01 
 2.331999999999999e-09  2.747526375557070e-01 
 2.335999999999999e-09  2.753836278333870e-01 
 2.339999999999999e-09  2.749539573752884e-01 
 2.343999999999999e-09  2.734640028386741e-01 
 2.347999999999999e-09  2.709174030788595e-01 
 2.351999999999999e-09  2.673211356106122e-01 
 2.355999999999999e-09  2.626856141568332e-01 
 2.359999999999999e-09  2.570247961358307e-01 
 2.363999999999999e-09  2.503562966599926e-01 
 2.367999999999999e-09  2.427014980423157e-01 
 2.371999999999999e-09  2.340856493993242e-01 
 2.375999999999999e-09  2.245379466607056e-01 
 2.379999999999999e-09  2.140915876554113e-01 
 2.383999999999999e-09  2.027837949165399e-01 
 2.387999999999999e-09  1.906558023806366e-01 
 2.391999999999999e-09  1.777528015007954e-01 
 2.395999999999999e-09  1.641238451330063e-01 
 2.399999999999999e-09  1.498217075893336e-01 
 2.403999999999999e-09  1.349027014902622e-01 
 2.407999999999999e-09  1.194264522488595e-01 
 2.411999999999999e-09  1.034556326805944e-01 
 2.415999999999999e-09  8.705566085181227e-02 
 2.419999999999999e-09  7.029436532707667e-02 
 2.423999999999999e-09  5.324162277102307e-02 
 2.427999999999999e-09  3.596859986363476e-02 
 2.431999999999999e-09  1.854864014927671e-02 
 2.435999999999999e-09  1.057004632520453e-03 
 2.439999999999999e-09 -1.643214987913488e-02 
 2.443999999999999e-09 -3.384593513051293e-02 
 2.447999999999999e-09 -5.111234272927412e-02 
 2.451999999999999e-09 -6.816053353797979e-02 
 2.455999999999999e-09 -8.492087742603349e-02 
 2.459999999999999e-09 -1.013251741930885e-01 
 2.463999999999999e-09 -1.173069720419768e-01 
 2.467999999999999e-09 -1.328020581784610e-01 
 2.471999999999998e-09 -1.477488218209615e-01 
 2.475999999999998e-09 -1.620886542133371e-01 
 2.479999999999998e-09 -1.757661951475300e-01 
 2.483999999999998e-09 -1.887295832791258e-01 
 2.487999999999998e-09 -2.009305802143562e-01 
 2.491999999999998e-09 -2.123246903878426e-01 
 2.495999999999998e-09 -2.228711854672971e-01 
 2.499999999999998e-09 -2.325331235194761e-01 
 2.503999999999998e-09 -2.412773005101994e-01 
 2.507999999999998e-09 -2.490742009786473e-01 
 2.511999999999998e-09 -2.558979071054377e-01 
 2.515999999999998e-09 -2.617260160478247e-01 
 2.519999999999998e-09 -2.665395399637944e-01 
 2.523999999999998e-09 -2.703228254609999e-01 
 2.527999999999998e-09 -2.730634763095092e-01 
 2.531999999999998e-09 -2.747523050870189e-01 
 2.535999999999998e-09 -2.753833022534731e-01 
 2.539999999999998e-09 -2.749536385706568e-01 
 2.543999999999998e-09 -2.734636907013825e-01 
 2.547999999999998e-09 -2.709170975071944e-01 
 2.551999999999998e-09 -2.673208365095432e-01 
 2.555999999999998e-09 -2.626853214378737e-01 
 2.559999999999998e-09 -2.570245097176624e-01 
 2.563999999999998e-09 -2.503560164674772e-01 
 2.567999999999998e-09 -2.427012240072848e-01 
 2.571999999999998e-09 -2.340853814590831e-01 
 2.575999999999998e-09 -2.245376847590850e-01 
 2.579999999999998e-09 -2.140913317408493e-01 
 2.583999999999998e-09 -2.027835449419992e-01 
 2.587999999999998e-09 -1.906555583031602e-01 
 2.591999999999998e-09 -1.777525632804471e-01 
 2.595999999999998e-09 -1.641236127324777e-01 
 2.599999999999998e-09 -1.498214809732876e-01 
 2.603999999999998e-09 -1.349024806245165e-01 
 2.607999999999998e-09 -1.194262370998116e-01 
 2.611999999999998e-09 -1.034554232139402e-01 
 2.615999999999998e-09 -8.705545703312456e-02 
 2.619999999999998e-09 -7.029416711982783e-02 
 2.623999999999998e-09 -5.324143013667726e-02 
 2.627999999999998e-09 -3.596841275953011e-02 
 2.631999999999998e-09 -1.854845852893749e-02 
 2.635999999999998e-09 -1.056828447679514e-03 
 2.639999999999998e-09  1.643232068125577e-02 
 2.643999999999998e-09  3.384610061228610e-02 
 2.647999999999998e-09  5.111250296147318e-02 
 2.651999999999998e-09  6.816068859913926e-02 
 2.655999999999998e-09  8.492102740293550e-02 
 2.659999999999998e-09  1.013253191808827e-01 
 2.663999999999998e-09  1.173071121448412e-01 
 2.667999999999998e-09  1.328021935096881e-01 
 2.671999999999998e-09  1.477489525041467e-01 
 2.675999999999998e-09  1.620887803824735e-01 
 2.679999999999998e-09  1.757663169470582e-01 
 2.683999999999998e-09  1.887297008636510e-01 
 2.687999999999998e-09  2.009306937476438e-01 
 2.691999999999998e-09  2.123248000432687e-01 
 2.695999999999998e-09  2.228712914258857e-01 
 2.699999999999998e-09  2.325332259694555e-01 
 2.703999999999998e-09  2.412773996458868e-01 
 2.707999999999998e-09  2.490742969979820e-01 
 2.711999999999998e-09  2.558980002100371e-01 
 2.715999999999998e-09  2.617261064408307e-01 
 2.719999999999998e-09  2.665396278476242e-01 
 2.723999999999998e-09  2.703229110369991e-01 
 2.727999999999998e-09  2.730635597758042e-01 
 2.731999999999998e-09  2.747523866376944e-01 
 2.735999999999998e-09  2.753833820764378e-01 
 2.739999999999998e-09  2.749537168471172e-01 
 2.743999999999998e-09  2.734637676047453e-01 
 2.747999999999998e-09  2.709171732024820e-01 
 2.751999999999998e-09  2.673209111518275e-01 
 2.755999999999998e-09  2.626853951721408e-01 
 2.759999999999998e-09  2.570245826791164e-01 
 2.763999999999997e-09  2.503560887801719e-01 
 2.767999999999997e-09  2.427012957846315e-01 
 2.771999999999997e-09  2.340854528039078e-01 
 2.775999999999997e-09  2.245377557637851e-01 
 2.779999999999997e-09  2.140914024874525e-01 
 2.783999999999997e-09  2.027836155030744e-01 
 2.787999999999997e-09  1.906556287419900e-01 
 2.791999999999997e-09  1.777526336514570e-01 
 2.795999999999997e-09  1.641236830822574e-01 
 2.799999999999997e-09  1.498215513406334e-01 
 2.803999999999997e-09  1.349025510417272e-01 
 2.807999999999997e-09  1.194263075924589e-01 
 2.811999999999997e-09  1.034554938026959e-01 
 2.815999999999997e-09  8.705552773262237e-02 
 2.819999999999997e-09  7.029423794094125e-02 
 2.823999999999997e-09  5.324150108488102e-02 
 2.827999999999997e-09  3.596848383629947e-02 
 2.831999999999997e-09  1.854852973072330e-02 
 2.835999999999997e-09  1.056899771291420e-03 
 2.839999999999997e-09 -1.643224924286102e-02 
 2.843999999999997e-09 -3.384602907240453e-02 
 2.847999999999997e-09 -5.111243133768451e-02 
 2.851999999999997e-09 -6.816061691400499e-02 
 2.855999999999997e-09 -8.492095568275548e-02 
 2.859999999999997e-09 -1.013252474559829e-01 
 2.863999999999997e-09 -1.173070404496785e-01 
 2.867999999999997e-09 -1.328021218835209e-01 
 2.871999999999997e-09 -1.477488809909251e-01 
 2.875999999999997e-09 -1.620887090306469e-01 
 2.879999999999997e-09 -1.757662458099682e-01 
 2.883999999999997e-09 -1.887296299995462e-01 
 2.887999999999997e-09 -2.009306232190808e-01 
 2.891999999999997e-09 -2.123247299172708e-01 
 2.895999999999997e-09 -2.228712217727380e-01 
 2.899999999999997e-09 -2.325331568631182e-01 
 2.903999999999997e-09 -2.412773311628296e-01 
 2.907999999999997e-09 -2.490742292172317e-01 
 2.911999999999997e-09 -2.558979332111972e-01 
 2.915999999999997e-09 -2.617260403049075e-01 
 2.919999999999997e-09 -2.665395626558302e-01 
 2.923999999999997e-09 -2.703228468700312e-01 
 2.927999999999997e-09 -2.730634967130579e-01 
 2.931999999999997e-09 -2.747523247572095e-01 
 2.935999999999997e-09 -2.753833214545569e-01 
 2.939999999999997e-09 -2.749536575572589e-01 
 2.943999999999997e-09 -2.734637097174983e-01 
 2.947999999999997e-09 -2.709171167844537e-01 
 2.951999999999997e-09 -2.673208562671039e-01 
 2.955999999999997e-09 -2.626853418805191e-01 
 2.959999999999997e-09 -2.570245310361217e-01 
 2.963999999999997e-09 -2.503560388369925e-01 
 2.967999999999997e-09 -2.427012475879438e-01 
 2.971999999999997e-09 -2.340854063964977e-01 
 2.975999999999997e-09 -2.245377111833888e-01 
 2.979999999999997e-09 -2.140913597674587e-01 
 2.983999999999997e-09 -2.027835746724729e-01 
 2.987999999999997e-09 -1.906555898251594e-01 
 2.991999999999997e-09 -1.777525966683466e-01 
 2.995999999999997e-09 -1.641236480488795e-01 
 2.999999999999997e-09 -1.498215182695724e-01 
 3.003999999999997e-09 -1.349025199407032e-01 
 3.007999999999997e-09 -1.194262784665341e-01 
 3.011999999999997e-09 -1.034554666527043e-01 
 3.015999999999997e-09 -8.705550255653716e-02 
 3.019999999999997e-09 -7.029421473202024e-02 
 3.023999999999997e-09 -5.324147983428151e-02 
 3.027999999999997e-09 -3.596846453032931e-02 
 3.031999999999997e-09 -1.854851235169619e-02 
 3.035999999999997e-09 -1.056884301013028e-03 
 3.039999999999997e-09  1.643226282673549e-02 
 3.043999999999997e-09  3.384604079912368e-02 
 3.047999999999997e-09  5.111244124215819e-02 
 3.051999999999996e-09  6.816062503617815e-02 
 3.055999999999996e-09  8.492096206843236e-02 
 3.059999999999996e-09  1.013252521558696e-01 
 3.063999999999996e-09  1.173070435197623e-01 
 3.067999999999996e-09  1.328021233870347e-01 
 3.071999999999996e-09  1.477488809960770e-01 
 3.075999999999996e-09  1.620887076126554e-01 
 3.079999999999996e-09  1.757662430506350e-01 
 3.083999999999996e-09  1.887296259864577e-01 
 3.087999999999996e-09  2.009306180465344e-01 
 3.091999999999996e-09  2.123247236848878e-01 
 3.095999999999996e-09  2.228712145849765e-01 
 3.099999999999996e-09  2.325331488292468e-01 
 3.103999999999996e-09  2.412773223951812e-01 
 3.107999999999996e-09  2.490742198312381e-01 
 3.111999999999996e-09  2.558979233243557e-01 
 3.115999999999996e-09  2.617260300353674e-01 
 3.119999999999996e-09  2.665395521218015e-01 
 3.123999999999996e-09  2.703228361893240e-01 
 3.127999999999996e-09  2.730634860016479e-01 
 3.131999999999996e-09  2.747523141286956e-01 
 3.135999999999996e-09  2.753833110191199e-01 
 3.139999999999996e-09  2.749536474211165e-01 
 3.143999999999996e-09  2.734636999827795e-01 
 3.147999999999996e-09  2.709171075488657e-01 
 3.151999999999996e-09  2.673208476216422e-01 
 3.155999999999996e-09  2.626853339110631e-01 
 3.159999999999996e-09  2.570245238222453e-01 
 3.163999999999996e-09  2.503560324523959e-01 
 3.167999999999996e-09  2.427012421000803e-01 
 3.171999999999996e-09  2.340854018658325e-01 
 3.175999999999996e-09  2.245377076645734e-01 
 3.179999999999996e-09  2.140913573086096e-01 
 3.183999999999996e-09  2.027835733157559e-01 
 3.187999999999996e-09  1.906555896069935e-01 
 3.191999999999996e-09  1.777525976195728e-01 
 3.195999999999996e-09  1.641236501954992e-01 
 3.199999999999996e-09  1.498215216315630e-01 
 3.203999999999996e-09  1.349025245347342e-01 
 3.207999999999996e-09  1.194262843035032e-01 
 3.211999999999996e-09  1.034554737400901e-01 
 3.215999999999996e-09  8.705551089785146e-02 
 3.219999999999996e-09  7.029422432779064e-02 
 3.223999999999996e-09  5.324149068031581e-02 
 3.227999999999996e-09  3.596847661877955e-02 
 3.231999999999996e-09  1.854852567024246e-02 
 3.235999999999996e-09  1.056898837009435e-03 
 3.239999999999996e-09 -1.643224708902746e-02 
 3.243999999999996e-09 -3.384602388198488e-02 
 3.247999999999996e-09 -5.111242317298803e-02 
 3.251999999999996e-09 -6.816060584769179e-02 
 3.255999999999996e-09 -8.492094179764642e-02 
 3.259999999999996e-09 -1.013252308440036e-01 
 3.263999999999996e-09 -1.173070212137004e-01 
 3.267999999999996e-09 -1.328021001379849e-01 
 3.271999999999996e-09 -1.477488568608960e-01 
 3.275999999999996e-09 -1.620886826547752e-01 
 3.279999999999996e-09 -1.757662173380972e-01 
 3.283999999999996e-09 -1.887295995932514e-01 
 3.287999999999996e-09 -2.009305910515455e-01 
 3.291999999999996e-09 -2.123246961720713e-01 
 3.295999999999996e-09 -2.228711866428856e-01 
 3.299999999999996e-09 -2.325331205497276e-01 
 3.303999999999996e-09 -2.412772938734862e-01 
 3.307999999999996e-09 -2.490741911648802e-01 
 3.311999999999996e-09 -2.558978946130492e-01 
 3.315999999999996e-09 -2.617260013792029e-01 
 3.319999999999996e-09 -2.665395236210737e-01 
 3.323999999999996e-09 -2.703228079440676e-01 
 3.327999999999996e-09 -2.730634581099913e-01 
 3.331999999999996e-09 -2.747522866869530e-01 
 3.335999999999996e-09 -2.753832841206443e-01 
 3.339999999999995e-09 -2.749536211569781e-01 
 3.343999999999995e-09 -2.734636744396532e-01 
 3.347999999999995e-09 -2.709170828085425e-01 
 3.351999999999995e-09 -2.673208237622122e-01 
 3.355999999999995e-09 -2.626853110056435e-01 
 3.359999999999995e-09 -2.570245019389854e-01 
 3.363999999999995e-09 -2.503560116537804e-01 
 3.367999999999995e-09 -2.427012224430172e-01 
 3.371999999999995e-09 -2.340853834028493e-01 
 3.375999999999995e-09 -2.245376904414016e-01 
 3.379999999999995e-09 -2.140913413665126e-01 
 3.383999999999995e-09 -2.027835586905815e-01 
 3.387999999999995e-09 -1.906555763292834e-01 
 3.391999999999995e-09 -1.777525857155373e-01 
 3.395999999999995e-09 -1.641236396858092e-01 
 3.399999999999995e-09 -1.498215125334923e-01 
 3.403999999999995e-09 -1.349025168603477e-01 
 3.407999999999995e-09 -1.194262780620834e-01 
 3.411999999999995e-09 -1.034554689362874e-01 
 3.415999999999995e-09 -8.705550753294400e-02 
 3.419999999999995e-09 -7.029422239990168e-02 
 3.423999999999995e-09 -5.324149018344215e-02 
 3.427999999999995e-09 -3.596847754387600e-02 
 3.431999999999995e-09 -1.854852800399875e-02 
 3.435999999999995e-09 -1.056902565740536e-03 
 3.439999999999995e-09  1.643224198294657e-02 
 3.443999999999995e-09  3.384601742257320e-02 
 3.447999999999995e-09  5.111241538877653e-02 
 3.451999999999995e-09  6.816059677211683e-02 
 3.455999999999995e-09  8.492093146838808e-02 
 3.459999999999995e-09  1.013252193043632e-01 
 3.463999999999995e-09  1.173070085112640e-01 
 3.467999999999995e-09  1.328020863257331e-01 
 3.471999999999995e-09  1.477488419973163e-01 
 3.475999999999995e-09  1.620886668035464e-01 
 3.479999999999995e-09  1.757662005691625e-01 
 3.483999999999995e-09  1.887295819818062e-01 
 3.487999999999995e-09  2.009305726777391e-01 
 3.491999999999995e-09  2.123246771215057e-01 
 3.495999999999995e-09  2.228711670051395e-01 
 3.499999999999995e-09  2.325331004186584e-01 
 3.503999999999995e-09  2.412772733456308e-01 
 3.507999999999995e-09  2.490741703396064e-01 
 3.511999999999995e-09  2.558978735908088e-01 
 3.515999999999995e-09  2.617259802618042e-01 
 3.519999999999995e-09  2.665395025105965e-01 
 3.523999999999995e-09  2.703227869410418e-01 
 3.527999999999995e-09  2.730634373146417e-01 
 3.531999999999995e-09  2.747522661969561e-01 
 3.535999999999995e-09  2.753832640311717e-01 
 3.539999999999995e-09  2.749536015596261e-01 
 3.543999999999995e-09  2.734636554218492e-01 
 3.547999999999995e-09  2.709170644539913e-01 
 3.551999999999995e-09  2.673208061502648e-01 
 3.555999999999995e-09  2.626852942101183e-01 
 3.559999999999995e-09  2.570244860281059e-01 
 3.563999999999995e-09  2.503559966916094e-01 
 3.567999999999995e-09  2.427012084877336e-01 
 3.571999999999995e-09  2.340853705059569e-01 
 3.575999999999995e-09  2.245376786503495e-01 
 3.579999999999995e-09  2.140913307233552e-01 
 3.583999999999995e-09  2.027835492309453e-01 
 3.587999999999995e-09  1.906555680847939e-01 
 3.591999999999995e-09  1.777525787120915e-01 
 3.595999999999995e-09  1.641236339452998e-01 
 3.599999999999995e-09  1.498215080731562e-01 
 3.603999999999995e-09  1.349025136935547e-01 
 3.607999999999995e-09  1.194262761977543e-01 
 3.611999999999995e-09  1.034554683801305e-01 
 3.615999999999995e-09  8.705550828706876e-02 
 3.619999999999995e-09  7.029422446284261e-02 
 3.623999999999995e-09  5.324149355101504e-02 
 3.627999999999995e-09  3.596848220710935e-02 
 3.631999999999994e-09  1.854853395050693e-02 
 3.635999999999994e-09  1.056909782646720e-03 
 3.639999999999994e-09 -1.643223351172907e-02 
 3.643999999999994e-09 -3.384600771867241e-02 
 3.647999999999994e-09 -5.111240447972243e-02 
 3.651999999999994e-09 -6.816058468888375e-02 
 3.655999999999994e-09 -8.492091824749348e-02 
 3.659999999999994e-09 -1.013252049864466e-01 
 3.663999999999994e-09 -1.173069931408239e-01 
 3.667999999999994e-09 -1.328020699526586e-01 
 3.671999999999994e-09 -1.477488246772811e-01 
 3.675999999999994e-09 -1.620886485969057e-01 
 3.679999999999994e-09 -1.757661815420191e-01 
 3.683999999999994e-09 -1.887295622057836e-01 
 3.687999999999994e-09 -2.009305522291331e-01 
 3.691999999999994e-09 -2.123246560805110e-01 
 3.695999999999994e-09 -2.228711454578605e-01 
 3.699999999999994e-09 -2.325330784530140e-01 
 3.703999999999994e-09 -2.412772510538335e-01 
 3.707999999999994e-09 -2.490741478156258e-01 
 3.711999999999994e-09 -2.558978509303043e-01 
 3.715999999999994e-09 -2.617259575613180e-01 
 3.719999999999994e-09 -2.665394798665368e-01 
 3.723999999999994e-09 -2.703227644498127e-01 
 3.727999999999995e-09 -2.730634150708438e-01 
 3.731999999999995e-09 -2.747522442928318e-01 
 3.735999999999995e-09 -2.753832425569493e-01 
 3.739999999999996e-09 -2.749535806025316e-01 
 3.743999999999996e-09 -2.734636350651334e-01 
 3.747999999999997e-09 -2.709170447773213e-01 
 3.751999999999997e-09 -2.673207872283343e-01 
 3.755999999999997e-09 -2.626852761131382e-01 
 3.759999999999998e-09 -2.570244688216030e-01 
 3.763999999999998e-09 -2.503559804357596e-01 
 3.767999999999999e-09 -2.427011932374388e-01 
 3.771999999999999e-09 -2.340853563109233e-01 
 3.775999999999999e-09 -2.245376655559204e-01 
 3.780000000000000e-09 -2.140913187682010e-01 
 3.784000000000000e-09 -2.027835384497099e-01 
 3.788000000000001e-09 -1.906555585068919e-01 
 3.792000000000001e-09 -1.777525703630944e-01 
 3.796000000000001e-09 -1.641236268452033e-01 
 3.800000000000002e-09 -1.498215022384191e-01 
 3.804000000000002e-09 -1.349025091365386e-01 
 3.808000000000003e-09 -1.194262729270106e-01 
 3.812000000000003e-09 -1.034554664010585e-01 
 3.816000000000003e-09 -8.705550760128222e-02 
 3.820000000000004e-09 -7.029422506828720e-02 
 3.824000000000004e-09 -5.324149544363799e-02 
 3.828000000000005e-09 -3.596848537832376e-02 
 3.832000000000005e-09 -1.854853838807990e-02 
 3.836000000000005e-09 -1.056915474049624e-03 
 3.840000000000006e-09  1.643222658247101e-02 
 3.844000000000006e-09  3.384599957314638e-02 
 3.848000000000007e-09  5.111239514369004e-02 
 3.852000000000007e-09  6.816057419419241e-02 
 3.856000000000007e-09  8.492090662839846e-02 
 3.860000000000008e-09  1.013251922820384e-01 
 3.864000000000008e-09  1.173069793958019e-01 
 3.868000000000009e-09  1.328020552151017e-01 
 3.872000000000009e-09  1.477488090009951e-01 
 3.876000000000009e-09  1.620886320416401e-01 
 3.880000000000010e-09  1.757661641709767e-01 
 3.884000000000010e-09  1.887295440884760e-01 
 3.888000000000011e-09  2.009305334397711e-01 
 3.892000000000011e-09  2.123246366982556e-01 
 3.896000000000011e-09  2.228711255646361e-01 
 3.900000000000012e-09  2.325330581357967e-01 
 3.904000000000012e-09  2.412772304015824e-01 
 3.908000000000013e-09  2.490741269196950e-01 
 3.912000000000013e-09  2.558978298834325e-01 
 3.916000000000013e-09  2.617259364576761e-01 
 3.920000000000014e-09  2.665394588002130e-01 
 3.924000000000014e-09  2.703227435140301e-01 
 3.928000000000015e-09  2.730633943571645e-01 
 3.932000000000015e-09  2.747522238921025e-01 
 3.936000000000015e-09  2.753832225566919e-01 
 3.940000000000016e-09  2.749535610865450e-01 
 3.944000000000016e-09  2.734636161152675e-01 
 3.948000000000017e-09  2.709170264701348e-01 
 3.952000000000017e-09  2.673207696373108e-01 
 3.956000000000017e-09  2.626852593061213e-01 
 3.960000000000018e-09  2.570244528623555e-01 
 3.964000000000018e-09  2.503559653824672e-01 
 3.968000000000019e-09  2.427011791437135e-01 
 3.972000000000019e-09  2.340853432254626e-01 
 3.976000000000019e-09  2.245376535214088e-01 
 3.980000000000020e-09  2.140913078233151e-01 
 3.984000000000020e-09  2.027835286282000e-01 
 3.988000000000021e-09  1.906555498372811e-01 
 3.992000000000021e-09  1.777525628693564e-01 
 3.996000000000021e-09  1.641236205478327e-01 
 4.000000000000022e-09  1.498214971527956e-01 
 4.004000000000022e-09  1.349025052748436e-01 
 4.008000000000023e-09  1.194262702982423e-01 
 4.012000000000023e-09  1.034554650097101e-01 
 4.016000000000023e-09  8.705550744921009e-02 
 4.020000000000024e-09  7.029422615418301e-02 
 4.024000000000024e-09  5.324149776284148e-02 
 4.028000000000025e-09  3.596848892279159e-02 
 4.032000000000025e-09  1.854854314636878e-02 
 4.036000000000025e-09  1.056921433968405e-03 
 4.040000000000026e-09 -1.643221943569184e-02 
 4.044000000000026e-09 -3.384599126073073e-02 
 4.048000000000027e-09 -5.111238569157273e-02 
 4.052000000000027e-09 -6.816056363103318e-02 
 4.056000000000027e-09 -8.492089498809730e-02 
 4.060000000000028e-09 -1.013251796031582e-01 
 4.064000000000028e-09 -1.173069657196946e-01 
 4.068000000000029e-09 -1.328020405894339e-01 
 4.072000000000029e-09 -1.477487934774029e-01 
 4.076000000000029e-09 -1.620886156760317e-01 
 4.080000000000030e-09 -1.757661470263834e-01 
 4.084000000000030e-09 -1.887295262314215e-01 
 4.088000000000031e-09 -2.009305149415104e-01 
 4.092000000000031e-09 -2.123246176345539e-01 
 4.096000000000031e-09 -2.228711060151980e-01 
 4.100000000000032e-09 -2.325330381837230e-01 
 4.104000000000032e-09 -2.412772101329348e-01 
 4.108000000000033e-09 -2.490741064225062e-01 
 4.112000000000033e-09 -2.558978092475646e-01 
 4.116000000000033e-09 -2.617259157734699e-01 
 4.120000000000034e-09 -2.665394381578750e-01 
 4.124000000000034e-09 -2.703227230035501e-01 
 4.128000000000035e-09 -2.730633740670980e-01 
 4.132000000000035e-09 -2.747522039095038e-01 
 4.136000000000035e-09 -2.753832029660468e-01 
 4.140000000000036e-09 -2.749535419695273e-01 
 4.144000000000036e-09 -2.734635975495148e-01 
 4.148000000000037e-09 -2.709170085302119e-01 
 4.152000000000037e-09 -2.673207523929688e-01 
 4.156000000000037e-09 -2.626852428234954e-01 
 4.160000000000038e-09 -2.570244372026307e-01 
 4.164000000000038e-09 -2.503559506019521e-01 
 4.168000000000039e-09 -2.427011652937563e-01 
 4.172000000000039e-09 -2.340853303532504e-01 
 4.176000000000039e-09 -2.245376416685341e-01 
 4.180000000000040e-09 -2.140912970264868e-01 
 4.184000000000040e-09 -2.027835189197171e-01 
 4.188000000000041e-09 -1.906555412452864e-01 
 4.192000000000041e-09 -1.777525554169896e-01 
 4.196000000000041e-09 -1.641236142540645e-01 
 4.200000000000042e-09 -1.498214920332721e-01 
 4.204000000000042e-09 -1.349025013408465e-01 
 4.208000000000043e-09 -1.194262675580511e-01 
 4.212000000000043e-09 -1.034554634681415e-01 
 4.216000000000043e-09 -8.705550710782450e-02 
 4.220000000000044e-09 -7.029422701189958e-02 
 4.224000000000044e-09 -5.324149981512161e-02 
 4.228000000000045e-09 -3.596849216181575e-02 
 4.232000000000045e-09 -1.854854756085267e-02 
 4.236000000000045e-09 -1.056927012122344e-03 
 4.240000000000046e-09  1.643221270861073e-02 
 4.244000000000046e-09  3.384598340462830e-02 
 4.248000000000047e-09  5.111237673042712e-02 
 4.252000000000047e-09  6.816055359417295e-02 
 4.256000000000047e-09  8.492088390813368e-02 
 4.260000000000048e-09  1.013251675164444e-01 
 4.264000000000048e-09  1.173069526674100e-01 
 4.268000000000049e-09  1.328020266164991e-01 
 4.272000000000049e-09  1.477487786340745e-01 
 4.276000000000049e-09  1.620886000177650e-01 
 4.280000000000050e-09  1.757661306121241e-01 
 4.284000000000050e-09  1.887295091258494e-01 
 4.288000000000051e-09  2.009304972141450e-01 
 4.292000000000051e-09  2.123245993582268e-01 
 4.296000000000051e-09  2.228710872673636e-01 
 4.300000000000052e-09  2.325330190446246e-01 
 4.304000000000052e-09  2.412771906855120e-01 
 4.308000000000053e-09  2.490740867522407e-01 
 4.312000000000053e-09  2.558977894408421e-01 
 4.316000000000053e-09  2.617258959175062e-01 
 4.320000000000054e-09  2.665394183405849e-01 
 4.324000000000054e-09  2.703227033117268e-01 
 4.328000000000055e-09  2.730633545863672e-01 
 4.332000000000055e-09  2.747521847236616e-01 
 4.336000000000055e-09  2.753831841566299e-01 
 4.340000000000056e-09  2.749535236153307e-01 
 4.344000000000056e-09  2.734635797264156e-01 
 4.348000000000057e-09  2.709169913100862e-01 
 4.352000000000057e-09  2.673207358431573e-01 
 4.356000000000057e-09  2.626852270078159e-01 
 4.360000000000058e-09  2.570244221800904e-01 
 4.364000000000058e-09  2.503559364273475e-01 
 4.368000000000059e-09  2.427011520170153e-01 
 4.372000000000059e-09  2.340853180191895e-01 
 4.376000000000059e-09  2.245376303171271e-01 
 4.380000000000060e-09  2.140912866941136e-01 
 4.384000000000060e-09  2.027835096374035e-01 
 4.388000000000061e-09  1.906555330391697e-01 
 4.392000000000061e-09  1.777525483106235e-01 
 4.396000000000061e-09  1.641236082656219e-01 
 4.400000000000062e-09  1.498214871775145e-01 
 4.404000000000062e-09  1.349024976291640e-01 
 4.408000000000063e-09  1.194262649978191e-01 
 4.412000000000063e-09  1.034554620642378e-01 
 4.416000000000063e-09  8.705550686229735e-02 
 4.420000000000064e-09  7.029422792314222e-02 
 4.424000000000064e-09  5.324150187902355e-02 
 4.428000000000065e-09  3.596849537057523e-02 
 4.432000000000065e-09  1.854855190353710e-02 
 4.436000000000065e-09  1.056932477830230e-03 
 4.440000000000066e-09 -1.643220613424390e-02 
 4.444000000000066e-09 -3.384597574088311e-02 
 4.448000000000067e-09 -5.111236800127550e-02 
 4.452000000000067e-09 -6.816054382701964e-02 
 4.456000000000067e-09 -8.492087313434471e-02 
 4.460000000000068e-09 -1.013251557716037e-01 
 4.464000000000068e-09 -1.173069399906943e-01 
 4.468000000000069e-09 -1.328020130519185e-01 
 4.472000000000069e-09 -1.477487642298669e-01 
 4.476000000000069e-09 -1.620885848272886e-01 
 4.480000000000070e-09 -1.757661146926335e-01 
 4.484000000000070e-09 -1.887294925400322e-01 
 4.488000000000071e-09 -2.009304800282585e-01 
 4.492000000000071e-09 -2.123245816436867e-01 
 4.496000000000071e-09 -2.228710690982991e-01 
 4.500000000000072e-09 -2.325330004985471e-01 
 4.504000000000072e-09 -2.412771718425888e-01 
 4.508000000000073e-09 -2.490740676948002e-01 
 4.512000000000073e-09 -2.558977702526066e-01 
 4.516000000000073e-09 -2.617258766824886e-01 
 4.520000000000074e-09 -2.665393991432048e-01 
 4.524000000000074e-09 -2.703226842361046e-01 
 4.528000000000075e-09 -2.730633357153500e-01 
 4.532000000000075e-09 -2.747521661383230e-01 
 4.536000000000075e-09 -2.753831659355164e-01 
 4.540000000000076e-09 -2.749535058345260e-01 
 4.544000000000076e-09 -2.734635624586359e-01 
 4.548000000000077e-09 -2.709169746248139e-01 
 4.552000000000077e-09 -2.673207198061462e-01 
 4.556000000000077e-09 -2.626852116805640e-01 
 4.560000000000078e-09 -2.570244076194688e-01 
 4.564000000000078e-09 -2.503559226859520e-01 
 4.568000000000079e-09 -2.427011391429397e-01 
 4.572000000000079e-09 -2.340853060556269e-01 
 4.576000000000079e-09 -2.245376193038791e-01 
 4.580000000000080e-09 -2.140912766649850e-01 
 4.584000000000080e-09 -2.027835006229770e-01 
 4.588000000000081e-09 -1.906555250652566e-01 
 4.592000000000081e-09 -1.777525413983918e-01 
 4.596000000000081e-09 -1.641236024337376e-01 
 4.600000000000082e-09 -1.498214824398652e-01 
 4.604000000000082e-09 -1.349024939969983e-01 
 4.608000000000083e-09 -1.194262624783198e-01 
 4.612000000000083e-09 -1.034554606622775e-01 
 4.616000000000083e-09 -8.705550657916206e-02 
 4.620000000000084e-09 -7.029422875747393e-02 
 4.624000000000084e-09 -5.324150382697646e-02 
 4.628000000000085e-09 -3.596849842496930e-02 
 4.632000000000085e-09 -1.854855605356853e-02 
 4.636000000000085e-09 -1.056937712734296e-03 
 4.640000000000086e-09  1.643219982813804e-02 
 4.644000000000086e-09  3.384596838258069e-02 
 4.648000000000087e-09  5.111235961329719e-02 
 4.652000000000087e-09  6.816053443631809e-02 
 4.656000000000087e-09  8.492086277115263e-02 
 4.660000000000088e-09  1.013251444704331e-01 
 4.664000000000088e-09  1.173069277893468e-01 
 4.668000000000089e-09  1.328019999925258e-01 
 4.672000000000089e-09  1.477487503591419e-01 
 4.676000000000089e-09  1.620885701963246e-01 
 4.680000000000090e-09  1.757660993579222e-01 
 4.684000000000090e-09  1.887294765610772e-01 
 4.688000000000091e-09  2.009304634698692e-01 
 4.692000000000091e-09  2.123245645735699e-01 
 4.696000000000091e-09  2.228710515888270e-01 
 4.700000000000092e-09  2.325329826244555e-01 
 4.704000000000092e-09  2.412771536815850e-01 
 4.708000000000093e-09  2.490740493261141e-01 
 4.712000000000093e-09  2.558977517567591e-01 
 4.716000000000093e-09  2.617258581420276e-01 
 4.720000000000094e-09  2.665393806387730e-01 
 4.724000000000094e-09  2.703226658487496e-01 
 4.728000000000095e-09  2.730633175254944e-01 
 4.732000000000095e-09  2.747521482241746e-01 
 4.736000000000095e-09  2.753831483730838e-01 
 4.740000000000096e-09  2.749534886972815e-01 
 4.744000000000096e-09  2.734635458167631e-01 
 4.748000000000097e-09  2.709169585455891e-01 
 4.752000000000097e-09  2.673207043524832e-01 
 4.756000000000097e-09  2.626851969121307e-01 
 4.760000000000098e-09  2.570243935912133e-01 
 4.764000000000098e-09  2.503559094487851e-01 
 4.768000000000099e-09  2.427011267435346e-01 
 4.772000000000099e-09  2.340852945356673e-01 
 4.776000000000099e-09  2.245376087013486e-01 
 4.780000000000100e-09  2.140912670129858e-01 
 4.784000000000100e-09  2.027834919504956e-01 
 4.788000000000101e-09  1.906555173973246e-01 
 4.792000000000101e-09  1.777525347564426e-01 
 4.796000000000101e-09  1.641235968342549e-01 
 4.800000000000102e-09  1.498214778975875e-01 
 4.804000000000102e-09  1.349024905219363e-01 
 4.808000000000103e-09  1.194262600780256e-01 
 4.812000000000103e-09  1.034554593409069e-01 
 4.816000000000103e-09  8.705550633808556e-02 
 4.820000000000104e-09  7.029422959596232e-02 
 4.824000000000104e-09  5.324150574076114e-02 
 4.828000000000105e-09  3.596850140676189e-02 
 4.832000000000105e-09  1.854856009341788e-02 
 4.836000000000105e-09  1.056942800536476e-03 
 4.840000000000106e-09 -1.643219370581583e-02 
 4.844000000000106e-09 -3.384596124406158e-02 
 4.848000000000107e-09 -5.111235148028115e-02 
 4.852000000000107e-09 -6.816052533491757e-02 
 4.856000000000107e-09 -8.492085273106653e-02 
 4.860000000000108e-09 -1.013251335234315e-01 
 4.864000000000108e-09 -1.173069159733320e-01 
 4.868000000000109e-09 -1.328019873480422e-01 
 4.872000000000109e-09 -1.477487369314057e-01 
 4.876000000000109e-09 -1.620885560346625e-01 
 4.880000000000110e-09 -1.757660845160220e-01 
 4.884000000000110e-09 -1.887294610976049e-01 
 4.888000000000111e-09 -2.009304474465692e-01 
 4.892000000000111e-09 -2.123245480567517e-01 
 4.896000000000111e-09 -2.228710346477705e-01 
 4.900000000000112e-09 -2.325329653318340e-01 
 4.904000000000112e-09 -2.412771361118691e-01 
 4.908000000000113e-09 -2.490740315562516e-01 
 4.912000000000113e-09 -2.558977338644475e-01 
 4.916000000000113e-09 -2.617258402056866e-01 
 4.920000000000114e-09 -2.665393627378496e-01 
 4.924000000000114e-09 -2.703226480609513e-01 
 4.928000000000115e-09 -2.730632999286933e-01 
 4.932000000000115e-09 -2.747521308929508e-01 
 4.936000000000115e-09 -2.753831313816906e-01 
 4.940000000000116e-09 -2.749534721168077e-01 
 4.944000000000116e-09 -2.734635297148806e-01 
 4.948000000000117e-09 -2.709169429869807e-01 
 4.952000000000117e-09 -2.673206893983679e-01 
 4.956000000000117e-09 -2.626851826196330e-01 
 4.960000000000118e-09 -2.570243800137675e-01 
 4.964000000000118e-09 -2.503558966355408e-01 
 4.968000000000119e-09 -2.427011147386686e-01 
 4.972000000000119e-09 -2.340852833808098e-01 
 4.976000000000119e-09 -2.245375984322102e-01 
 4.980000000000120e-09 -2.140912576619574e-01 
 4.984000000000120e-09 -2.027834835457663e-01 
 4.988000000000121e-09 -1.906555099630705e-01 
 4.992000000000121e-09 -1.777525283125163e-01 
 4.996000000000121e-09 -1.641235913980079e-01 
 5.000000000000122e-09 -1.498214734821923e-01 
 5.004000000000122e-09 -1.349024871372482e-01 
 5.008000000000122e-09 -1.194262577313516e-01 
 5.012000000000123e-09 -1.034554580364269e-01 
 5.016000000000123e-09 -8.705550607706414e-02 
 5.020000000000124e-09 -7.029423037760196e-02 
 5.024000000000124e-09 -5.324150756080748e-02 
 5.028000000000124e-09 -3.596850425876852e-02 
 5.032000000000125e-09 -1.854856396753135e-02 
 5.036000000000125e-09 -1.056947686434384e-03 
 5.040000000000126e-09  1.643218782081135e-02 
 5.044000000000126e-09  3.384595437705684e-02 
 5.048000000000126e-09  5.111234365373996e-02 
 5.052000000000127e-09  6.816051657291844e-02 
 5.056000000000127e-09  8.492084306196368e-02 
 5.060000000000128e-09  1.013251229794498e-01 
 5.064000000000128e-09  1.173069045895883e-01 
 5.068000000000128e-09  1.328019751642699e-01 
 5.072000000000129e-09  1.477487239910715e-01 
 5.076000000000129e-09  1.620885423854626e-01 
 5.080000000000130e-09  1.757660702099413e-01 
 5.084000000000130e-09  1.887294461906119e-01 
 5.088000000000130e-09  2.009304319990797e-01 
 5.092000000000131e-09  2.123245321325919e-01 
 5.096000000000131e-09  2.228710183136160e-01 
 5.100000000000132e-09  2.325329486575614e-01 
 5.104000000000132e-09  2.412771191698324e-01 
 5.108000000000132e-09  2.490740144205179e-01 
 5.112000000000133e-09  2.558977166108924e-01 
 5.116000000000133e-09  2.617258229099417e-01 
 5.120000000000134e-09  2.665393454758342e-01 
 5.124000000000134e-09  2.703226309088231e-01 
 5.128000000000134e-09  2.730632829602853e-01 
 5.132000000000135e-09  2.747521141821678e-01 
 5.136000000000135e-09  2.753831149989496e-01 
 5.140000000000136e-09  2.749534561300349e-01 
 5.144000000000136e-09  2.734635141906800e-01 
 5.148000000000136e-09  2.709169279873902e-01 
 5.152000000000137e-09  2.673206749827148e-01 
 5.156000000000137e-09  2.626851688430794e-01 
 5.160000000000138e-09  2.570243669278041e-01 
 5.164000000000138e-09  2.503558842873139e-01 
 5.168000000000138e-09  2.427011031719672e-01 
 5.172000000000139e-09  2.340852726346281e-01 
 5.176000000000139e-09  2.245375885415424e-01 
 5.180000000000140e-09  2.140912486583799e-01 
 5.184000000000140e-09  2.027834754553064e-01 
 5.188000000000140e-09  1.906555028100376e-01 
 5.192000000000141e-09  1.777525221162648e-01 
 5.196000000000141e-09  1.641235861748598e-01 
 5.200000000000142e-09  1.498214692445803e-01 
 5.204000000000142e-09  1.349024838954129e-01 
 5.208000000000142e-09  1.194262554919145e-01 
 5.212000000000143e-09  1.034554568034025e-01 
 5.216000000000143e-09  8.705550585184696e-02 
 5.220000000000144e-09  7.029423115890410e-02 
 5.224000000000144e-09  5.324150934546346e-02 
 5.228000000000144e-09  3.596850704001575e-02 
 5.232000000000145e-09  1.854856773593205e-02 
 5.236000000000145e-09  1.056952431724767e-03 
 5.240000000000146e-09 -1.643218211051156e-02 
 5.244000000000146e-09 -3.384594771918437e-02 
 5.248000000000146e-09 -5.111233606790044e-02 
 5.252000000000147e-09 -6.816050808361140e-02 
 5.256000000000147e-09 -8.492083369669956e-02 
 5.260000000000148e-09 -1.013251127692421e-01 
 5.264000000000148e-09 -1.173068935681236e-01 
 5.268000000000148e-09 -1.328019633701611e-01 
 5.272000000000149e-09 -1.477487114665390e-01 
 5.276000000000149e-09 -1.620885291761756e-01 
 5.280000000000150e-09 -1.757660563665544e-01 
 5.284000000000150e-09 -1.887294317672223e-01 
 5.288000000000150e-09 -2.009304170535078e-01 
 5.292000000000151e-09 -2.123245167264827e-01 
 5.296000000000151e-09 -2.228710025118632e-01 
 5.300000000000152e-09 -2.325329325274783e-01 
 5.304000000000152e-09 -2.412771027817637e-01 
 5.308000000000152e-09 -2.490739978452710e-01 
 5.312000000000153e-09 -2.558976999214759e-01 
 5.316000000000153e-09 -2.617258061794221e-01 
 5.320000000000154e-09 -2.665393287783948e-01 
 5.324000000000154e-09 -2.703226143173372e-01 
 5.328000000000154e-09 -2.730632665463193e-01 
 5.332000000000155e-09 -2.747520980163742e-01 
 5.336000000000155e-09 -2.753830991502118e-01 
 5.340000000000156e-09 -2.749534406648466e-01 
 5.344000000000156e-09 -2.734634991715517e-01 
 5.348000000000156e-09 -2.709169134752074e-01 
 5.352000000000157e-09 -2.673206610342198e-01 
 5.356000000000157e-09 -2.626851555113565e-01 
 5.360000000000158e-09 -2.570243542633008e-01 
 5.364000000000158e-09 -2.503558723353509e-01 
 5.368000000000158e-09 -2.427010919746095e-01 
 5.372000000000159e-09 -2.340852622300238e-01 
 5.376000000000159e-09 -2.245375789633028e-01 
 5.380000000000160e-09 -2.140912399359731e-01 
 5.384000000000160e-09 -2.027834676159745e-01 
 5.388000000000160e-09 -1.906554958755518e-01 
 5.392000000000161e-09 -1.777525161057190e-01 
 5.396000000000161e-09 -1.641235811038992e-01 
 5.400000000000162e-09 -1.498214651259211e-01 
 5.404000000000162e-09 -1.349024807380719e-01 
 5.408000000000162e-09 -1.194262533025423e-01 
 5.412000000000163e-09 -1.034554555861540e-01 
 5.416000000000163e-09 -8.705550560839903e-02 
 5.420000000000164e-09 -7.029423188751238e-02 
 5.424000000000164e-09 -5.324151104312591e-02 
 5.428000000000164e-09 -3.596850969977083e-02 
 5.432000000000165e-09 -1.854857134882870e-02 
 5.436000000000165e-09 -1.056956988689350e-03 
 5.440000000000166e-09  1.643217662165597e-02 
 5.444000000000166e-09  3.384594131474472e-02 
 5.448000000000166e-09  5.111232876750904e-02 
 5.452000000000167e-09  6.816049991124906e-02 
 5.456000000000167e-09  8.492082467803641e-02 
 5.460000000000168e-09  1.013251029341422e-01 
 5.464000000000168e-09  1.173068829501389e-01 
 5.468000000000168e-09  1.328019520058028e-01 
 5.472000000000169e-09  1.477486993962600e-01 
 5.476000000000169e-09  1.620885164446335e-01 
 5.480000000000170e-09  1.757660430221559e-01 
 5.484000000000170e-09  1.887294178625067e-01 
 5.488000000000170e-09  2.009304026443690e-01 
 5.492000000000171e-09  2.123245018729891e-01 
 5.496000000000171e-09  2.228709872756784e-01 
 5.500000000000172e-09  2.325329169743107e-01 
 5.504000000000172e-09  2.412770869785703e-01 
 5.508000000000172e-09  2.490739818613341e-01 
 5.512000000000173e-09  2.558976838273654e-01 
 5.516000000000173e-09  2.617257900462198e-01 
 5.520000000000174e-09  2.665393126768569e-01 
 5.524000000000174e-09  2.703225983176114e-01 
 5.528000000000174e-09  2.730632507185735e-01 
 5.532000000000175e-09  2.747520824285032e-01 
 5.536000000000175e-09  2.753830838678393e-01 
 5.540000000000176e-09  2.749534257527140e-01 
 5.544000000000176e-09  2.734634846902417e-01 
 5.548000000000176e-09  2.709168994836573e-01 
 5.552000000000177e-09  2.673206475873295e-01 
 5.556000000000177e-09  2.626851426610077e-01 
 5.560000000000178e-09  2.570243420564324e-01 
 5.564000000000178e-09  2.503558608170779e-01 
 5.568000000000178e-09  2.427010811852162e-01 
 5.572000000000179e-09  2.340852522056487e-01 
 5.576000000000179e-09  2.245375697368122e-01 
 5.580000000000180e-09  2.140912315371342e-01 
 5.584000000000180e-09  2.027834600694955e-01 
 5.588000000000180e-09  1.906554892031433e-01 
 5.592000000000181e-09  1.777525103260098e-01 
 5.596000000000181e-09  1.641235762317450e-01 
 5.600000000000182e-09  1.498214611731541e-01 
 5.604000000000182e-09  1.349024777143484e-01 
 5.608000000000182e-09  1.194262512139144e-01 
 5.612000000000183e-09  1.034554544361495e-01 
 5.616000000000183e-09  8.705550539858642e-02 
 5.620000000000184e-09  7.029423261706036e-02 
 5.624000000000184e-09  5.324151270796662e-02 
 5.628000000000184e-09  3.596851229424836e-02 
 5.632000000000185e-09  1.854857486407724e-02 
 5.636000000000185e-09  1.056961415230262e-03 
 5.640000000000186e-09 -1.643217129502972e-02 
 5.644000000000186e-09 -3.384593510361533e-02 
 5.648000000000186e-09 -5.111232169141999e-02 
 5.652000000000187e-09 -6.816049199237106e-02 
 5.656000000000187e-09 -8.492081594221546e-02 
 5.660000000000188e-09 -1.013250934100274e-01 
 5.664000000000188e-09 -1.173068726693955e-01 
 5.668000000000188e-09 -1.328019410040877e-01 
 5.672000000000189e-09 -1.477486877131788e-01 
 5.676000000000189e-09 -1.620885041229592e-01 
 5.680000000000190e-09 -1.757660301089210e-01 
 5.684000000000190e-09 -1.887294044081909e-01 
 5.688000000000190e-09 -2.009303887033349e-01 
 5.692000000000191e-09 -2.123244875017489e-01 
 5.696000000000191e-09 -2.228709725359970e-01 
 5.700000000000192e-09 -2.325329019281073e-01 
 5.704000000000192e-09 -2.412770716914610e-01 
 5.708000000000192e-09 -2.490739664003829e-01 
 5.712000000000193e-09 -2.558976682596361e-01 
 5.716000000000193e-09 -2.617257744405914e-01 
 5.720000000000194e-09 -2.665392971014120e-01 
 5.724000000000194e-09 -2.703225828411637e-01 
 5.728000000000194e-09 -2.730632354074738e-01 
 5.732000000000195e-09 -2.747520673492860e-01 
 5.736000000000195e-09 -2.753830690844357e-01 
 5.740000000000196e-09 -2.749534113260148e-01 
 5.744000000000196e-09 -2.734634706812673e-01 
 5.748000000000196e-09 -2.709168859468474e-01 
 5.752000000000197e-09 -2.673206345762211e-01 
 5.756000000000197e-09 -2.626851302255031e-01 
 5.760000000000198e-09 -2.570243302434685e-01 
 5.764000000000198e-09 -2.503558496690452e-01 
 5.768000000000198e-09 -2.427010707407664e-01 
 5.772000000000199e-09 -2.340852425006164e-01 
 5.776000000000199e-09 -2.245375608026325e-01 
 5.780000000000200e-09 -2.140912234014696e-01 
 5.784000000000200e-09 -2.027834527571581e-01 
 5.788000000000200e-09 -1.906554827347637e-01 
 5.792000000000201e-09 -1.777525047197344e-01 
 5.796000000000201e-09 -1.641235715017153e-01 
 5.800000000000202e-09 -1.498214573317540e-01 
 5.804000000000202e-09 -1.349024747696905e-01 
 5.808000000000202e-09 -1.194262491720810e-01 
 5.812000000000203e-09 -1.034554533010947e-01 
 5.816000000000203e-09 -8.705550517149874e-02 
 5.820000000000204e-09 -7.029423329659856e-02 
 5.824000000000204e-09 -5.324151429136315e-02 
 5.828000000000204e-09 -3.596851477559504e-02 
 5.832000000000205e-09 -1.854857823448874e-02 
 5.836000000000205e-09 -1.056965666128562e-03 
 5.840000000000206e-09  1.643216617487830e-02 
 5.844000000000206e-09  3.384592912952478e-02 
 5.848000000000206e-09  5.111231488186441e-02 
 5.852000000000207e-09  6.816048436904332e-02 
 5.856000000000207e-09  8.492080752973941e-02 
 5.860000000000208e-09  1.013250842361817e-01 
 5.864000000000208e-09  1.173068627649165e-01 
 5.868000000000208e-09  1.328019304033798e-01 
 5.872000000000209e-09  1.477486764540217e-01 
 5.876000000000209e-09  1.620884922474808e-01 
 5.880000000000210e-09  1.757660176621059e-01 
 5.884000000000210e-09  1.887293914381392e-01 
 5.888000000000210e-09  2.009303752628027e-01 
 5.892000000000211e-09  2.123244736467838e-01 
 5.896000000000211e-09  2.228709583242026e-01 
 5.900000000000212e-09  2.325328874206214e-01 
 5.904000000000212e-09  2.412770569514793e-01 
 5.908000000000212e-09  2.490739514921829e-01 
 5.912000000000213e-09  2.558976532484798e-01 
 5.916000000000213e-09  2.617257593929998e-01 
 5.920000000000214e-09  2.665392820828703e-01 
 5.924000000000214e-09  2.703225679178458e-01 
 5.928000000000214e-09  2.730632206445109e-01 
 5.932000000000215e-09  2.747520528097867e-01 
 5.936000000000215e-09  2.753830548305702e-01 
 5.940000000000216e-09  2.749533974178329e-01 
 5.944000000000216e-09  2.734634571742269e-01 
 5.948000000000216e-09  2.709168728971931e-01 
 5.952000000000217e-09  2.673206220339164e-01 
 5.956000000000217e-09  2.626851182394079e-01 
 5.960000000000218e-09  2.570243188581851e-01 
 5.964000000000218e-09  2.503558389260254e-01 
 5.968000000000218e-09  2.427010606773994e-01 
 5.972000000000219e-09  2.340852331511076e-01 
 5.976000000000219e-09  2.245375521980879e-01 
 5.980000000000220e-09  2.140912155679846e-01 
 5.984000000000220e-09  2.027834457188655e-01 
 5.988000000000220e-09  1.906554765118411e-01 
 5.992000000000221e-09  1.777524993297188e-01 
 5.996000000000221e-09  1.641235669584553e-01 
 6.000000000000222e-09  1.498214536455471e-01 
 6.004000000000222e-09  1.349024719498644e-01 
 6.008000000000222e-09  1.194262472245793e-01 
 6.012000000000223e-09  1.034554522294329e-01 
 6.016000000000223e-09  8.705550497664127e-02 
 6.020000000000224e-09  7.029423397748502e-02 
 6.024000000000224e-09  5.324151584512293e-02 
 6.028000000000224e-09  3.596851719631111e-02 
 6.032000000000225e-09  1.854858151408934e-02 
 6.036000000000225e-09  1.056969796342955e-03 
 6.040000000000226e-09 -1.643216120546498e-02 
 6.044000000000226e-09 -3.384592333480541e-02 
 6.048000000000226e-09 -5.111230828029889e-02 
 6.052000000000227e-09 -6.816047698152694e-02 
 6.056000000000227e-09 -8.492079938011798e-02 
 6.060000000000228e-09 -1.013250753509460e-01 
 6.064000000000228e-09 -1.173068531745969e-01 
 6.068000000000228e-09 -1.328019201405084e-01 
 6.072000000000229e-09 -1.477486655554241e-01 
 6.076000000000229e-09 -1.620884807533436e-01 
 6.080000000000230e-09 -1.757660056154773e-01 
 6.084000000000230e-09 -1.887293788873841e-01 
 6.088000000000230e-09 -2.009303622576812e-01 
 6.092000000000231e-09 -2.123244602408292e-01 
 6.096000000000231e-09 -2.228709445735664e-01 
 6.100000000000232e-09 -2.325328733851331e-01 
 6.104000000000232e-09 -2.412770426905686e-01 
 6.108000000000232e-09 -2.490739370683519e-01 
 6.112000000000233e-09 -2.558976387255978e-01 
 6.116000000000233e-09 -2.617257448345569e-01 
 6.120000000000234e-09 -2.665392675534664e-01 
 6.124000000000234e-09 -2.703225534800819e-01 
 6.128000000000234e-09 -2.730632063620384e-01 
 6.132000000000235e-09 -2.747520387429896e-01 
 6.136000000000235e-09 -2.753830410393519e-01 
 6.140000000000236e-09 -2.749533839595784e-01 
 6.144000000000236e-09 -2.734634441050470e-01 
 6.148000000000236e-09 -2.709168602683405e-01 
 6.152000000000237e-09 -2.673206098963949e-01 
 6.156000000000237e-09 -2.626851066389224e-01 
 6.160000000000238e-09 -2.570243078374381e-01 
 6.164000000000238e-09 -2.503558285255449e-01 
 6.168000000000238e-09 -2.427010509334560e-01 
 6.172000000000239e-09 -2.340852240962255e-01 
 6.176000000000239e-09 -2.245375438619392e-01 
 6.180000000000240e-09 -2.140912079773818e-01 
 6.184000000000240e-09 -2.027834388958301e-01 
 6.188000000000240e-09 -1.906554704769317e-01 
 6.192000000000241e-09 -1.777524940979411e-01 
 6.196000000000241e-09 -1.641235625445407e-01 
 6.200000000000242e-09 -1.498214500602604e-01 
 6.204000000000242e-09 -1.349024692009468e-01 
 6.208000000000242e-09 -1.194262453178450e-01 
 6.212000000000243e-09 -1.034554511684824e-01 
 6.216000000000243e-09 -8.705550476302726e-02 
 6.220000000000244e-09 -7.029423461003503e-02 
 6.224000000000244e-09 -5.324151732043880e-02 
 6.228000000000244e-09 -3.596851950937641e-02 
 6.232000000000245e-09 -1.854858465640952e-02 
 6.236000000000245e-09 -1.056973759354207e-03 
 6.240000000000246e-09  1.643215643060003e-02 
 6.244000000000246e-09  3.384591776365831e-02 
 6.248000000000246e-09  5.111230192969707e-02 
 6.252000000000247e-09  6.816046987173863e-02 
 6.256000000000247e-09  8.492079153426424e-02 
 6.260000000000248e-09  1.013250667951908e-01 
 6.264000000000248e-09  1.173068439369658e-01 
 6.268000000000248e-09  1.328019102540097e-01 
 6.272000000000249e-09  1.477486550548637e-01 
 6.276000000000249e-09  1.620884696773004e-01 
 6.280000000000250e-09  1.757659940063157e-01 
 6.284000000000250e-09  1.887293667909571e-01 
 6.288000000000250e-09  2.009303497226096e-01 
 6.292000000000251e-09  2.123244473184087e-01 
 6.296000000000251e-09  2.228709313191679e-01 
 6.300000000000252e-09  2.325328598538743e-01 
 6.304000000000252e-09  2.412770289426858e-01 
 6.308000000000252e-09  2.490739231632775e-01 
 6.312000000000253e-09  2.558976247244411e-01 
 6.316000000000253e-09  2.617257307993071e-01 
 6.320000000000254e-09  2.665392535453899e-01 
 6.324000000000254e-09  2.703225395615854e-01 
 6.328000000000254e-09  2.730631925922860e-01 
 6.332000000000255e-09  2.747520251818822e-01 
 6.336000000000255e-09  2.753830277448521e-01 
 6.340000000000256e-09  2.749533709868810e-01 
 6.344000000000256e-09  2.734634315075204e-01 
 6.348000000000256e-09  2.709168480968536e-01 
 6.352000000000257e-09  2.673205981983153e-01 
 6.356000000000257e-09  2.626850954599407e-01 
 6.360000000000258e-09  2.570242972187926e-01 
 6.364000000000258e-09  2.503558185057315e-01 
 6.368000000000258e-09  2.427010415479476e-01 
 6.372000000000259e-09  2.340852153768802e-01 
 6.376000000000259e-09  2.245375358373591e-01 
 6.380000000000260e-09  2.140912006723790e-01 
 6.384000000000260e-09  2.027834323326410e-01 
 6.388000000000260e-09  1.906554646735827e-01 
 6.392000000000261e-09  1.777524890715227e-01 
 6.396000000000261e-09  1.641235583071339e-01 
 6.400000000000262e-09  1.498214466234540e-01 
 6.404000000000262e-09  1.349024665720417e-01 
 6.408000000000262e-09  1.194262435031153e-01 
 6.412000000000263e-09  1.034554501703155e-01 
 6.416000000000263e-09  8.705550458229716e-02 
 6.420000000000264e-09  7.029423524697798e-02 
 6.424000000000264e-09  5.324151877116279e-02 
 6.428000000000264e-09  3.596852176853105e-02 
 6.432000000000265e-09  1.854858771639556e-02 
 6.436000000000265e-09  1.056977613439258e-03 
 6.440000000000266e-09 -1.643215179401025e-02 
 6.444000000000266e-09 -3.384591235791490e-02 
 6.448000000000266e-09 -5.111229577135390e-02 
 6.452000000000267e-09 -6.816046298013312e-02 
 6.456000000000267e-09 -8.492078393197922e-02 
 6.460000000000268e-09 -1.013250585061893e-01 
 6.464000000000268e-09 -1.173068349904778e-01 
 6.468000000000268e-09 -1.328019006800822e-01 
 6.472000000000269e-09 -1.477486448875212e-01 
 6.476000000000269e-09 -1.620884589543987e-01 
 6.480000000000270e-09 -1.757659827686222e-01 
 6.484000000000270e-09 -1.887293550828808e-01 
 6.488000000000270e-09 -2.009303375905560e-01 
 6.492000000000271e-09 -2.123244348131497e-01 
 6.496000000000271e-09 -2.228709184920143e-01 
 6.500000000000272e-09 -2.325328467614405e-01 
 6.504000000000272e-09 -2.412770156392483e-01 
 6.508000000000272e-09 -2.490739097088248e-01 
 6.512000000000273e-09 -2.558976111772893e-01 
 6.516000000000273e-09 -2.617257172182712e-01 
 6.520000000000274e-09 -2.665392399918267e-01 
 6.524000000000274e-09 -2.703225260930857e-01 
 6.528000000000274e-09 -2.730631792686735e-01 
 6.532000000000275e-09 -2.747520120602098e-01 
 6.536000000000275e-09 -2.753830148794116e-01 
 6.540000000000276e-09 -2.749533584323101e-01 
 6.544000000000276e-09 -2.734634193153893e-01 
 6.548000000000276e-09 -2.709168363159755e-01 
 6.552000000000277e-09 -2.673205868754969e-01 
 6.556000000000277e-09 -2.626850846375368e-01 
 6.560000000000278e-09 -2.570242869381425e-01 
 6.564000000000278e-09 -2.503558088027917e-01 
 6.568000000000278e-09 -2.427010324579202e-01 
 6.572000000000279e-09 -2.340852069299322e-01 
 6.576000000000279e-09 -2.245375280609743e-01 
 6.580000000000280e-09 -2.140911935911181e-01 
 6.584000000000280e-09 -2.027834259675192e-01 
 6.588000000000280e-09 -1.906554590434482e-01 
 6.592000000000281e-09 -1.777524841914104e-01 
 6.596000000000281e-09 -1.641235541903807e-01 
 6.600000000000282e-09 -1.498214432788370e-01 
 6.604000000000282e-09 -1.349024640071299e-01 
 6.608000000000282e-09 -1.194262417243745e-01 
 6.612000000000283e-09 -1.034554491806468e-01 
 6.616000000000283e-09 -8.705550438257781e-02 
 6.620000000000284e-09 -7.029423583652772e-02 
 6.624000000000284e-09 -5.324152014727268e-02 
 6.628000000000284e-09 -3.596852392502647e-02 
 6.632000000000285e-09 -1.854859064748204e-02 
 6.636000000000285e-09 -1.056981309586646e-03 
 6.640000000000286e-09  1.643214734115617e-02 
 6.644000000000286e-09  3.384590716253300e-02 
 6.648000000000286e-09  5.111228984815952e-02 
 6.652000000000287e-09  6.816045634943002e-02 
 6.656000000000287e-09  8.492077661448860e-02 
 6.660000000000288e-09  1.013250505263645e-01 
 6.664000000000288e-09  1.173068263744810e-01 
 6.668000000000288e-09  1.328018914581310e-01 
 6.672000000000289e-09  1.477486350937305e-01 
 6.676000000000289e-09  1.620884486233969e-01 
 6.680000000000290e-09  1.757659719404536e-01 
 6.684000000000290e-09  1.887293437993183e-01 
 6.688000000000290e-09  2.009303258983923e-01 
 6.692000000000291e-09  2.123244227593410e-01 
 6.696000000000291e-09  2.228709061281604e-01 
 6.700000000000292e-09  2.325328341400263e-01 
 6.704000000000292e-09  2.412770028156626e-01 
 6.708000000000292e-09  2.490738967381940e-01 
 6.712000000000293e-09  2.558975981179099e-01 
 6.716000000000293e-09  2.617257041268584e-01 
 6.720000000000294e-09  2.665392269262368e-01 
 6.724000000000294e-09  2.703225131105846e-01 
 6.728000000000294e-09  2.730631664251149e-01 
 6.732000000000295e-09  2.747519994113004e-01 
 6.736000000000295e-09  2.753830024789850e-01 
 6.740000000000296e-09  2.749533463323552e-01 
 6.744000000000296e-09  2.734634075656934e-01 
 6.748000000000296e-09  2.709168249627436e-01 
 6.752000000000297e-09  2.673205759642183e-01 
 6.756000000000297e-09  2.626850742103337e-01 
 6.760000000000298e-09  2.570242770334108e-01 
 6.764000000000298e-09  2.503557994575027e-01 
 6.768000000000298e-09  2.427010237035576e-01 
 6.772000000000299e-09  2.340851987967296e-01 
 6.776000000000299e-09  2.245375205754723e-01 
 6.780000000000300e-09  2.140911867766828e-01 
 6.784000000000300e-09  2.027834198448737e-01 
 6.788000000000300e-09  1.906554536302210e-01 
 6.792000000000301e-09  1.777524795027219e-01 
 6.796000000000301e-09  1.641235502381928e-01 
 6.800000000000302e-09  1.498214400729410e-01 
 6.804000000000302e-09  1.349024615555248e-01 
 6.808000000000302e-09  1.194262400311814e-01 
 6.812000000000303e-09  1.034554482488907e-01 
 6.816000000000303e-09  8.705550421451136e-02 
 6.820000000000304e-09  7.029423642975985e-02 
 6.824000000000304e-09  5.324152150038408e-02 
 6.828000000000304e-09  3.596852603340572e-02 
 6.832000000000305e-09  1.854859350215854e-02 
 6.836000000000305e-09  1.056984904375113e-03 
 6.840000000000306e-09 -1.643214301581608e-02 
 6.844000000000306e-09 -3.384590211976324e-02 
 6.848000000000306e-09 -5.111228410348545e-02 
 6.852000000000307e-09 -6.816044992042869e-02 
 6.856000000000307e-09 -8.492076952195760e-02 
 6.860000000000308e-09 -1.013250427949313e-01 
 6.864000000000308e-09 -1.173068180287160e-01 
 6.868000000000308e-09 -1.328018825278949e-01 
 6.872000000000309e-09 -1.477486256096459e-01 
 6.876000000000309e-09 -1.620884386210388e-01 
 6.880000000000310e-09 -1.757659614581897e-01 
 6.884000000000310e-09 -1.887293328781787e-01 
 6.888000000000310e-09 -2.009303145818020e-01 
 6.892000000000311e-09 -2.123244110941247e-01 
 6.896000000000311e-09 -2.228708941640853e-01 
 6.900000000000312e-09 -2.325328219271707e-01 
 6.904000000000312e-09 -2.412769904073606e-01 
 6.908000000000312e-09 -2.490738841879168e-01 
 6.912000000000313e-09 -2.558975854811054e-01 
 6.916000000000313e-09 -2.617256914597372e-01 
 6.920000000000314e-09 -2.665392142828806e-01 
 6.924000000000314e-09 -2.703225005475869e-01 
 6.928000000000314e-09 -2.730631539969264e-01 
 6.932000000000315e-09 -2.747519871710669e-01 
 6.936000000000315e-09 -2.753829904788001e-01 
 6.940000000000316e-09 -2.749533346212938e-01 
 6.944000000000316e-09 -2.734633961923991e-01 
 6.948000000000316e-09 -2.709168139739973e-01 
 6.952000000000317e-09 -2.673205654021489e-01 
 6.956000000000317e-09 -2.626850641156211e-01 
 6.960000000000318e-09 -2.570242674431906e-01 
 6.964000000000318e-09 -2.503557904067648e-01 
 6.968000000000318e-09 -2.427010152242346e-01 
 6.972000000000319e-09 -2.340851909171864e-01 
 6.976000000000319e-09 -2.245375133208363e-01 
 6.980000000000320e-09 -2.140911801712395e-01 
 6.984000000000320e-09 -2.027834139072038e-01 
 6.988000000000320e-09 -1.906554483781591e-01 
 6.992000000000321e-09 -1.777524749493651e-01 
 6.996000000000321e-09 -1.641235463963397e-01 
 7.000000000000322e-09 -1.498214369519726e-01 
 7.004000000000322e-09 -1.349024591625980e-01 
 7.008000000000322e-09 -1.194262383706945e-01 
 7.012000000000323e-09 -1.034554473250235e-01 
 7.016000000000323e-09 -8.705550402756046e-02 
 7.020000000000324e-09 -7.029423697918702e-02 
 7.024000000000324e-09 -5.324152278272543e-02 
 7.028000000000324e-09 -3.596852804375672e-02 
 7.032000000000325e-09 -1.854859623457905e-02 
 7.036000000000325e-09 -1.056988351214372e-03 
 7.040000000000326e-09  1.643213886334216e-02 
 7.044000000000326e-09  3.384589727320630e-02 
 7.048000000000326e-09  5.111227857930700e-02 
 7.052000000000327e-09  6.816044373576879e-02 
 7.056000000000327e-09  8.492076269763515e-02 
 7.060000000000328e-09  1.013250353517510e-01 
 7.064000000000328e-09  1.173068099927352e-01 
 7.068000000000328e-09  1.328018739266472e-01 
 7.072000000000329e-09  1.477486164744324e-01 
 7.076000000000329e-09  1.620884289853777e-01 
 7.080000000000330e-09  1.757659513585708e-01 
 7.084000000000330e-09  1.887293223543587e-01 
 7.088000000000330e-09  2.009303036758379e-01 
 7.092000000000331e-09  2.123243998516831e-01 
 7.096000000000331e-09  2.228708826316801e-01 
 7.100000000000332e-09  2.325328101552140e-01 
 7.104000000000332e-09  2.412769784459234e-01 
 7.108000000000332e-09  2.490738720907695e-01 
 7.112000000000333e-09  2.558975732997757e-01 
 7.116000000000333e-09  2.617256792489258e-01 
 7.120000000000334e-09  2.665392020962605e-01 
 7.124000000000334e-09  2.703224884382269e-01 
 7.128000000000334e-09  2.730631420174072e-01 
 7.132000000000335e-09  2.747519753732299e-01 
 7.136000000000335e-09  2.753829789126800e-01 
 7.140000000000336e-09  2.749533233358223e-01 
 7.144000000000336e-09  2.734633852328430e-01 
 7.148000000000336e-09  2.709168033854519e-01 
 7.152000000000337e-09  2.673205552261204e-01 
 7.156000000000337e-09  2.626850543900154e-01 
 7.160000000000338e-09  2.570242582059352e-01 
 7.164000000000338e-09  2.503557816897128e-01 
 7.168000000000338e-09  2.427010070588569e-01 
 7.172000000000339e-09  2.340851833315414e-01 
 7.176000000000339e-09  2.245375063400319e-01 
 7.180000000000340e-09  2.140911738162377e-01 
 7.184000000000340e-09  2.027834081981261e-01 
 7.188000000000340e-09  1.906554433302343e-01 
 7.192000000000341e-09  1.777524705774010e-01 
 7.196000000000341e-09  1.641235427112679e-01 
 7.200000000000342e-09  1.498214339633339e-01 
 7.204000000000342e-09  1.349024568766666e-01 
 7.208000000000342e-09  1.194262367927319e-01 
 7.212000000000343e-09  1.034554464579571e-01 
 7.216000000000343e-09  8.705550387201555e-02 
 7.220000000000344e-09  7.029423753428787e-02 
 7.224000000000344e-09  5.324152404636173e-02 
 7.228000000000344e-09  3.596853001113764e-02 
 7.232000000000345e-09  1.854859889900951e-02 
 7.236000000000345e-09  1.056991705629784e-03 
 7.240000000000346e-09 -1.643213482796213e-02 
 7.244000000000346e-09 -3.384589256795145e-02 
 7.248000000000346e-09 -5.111227321918932e-02 
 7.252000000000347e-09 -6.816043773764235e-02 
 7.256000000000347e-09 -8.492075608093508e-02 
 7.260000000000348e-09 -1.013250281380724e-01 
 7.264000000000348e-09 -1.173068022072332e-01 
 7.268000000000348e-09 -1.328018655951144e-01 
 7.272000000000349e-09 -1.477486076260490e-01 
 7.276000000000349e-09 -1.620884196545465e-01 
 7.280000000000350e-09 -1.757659415799662e-01 
 7.284000000000350e-09 -1.887293121658331e-01 
 7.288000000000350e-09 -2.009302931191073e-01 
 7.292000000000351e-09 -2.123243889700124e-01 
 7.296000000000351e-09 -2.228708714702599e-01 
 7.300000000000352e-09 -2.325327987618291e-01 
 7.304000000000352e-09 -2.412769668702550e-01 
 7.308000000000352e-09 -2.490738603827021e-01 
 7.312000000000353e-09 -2.558975615118753e-01 
 7.316000000000353e-09 -2.617256674314046e-01 
 7.320000000000354e-09 -2.665391903024714e-01 
 7.324000000000354e-09 -2.703224767187515e-01 
 7.328000000000354e-09 -2.730631304239675e-01 
 7.332000000000355e-09 -2.747519639538047e-01 
 7.336000000000355e-09 -2.753829677176756e-01 
 7.340000000000356e-09 -2.749533124116110e-01 
 7.344000000000356e-09 -2.734633746233857e-01 
 7.348000000000356e-09 -2.709167931340533e-01 
 7.352000000000357e-09 -2.673205453720926e-01 
 7.356000000000357e-09 -2.626850449729359e-01 
 7.360000000000358e-09 -2.570242492595085e-01 
 7.364000000000358e-09 -2.503557732470583e-01 
 7.368000000000358e-09 -2.427009991487514e-01 
 7.372000000000359e-09 -2.340851759812059e-01 
 7.376000000000359e-09 -2.245374995728424e-01 
 7.380000000000360e-09 -2.140911676535993e-01 
 7.384000000000360e-09 -2.027834026586000e-01 
 7.388000000000360e-09 -1.906554384298644e-01 
 7.392000000000361e-09 -1.777524663294621e-01 
 7.396000000000361e-09 -1.641235391267628e-01 
 7.400000000000362e-09 -1.498214310513646e-01 
 7.404000000000362e-09 -1.349024546441377e-01 
 7.408000000000362e-09 -1.194262352442763e-01 
 7.412000000000363e-09 -1.034554455951184e-01 
 7.416000000000363e-09 -8.705550369680282e-02 
 7.420000000000364e-09 -7.029423804519119e-02 
 7.424000000000364e-09 -5.324152524117487e-02 
 7.428000000000364e-09 -3.596853188602012e-02 
 7.432000000000365e-09 -1.854860144714898e-02 
 7.436000000000365e-09 -1.056994920249466e-03 
 7.440000000000366e-09  1.643213095516316e-02 
 7.444000000000366e-09  3.384588804927979e-02 
 7.448000000000366e-09  5.111226806757507e-02 
 7.452000000000367e-09  6.816043197051869e-02 
 7.456000000000366e-09  8.492074971573516e-02 
 7.460000000000366e-09  1.013250211968622e-01 
 7.464000000000365e-09  1.173067947126523e-01 
 7.468000000000365e-09  1.328018575731935e-01 
 7.472000000000365e-09  1.477485991062348e-01 
 7.476000000000364e-09  1.620884106674936e-01 
 7.480000000000364e-09  1.757659321602070e-01 
 7.484000000000363e-09  1.887293023505947e-01 
 7.488000000000363e-09  2.009302829473363e-01 
 7.492000000000362e-09  2.123243784836841e-01 
 7.496000000000362e-09  2.228708607149681e-01 
 7.500000000000362e-09  2.325327877821648e-01 
 7.504000000000361e-09  2.412769557149224e-01 
 7.508000000000361e-09  2.490738490998385e-01 
 7.512000000000360e-09  2.558975501504044e-01 
 7.516000000000360e-09  2.617256560427483e-01 
 7.520000000000359e-09  2.665391789356875e-01 
 7.524000000000359e-09  2.703224654245751e-01 
 7.528000000000359e-09  2.730631192504118e-01 
 7.532000000000358e-09  2.747519529504086e-01 
 7.536000000000358e-09  2.753829569299844e-01 
 7.540000000000357e-09  2.749533018846881e-01 
 7.544000000000357e-09  2.734633644017530e-01 
 7.548000000000357e-09  2.709167832576087e-01 
 7.552000000000356e-09  2.673205358801334e-01 
 7.556000000000356e-09  2.626850359018795e-01 
 7.560000000000355e-09  2.570242406428971e-01 
 7.564000000000355e-09  2.503557651166020e-01 
 7.568000000000354e-09  2.427009915335674e-01 
 7.572000000000354e-09  2.340851689058807e-01 
 7.576000000000354e-09  2.245374930617992e-01 
 7.580000000000353e-09  2.140911617264187e-01 
 7.584000000000353e-09  2.027833973328121e-01 
 7.588000000000352e-09  1.906554337216146e-01 
 7.592000000000352e-09  1.777524622517976e-01 
 7.596000000000351e-09  1.641235356903117e-01 
 7.600000000000351e-09  1.498214282639996e-01 
 7.604000000000351e-09  1.349024525119962e-01 
 7.608000000000350e-09  1.194262337724492e-01 
 7.612000000000350e-09  1.034554447865812e-01 
 7.616000000000349e-09  8.705550355176328e-02 
 7.620000000000349e-09  7.029423856399752e-02 
 7.624000000000348e-09  5.324152642071844e-02 
 7.628000000000348e-09  3.596853372200925e-02 
 7.632000000000348e-09  1.854860393294899e-02 
 7.636000000000347e-09  1.056998049945079e-03 
 7.640000000000347e-09 -1.643212719017306e-02 
 7.644000000000346e-09 -3.384588365950236e-02 
 7.648000000000346e-09 -5.111226306698669e-02 
 7.652000000000345e-09 -6.816042637512965e-02 
 7.656000000000345e-09 -8.492074354336410e-02 
 7.660000000000345e-09 -1.013250144675695e-01 
 7.664000000000344e-09 -1.173067874489853e-01 
 7.668000000000344e-09 -1.328018498010657e-01 
 7.672000000000343e-09 -1.477485908525988e-01 
 7.676000000000343e-09 -1.620884019625546e-01 
 7.680000000000342e-09 -1.757659230379431e-01 
 7.684000000000342e-09 -1.887292928464497e-01 
 7.688000000000342e-09 -2.009302730989244e-01 
 7.692000000000341e-09 -2.123243683321707e-01 
 7.696000000000341e-09 -2.228708503023160e-01 
 7.700000000000340e-09 -2.325327771533434e-01 
 7.704000000000340e-09 -2.412769449158469e-01 
 7.708000000000339e-09 -2.490738381773347e-01 
 7.712000000000339e-09 -2.558975391528611e-01 
 7.716000000000339e-09 -2.617256450185526e-01 
 7.720000000000338e-09 -2.665391679336948e-01 
 7.724000000000338e-09 -2.703224544915930e-01 
 7.728000000000337e-09 -2.730631084352457e-01 
 7.732000000000337e-09 -2.747519422984612e-01 
 7.736000000000336e-09 -2.753829464866551e-01 
 7.740000000000336e-09 -2.749532916941646e-01 
 7.744000000000336e-09 -2.734633545048804e-01 
 7.748000000000335e-09 -2.709167736945988e-01 
 7.752000000000335e-09 -2.673205266885228e-01 
 7.756000000000334e-09 -2.626850271166052e-01 
 7.760000000000334e-09 -2.570242322968843e-01 
 7.764000000000333e-09 -2.503557572405954e-01 
 7.768000000000333e-09 -2.427009841533563e-01 
 7.772000000000333e-09 -2.340851620485171e-01 
 7.776000000000332e-09 -2.245374867481669e-01 
 7.780000000000332e-09 -2.140911559771119e-01 
 7.784000000000331e-09 -2.027833921655411e-01 
 7.788000000000331e-09 -1.906554291503042e-01 
 7.792000000000330e-09 -1.777524582892127e-01 
 7.796000000000330e-09 -1.641235323461547e-01 
 7.800000000000330e-09 -1.498214255464632e-01 
 7.804000000000329e-09 -1.349024504282923e-01 
 7.808000000000329e-09 -1.194262323265054e-01 
 7.812000000000328e-09 -1.034554439813622e-01 
 7.816000000000328e-09 -8.705550338730994e-02 
 7.820000000000327e-09 -7.029423904013754e-02 
 7.824000000000327e-09 -5.324152753473399e-02 
 7.828000000000327e-09 -3.596853547021261e-02 
 7.832000000000326e-09 -1.854860630876765e-02 
 7.836000000000326e-09 -1.057001048071271e-03 
 7.840000000000325e-09  1.643212357835466e-02 
 7.844000000000325e-09  3.384587944505490e-02 
 7.848000000000324e-09  5.111225826297883e-02 
 7.852000000000324e-09  6.816042099547381e-02 
 7.856000000000324e-09  8.492073760648466e-02 
 7.860000000000323e-09  1.013250079937595e-01 
 7.864000000000323e-09  1.173067804595522e-01 
 7.868000000000322e-09  1.328018423195232e-01 
 7.872000000000322e-09  1.477485829060630e-01 
 7.876000000000321e-09  1.620883935812909e-01 
 7.880000000000321e-09  1.757659142525672e-01 
 7.884000000000321e-09  1.887292836913428e-01 
 7.888000000000320e-09  2.009302636123671e-01 
 7.892000000000320e-09  2.123243585526691e-01 
 7.896000000000319e-09  2.228708402715185e-01 
 7.900000000000319e-09  2.325327669131472e-01 
 7.904000000000318e-09  2.412769345112693e-01 
 7.908000000000318e-09  2.490738276540547e-01 
 7.912000000000318e-09  2.558975285571297e-01 
 7.916000000000317e-09  2.617256343969698e-01 
 7.920000000000317e-09  2.665391573317586e-01 
 7.924000000000316e-09  2.703224439582890e-01 
 7.928000000000316e-09  2.730630980139934e-01 
 7.932000000000315e-09  2.747519320359413e-01 
 7.936000000000315e-09  2.753829364255678e-01 
 7.940000000000315e-09  2.749532818765665e-01 
 7.944000000000314e-09  2.734633449718153e-01 
 7.948000000000314e-09  2.709167644830792e-01 
 7.952000000000313e-09  2.673205178360014e-01 
 7.956000000000313e-09  2.626850186568275e-01 
 7.960000000000312e-09  2.570242242617509e-01 
 7.964000000000312e-09  2.503557496579756e-01 
 7.968000000000312e-09  2.427009770524560e-01 
 7.972000000000311e-09  2.340851554511847e-01 
 7.976000000000311e-09  2.245374806762115e-01 
 7.980000000000310e-09  2.140911504498053e-01 
 7.984000000000310e-09  2.027833871992399e-01 
 7.988000000000309e-09  1.906554247599885e-01 
 7.992000000000309e-09  1.777524544869760e-01 
 7.996000000000309e-09  1.641235291418095e-01 
 8.000000000000308e-09  1.498214229475501e-01 
 8.004000000000308e-09  1.349024484415953e-01 
 8.008000000000307e-09  1.194262309550496e-01 
 8.012000000000307e-09  1.034554432280288e-01 
 8.016000000000306e-09  8.705550325388600e-02 
 8.020000000000306e-09  7.029423952506519e-02 
 8.024000000000306e-09  5.324152863616405e-02 
 8.028000000000305e-09  3.596853718377346e-02 
 8.032000000000305e-09  1.854860862872698e-02 
 8.036000000000304e-09  1.057003967925851e-03 
 8.040000000000304e-09 -1.643212006547756e-02 
 8.044000000000304e-09 -3.384587534934980e-02 
 8.048000000000303e-09 -5.111225359746818e-02 
 8.052000000000303e-09 -6.816041577506304e-02 
 8.056000000000302e-09 -8.492073184834048e-02 
 8.060000000000302e-09 -1.013250017157041e-01 
 8.064000000000301e-09 -1.173067736831115e-01 
 8.068000000000301e-09 -1.328018350689284e-01 
 8.072000000000301e-09 -1.477485752069985e-01 
 8.076000000000300e-09 -1.620883854612494e-01 
 8.080000000000300e-09 -1.757659057429688e-01 
 8.084000000000299e-09 -1.887292748251301e-01 
 8.088000000000299e-09 -2.009302544255522e-01 
 8.092000000000298e-09 -2.123243490829037e-01 
 8.096000000000298e-09 -2.228708305581524e-01 
 8.100000000000298e-09 -2.325327569988236e-01 
 8.104000000000297e-09 -2.412769244373063e-01 
 8.108000000000297e-09 -2.490738174658764e-01 
 8.112000000000296e-09 -2.558975182993137e-01 
 8.116000000000296e-09 -2.617256241132004e-01 
 8.120000000000295e-09 -2.665391470690994e-01 
 8.124000000000295e-09 -2.703224337592829e-01 
 8.128000000000295e-09 -2.730630879247535e-01 
 8.132000000000294e-09 -2.747519220994710e-01 
 8.136000000000294e-09 -2.753829266839531e-01 
 8.140000000000293e-09 -2.749532723696009e-01 
 8.144000000000293e-09 -2.734633357392997e-01 
 8.148000000000292e-09 -2.709167555623679e-01 
 8.152000000000292e-09 -2.673205092617361e-01 
 8.156000000000292e-09 -2.626850104612659e-01 
 8.160000000000291e-09 -2.570242164762870e-01 
 8.164000000000291e-09 -2.503557423106191e-01 
 8.168000000000290e-09 -2.427009701678120e-01 
 8.172000000000290e-09 -2.340851490533167e-01 
 8.176000000000289e-09 -2.245374747864446e-01 
 8.180000000000289e-09 -2.140911450866110e-01 
 8.184000000000289e-09 -2.027833823781169e-01 
 8.188000000000288e-09 -1.906554204950730e-01 
 8.192000000000288e-09 -1.777524507895407e-01 
 8.196000000000287e-09 -1.641235260217755e-01 
 8.200000000000287e-09 -1.498214204128150e-01 
 8.204000000000286e-09 -1.349024464971542e-01 
 8.208000000000286e-09 -1.194262296053576e-01 
 8.212000000000286e-09 -1.034554424762906e-01 
 8.216000000000285e-09 -8.705550309920262e-02 
 8.220000000000285e-09 -7.029423996836748e-02 
 8.224000000000284e-09 -5.324152967449436e-02 
 8.228000000000284e-09 -3.596853881324336e-02 
 8.232000000000283e-09 -1.854861084478898e-02 
 8.236000000000283e-09 -1.057006763282686e-03 
 8.240000000000283e-09  1.643211669667366e-02 
 8.244000000000282e-09  3.384587141878370e-02 
 8.248000000000282e-09  5.111224911601298e-02 
 8.252000000000281e-09  6.816041075807888e-02 
 8.256000000000281e-09  8.492072631139891e-02 
 8.260000000000280e-09  1.013249956772704e-01 
 8.264000000000280e-09  1.173067671632761e-01 
 8.268000000000280e-09  1.328018280909529e-01 
 8.272000000000279e-09  1.477485677944372e-01 
 8.276000000000279e-09  1.620883776427888e-01 
 8.280000000000278e-09  1.757658975480663e-01 
 8.284000000000278e-09  1.887292662861650e-01 
 8.288000000000277e-09  2.009302455768118e-01 
 8.292000000000277e-09  2.123243399611958e-01 
 8.296000000000277e-09  2.228708212015533e-01 
 8.300000000000276e-09  2.325327474474523e-01 
 8.304000000000276e-09  2.412769147328460e-01 
 8.308000000000275e-09  2.490738076497978e-01 
 8.312000000000275e-09  2.558975084150799e-01 
 8.316000000000274e-09  2.617256142053765e-01 
 8.320000000000274e-09  2.665391371803043e-01 
 8.324000000000274e-09  2.703224239335995e-01 
 8.328000000000273e-09  2.730630782045123e-01 
 8.332000000000273e-09  2.747519125265332e-01 
 8.336000000000272e-09  2.753829172993765e-01 
 8.340000000000272e-09  2.749532632123595e-01 
 8.344000000000271e-09  2.734633268468072e-01 
 8.348000000000271e-09  2.709167469709199e-01 
 8.352000000000271e-09  2.673205010046007e-01 
 8.356000000000270e-09  2.626850025707546e-01 
 8.360000000000270e-09  2.570242089811963e-01 
 8.364000000000269e-09  2.503557352392090e-01 
 8.368000000000269e-09  2.427009635438147e-01 
 8.372000000000268e-09  2.340851428994863e-01 
 8.376000000000268e-09  2.245374691230193e-01 
 8.380000000000268e-09  2.140911399308365e-01 
 8.384000000000267e-09  2.027833777469272e-01 
 8.388000000000267e-09  1.906554164008121e-01 
 8.392000000000266e-09  1.777524472432912e-01 
 8.396000000000266e-09  1.641235230327229e-01 
 8.400000000000265e-09  1.498214179890969e-01 
 8.404000000000265e-09  1.349024446445455e-01 
 8.408000000000265e-09  1.194262283274625e-01 
 8.412000000000264e-09  1.034554417742370e-01 
 8.416000000000264e-09  8.705550297557174e-02 
 8.420000000000263e-09  7.029424042131538e-02 
 8.424000000000263e-09  5.324153070255377e-02 
 8.428000000000262e-09  3.596854041238728e-02 
 8.432000000000262e-09  1.854861300902400e-02 
 8.436000000000262e-09  1.057009488132366e-03 
 8.440000000000261e-09 -1.643211341945872e-02 
 8.444000000000261e-09 -3.384586759800357e-02 
 8.448000000000260e-09 -5.111224476405596e-02 
 8.452000000000260e-09 -6.816040588808292e-02 
 8.456000000000259e-09 -8.492072093917358e-02 
 8.460000000000259e-09 -1.013249898210500e-01 
 8.464000000000259e-09 -1.173067608427303e-01 
 8.468000000000258e-09 -1.328018213268845e-01 
 8.472000000000258e-09 -1.477485606122411e-01 
 8.476000000000257e-09 -1.620883700678419e-01 
 8.480000000000257e-09 -1.757658896097887e-01 
 8.484000000000256e-09 -1.887292580152078e-01 
 8.488000000000256e-09 -2.009302370061441e-01 
 8.492000000000256e-09 -2.123243311264389e-01 
 8.496000000000255e-09 -2.228708121405365e-01 
 8.500000000000255e-09 -2.325327381980298e-01 
 8.504000000000254e-09 -2.412769053351331e-01 
 8.508000000000254e-09 -2.490737981458819e-01 
 8.512000000000254e-09 -2.558974988456661e-01 
 8.516000000000253e-09 -2.617256046127796e-01 
 8.520000000000253e-09 -2.665391276058759e-01 
 8.524000000000252e-09 -2.703224144202352e-01 
 8.528000000000252e-09 -2.730630687929194e-01 
 8.532000000000251e-09 -2.747519032569006e-01 
 8.536000000000251e-09 -2.753829082113888e-01 
 8.540000000000251e-09 -2.749532543441466e-01 
 8.544000000000250e-09 -2.734633182343624e-01 
 8.548000000000250e-09 -2.709167386485705e-01 
 8.552000000000249e-09 -2.673204930061828e-01 
 8.556000000000249e-09 -2.626849949255137e-01 
 8.560000000000248e-09 -2.570242017181128e-01 
 8.564000000000248e-09 -2.503557283843776e-01 
 8.568000000000248e-09 -2.427009571217917e-01 
 8.572000000000247e-09 -2.340851369313093e-01 
 8.576000000000247e-09 -2.245374636285824e-01 
 8.580000000000246e-09 -2.140911349272674e-01 
 8.584000000000246e-09 -2.027833732483266e-01 
 8.588000000000245e-09 -1.906554124217301e-01 
 8.592000000000245e-09 -1.777524437935529e-01 
 8.596000000000245e-09 -1.641235201219491e-01 
 8.600000000000244e-09 -1.498214156233271e-01 
 8.604000000000244e-09 -1.349024428294658e-01 
 8.608000000000243e-09 -1.194262270677822e-01 
 8.612000000000243e-09 -1.034554410718833e-01 
 8.616000000000242e-09 -8.705550283094610e-02 
 8.620000000000242e-09 -7.029424083386715e-02 
 8.624000000000242e-09 -5.324153167076773e-02 
 8.628000000000241e-09 -3.596854193150989e-02 
 8.632000000000241e-09 -1.854861507457528e-02 
 8.636000000000240e-09 -1.057012094616283e-03 
 8.640000000000240e-09  1.643211027961300e-02 
 8.644000000000239e-09  3.384586393250544e-02 
 8.648000000000239e-09  5.111224058516584e-02 
 8.652000000000239e-09  6.816040120897782e-02 
 8.656000000000238e-09  8.492071577541438e-02 
 8.660000000000238e-09  1.013249841895352e-01 
 8.664000000000237e-09  1.173067547621471e-01 
 8.668000000000237e-09  1.328018148183912e-01 
 8.672000000000236e-09  1.477485536994827e-01 
 8.676000000000236e-09  1.620883627756040e-01 
 8.680000000000236e-09  1.757658819661252e-01 
 8.684000000000235e-09  1.887292500509261e-01 
 8.688000000000235e-09  2.009302287536165e-01 
 8.692000000000234e-09  2.123243226182918e-01 
 8.696000000000234e-09  2.228708034131994e-01 
 8.700000000000233e-09  2.325327292889980e-01 
 8.704000000000233e-09  2.412768962835692e-01 
 8.708000000000233e-09  2.490737889900911e-01 
 8.712000000000232e-09  2.558974896266317e-01 
 8.716000000000232e-09  2.617255953715230e-01 
 8.720000000000231e-09  2.665391183829797e-01 
 8.724000000000231e-09  2.703224052554818e-01 
 8.728000000000230e-09  2.730630597271797e-01 
 8.732000000000230e-09  2.747518943282659e-01 
 8.736000000000230e-09  2.753828994576657e-01 
 8.740000000000229e-09  2.749532458030670e-01 
 8.744000000000229e-09  2.734633099402395e-01 
 8.748000000000228e-09  2.709167306349629e-01 
 8.752000000000228e-09  2.673204853041402e-01 
 8.756000000000227e-09  2.626849875660175e-01 
 8.760000000000227e-09  2.570241947275820e-01 
 8.764000000000227e-09  2.503557217881607e-01 
 8.768000000000226e-09  2.427009509433828e-01 
 8.772000000000226e-09  2.340851311921064e-01 
 8.776000000000225e-09  2.245374583462176e-01 
 8.780000000000225e-09  2.140911301187263e-01 
 8.784000000000224e-09  2.027833689292393e-01 
 8.788000000000224e-09  1.906554086024972e-01 
 8.792000000000224e-09  1.777524404865538e-01 
 8.796000000000223e-09  1.641235173346178e-01 
 8.800000000000223e-09  1.498214133638278e-01 
 8.804000000000222e-09  1.349024411021649e-01 
 8.808000000000222e-09  1.194262258758236e-01 
 8.812000000000221e-09  1.034554404181236e-01 
 8.816000000000221e-09  8.705550271617923e-02 
 8.820000000000221e-09  7.029424125725825e-02 
 8.824000000000220e-09  5.324153262977305e-02 
 8.828000000000220e-09  3.596854342418609e-02 
 8.832000000000219e-09  1.854861709432498e-02 
 8.836000000000219e-09  1.057014636984377e-03 
 8.840000000000218e-09 -1.643210722031085e-02 
 8.844000000000218e-09 -3.384586036746740e-02 
 8.848000000000218e-09 -5.111223652406593e-02 
 8.852000000000217e-09 -6.816039666562901e-02 
 8.856000000000217e-09 -8.492071076383212e-02 
 8.860000000000216e-09 -1.013249787259554e-01 
 8.864000000000216e-09 -1.173067488646815e-01 
 8.868000000000215e-09 -1.328018085084519e-01 
 8.872000000000215e-09 -1.477485469982565e-01 
 8.876000000000215e-09 -1.620883557093062e-01 
 8.880000000000214e-09 -1.757658745603461e-01 
 8.884000000000214e-09 -1.887292423352580e-01 
 8.888000000000213e-09 -2.009302207585915e-01 
 8.892000000000213e-09 -2.123243143781206e-01 
 8.896000000000212e-09 -2.228707949608548e-01 
 8.900000000000212e-09 -2.325327206614727e-01 
 8.904000000000212e-09 -2.412768875172304e-01 
 8.908000000000211e-09 -2.490737801239709e-01 
 8.912000000000211e-09 -2.558974806995513e-01 
 8.916000000000210e-09 -2.617255864223393e-01 
 8.920000000000210e-09 -2.665391094520784e-01 
 8.924000000000209e-09 -2.703223963810246e-01 
 8.928000000000209e-09 -2.730630509468599e-01 
 8.932000000000209e-09 -2.747518856815236e-01 
 8.936000000000208e-09 -2.753828909804454e-01 
 8.940000000000208e-09 -2.749532375299313e-01 
 8.944000000000207e-09 -2.734633019064356e-01 
 8.948000000000207e-09 -2.709167228722134e-01 
 8.952000000000206e-09 -2.673204778423011e-01 
 8.956000000000206e-09 -2.626849804338134e-01 
 8.960000000000206e-09 -2.570241879519166e-01 
 8.964000000000205e-09 -2.503557153930727e-01 
 8.968000000000205e-09 -2.427009449521131e-01 
 8.972000000000204e-09 -2.340851256243166e-01 
 8.976000000000204e-09 -2.245374532209503e-01 
 8.980000000000203e-09 -2.140911254508762e-01 
 8.984000000000203e-09 -2.027833647327544e-01 
 8.988000000000203e-09 -1.906554048905846e-01 
 8.992000000000202e-09 -1.777524372679302e-01 
 8.996000000000202e-09 -1.641235146188667e-01 
 9.000000000000201e-09 -1.498214111574221e-01 
 9.004000000000201e-09 -1.349024394090534e-01 
 9.008000000000201e-09 -1.194262247004403e-01 
 9.012000000000200e-09 -1.034554397621861e-01 
 9.016000000000200e-09 -8.705550258082084e-02 
 9.020000000000199e-09 -7.029424164179687e-02 
 9.024000000000199e-09 -5.324153353232575e-02 
 9.028000000000198e-09 -3.596854484081646e-02 
 9.032000000000198e-09 -1.854861902143412e-02 
 9.036000000000198e-09 -1.057017067960686e-03 
 9.040000000000197e-09  1.643210429201503e-02 
 9.044000000000197e-09  3.384585694885800e-02 
 9.048000000000196e-09  5.111223262707298e-02 
 9.052000000000196e-09  6.816039230171711e-02 
 9.056000000000195e-09  8.492070594781254e-02 
 9.060000000000195e-09  1.013249734736128e-01 
 9.064000000000195e-09  1.173067431937334e-01 
 9.068000000000194e-09  1.328018024385464e-01 
 9.072000000000194e-09  1.477485405512269e-01 
 9.076000000000193e-09  1.620883489085738e-01 
 9.080000000000193e-09  1.757658674328244e-01 
 9.084000000000192e-09  1.887292349073828e-01 
 9.088000000000192e-09  2.009302130613300e-01 
 9.092000000000192e-09  2.123243064427509e-01 
 9.096000000000191e-09  2.228707868208755e-01 
 9.100000000000191e-09  2.325327123524819e-01 
 9.104000000000190e-09  2.412768790748263e-01 
 9.108000000000190e-09  2.490737715849445e-01 
 9.112000000000189e-09  2.558974721014744e-01 
 9.116000000000189e-09  2.617255778035732e-01 
 9.120000000000189e-09  2.665391008493954e-01 
 9.124000000000188e-09  2.703223878332763e-01 
 9.128000000000188e-09  2.730630424912492e-01 
 9.132000000000187e-09  2.747518773534465e-01 
 9.136000000000187e-09  2.753828828163549e-01 
 9.140000000000186e-09  2.749532295636192e-01 
 9.144000000000186e-09  2.734632941699366e-01 
 9.148000000000186e-09  2.709167153975836e-01 
 9.152000000000185e-09  2.673204706594823e-01 
 9.156000000000185e-09  2.626849735694963e-01 
 9.160000000000184e-09  2.570241814324365e-01 
 9.164000000000184e-09  2.503557092414317e-01 
 9.168000000000183e-09  2.427009391901533e-01 
 9.172000000000183e-09  2.340851202711445e-01 
 9.176000000000183e-09  2.245374482941731e-01 
 9.180000000000182e-09  2.140911209665948e-01 
 9.184000000000182e-09  2.027833607040002e-01 
 9.188000000000181e-09  1.906554013291277e-01 
 9.192000000000181e-09  1.777524341830805e-01 
 9.196000000000180e-09  1.641235120194899e-01 
 9.200000000000180e-09  1.498214090493732e-01 
 9.204000000000180e-09  1.349024377978925e-01 
 9.208000000000179e-09  1.194262235891337e-01 
 9.212000000000179e-09  1.034554391528530e-01 
 9.216000000000178e-09  8.705550247411864e-02 
 9.220000000000178e-09  7.029424203704693e-02 
 9.224000000000177e-09  5.324153442765933e-02 
 9.228000000000177e-09  3.596854623259205e-02 
 9.232000000000177e-09  1.854862090533516e-02 
 9.236000000000176e-09  1.057019439116402e-03 
 9.240000000000176e-09 -1.643210143901896e-02 
 9.244000000000175e-09 -3.384585362369563e-02 
 9.248000000000175e-09 -5.111222883890321e-02 
 9.252000000000174e-09 -6.816038806301350e-02 
 9.256000000000174e-09 -8.492070127267581e-02 
 9.260000000000174e-09 -1.013249683760442e-01 
 9.264000000000173e-09 -1.173067376923527e-01 
 9.268000000000173e-09 -1.328017965521866e-01 
 9.272000000000172e-09 -1.477485343009199e-01 
 9.276000000000172e-09 -1.620883423159896e-01 
 9.280000000000171e-09 -1.757658605241641e-01 
 9.284000000000171e-09 -1.887292277102084e-01 
 9.288000000000171e-09 -2.009302056032709e-01 
 9.292000000000170e-09 -2.123242987548384e-01 
 9.296000000000170e-09 -2.228707789359561e-01 
 9.300000000000169e-09 -2.325327043036154e-01 
 9.304000000000169e-09 -2.412768708978970e-01 
 9.308000000000168e-09 -2.490737633139997e-01 
 9.312000000000168e-09 -2.558974637740485e-01 
 9.316000000000168e-09 -2.617255694558329e-01 
 9.320000000000167e-09 -2.665390925180358e-01 
 9.324000000000167e-09 -2.703223795544263e-01 
 9.328000000000166e-09 -2.730630343010081e-01 
 9.332000000000166e-09 -2.747518692876880e-01 
 9.336000000000165e-09 -2.753828749078280e-01 
 9.340000000000165e-09 -2.749532218466544e-01 
 9.344000000000165e-09 -2.734632866760442e-01 
 9.348000000000164e-09 -2.709167081560531e-01 
 9.352000000000164e-09 -2.673204636990834e-01 
 9.356000000000163e-09 -2.626849669167743e-01 
 9.360000000000163e-09 -2.570241751120550e-01 
 9.364000000000162e-09 -2.503557032770072e-01 
 9.368000000000162e-09 -2.427009336014674e-01 
 9.372000000000162e-09 -2.340851150778640e-01 
 9.376000000000161e-09 -2.245374435128475e-01 
 9.380000000000161e-09 -2.140911166121366e-01 
 9.384000000000160e-09 -2.027833567895065e-01 
 9.388000000000160e-09 -1.906553978658145e-01 
 9.392000000000159e-09 -1.777524311814727e-01 
 9.396000000000159e-09 -1.641235094861084e-01 
 9.400000000000159e-09 -1.498214069895898e-01 
 9.404000000000158e-09 -1.349024362184643e-01 
 9.408000000000158e-09 -1.194262224926703e-01 
 9.412000000000157e-09 -1.034554385406885e-01 
 9.416000000000157e-09 -8.705550234683912e-02 
 9.420000000000156e-09 -7.029424239471638e-02 
 9.424000000000156e-09 -5.324153526825981e-02 
 9.428000000000156e-09 -3.596854755306111e-02 
 9.432000000000155e-09 -1.854862270117508e-02 
 9.436000000000155e-09 -1.057021706120764e-03 
 9.440000000000154e-09  1.643209870738715e-02 
 9.444000000000154e-09  3.384585043567512e-02 
 9.448000000000153e-09  5.111222520406500e-02 
 9.452000000000153e-09  6.816038399320590e-02 
 9.456000000000153e-09  8.492069678072767e-02 
 9.460000000000152e-09  1.013249634775519e-01 
 9.464000000000152e-09  1.173067324038151e-01 
 9.468000000000151e-09  1.328017908903263e-01 
 9.472000000000151e-09  1.477485282868933e-01 
 9.476000000000150e-09  1.620883359735874e-01 
 9.480000000000150e-09  1.757658538758626e-01 
 9.484000000000150e-09  1.887292207816689e-01 
 9.488000000000149e-09  2.009301984235616e-01 
 9.492000000000149e-09  2.123242913538270e-01 
 9.496000000000148e-09  2.228707713439935e-01 
 9.500000000000148e-09  2.325326965538732e-01 
 9.504000000000148e-09  2.412768630230868e-01 
 9.508000000000147e-09  2.490737553503211e-01 
 9.512000000000147e-09  2.558974557550808e-01 
 9.516000000000146e-09  2.617255614166076e-01 
 9.520000000000146e-09  2.665390844950526e-01 
 9.524000000000145e-09  2.703223715824081e-01 
 9.528000000000145e-09  2.730630264150027e-01 
 9.532000000000145e-09  2.747518615211040e-01 
 9.536000000000144e-09  2.753828672940837e-01 
 9.540000000000144e-09  2.749532144163973e-01 
 9.544000000000143e-09  2.734632794610581e-01 
 9.548000000000143e-09  2.709167011850386e-01 
 9.552000000000142e-09  2.673204569996952e-01 
 9.556000000000142e-09  2.626849605147568e-01 
 9.560000000000142e-09  2.570241690315926e-01 
 9.564000000000141e-09  2.503556975394483e-01 
 9.568000000000141e-09  2.427009282272632e-01 
 9.572000000000140e-09  2.340851100853598e-01 
 9.576000000000140e-09  2.245374389182491e-01 
 9.580000000000139e-09  2.140911124303546e-01 
 9.584000000000139e-09  2.027833530329168e-01 
 9.588000000000139e-09  1.906553945454217e-01 
 9.592000000000138e-09  1.777524283057161e-01 
 9.596000000000138e-09  1.641235070627012e-01 
 9.600000000000137e-09  1.498214050251114e-01 
 9.604000000000137e-09  1.349024347163805e-01 
 9.608000000000136e-09  1.194262214570756e-01 
 9.612000000000136e-09  1.034554379735795e-01 
 9.616000000000136e-09  8.705550224869185e-02 
 9.620000000000135e-09  7.029424276428742e-02 
 9.624000000000135e-09  5.324153610504112e-02 
 9.628000000000134e-09  3.596854885345735e-02 
 9.632000000000134e-09  1.854862446037231e-02 
 9.636000000000133e-09  1.057023919564415e-03 
 9.640000000000133e-09 -1.643209604458207e-02 
 9.644000000000133e-09 -3.384584733220919e-02 
 9.648000000000132e-09 -5.111222166957319e-02 
 9.652000000000132e-09 -6.816038003838187e-02 
 9.656000000000131e-09 -8.492069241831857e-02 
 9.660000000000131e-09 -1.013249587225751e-01 
 9.664000000000130e-09 -1.173067272711954e-01 
 9.668000000000130e-09 -1.328017853990886e-01 
 9.672000000000130e-09 -1.477485224553128e-01 
 9.676000000000129e-09 -1.620883298234563e-01 
 9.680000000000129e-09 -1.757658474305508e-01 
 9.684000000000128e-09 -1.887292140670898e-01 
 9.688000000000128e-09 -2.009301914656962e-01 
 9.692000000000127e-09 -2.123242841817490e-01 
 9.696000000000127e-09 -2.228707639878600e-01 
 9.700000000000127e-09 -2.325326890450512e-01 
 9.704000000000126e-09 -2.412768553939930e-01 
 9.708000000000126e-09 -2.490737476344869e-01 
 9.712000000000125e-09 -2.558974479856415e-01 
 9.716000000000125e-09 -2.617255536289580e-01 
 9.720000000000124e-09 -2.665390767224451e-01 
 9.724000000000124e-09 -2.703223638591070e-01 
 9.728000000000124e-09 -2.730630187739678e-01 
 9.732000000000123e-09 -2.747518539956688e-01 
 9.736000000000123e-09 -2.753828599152441e-01 
 9.740000000000122e-09 -2.749532072166536e-01 
 9.744000000000122e-09 -2.734632724688806e-01 
 9.748000000000121e-09 -2.709166944286530e-01 
 9.752000000000121e-09 -2.673204505050424e-01 
 9.756000000000121e-09 -2.626849543074687e-01 
 9.760000000000120e-09 -2.570241631337984e-01 
 9.764000000000120e-09 -2.503556919735752e-01 
 9.768000000000119e-09 -2.427009230120927e-01 
 9.772000000000119e-09 -2.340851052391351e-01 
 9.776000000000118e-09 -2.245374344565789e-01 
 9.780000000000118e-09 -2.140911083666204e-01 
 9.784000000000118e-09 -2.027833493795494e-01 
 9.788000000000117e-09 -1.906553913126050e-01 
 9.792000000000117e-09 -1.777524255032557e-01 
 9.796000000000116e-09 -1.641235046973630e-01 
 9.800000000000116e-09 -1.498214031027594e-01 
 9.804000000000115e-09 -1.349024332412547e-01 
 9.808000000000115e-09 -1.194262204318584e-01 
 9.812000000000115e-09 -1.034554374010774e-01 
 9.816000000000114e-09 -8.705550212879132e-02 
 9.820000000000114e-09 -7.029424309707011e-02 
 9.824000000000113e-09 -5.324153688817290e-02 
 9.828000000000113e-09 -3.596855008423461e-02 
 9.832000000000112e-09 -1.854862613457087e-02 
 9.836000000000112e-09 -1.057026032945885e-03 
 9.840000000000112e-09  1.643209349872876e-02 
 9.844000000000111e-09  3.384584435981353e-02 
 9.848000000000111e-09  5.111221828078527e-02 
 9.852000000000110e-09  6.816037624428617e-02 
 9.856000000000110e-09  8.492068823019494e-02 
 9.860000000000109e-09  1.013249541550927e-01 
 9.864000000000109e-09  1.173067223391193e-01 
 9.868000000000109e-09  1.328017801192836e-01 
 9.872000000000108e-09  1.477485168478765e-01 
 9.876000000000108e-09  1.620883239084918e-01 
 9.880000000000107e-09  1.757658412306355e-01 
 9.884000000000107e-09  1.887292076068121e-01 
 9.888000000000106e-09  2.009301847711384e-01 
 9.892000000000106e-09  2.123242772800502e-01 
 9.896000000000106e-09  2.228707569081489e-01 
 9.900000000000105e-09  2.325326818179079e-01 
 9.904000000000105e-09  2.412768480510454e-01 
 9.908000000000104e-09  2.490737402069332e-01 
 9.912000000000104e-09  2.558974405072778e-01 
 9.916000000000103e-09  2.617255461316033e-01 
 9.920000000000103e-09  2.665390692398839e-01 
 9.924000000000103e-09  2.703223564243773e-01 
 9.928000000000102e-09  2.730630114188415e-01 
 9.932000000000102e-09  2.747518467521415e-01 
 9.936000000000101e-09  2.753828528145783e-01 
 9.940000000000101e-09  2.749532002876638e-01 
 9.944000000000100e-09  2.734632657400680e-01 
 9.948000000000100e-09  2.709166879278988e-01 
 9.952000000000100e-09  2.673204442578938e-01 
 9.956000000000099e-09  2.626849483376059e-01 
 9.960000000000099e-09  2.570241574635865e-01 
 9.964000000000098e-09  2.503556866229442e-01 
 9.968000000000098e-09  2.427009180010469e-01 
 9.972000000000097e-09  2.340851005837159e-01 
 9.976000000000097e-09  2.245374301723064e-01 
 9.980000000000097e-09  2.140911044673679e-01 
 9.984000000000096e-09  2.027833458769734e-01 
 9.988000000000096e-09  1.906553882163760e-01 
 9.992000000000095e-09  1.777524228222411e-01 
 9.996000000000095e-09  1.641235024381338e-01 
 1.000000000000009e-08  1.498827604778148e-01 
